Date, Open, High, Low, Close, Volume, Open Interest
2021-04-27 12:15:00, 78.38, 78.64, 78.36, 78.62, 17852, 0.0
2021-04-27 12:30:00, 78.675, 78.76, 78.59, 78.75, 27821, 0.0
2021-04-27 12:45:00, 78.75, 78.815, 78.52, 78.67, 18480, 0.0
2021-04-27 13:00:00, 78.64, 78.915, 78.52, 78.83, 45767, 0.0
2021-04-27 13:15:00, 78.835, 78.835, 78.62, 78.69, 24326, 0.0
2021-04-27 13:30:00, 78.7, 78.765, 78.64, 78.7, 8699, 0.0
2021-04-27 13:45:00, 78.695, 78.7, 78.55, 78.595, 13224, 0.0
2021-04-27 14:00:00, 78.54, 78.635, 78.42, 78.52, 6527, 0.0
2021-04-27 14:15:00, 78.42, 78.53, 78.35, 78.37, 9488, 0.0
2021-04-27 14:30:00, 78.375, 78.665, 78.31, 78.59, 15937, 0.0
2021-04-27 14:45:00, 78.595, 78.65, 78.42, 78.425, 42117, 0.0
2021-04-28 08:30:00, 78.79, 78.85, 77.75, 77.88, 23199, 0.0
2021-04-28 08:45:00, 77.85, 78.64, 77.77, 78.64, 14333, 0.0
2021-04-28 09:00:00, 78.62, 79.05, 78.58, 78.97, 19313, 0.0
2021-04-28 09:15:00, 79.07, 79.47, 79.035, 79.23, 22592, 0.0
2021-04-28 09:30:00, 79.16, 79.19, 78.73, 79.13, 17129, 0.0
2021-04-28 09:45:00, 79.11, 79.11, 78.72, 79.06, 7097, 0.0
2021-04-28 10:00:00, 79.2, 79.35, 78.97, 79.11, 5768, 0.0
2021-04-28 10:15:00, 79.07, 79.11, 78.99, 78.99, 18030, 0.0
2021-04-28 10:30:00, 79, 79.23, 78.99, 79.16, 10917, 0.0
2021-04-28 10:45:00, 79.08, 79.27, 79.06, 79.25, 11574, 0.0
2021-04-28 11:00:00, 79.21, 79.29, 79.17, 79.23, 8318, 0.0
2021-04-28 11:15:00, 79.295, 79.45, 79.295, 79.395, 9190, 0.0
2021-04-28 11:30:00, 79.41, 79.41, 79.17, 79.19, 5769, 0.0
2021-04-28 11:45:00, 79.18, 79.26, 79.15, 79.26, 1946, 0.0
2021-04-28 12:00:00, 79.28, 79.33, 79.24, 79.28, 2797, 0.0
2021-04-28 12:15:00, 79.32, 79.33, 79.25, 79.27, 3831, 0.0
2021-04-28 12:30:00, 79.28, 79.28, 79.125, 79.125, 3626, 0.0
2021-04-28 12:45:00, 79.09, 79.15, 79.03, 79.05, 4850, 0.0
2021-04-28 13:00:00, 79.075, 79.25, 79, 79.17, 3861, 0.0
2021-04-28 13:15:00, 79.17, 79.26, 79.15, 79.18, 3384, 0.0
2021-04-28 13:30:00, 79.16, 79.5, 79.08, 79.45, 9503, 0.0
2021-04-28 13:45:00, 79.46, 79.53, 79.38, 79.48, 11509, 0.0
2021-04-28 14:00:00, 79.485, 79.485, 79.11, 79.26, 12584, 0.0
2021-04-28 14:15:00, 79.175, 79.375, 79.17, 79.375, 5146, 0.0
2021-04-28 14:30:00, 79.35, 79.35, 79.165, 79.19, 7779, 0.0
2021-04-28 14:45:00, 79.195, 79.205, 78.965, 79.04, 51240, 0.0
2021-04-29 08:30:00, 79.88, 80.03, 78.65, 78.66, 15601, 0.0
2021-04-29 08:45:00, 78.64, 78.75, 78.3, 78.34, 13275, 0.0
2021-04-29 09:00:00, 78.32, 78.55, 78.17, 78.17, 15311, 0.0
2021-04-29 09:15:00, 78.13, 78.23, 77.61, 77.92, 17445, 0.0
2021-04-29 09:30:00, 77.905, 77.905, 77.56, 77.76, 10345, 0.0
2021-04-29 09:45:00, 77.71, 78.185, 77.57, 78.185, 8168, 0.0
2021-04-29 10:00:00, 78.14, 78.23, 78.09, 78.19, 7528, 0.0
2021-04-29 10:15:00, 78.2, 78.22, 78, 78.16, 6254, 0.0
2021-04-29 10:30:00, 78.12, 78.13, 77.94, 78.06, 7896, 0.0
2021-04-29 10:45:00, 78.035, 78.11, 77.71, 77.78, 6261, 0.0
2021-04-29 11:00:00, 77.79, 77.8, 77.53, 77.58, 15024, 0.0
2021-04-29 11:15:00, 77.6, 77.75, 77.55, 77.645, 8420, 0.0
2021-04-29 11:30:00, 77.66, 77.805, 77.64, 77.8, 4339, 0.0
2021-04-29 11:45:00, 77.79, 77.86, 77.73, 77.81, 2468, 0.0
2021-04-29 12:00:00, 77.805, 77.815, 77.62, 77.71, 6275, 0.0
2021-04-29 12:15:00, 77.68, 77.71, 77.5, 77.64, 10238, 0.0
2021-04-29 12:30:00, 77.58, 77.81, 77.54, 77.81, 10627, 0.0
2021-04-29 12:45:00, 77.83, 77.83, 77.52, 77.56, 5419, 0.0
2021-04-29 13:00:00, 77.59, 77.61, 77.5, 77.61, 11560, 0.0
2021-04-29 13:15:00, 77.65, 77.665, 77.52, 77.52, 9555, 0.0
2021-04-29 13:30:00, 77.555, 77.71, 77.53, 77.66, 6175, 0.0
2021-04-29 13:45:00, 77.68, 77.75, 77.615, 77.64, 11700, 0.0
2021-04-29 14:00:00, 77.65, 77.735, 77.595, 77.6, 9157, 0.0
2021-04-29 14:15:00, 77.59, 77.59, 77.43, 77.465, 12191, 0.0
2021-04-29 14:30:00, 77.47, 77.565, 77.47, 77.55, 16468, 0.0
2021-04-29 14:45:00, 77.555, 77.84, 77.545, 77.83, 42669, 0.0
2021-04-30 08:30:00, 76.45, 77.63, 76.45, 77.38, 22996, 0.0
2021-04-30 08:45:00, 77.55, 77.98, 77.51, 77.96, 9605, 0.0
2021-04-30 09:00:00, 77.92, 78, 77.66, 77.72, 8025, 0.0
2021-04-30 09:15:00, 77.73, 78.05, 77.6, 78.04, 7474, 0.0
2021-04-30 09:30:00, 78.09, 78.19, 77.83, 78.05, 7418, 0.0
2021-04-30 09:45:00, 78.08, 78.17, 77.69, 77.69, 26357, 0.0
2021-04-30 10:00:00, 77.71, 77.86, 77.59, 77.83, 5112, 0.0
2021-04-30 10:15:00, 77.85, 77.85, 77.45, 77.49, 8018, 0.0
2021-04-30 10:30:00, 77.44, 77.75, 77.44, 77.68, 7133, 0.0
2021-04-30 10:45:00, 77.66, 77.86, 77.63, 77.63, 9922, 0.0
2021-04-30 11:00:00, 77.61, 77.68, 77.54, 77.61, 7224, 0.0
2021-04-30 11:15:00, 77.6, 77.695, 77.58, 77.655, 12400, 0.0
2021-04-30 11:30:00, 77.675, 77.685, 77.545, 77.56, 12455, 0.0
2021-04-30 11:45:00, 77.59, 77.59, 77.47, 77.55, 5832, 0.0
2021-04-30 12:00:00, 77.53, 77.7, 77.53, 77.68, 4254, 0.0
2021-04-30 12:15:00, 77.69, 77.69, 77.58, 77.62, 9658, 0.0
2021-04-30 12:30:00, 77.61, 77.69, 77.435, 77.44, 10512, 0.0
2021-04-30 12:45:00, 77.46, 77.48, 77.19, 77.25, 18737, 0.0
2021-04-30 13:00:00, 77.27, 77.32, 77.155, 77.32, 18378, 0.0
2021-04-30 13:15:00, 77.285, 77.48, 77.215, 77.44, 14672, 0.0
2021-04-30 13:30:00, 77.47, 77.58, 77.4, 77.58, 11161, 0.0
2021-04-30 13:45:00, 77.58, 77.615, 77.535, 77.535, 6223, 0.0
2021-04-30 14:00:00, 77.55, 77.625, 77.41, 77.46, 6086, 0.0
2021-04-30 14:15:00, 77.41, 77.43, 77.24, 77.29, 5642, 0.0
2021-04-30 14:30:00, 77.36, 77.4, 77.25, 77.36, 6980, 0.0
2021-04-30 14:45:00, 77.315, 77.36, 77.22, 77.36, 19279, 0.0
2021-05-03 08:30:00, 77.23, 77.37, 76.73, 76.785, 23576, 0.0
2021-05-03 08:45:00, 76.82, 77.4, 76.76, 77.28, 7026, 0.0
2021-05-03 09:00:00, 77.31, 78.22, 77.23, 78.22, 17648, 0.0
2021-05-03 09:15:00, 78.25, 78.69, 78.25, 78.58, 22780, 0.0
2021-05-03 09:30:00, 78.67, 78.89, 78.5, 78.5, 17103, 0.0
2021-05-03 09:45:00, 78.55, 78.625, 78.03, 78.04, 17669, 0.0
2021-05-03 10:00:00, 77.99, 78.21, 77.73, 77.74, 12577, 0.0
2021-05-03 10:15:00, 77.7, 77.85, 77.46, 77.46, 5531, 0.0
2021-05-03 10:30:00, 77.42, 77.73, 77.41, 77.73, 8148, 0.0
2021-05-03 10:45:00, 77.68, 77.81, 77.525, 77.81, 6563, 0.0
2021-05-03 11:00:00, 77.76, 77.77, 77.61, 77.67, 4580, 0.0
2021-05-03 11:15:00, 77.645, 77.76, 77.58, 77.65, 11750, 0.0
2021-05-03 11:30:00, 77.66, 77.66, 77.49, 77.51, 5856, 0.0
2021-05-03 11:45:00, 77.45, 77.61, 77.44, 77.48, 9888, 0.0
2021-05-03 12:00:00, 77.54, 77.585, 77.45, 77.57, 10234, 0.0
2021-05-03 12:15:00, 77.565, 77.565, 77.2, 77.215, 9648, 0.0
2021-05-03 12:30:00, 77.16, 77.37, 77.155, 77.32, 7268, 0.0
2021-05-03 12:45:00, 77.32, 77.37, 77.265, 77.28, 7416, 0.0
2021-05-03 13:00:00, 77.3, 77.43, 77.29, 77.4, 14120, 0.0
2021-05-03 13:15:00, 77.4, 77.445, 77.225, 77.24, 7497, 0.0
2021-05-03 13:30:00, 77.25, 77.28, 77.09, 77.09, 18136, 0.0
2021-05-03 13:45:00, 77.09, 77.13, 77.025, 77.03, 10175, 0.0
2021-05-03 14:00:00, 77.085, 77.09, 76.93, 77, 20693, 0.0
2021-05-03 14:15:00, 77.02, 77.05, 76.9, 76.92, 10960, 0.0
2021-05-03 14:30:00, 76.95, 76.985, 76.755, 76.785, 19305, 0.0
2021-05-03 14:45:00, 76.785, 77.04, 76.785, 77.03, 54739, 0.0
2021-05-04 08:30:00, 76.65, 77.59, 76.39, 77.305, 24527, 0.0
2021-05-04 08:45:00, 77.325, 77.37, 76.23, 76.23, 8981, 0.0
2021-05-04 09:00:00, 76.25, 76.33, 75.98, 76.07, 18859, 0.0
2021-05-04 09:15:00, 76.01, 76.67, 75.94, 76.59, 12716, 0.0
2021-05-04 09:30:00, 76.53, 76.53, 76.13, 76.13, 10550, 0.0
2021-05-04 09:45:00, 76.11, 76.16, 75.81, 75.88, 8435, 0.0
2021-05-04 10:00:00, 75.86, 76.23, 75.79, 75.79, 10169, 0.0
2021-05-04 10:15:00, 75.79, 75.87, 75.65, 75.87, 11888, 0.0
2021-05-04 10:30:00, 75.85, 75.92, 75.67, 75.7, 8538, 0.0
2021-05-04 10:45:00, 75.74, 75.94, 75.73, 75.94, 6738, 0.0
2021-05-04 11:00:00, 75.91, 76.16, 75.91, 76.075, 7075, 0.0
2021-05-04 11:15:00, 76.085, 76.12, 75.83, 75.89, 9889, 0.0
2021-05-04 11:30:00, 75.865, 75.925, 75.7, 75.8, 7672, 0.0
2021-05-04 11:45:00, 75.68, 75.845, 75.66, 75.75, 9920, 0.0
2021-05-04 12:00:00, 75.69, 75.85, 75.67, 75.72, 8006, 0.0
2021-05-04 12:15:00, 75.67, 75.8, 75.645, 75.71, 7318, 0.0
2021-05-04 12:30:00, 75.725, 75.78, 75.61, 75.64, 8800, 0.0
2021-05-04 12:45:00, 75.64, 75.685, 75.55, 75.63, 19584, 0.0
2021-05-04 13:00:00, 75.585, 75.92, 75.54, 75.92, 13223, 0.0
2021-05-04 13:15:00, 75.91, 75.92, 75.7, 75.7, 17545, 0.0
2021-05-04 13:30:00, 75.76, 75.845, 75.73, 75.775, 7163, 0.0
2021-05-04 13:45:00, 75.81, 75.82, 75.725, 75.725, 9460, 0.0
2021-05-04 14:00:00, 75.705, 75.72, 75.59, 75.64, 8790, 0.0
2021-05-04 14:15:00, 75.67, 75.67, 75.56, 75.65, 12715, 0.0
2021-05-04 14:30:00, 75.645, 75.82, 75.58, 75.62, 13068, 0.0
2021-05-04 14:45:00, 75.63, 76.075, 75.59, 76.065, 26125, 0.0
2021-05-05 08:30:00, 76.39, 76.64, 75.56, 76.34, 26250, 0.0
2021-05-05 08:45:00, 76.43, 76.655, 76.19, 76.27, 20902, 0.0
2021-05-05 09:00:00, 76.24, 76.24, 75.72, 76.03, 13136, 0.0
2021-05-05 09:15:00, 76.08, 76.335, 76.03, 76.3, 9194, 0.0
2021-05-05 09:30:00, 76.31, 76.59, 76.23, 76.5, 13269, 0.0
2021-05-05 09:45:00, 76.51, 76.63, 76.455, 76.63, 16497, 0.0
2021-05-05 10:00:00, 76.59, 76.66, 76.21, 76.32, 11790, 0.0
2021-05-05 10:15:00, 76.295, 76.35, 76.15, 76.15, 7529, 0.0
2021-05-05 10:30:00, 76.15, 76.42, 76.15, 76.39, 11366, 0.0
2021-05-05 10:45:00, 76.34, 76.46, 76.28, 76.415, 3602, 0.0
2021-05-05 11:00:00, 76.38, 76.5, 76.35, 76.45, 10815, 0.0
2021-05-05 11:15:00, 76.41, 76.42, 76.34, 76.34, 4160, 0.0
2021-05-05 11:30:00, 76.37, 76.37, 76.06, 76.14, 10503, 0.0
2021-05-05 11:45:00, 76.125, 76.23, 76.12, 76.12, 6029, 0.0
2021-05-05 12:00:00, 76.13, 76.14, 75.95, 76.105, 6047, 0.0
2021-05-05 12:15:00, 76.09, 76.15, 76.08, 76.15, 10879, 0.0
2021-05-05 12:30:00, 76.19, 76.21, 76.065, 76.21, 5689, 0.0
2021-05-05 12:45:00, 76.19, 76.23, 76.01, 76.02, 7974, 0.0
2021-05-05 13:00:00, 75.99, 76, 75.82, 75.85, 12036, 0.0
2021-05-05 13:15:00, 75.875, 75.9, 75.79, 75.86, 9840, 0.0
2021-05-05 13:30:00, 75.875, 75.89, 75.8, 75.81, 10436, 0.0
2021-05-05 13:45:00, 75.805, 75.965, 75.78, 75.8, 10420, 0.0
2021-05-05 14:00:00, 75.76, 75.78, 75.45, 75.45, 20926, 0.0
2021-05-05 14:15:00, 75.44, 75.49, 75.2, 75.345, 34344, 0.0
2021-05-05 14:30:00, 75.31, 75.635, 75.29, 75.51, 25045, 0.0
2021-05-05 14:45:00, 75.5, 75.57, 75.385, 75.55, 38397, 0.0
2021-05-06 08:30:00, 75.31, 76.1, 75.14, 76.05, 26051, 0.0
2021-05-06 08:45:00, 76.04, 76.1, 75.41, 75.41, 7972, 0.0
2021-05-06 09:00:00, 75.4, 75.41, 75.11, 75.31, 13536, 0.0
2021-05-06 09:15:00, 75.24, 75.33, 74.96, 75.32, 13260, 0.0
2021-05-06 09:30:00, 75.33, 75.66, 75.305, 75.44, 20198, 0.0
2021-05-06 09:45:00, 75.49, 75.65, 75.42, 75.55, 10624, 0.0
2021-05-06 10:00:00, 75.59, 75.59, 75.175, 75.21, 10948, 0.0
2021-05-06 10:15:00, 75.19, 75.84, 75.19, 75.84, 8347, 0.0
2021-05-06 10:30:00, 75.88, 76.78, 75.86, 76.78, 16189, 0.0
2021-05-06 10:45:00, 76.78, 77.06, 76.76, 76.95, 15162, 0.0
2021-05-06 11:00:00, 77.01, 77.04, 76.63, 76.63, 6718, 0.0
2021-05-06 11:15:00, 76.58, 76.92, 76.58, 76.91, 6931, 0.0
2021-05-06 11:30:00, 76.93, 76.93, 76.65, 76.715, 4042, 0.0
2021-05-06 11:45:00, 76.73, 76.84, 76.625, 76.64, 5809, 0.0
2021-05-06 12:00:00, 76.67, 76.735, 76.48, 76.49, 3951, 0.0
2021-05-06 12:15:00, 76.53, 76.54, 76.34, 76.345, 1945, 0.0
2021-05-06 12:30:00, 76.4, 76.54, 76.34, 76.34, 5198, 0.0
2021-05-06 12:45:00, 76.32, 76.32, 76.03, 76.04, 1917, 0.0
2021-05-06 13:00:00, 76.07, 76.36, 75.27, 76.33, 19627, 0.0
2021-05-06 13:15:00, 76.25, 76.43, 75.93, 75.97, 7158, 0.0
2021-05-06 13:30:00, 75.89, 76.04, 75.89, 75.94, 6018, 0.0
2021-05-06 13:45:00, 75.99, 76.19, 75.98, 76.05, 4826, 0.0
2021-05-06 14:00:00, 76.04, 76.2, 76, 76.17, 9507, 0.0
2021-05-06 14:15:00, 76.19, 76.21, 76.08, 76.15, 8329, 0.0
2021-05-06 14:30:00, 76.1, 76.12, 75.94, 76.07, 11093, 0.0
2021-05-06 14:45:00, 76.11, 76.41, 76.085, 76.4, 30656, 0.0
2021-05-07 08:30:00, 76.68, 76.7, 75.69, 76.16, 29378, 0.0
2021-05-07 08:45:00, 76.27, 76.67, 76.14, 76.39, 10283, 0.0
2021-05-07 09:00:00, 76.34, 76.875, 76.27, 76.81, 16521, 0.0
2021-05-07 09:15:00, 76.78, 77.09, 76.66, 77.09, 29686, 0.0
2021-05-07 09:30:00, 77.17, 77.2, 76.98, 77.1, 19223, 0.0
2021-05-07 09:45:00, 77.06, 77.11, 76.53, 76.67, 13553, 0.0
2021-05-07 10:00:00, 76.615, 76.66, 76.53, 76.62, 8274, 0.0
2021-05-07 10:15:00, 76.62, 76.685, 76.36, 76.39, 9100, 0.0
2021-05-07 10:30:00, 76.38, 76.54, 76.285, 76.54, 18854, 0.0
2021-05-07 10:45:00, 76.575, 76.585, 76.37, 76.38, 6409, 0.0
2021-05-07 11:00:00, 76.36, 76.36, 76.14, 76.16, 8179, 0.0
2021-05-07 11:15:00, 76.13, 76.28, 76.13, 76.13, 3322, 0.0
2021-05-07 11:30:00, 76.12, 76.14, 75.89, 75.89, 6208, 0.0
2021-05-07 11:45:00, 75.92, 76.17, 75.92, 76.155, 6018, 0.0
2021-05-07 12:00:00, 76.1, 76.1, 75.85, 75.85, 4796, 0.0
2021-05-07 12:15:00, 75.79, 75.79, 75.57, 75.57, 4880, 0.0
2021-05-07 12:30:00, 75.59, 75.81, 75.59, 75.74, 5804, 0.0
2021-05-07 12:45:00, 75.78, 75.9, 75.645, 75.675, 6251, 0.0
2021-05-07 13:00:00, 75.65, 75.8, 75.55, 75.74, 5574, 0.0
2021-05-07 13:15:00, 75.7, 75.715, 75.565, 75.58, 12250, 0.0
2021-05-07 13:30:00, 75.6, 75.64, 75.53, 75.58, 7356, 0.0
2021-05-07 13:45:00, 75.6, 75.88, 75.6, 75.78, 6404, 0.0
2021-05-07 14:00:00, 75.79, 75.91, 75.77, 75.81, 13785, 0.0
2021-05-07 14:15:00, 75.83, 75.83, 75.655, 75.68, 9241, 0.0
2021-05-07 14:30:00, 75.72, 75.72, 75.505, 75.555, 11598, 0.0
2021-05-07 14:45:00, 75.56, 75.64, 75.52, 75.53, 21530, 0.0
2021-05-10 08:30:00, 74.33, 74.33, 72.55, 72.58, 67583, 0.0
2021-05-10 08:45:00, 72.58, 72.95, 71.75, 71.75, 74516, 0.0
2021-05-10 09:00:00, 71.76, 72.32, 71.53, 72.32, 50784, 0.0
2021-05-10 09:15:00, 72.29, 72.4, 71.98, 71.98, 35848, 0.0
2021-05-10 09:30:00, 71.97, 72.61, 71.91, 72.57, 55685, 0.0
2021-05-10 09:45:00, 72.57, 72.57, 72.075, 72.18, 22547, 0.0
2021-05-10 10:00:00, 72.31, 72.385, 72.17, 72.2, 23553, 0.0
2021-05-10 10:15:00, 72.19, 72.58, 72.19, 72.48, 30264, 0.0
2021-05-10 10:30:00, 72.49, 72.655, 72.34, 72.655, 20599, 0.0
2021-05-10 10:45:00, 72.62, 72.71, 72.565, 72.595, 23641, 0.0
2021-05-10 11:00:00, 72.57, 72.68, 72.53, 72.58, 30074, 0.0
2021-05-10 11:15:00, 72.605, 72.65, 72.415, 72.42, 81578, 0.0
2021-05-10 11:30:00, 72.36, 72.4, 72.255, 72.395, 25249, 0.0
2021-05-10 11:45:00, 72.395, 72.51, 72.31, 72.325, 19272, 0.0
2021-05-10 12:00:00, 72.305, 72.37, 72.165, 72.265, 21412, 0.0
2021-05-10 12:15:00, 72.21, 72.285, 72.135, 72.14, 14479, 0.0
2021-05-10 12:30:00, 72.125, 72.24, 72.02, 72.03, 16750, 0.0
2021-05-10 12:45:00, 72.025, 72.145, 71.98, 72.1, 15181, 0.0
2021-05-10 13:00:00, 72.1, 72.26, 71.9, 71.9, 14107, 0.0
2021-05-10 13:15:00, 71.94, 71.94, 71.63, 71.7, 22069, 0.0
2021-05-10 13:30:00, 71.645, 71.78, 71.56, 71.63, 33899, 0.0
2021-05-10 13:45:00, 71.62, 71.74, 71.52, 71.55, 11863, 0.0
2021-05-10 14:00:00, 71.53, 71.645, 71.485, 71.59, 23667, 0.0
2021-05-10 14:15:00, 71.59, 71.67, 71.435, 71.45, 18253, 0.0
2021-05-10 14:30:00, 71.44, 71.67, 71.42, 71.57, 30569, 0.0
2021-05-10 14:45:00, 71.59, 71.63, 71.39, 71.4, 66212, 0.0
2021-05-11 07:30:00, 68.75, 68.75, 68.75, 68.75, 330, 0.0
2021-05-11 08:30:00, 69.505, 72.39, 69.24, 72.17, 99299, 0.0
2021-05-11 08:45:00, 72.04, 72.76, 72, 72.49, 28979, 0.0
2021-05-11 09:00:00, 72.44, 72.44, 71.725, 71.725, 20094, 0.0
2021-05-11 09:15:00, 71.725, 71.99, 71.43, 71.45, 20180, 0.0
2021-05-11 09:30:00, 71.44, 71.5, 71.06, 71.41, 15399, 0.0
2021-05-11 09:45:00, 71.35, 71.805, 71.22, 71.67, 13912, 0.0
2021-05-11 10:00:00, 71.66, 71.84, 71.34, 71.84, 10393, 0.0
2021-05-11 10:15:00, 71.82, 72.4, 71.82, 72.36, 9085, 0.0
2021-05-11 10:30:00, 72.35, 72.46, 72.11, 72.12, 10638, 0.0
2021-05-11 10:45:00, 72.14, 72.38, 72.14, 72.34, 8256, 0.0
2021-05-11 11:00:00, 72.33, 72.53, 72.31, 72.36, 7857, 0.0
2021-05-11 11:15:00, 72.34, 72.37, 72.21, 72.28, 7830, 0.0
2021-05-11 11:30:00, 72.315, 72.51, 72.245, 72.445, 14273, 0.0
2021-05-11 11:45:00, 72.46, 72.52, 72.23, 72.46, 19712, 0.0
2021-05-11 12:00:00, 72.45, 72.685, 72.435, 72.64, 10882, 0.0
2021-05-11 12:15:00, 72.6, 72.84, 72.59, 72.81, 5769, 0.0
2021-05-11 12:30:00, 72.86, 72.89, 72.75, 72.86, 9076, 0.0
2021-05-11 12:45:00, 72.84, 72.875, 72.745, 72.77, 10507, 0.0
2021-05-11 13:00:00, 72.83, 72.99, 72.69, 72.75, 17044, 0.0
2021-05-11 13:15:00, 72.77, 73.06, 72.7, 73.05, 12361, 0.0
2021-05-11 13:30:00, 73.03, 73.03, 72.67, 72.83, 10376, 0.0
2021-05-11 13:45:00, 72.81, 72.95, 72.79, 72.8, 10648, 0.0
2021-05-11 14:00:00, 72.805, 72.86, 72.65, 72.65, 8780, 0.0
2021-05-11 14:15:00, 72.7, 72.93, 72.65, 72.83, 12360, 0.0
2021-05-11 14:30:00, 72.83, 72.84, 72.57, 72.645, 14152, 0.0
2021-05-11 14:45:00, 72.64, 72.86, 72.62, 72.8, 31448, 0.0
2021-05-12 08:30:00, 72.66, 72.93, 72.17, 72.375, 25217, 0.0
2021-05-12 08:45:00, 72.46, 72.87, 72.14, 72.14, 19299, 0.0
2021-05-12 09:00:00, 72.04, 72.265, 71.91, 72.05, 17037, 0.0
2021-05-12 09:15:00, 72.025, 72.15, 71.73, 71.87, 14938, 0.0
2021-05-12 09:30:00, 71.81, 72.09, 71.61, 71.75, 12957, 0.0
2021-05-12 09:45:00, 71.64, 71.78, 71.42, 71.58, 12760, 0.0
2021-05-12 10:00:00, 71.59, 71.94, 71.5, 71.88, 21810, 0.0
2021-05-12 10:15:00, 71.88, 71.915, 71.5, 71.51, 37103, 0.0
2021-05-12 10:30:00, 71.515, 71.61, 71.42, 71.61, 10150, 0.0
2021-05-12 10:45:00, 71.55, 71.55, 71.34, 71.34, 9730, 0.0
2021-05-12 11:00:00, 71.43, 71.47, 71.17, 71.195, 12154, 0.0
2021-05-12 11:15:00, 71.19, 71.57, 71.08, 71.5, 13908, 0.0
2021-05-12 11:30:00, 71.5, 71.64, 71.36, 71.53, 10391, 0.0
2021-05-12 11:45:00, 71.44, 71.58, 71.38, 71.44, 10971, 0.0
2021-05-12 12:00:00, 71.47, 71.67, 71.41, 71.56, 11529, 0.0
2021-05-12 12:15:00, 71.53, 71.53, 71.27, 71.3, 4932, 0.0
2021-05-12 12:30:00, 71.3, 71.375, 71.175, 71.28, 8882, 0.0
2021-05-12 12:45:00, 71.22, 71.32, 71.13, 71.19, 10221, 0.0
2021-05-12 13:00:00, 71.22, 71.3, 70.94, 70.95, 12444, 0.0
2021-05-12 13:15:00, 70.94, 71.1, 70.87, 71.07, 15672, 0.0
2021-05-12 13:30:00, 71.12, 71.3, 71.04, 71.19, 17839, 0.0
2021-05-12 13:45:00, 71.16, 71.28, 71.1, 71.115, 8698, 0.0
2021-05-12 14:00:00, 71.005, 71.12, 70.94, 71.01, 9234, 0.0
2021-05-12 14:15:00, 70.96, 71.22, 70.96, 71.19, 15293, 0.0
2021-05-12 14:30:00, 71.19, 71.385, 71.18, 71.34, 16333, 0.0
2021-05-12 14:45:00, 71.345, 71.46, 71.13, 71.26, 32015, 0.0
2021-05-13 08:30:00, 71.08, 71.15, 70.07, 70.35, 56051, 0.0
2021-05-13 08:45:00, 70.44, 70.92, 70, 70.82, 73497, 0.0
2021-05-13 09:00:00, 70.91, 71.17, 70.82, 71.08, 31800, 0.0
2021-05-13 09:15:00, 71.09, 71.09, 70.45, 70.67, 33374, 0.0
2021-05-13 09:30:00, 70.72, 70.72, 70.26, 70.305, 63367, 0.0
2021-05-13 09:45:00, 70.19, 70.51, 70.19, 70.37, 8098, 0.0
2021-05-13 10:00:00, 70.38, 70.38, 69.96, 69.97, 94472, 0.0
2021-05-13 10:15:00, 69.965, 70.015, 69.62, 69.7, 44992, 0.0
2021-05-13 10:30:00, 69.73, 69.98, 69.58, 69.65, 115801, 0.0
2021-05-13 10:45:00, 69.62, 69.83, 69.24, 69.27, 50605, 0.0
2021-05-13 11:00:00, 69.345, 69.82, 69.33, 69.81, 38492, 0.0
2021-05-13 11:15:00, 69.82, 69.83, 69.53, 69.68, 17276, 0.0
2021-05-13 11:30:00, 69.72, 69.83, 69.42, 69.46, 15877, 0.0
2021-05-13 11:45:00, 69.44, 69.54, 68.97, 69.09, 31125, 0.0
2021-05-13 12:00:00, 69.07, 69.405, 69.05, 69.255, 15585, 0.0
2021-05-13 12:15:00, 69.32, 69.37, 69.005, 69.085, 23861, 0.0
2021-05-13 12:30:00, 69.04, 69.065, 68.23, 68.33, 87985, 0.0
2021-05-13 12:45:00, 68.32, 68.33, 67.365, 67.38, 110163, 0.0
2021-05-13 13:00:00, 67.385, 68, 67.385, 67.69, 93233, 0.0
2021-05-13 13:15:00, 67.665, 67.99, 67.615, 67.98, 45288, 0.0
2021-05-13 13:30:00, 67.98, 68.005, 67.75, 67.995, 48451, 0.0
2021-05-13 13:45:00, 67.99, 68.06, 67.87, 67.965, 65891, 0.0
2021-05-13 14:00:00, 67.99, 68.19, 67.37, 67.77, 80133, 0.0
2021-05-13 14:15:00, 67.79, 67.79, 67.22, 67.375, 78892, 0.0
2021-05-13 14:30:00, 67.34, 67.41, 67.265, 67.395, 81059, 0.0
2021-05-13 14:45:00, 67.395, 67.4, 67.025, 67.04, 164139, 0.0
2021-05-14 08:30:00, 68.34, 68.4, 66.73, 66.86, 87078, 0.0
2021-05-14 08:45:00, 67, 67.66, 66.61, 67.52, 22122, 0.0
2021-05-14 09:00:00, 67.88, 68.025, 67.29, 67.46, 32610, 0.0
2021-05-14 09:15:00, 67.48, 68.06, 67.41, 67.96, 48588, 0.0
2021-05-14 09:30:00, 67.92, 68.05, 67.85, 67.91, 52070, 0.0
2021-05-14 09:45:00, 67.95, 68.22, 67.67, 67.7, 102840, 0.0
2021-05-14 10:00:00, 67.75, 68.07, 67.66, 68.015, 33922, 0.0
2021-05-14 10:15:00, 68.01, 68.46, 67.96, 68.38, 25864, 0.0
2021-05-14 10:30:00, 68.33, 68.4, 68.08, 68.22, 46419, 0.0
2021-05-14 10:45:00, 68.24, 68.38, 68.16, 68.37, 19759, 0.0
2021-05-14 11:00:00, 68.43, 68.605, 68.4, 68.53, 14152, 0.0
2021-05-14 11:15:00, 68.49, 68.53, 68.395, 68.53, 16217, 0.0
2021-05-14 11:30:00, 68.53, 68.53, 68.24, 68.29, 23058, 0.0
2021-05-14 11:45:00, 68.305, 68.47, 68.23, 68.42, 19894, 0.0
2021-05-14 12:00:00, 68.42, 68.495, 68.25, 68.33, 16739, 0.0
2021-05-14 12:15:00, 68.32, 68.415, 68.05, 68.05, 8816, 0.0
2021-05-14 12:30:00, 68.045, 68.045, 67.96, 67.99, 23129, 0.0
2021-05-14 12:45:00, 67.995, 68.17, 67.99, 68.04, 22081, 0.0
2021-05-14 13:00:00, 68.03, 68.3, 68, 68.26, 9061, 0.0
2021-05-14 13:15:00, 68.26, 68.4, 68.2, 68.33, 10367, 0.0
2021-05-14 13:30:00, 68.34, 68.59, 68.33, 68.53, 5913, 0.0
2021-05-14 13:45:00, 68.555, 68.835, 68.555, 68.72, 17845, 0.0
2021-05-14 14:00:00, 68.68, 68.75, 68.57, 68.725, 14637, 0.0
2021-05-14 14:15:00, 68.745, 68.745, 68.395, 68.415, 15739, 0.0
2021-05-14 14:30:00, 68.42, 68.42, 68.115, 68.13, 20788, 0.0
2021-05-14 14:45:00, 68.12, 68.38, 68.07, 68.19, 49155, 0.0
2021-05-17 08:30:00, 68.06, 68.55, 67.48, 68.46, 30672, 0.0
2021-05-17 08:45:00, 68.6, 68.75, 67.75, 67.965, 23052, 0.0
2021-05-17 09:00:00, 67.95, 68.02, 67.445, 67.93, 10870, 0.0
2021-05-17 09:15:00, 67.78, 68.14, 67.69, 67.94, 13566, 0.0
2021-05-17 09:30:00, 67.89, 68.3, 67.88, 68.01, 21857, 0.0
2021-05-17 09:45:00, 68.03, 68.15, 67.92, 68.06, 10228, 0.0
2021-05-17 10:00:00, 68.045, 68.045, 67.69, 67.82, 19133, 0.0
2021-05-17 10:15:00, 67.82, 67.885, 67.69, 67.83, 13351, 0.0
2021-05-17 10:30:00, 67.88, 67.885, 67.65, 67.82, 26990, 0.0
2021-05-17 10:45:00, 67.82, 67.915, 67.64, 67.84, 20679, 0.0
2021-05-17 11:00:00, 67.78, 67.825, 67.56, 67.56, 16069, 0.0
2021-05-17 11:15:00, 67.54, 67.75, 67.54, 67.69, 11947, 0.0
2021-05-17 11:30:00, 67.69, 68.05, 67.69, 68.01, 2518, 0.0
2021-05-17 11:45:00, 68.01, 68.07, 67.93, 67.98, 3539, 0.0
2021-05-17 12:00:00, 67.97, 68.01, 67.76, 67.76, 8182, 0.0
2021-05-17 12:15:00, 67.73, 67.845, 67.73, 67.81, 5852, 0.0
2021-05-17 12:30:00, 67.78, 67.96, 67.69, 67.72, 5978, 0.0
2021-05-17 12:45:00, 67.725, 67.88, 67.725, 67.79, 7750, 0.0
2021-05-17 13:00:00, 67.73, 67.98, 67.73, 67.98, 5080, 0.0
2021-05-17 13:15:00, 67.87, 67.96, 67.855, 67.855, 6004, 0.0
2021-05-17 13:30:00, 67.87, 67.97, 67.81, 67.84, 10429, 0.0
2021-05-17 13:45:00, 67.82, 68.075, 67.82, 67.99, 12071, 0.0
2021-05-17 14:00:00, 68, 68.045, 67.94, 68, 4290, 0.0
2021-05-17 14:15:00, 68.03, 68.04, 67.925, 67.93, 3105, 0.0
2021-05-17 14:30:00, 67.94, 68.155, 67.935, 68.14, 6658, 0.0
2021-05-17 14:45:00, 68.12, 68.23, 68.1, 68.21, 21121, 0.0
2021-05-18 07:30:00, 69.65, 69.65, 69.65, 69.65, 300, 0.0
2021-05-18 08:00:00, 69.65, 69.65, 69.65, 69.65, 200, 0.0
2021-05-18 08:15:00, 69.65, 69.65, 69.65, 69.65, 100, 0.0
2021-05-18 08:30:00, 70, 70.05, 69.055, 69.62, 76640, 0.0
2021-05-18 08:45:00, 69.51, 70.125, 69.51, 69.85, 19204, 0.0
2021-05-18 09:00:00, 69.8, 70.275, 69.7, 70.265, 18614, 0.0
2021-05-18 09:15:00, 70.35, 70.7, 70.25, 70.7, 12164, 0.0
2021-05-18 09:30:00, 70.695, 70.765, 70.24, 70.31, 19596, 0.0
2021-05-18 09:45:00, 70.29, 70.455, 70.21, 70.35, 8280, 0.0
2021-05-18 10:00:00, 70.3, 70.3, 70.09, 70.14, 14505, 0.0
2021-05-18 10:15:00, 70.13, 70.31, 70, 70.06, 15251, 0.0
2021-05-18 10:30:00, 70.05, 70.05, 69.74, 69.8, 8843, 0.0
2021-05-18 10:45:00, 69.8, 69.91, 69.72, 69.83, 10485, 0.0
2021-05-18 11:00:00, 69.84, 69.965, 69.79, 69.95, 7685, 0.0
2021-05-18 11:15:00, 69.965, 70.25, 69.93, 70.25, 17787, 0.0
2021-05-18 11:30:00, 70.25, 70.38, 70.2, 70.235, 5488, 0.0
2021-05-18 11:45:00, 70.32, 70.4, 70.275, 70.32, 9127, 0.0
2021-05-18 12:00:00, 70.32, 70.4, 70.19, 70.38, 7989, 0.0
2021-05-18 12:15:00, 70.37, 70.44, 70.25, 70.39, 9268, 0.0
2021-05-18 12:30:00, 70.445, 70.48, 70.35, 70.37, 6882, 0.0
2021-05-18 12:45:00, 70.36, 70.39, 70.28, 70.315, 9625, 0.0
2021-05-18 13:00:00, 70.34, 70.4, 70.24, 70.4, 11103, 0.0
2021-05-18 13:15:00, 70.41, 70.53, 70.395, 70.44, 13841, 0.0
2021-05-18 13:30:00, 70.445, 70.49, 70.135, 70.18, 17175, 0.0
2021-05-18 13:45:00, 70.18, 70.325, 70.095, 70.315, 17084, 0.0
2021-05-18 14:00:00, 70.32, 70.395, 70.26, 70.3, 9921, 0.0
2021-05-18 14:15:00, 70.3, 70.59, 70.275, 70.545, 24008, 0.0
2021-05-18 14:30:00, 70.545, 70.64, 70.21, 70.27, 19706, 0.0
2021-05-18 14:45:00, 70.25, 70.25, 69.74, 69.78, 41555, 0.0
2021-05-19 07:00:00, 67.91, 67.91, 67.91, 67.91, 358, 0.0
2021-05-19 07:15:00, 67.91, 67.91, 67.91, 67.91, 200, 0.0
2021-05-19 08:30:00, 67.43, 69.095, 66.56, 69.01, 61573, 0.0
2021-05-19 08:45:00, 69.1, 70.33, 69.1, 70.06, 50820, 0.0
2021-05-19 09:00:00, 70.045, 70.3, 69.33, 69.75, 30354, 0.0
2021-05-19 09:15:00, 69.62, 70.56, 69.51, 70.37, 28654, 0.0
2021-05-19 09:30:00, 70.43, 70.625, 69.79, 70.6, 41238, 0.0
2021-05-19 09:45:00, 70.56, 70.91, 70.55, 70.55, 16571, 0.0
2021-05-19 10:00:00, 70.56, 70.75, 70.3, 70.67, 19244, 0.0
2021-05-19 10:15:00, 70.68, 70.94, 70.52, 70.895, 21431, 0.0
2021-05-19 10:30:00, 70.85, 71, 70.75, 70.82, 21512, 0.0
2021-05-19 10:45:00, 70.72, 70.82, 70.48, 70.5, 10821, 0.0
2021-05-19 11:00:00, 70.43, 70.615, 70.38, 70.56, 7050, 0.0
2021-05-19 11:15:00, 70.58, 70.595, 70.33, 70.355, 2586, 0.0
2021-05-19 11:30:00, 70.36, 70.44, 70.24, 70.255, 8634, 0.0
2021-05-19 11:45:00, 70.25, 70.53, 70.25, 70.445, 10368, 0.0
2021-05-19 12:00:00, 70.44, 70.78, 70.39, 70.73, 10518, 0.0
2021-05-19 12:15:00, 70.735, 70.76, 70.58, 70.68, 10079, 0.0
2021-05-19 12:30:00, 70.66, 70.72, 70.53, 70.72, 5312, 0.0
2021-05-19 12:45:00, 70.74, 70.79, 70.51, 70.55, 7287, 0.0
2021-05-19 13:00:00, 70.545, 70.73, 70.335, 70.38, 18681, 0.0
2021-05-19 13:15:00, 70.34, 70.87, 70.24, 70.79, 9446, 0.0
2021-05-19 13:30:00, 70.8, 70.88, 70.39, 70.5, 6092, 0.0
2021-05-19 13:45:00, 70.505, 70.525, 70.3, 70.39, 6981, 0.0
2021-05-19 14:00:00, 70.36, 70.5, 70.18, 70.5, 8499, 0.0
2021-05-19 14:15:00, 70.46, 70.6, 70.28, 70.57, 11276, 0.0
2021-05-19 14:30:00, 70.58, 70.58, 70.38, 70.4, 11355, 0.0
2021-05-19 14:45:00, 70.39, 70.62, 70.18, 70.62, 36153, 0.0
2021-05-20 08:30:00, 72.55, 74.02, 72.255, 73.77, 120406, 0.0
2021-05-20 08:45:00, 73.815, 74.56, 73.72, 73.76, 81260, 0.0
2021-05-20 09:00:00, 73.785, 74.08, 73.46, 73.72, 57326, 0.0
2021-05-20 09:15:00, 73.755, 74.25, 73.74, 74.215, 35368, 0.0
2021-05-20 09:30:00, 74.23, 74.78, 74.23, 74.625, 45608, 0.0
2021-05-20 09:45:00, 74.65, 74.81, 74.39, 74.52, 47561, 0.0
2021-05-20 10:00:00, 74.56, 74.64, 74.24, 74.35, 17957, 0.0
2021-05-20 10:15:00, 74.35, 74.38, 74.095, 74.19, 23974, 0.0
2021-05-20 10:30:00, 74.16, 74.21, 73.72, 73.75, 22715, 0.0
2021-05-20 10:45:00, 73.75, 73.75, 73.43, 73.55, 17083, 0.0
2021-05-20 11:00:00, 73.59, 73.59, 73.29, 73.32, 15835, 0.0
2021-05-20 11:15:00, 73.43, 73.71, 73.38, 73.59, 13533, 0.0
2021-05-20 11:30:00, 73.6, 73.6, 73.17, 73.37, 26682, 0.0
2021-05-20 11:45:00, 73.41, 73.59, 73.39, 73.545, 8003, 0.0
2021-05-20 12:00:00, 73.51, 73.63, 73.48, 73.58, 14304, 0.0
2021-05-20 12:15:00, 73.59, 73.88, 73.57, 73.855, 35317, 0.0
2021-05-20 12:30:00, 73.855, 73.99, 73.82, 73.91, 31484, 0.0
2021-05-20 12:45:00, 73.91, 74.01, 73.645, 73.66, 15485, 0.0
2021-05-20 13:00:00, 73.75, 73.76, 73.63, 73.66, 14369, 0.0
2021-05-20 13:15:00, 73.665, 73.825, 73.56, 73.8, 20612, 0.0
2021-05-20 13:30:00, 73.825, 73.89, 73.695, 73.7, 14986, 0.0
2021-05-20 13:45:00, 73.715, 73.94, 73.65, 73.91, 18727, 0.0
2021-05-20 14:00:00, 73.92, 73.97, 73.8, 73.92, 37156, 0.0
2021-05-20 14:15:00, 73.91, 74.04, 73.88, 73.995, 27520, 0.0
2021-05-20 14:30:00, 74.01, 74.09, 73.82, 73.905, 46897, 0.0
2021-05-20 14:45:00, 73.9, 73.9, 73.63, 73.63, 69914, 0.0
2021-05-21 08:30:00, 74.79, 75.15, 73.56, 73.57, 79671, 0.0
2021-05-21 08:45:00, 73.61, 74.07, 73.51, 73.84, 29753, 0.0
2021-05-21 09:00:00, 73.87, 73.985, 73.43, 73.43, 28739, 0.0
2021-05-21 09:15:00, 73.41, 73.715, 73.145, 73.57, 22297, 0.0
2021-05-21 09:30:00, 73.545, 73.655, 73.26, 73.475, 20589, 0.0
2021-05-21 09:45:00, 73.46, 73.49, 73.22, 73.29, 33716, 0.0
2021-05-21 10:00:00, 73.32, 73.32, 73.09, 73.25, 6901, 0.0
2021-05-21 10:15:00, 73.27, 73.4, 73.18, 73.18, 10900, 0.0
2021-05-21 10:30:00, 73.17, 73.33, 73.11, 73.3, 12399, 0.0
2021-05-21 10:45:00, 73.3, 73.355, 72.88, 72.98, 18968, 0.0
2021-05-21 11:00:00, 72.96, 73.08, 72.95, 73.08, 8156, 0.0
2021-05-21 11:15:00, 73.05, 73.125, 72.99, 73.12, 7693, 0.0
2021-05-21 11:30:00, 73.18, 73.18, 72.97, 73, 6751, 0.0
2021-05-21 11:45:00, 72.99, 73.035, 72.79, 72.96, 21564, 0.0
2021-05-21 12:00:00, 72.94, 72.98, 72.815, 72.83, 22311, 0.0
2021-05-21 12:15:00, 72.83, 72.905, 72.76, 72.865, 22257, 0.0
2021-05-21 12:30:00, 72.865, 72.97, 72.865, 72.885, 22521, 0.0
2021-05-21 12:45:00, 72.89, 72.95, 72.82, 72.835, 22638, 0.0
2021-05-21 13:00:00, 72.845, 72.86, 72.695, 72.735, 28248, 0.0
2021-05-21 13:15:00, 72.755, 72.785, 72.6, 72.645, 25005, 0.0
2021-05-21 13:30:00, 72.64, 72.685, 72.575, 72.63, 32409, 0.0
2021-05-21 13:45:00, 72.62, 72.64, 72.535, 72.64, 30323, 0.0
2021-05-21 14:00:00, 72.655, 72.655, 72.47, 72.585, 26101, 0.0
2021-05-21 14:15:00, 72.6, 72.66, 72.545, 72.66, 19185, 0.0
2021-05-21 14:30:00, 72.7, 72.82, 72.61, 72.61, 24180, 0.0
2021-05-21 14:45:00, 72.59, 72.735, 72.56, 72.695, 36276, 0.0
2021-05-24 08:30:00, 72.29, 72.72, 71.6, 72.22, 18530, 0.0
2021-05-24 08:45:00, 72.295, 72.5, 71.94, 72.49, 8538, 0.0
2021-05-24 09:00:00, 72.52, 72.61, 72.035, 72.39, 21275, 0.0
2021-05-24 09:15:00, 72.42, 72.47, 72.13, 72.15, 25935, 0.0
2021-05-24 09:30:00, 72.19, 72.19, 71.98, 72, 15962, 0.0
2021-05-24 09:45:00, 72.025, 72.45, 72.025, 72.41, 15464, 0.0
2021-05-24 10:00:00, 72.405, 72.535, 72.3, 72.4, 18253, 0.0
2021-05-24 10:15:00, 72.39, 72.39, 72.155, 72.16, 19711, 0.0
2021-05-24 10:30:00, 72.15, 72.245, 72.11, 72.205, 15991, 0.0
2021-05-24 10:45:00, 72.205, 72.23, 72.035, 72.06, 12437, 0.0
2021-05-24 11:00:00, 72.1, 72.105, 71.83, 71.845, 11002, 0.0
2021-05-24 11:15:00, 71.855, 71.94, 71.815, 71.93, 7299, 0.0
2021-05-24 11:30:00, 71.92, 71.965, 71.71, 71.735, 12631, 0.0
2021-05-24 11:45:00, 71.735, 71.88, 71.73, 71.79, 16208, 0.0
2021-05-24 12:00:00, 71.795, 71.93, 71.775, 71.92, 6064, 0.0
2021-05-24 12:15:00, 71.92, 72.18, 71.92, 72.08, 9518, 0.0
2021-05-24 12:30:00, 72.055, 72.075, 71.985, 72.02, 7929, 0.0
2021-05-24 12:45:00, 72.03, 72.06, 71.97, 71.97, 8761, 0.0
2021-05-24 13:00:00, 71.99, 72.135, 71.97, 72.035, 19139, 0.0
2021-05-24 13:15:00, 72.015, 72.025, 71.855, 71.94, 14525, 0.0
2021-05-24 13:30:00, 71.93, 72, 71.91, 71.97, 18574, 0.0
2021-05-24 13:45:00, 71.95, 72.02, 71.93, 71.94, 16314, 0.0
2021-05-24 14:00:00, 71.95, 71.96, 71.85, 71.85, 11928, 0.0
2021-05-24 14:15:00, 71.84, 71.875, 71.76, 71.83, 16806, 0.0
2021-05-24 14:30:00, 71.82, 71.83, 71.735, 71.785, 17441, 0.0
2021-05-24 14:45:00, 71.775, 71.78, 71.625, 71.66, 40470, 0.0
2021-05-25 08:30:00, 73.06, 73.555, 72.72, 73.21, 43031, 0.0
2021-05-25 08:45:00, 73.23, 73.32, 72.7, 73.21, 24451, 0.0
2021-05-25 09:00:00, 73.19, 73.27, 72.775, 72.84, 14667, 0.0
2021-05-25 09:15:00, 72.86, 72.97, 72.63, 72.95, 20655, 0.0
2021-05-25 09:30:00, 72.97, 73.02, 72.83, 72.92, 25800, 0.0
2021-05-25 09:45:00, 72.89, 73.12, 72.89, 73.12, 15360, 0.0
2021-05-25 10:00:00, 73.045, 73.06, 72.825, 72.87, 14445, 0.0
2021-05-25 10:15:00, 72.925, 72.94, 72.38, 72.395, 15491, 0.0
2021-05-25 10:30:00, 72.455, 72.5, 72.26, 72.5, 9410, 0.0
2021-05-25 10:45:00, 72.51, 72.695, 72.405, 72.68, 7827, 0.0
2021-05-25 11:00:00, 72.695, 72.71, 72.495, 72.71, 6142, 0.0
2021-05-25 11:15:00, 72.73, 72.765, 72.67, 72.715, 9447, 0.0
2021-05-25 11:30:00, 72.755, 72.87, 72.755, 72.775, 11443, 0.0
2021-05-25 11:45:00, 72.795, 72.87, 72.73, 72.86, 7765, 0.0
2021-05-25 12:00:00, 72.835, 72.95, 72.735, 72.95, 9499, 0.0
2021-05-25 12:15:00, 72.925, 73.08, 72.9, 72.965, 9647, 0.0
2021-05-25 12:30:00, 72.955, 73.12, 72.945, 73.11, 6209, 0.0
2021-05-25 12:45:00, 73.135, 73.145, 72.965, 72.98, 12196, 0.0
2021-05-25 13:00:00, 72.99, 72.99, 72.88, 72.9, 4481, 0.0
2021-05-25 13:15:00, 72.885, 72.995, 72.87, 72.92, 6726, 0.0
2021-05-25 13:30:00, 72.95, 73.01, 72.91, 72.98, 8658, 0.0
2021-05-25 13:45:00, 72.965, 72.985, 72.875, 72.905, 5884, 0.0
2021-05-25 14:00:00, 72.91, 72.94, 72.835, 72.94, 4974, 0.0
2021-05-25 14:15:00, 72.9, 73.03, 72.875, 72.965, 12267, 0.0
2021-05-25 14:30:00, 72.96, 72.98, 72.91, 72.93, 8477, 0.0
2021-05-25 14:45:00, 72.93, 72.97, 72.795, 72.81, 24944, 0.0
2021-05-26 08:30:00, 73.6, 73.72, 72.8, 72.88, 41361, 0.0
2021-05-26 08:45:00, 72.85, 73.18, 72.77, 73.14, 14251, 0.0
2021-05-26 09:00:00, 73.02, 73.02, 72.58, 72.72, 15047, 0.0
2021-05-26 09:15:00, 72.81, 72.96, 72.8, 72.905, 12843, 0.0
2021-05-26 09:30:00, 72.94, 73.02, 72.85, 72.96, 9735, 0.0
2021-05-26 09:45:00, 72.925, 73.14, 72.91, 73.105, 6674, 0.0
2021-05-26 10:00:00, 73.105, 73.16, 73, 73.155, 8115, 0.0
2021-05-26 10:15:00, 73.14, 73.24, 73.11, 73.16, 6622, 0.0
2021-05-26 10:30:00, 73.1, 73.14, 72.97, 73.09, 3273, 0.0
