Date, Open, High, Low, Close, Volume, Open Interest
2021-05-19 10:45:00, 70.72, 70.73, 70.65, 70.71, 3201, 0.0
2021-05-19 10:50:00, 70.7, 70.82, 70.525, 70.525, 2789, 0.0
2021-05-19 10:55:00, 70.48, 70.67, 70.48, 70.5, 4831, 0.0
2021-05-19 11:00:00, 70.43, 70.475, 70.39, 70.39, 2609, 0.0
2021-05-19 11:05:00, 70.415, 70.5, 70.38, 70.465, 1947, 0.0
2021-05-19 11:10:00, 70.465, 70.615, 70.465, 70.56, 2494, 0.0
2021-05-19 11:15:00, 70.58, 70.595, 70.44, 70.45, 1131, 0.0
2021-05-19 11:20:00, 70.48, 70.48, 70.38, 70.38, 411, 0.0
2021-05-19 11:25:00, 70.33, 70.385, 70.33, 70.355, 1044, 0.0
2021-05-19 11:30:00, 70.36, 70.42, 70.36, 70.4, 1492, 0.0
2021-05-19 11:35:00, 70.42, 70.44, 70.37, 70.38, 1291, 0.0
2021-05-19 11:40:00, 70.33, 70.35, 70.24, 70.255, 5851, 0.0
2021-05-19 11:45:00, 70.25, 70.375, 70.25, 70.33, 4368, 0.0
2021-05-19 11:50:00, 70.345, 70.35, 70.26, 70.345, 3054, 0.0
2021-05-19 11:55:00, 70.4, 70.53, 70.4, 70.445, 2946, 0.0
2021-05-19 12:00:00, 70.44, 70.49, 70.39, 70.485, 2632, 0.0
2021-05-19 12:05:00, 70.535, 70.6, 70.49, 70.55, 2688, 0.0
2021-05-19 12:10:00, 70.59, 70.78, 70.59, 70.73, 5198, 0.0
2021-05-19 12:15:00, 70.735, 70.76, 70.605, 70.61, 4042, 0.0
2021-05-19 12:20:00, 70.61, 70.64, 70.585, 70.585, 2047, 0.0
2021-05-19 12:25:00, 70.58, 70.68, 70.58, 70.68, 3990, 0.0
2021-05-19 12:30:00, 70.66, 70.68, 70.56, 70.62, 1238, 0.0
2021-05-19 12:35:00, 70.56, 70.61, 70.56, 70.58, 1651, 0.0
2021-05-19 12:40:00, 70.6, 70.72, 70.53, 70.72, 2423, 0.0
2021-05-19 12:45:00, 70.74, 70.79, 70.54, 70.56, 2623, 0.0
2021-05-19 12:50:00, 70.56, 70.61, 70.52, 70.585, 1814, 0.0
2021-05-19 12:55:00, 70.615, 70.68, 70.51, 70.55, 2850, 0.0
2021-05-19 13:00:00, 70.545, 70.73, 70.43, 70.43, 2283, 0.0
2021-05-19 13:05:00, 70.43, 70.47, 70.34, 70.47, 6936, 0.0
2021-05-19 13:10:00, 70.47, 70.47, 70.335, 70.38, 9462, 0.0
2021-05-19 13:15:00, 70.34, 70.36, 70.24, 70.29, 5046, 0.0
2021-05-19 13:20:00, 70.39, 70.87, 70.37, 70.76, 2883, 0.0
2021-05-19 13:25:00, 70.74, 70.8, 70.73, 70.79, 1517, 0.0
2021-05-19 13:30:00, 70.8, 70.88, 70.62, 70.68, 2698, 0.0
2021-05-19 13:35:00, 70.68, 70.68, 70.5, 70.52, 1901, 0.0
2021-05-19 13:40:00, 70.48, 70.525, 70.39, 70.5, 1493, 0.0
2021-05-19 13:45:00, 70.505, 70.525, 70.3, 70.3, 2341, 0.0
2021-05-19 13:50:00, 70.36, 70.46, 70.33, 70.43, 2815, 0.0
2021-05-19 13:55:00, 70.48, 70.5, 70.36, 70.39, 1825, 0.0
2021-05-19 14:00:00, 70.36, 70.36, 70.18, 70.27, 2700, 0.0
2021-05-19 14:05:00, 70.29, 70.38, 70.255, 70.355, 3498, 0.0
2021-05-19 14:10:00, 70.34, 70.5, 70.34, 70.5, 2301, 0.0
2021-05-19 14:15:00, 70.46, 70.47, 70.36, 70.36, 1652, 0.0
2021-05-19 14:20:00, 70.38, 70.49, 70.28, 70.48, 4222, 0.0
2021-05-19 14:25:00, 70.495, 70.6, 70.425, 70.57, 5402, 0.0
2021-05-19 14:30:00, 70.58, 70.58, 70.38, 70.575, 6909, 0.0
2021-05-19 14:35:00, 70.56, 70.57, 70.48, 70.48, 1701, 0.0
2021-05-19 14:40:00, 70.47, 70.47, 70.4, 70.4, 2745, 0.0
2021-05-19 14:45:00, 70.39, 70.41, 70.18, 70.19, 8657, 0.0
2021-05-19 14:50:00, 70.21, 70.47, 70.2, 70.38, 12234, 0.0
2021-05-19 14:55:00, 70.4, 70.62, 70.39, 70.62, 15262, 0.0
2021-05-20 08:30:00, 72.55, 73.41, 72.255, 73.35, 56959, 0.0
2021-05-20 08:35:00, 73.33, 73.38, 72.9, 73.22, 28190, 0.0
2021-05-20 08:40:00, 73.23, 74.02, 73.21, 73.77, 35257, 0.0
2021-05-20 08:45:00, 73.815, 74.24, 73.72, 73.99, 32717, 0.0
2021-05-20 08:50:00, 74.03, 74.56, 74.03, 74.175, 31011, 0.0
2021-05-20 08:55:00, 74.19, 74.27, 73.76, 73.76, 17532, 0.0
2021-05-20 09:00:00, 73.785, 73.785, 73.46, 73.71, 13218, 0.0
2021-05-20 09:05:00, 73.745, 74.08, 73.69, 73.78, 19251, 0.0
2021-05-20 09:10:00, 73.81, 73.995, 73.64, 73.72, 24857, 0.0
2021-05-20 09:15:00, 73.755, 74.13, 73.74, 74.11, 13656, 0.0
2021-05-20 09:20:00, 74.15, 74.25, 74.12, 74.16, 10545, 0.0
2021-05-20 09:25:00, 74.16, 74.23, 74.07, 74.215, 11167, 0.0
2021-05-20 09:30:00, 74.23, 74.54, 74.23, 74.51, 10664, 0.0
2021-05-20 09:35:00, 74.52, 74.78, 74.41, 74.68, 17354, 0.0
2021-05-20 09:40:00, 74.68, 74.695, 74.42, 74.625, 17489, 0.0
2021-05-20 09:45:00, 74.65, 74.81, 74.62, 74.65, 23336, 0.0
2021-05-20 09:50:00, 74.67, 74.68, 74.39, 74.61, 15247, 0.0
2021-05-20 09:55:00, 74.6, 74.65, 74.51, 74.52, 8978, 0.0
2021-05-20 10:00:00, 74.56, 74.64, 74.35, 74.39, 6937, 0.0
2021-05-20 10:05:00, 74.46, 74.47, 74.3, 74.32, 5964, 0.0
2021-05-20 10:10:00, 74.33, 74.38, 74.24, 74.35, 5056, 0.0
2021-05-20 10:15:00, 74.35, 74.38, 74.29, 74.34, 4876, 0.0
2021-05-20 10:20:00, 74.34, 74.345, 74.165, 74.165, 8800, 0.0
2021-05-20 10:25:00, 74.16, 74.25, 74.095, 74.19, 10298, 0.0
2021-05-20 10:30:00, 74.16, 74.21, 73.86, 74.01, 9324, 0.0
2021-05-20 10:35:00, 74.01, 74.05, 73.86, 73.86, 6554, 0.0
2021-05-20 10:40:00, 73.83, 73.88, 73.72, 73.75, 6837, 0.0
2021-05-20 10:45:00, 73.75, 73.75, 73.55, 73.56, 7078, 0.0
2021-05-20 10:50:00, 73.56, 73.57, 73.43, 73.49, 5927, 0.0
2021-05-20 10:55:00, 73.49, 73.55, 73.43, 73.55, 4078, 0.0
2021-05-20 11:00:00, 73.59, 73.59, 73.44, 73.54, 5269, 0.0
2021-05-20 11:05:00, 73.54, 73.55, 73.34, 73.34, 6202, 0.0
2021-05-20 11:10:00, 73.32, 73.35, 73.29, 73.32, 4364, 0.0
2021-05-20 11:15:00, 73.43, 73.675, 73.38, 73.63, 6656, 0.0
2021-05-20 11:20:00, 73.7, 73.71, 73.6, 73.68, 2825, 0.0
2021-05-20 11:25:00, 73.625, 73.625, 73.5, 73.59, 4052, 0.0
2021-05-20 11:30:00, 73.6, 73.6, 73.34, 73.34, 6937, 0.0
2021-05-20 11:35:00, 73.35, 73.35, 73.17, 73.34, 15942, 0.0
2021-05-20 11:40:00, 73.3, 73.41, 73.3, 73.37, 3803, 0.0
2021-05-20 11:45:00, 73.41, 73.48, 73.39, 73.445, 2263, 0.0
2021-05-20 11:50:00, 73.485, 73.59, 73.46, 73.57, 2558, 0.0
2021-05-20 11:55:00, 73.54, 73.58, 73.48, 73.545, 3182, 0.0
2021-05-20 12:00:00, 73.51, 73.545, 73.485, 73.485, 3409, 0.0
2021-05-20 12:05:00, 73.49, 73.63, 73.48, 73.63, 3556, 0.0
2021-05-20 12:10:00, 73.63, 73.63, 73.575, 73.58, 7339, 0.0
2021-05-20 12:15:00, 73.59, 73.63, 73.57, 73.63, 6453, 0.0
2021-05-20 12:20:00, 73.635, 73.84, 73.635, 73.84, 8688, 0.0
2021-05-20 12:25:00, 73.83, 73.88, 73.78, 73.855, 20176, 0.0
2021-05-20 12:30:00, 73.855, 73.92, 73.82, 73.895, 14723, 0.0
2021-05-20 12:35:00, 73.885, 73.96, 73.87, 73.945, 9881, 0.0
2021-05-20 12:40:00, 73.95, 73.99, 73.83, 73.91, 6880, 0.0
2021-05-20 12:45:00, 73.91, 73.98, 73.9, 73.95, 2470, 0.0
2021-05-20 12:50:00, 73.95, 74.01, 73.72, 73.72, 9124, 0.0
2021-05-20 12:55:00, 73.67, 73.75, 73.645, 73.66, 3891, 0.0
2021-05-20 13:00:00, 73.75, 73.75, 73.66, 73.7, 3410, 0.0
2021-05-20 13:05:00, 73.71, 73.74, 73.63, 73.69, 5018, 0.0
2021-05-20 13:10:00, 73.72, 73.76, 73.63, 73.66, 5941, 0.0
2021-05-20 13:15:00, 73.665, 73.69, 73.6, 73.6, 2128, 0.0
2021-05-20 13:20:00, 73.59, 73.775, 73.56, 73.775, 10763, 0.0
2021-05-20 13:25:00, 73.775, 73.825, 73.73, 73.8, 7721, 0.0
2021-05-20 13:30:00, 73.825, 73.83, 73.755, 73.76, 5337, 0.0
2021-05-20 13:35:00, 73.78, 73.89, 73.745, 73.81, 6870, 0.0
2021-05-20 13:40:00, 73.79, 73.8, 73.695, 73.7, 2779, 0.0
2021-05-20 13:45:00, 73.715, 73.715, 73.65, 73.685, 3209, 0.0
2021-05-20 13:50:00, 73.695, 73.795, 73.66, 73.75, 3989, 0.0
2021-05-20 13:55:00, 73.8, 73.94, 73.795, 73.91, 11529, 0.0
2021-05-20 14:00:00, 73.92, 73.965, 73.8, 73.965, 11065, 0.0
2021-05-20 14:05:00, 73.96, 73.96, 73.81, 73.875, 9043, 0.0
2021-05-20 14:10:00, 73.87, 73.97, 73.87, 73.92, 17048, 0.0
2021-05-20 14:15:00, 73.91, 74.04, 73.88, 74.02, 8640, 0.0
2021-05-20 14:20:00, 74.01, 74.01, 73.95, 73.965, 8490, 0.0
2021-05-20 14:25:00, 73.96, 74, 73.93, 73.995, 10390, 0.0
2021-05-20 14:30:00, 74.01, 74.02, 73.925, 73.97, 16050, 0.0
2021-05-20 14:35:00, 74.01, 74.09, 73.895, 73.895, 15991, 0.0
2021-05-20 14:40:00, 73.9, 73.91, 73.82, 73.905, 14856, 0.0
2021-05-20 14:45:00, 73.9, 73.9, 73.8, 73.81, 12415, 0.0
2021-05-20 14:50:00, 73.79, 73.85, 73.69, 73.82, 21878, 0.0
2021-05-20 14:55:00, 73.83, 73.83, 73.63, 73.63, 35621, 0.0
2021-05-21 08:30:00, 74.79, 75.15, 74.26, 74.74, 45184, 0.0
2021-05-21 08:35:00, 74.735, 74.845, 74, 74.04, 20236, 0.0
2021-05-21 08:40:00, 74.01, 74.05, 73.56, 73.57, 14251, 0.0
2021-05-21 08:45:00, 73.61, 74.04, 73.51, 74.04, 19493, 0.0
2021-05-21 08:50:00, 74.07, 74.07, 73.75, 73.95, 5163, 0.0
2021-05-21 08:55:00, 73.92, 73.92, 73.69, 73.84, 5097, 0.0
2021-05-21 09:00:00, 73.87, 73.98, 73.79, 73.98, 2702, 0.0
2021-05-21 09:05:00, 73.915, 73.985, 73.43, 73.54, 23248, 0.0
2021-05-21 09:10:00, 73.53, 73.6, 73.43, 73.43, 2789, 0.0
2021-05-21 09:15:00, 73.41, 73.41, 73.17, 73.25, 12407, 0.0
2021-05-21 09:20:00, 73.19, 73.62, 73.145, 73.62, 6455, 0.0
2021-05-21 09:25:00, 73.68, 73.715, 73.435, 73.57, 3435, 0.0
2021-05-21 09:30:00, 73.545, 73.655, 73.5, 73.545, 5411, 0.0
2021-05-21 09:35:00, 73.595, 73.6, 73.26, 73.33, 5928, 0.0
2021-05-21 09:40:00, 73.37, 73.475, 73.28, 73.475, 9250, 0.0
2021-05-21 09:45:00, 73.46, 73.49, 73.27, 73.275, 26138, 0.0
2021-05-21 09:50:00, 73.255, 73.37, 73.22, 73.325, 3299, 0.0
2021-05-21 09:55:00, 73.32, 73.39, 73.24, 73.29, 4279, 0.0
2021-05-21 10:00:00, 73.32, 73.32, 73.09, 73.095, 3559, 0.0
2021-05-21 10:05:00, 73.16, 73.24, 73.09, 73.24, 1144, 0.0
2021-05-21 10:10:00, 73.245, 73.27, 73.17, 73.25, 2198, 0.0
2021-05-21 10:15:00, 73.27, 73.38, 73.27, 73.38, 3940, 0.0
2021-05-21 10:20:00, 73.37, 73.38, 73.27, 73.315, 1137, 0.0
2021-05-21 10:25:00, 73.365, 73.4, 73.18, 73.18, 5823, 0.0
2021-05-21 10:30:00, 73.17, 73.28, 73.16, 73.27, 6934, 0.0
2021-05-21 10:35:00, 73.29, 73.29, 73.11, 73.15, 2855, 0.0
2021-05-21 10:40:00, 73.175, 73.33, 73.17, 73.3, 2610, 0.0
2021-05-21 10:45:00, 73.3, 73.31, 73.25, 73.26, 6181, 0.0
2021-05-21 10:50:00, 73.25, 73.355, 73.16, 73.17, 6081, 0.0
2021-05-21 10:55:00, 73.15, 73.15, 72.88, 72.98, 6706, 0.0
2021-05-21 11:00:00, 72.96, 73.08, 72.95, 73.08, 3754, 0.0
2021-05-21 11:05:00, 73.07, 73.07, 72.97, 73, 2458, 0.0
2021-05-21 11:10:00, 73.01, 73.08, 72.97, 73.08, 1884, 0.0
2021-05-21 11:15:00, 73.05, 73.095, 73.03, 73.07, 2806, 0.0
2021-05-21 11:20:00, 73.03, 73.08, 72.99, 72.99, 2579, 0.0
2021-05-21 11:25:00, 73.085, 73.125, 73.08, 73.12, 2308, 0.0
2021-05-21 11:30:00, 73.18, 73.18, 73.13, 73.15, 794, 0.0
2021-05-21 11:35:00, 73.12, 73.17, 73.1, 73.16, 3421, 0.0
2021-05-21 11:40:00, 73.13, 73.13, 72.97, 73, 2536, 0.0
2021-05-21 11:45:00, 72.99, 73, 72.91, 73, 3397, 0.0
2021-05-21 11:50:00, 73.035, 73.035, 72.795, 72.795, 12164, 0.0
2021-05-21 11:55:00, 72.83, 72.96, 72.79, 72.96, 6003, 0.0
2021-05-21 12:00:00, 72.94, 72.98, 72.88, 72.94, 9253, 0.0
2021-05-21 12:05:00, 72.94, 72.94, 72.86, 72.88, 7003, 0.0
2021-05-21 12:10:00, 72.875, 72.925, 72.815, 72.83, 6055, 0.0
2021-05-21 12:15:00, 72.83, 72.83, 72.76, 72.785, 8526, 0.0
2021-05-21 12:20:00, 72.805, 72.905, 72.795, 72.85, 7040, 0.0
2021-05-21 12:25:00, 72.895, 72.9, 72.83, 72.865, 6691, 0.0
2021-05-21 12:30:00, 72.865, 72.97, 72.865, 72.925, 8487, 0.0
2021-05-21 12:35:00, 72.94, 72.965, 72.89, 72.905, 5005, 0.0
2021-05-21 12:40:00, 72.91, 72.93, 72.875, 72.885, 9029, 0.0
2021-05-21 12:45:00, 72.89, 72.9, 72.855, 72.875, 5704, 0.0
2021-05-21 12:50:00, 72.895, 72.95, 72.88, 72.91, 9686, 0.0
2021-05-21 12:55:00, 72.925, 72.925, 72.82, 72.835, 7248, 0.0
2021-05-21 13:00:00, 72.845, 72.86, 72.76, 72.775, 9087, 0.0
2021-05-21 13:05:00, 72.77, 72.82, 72.695, 72.82, 10201, 0.0
2021-05-21 13:10:00, 72.795, 72.84, 72.735, 72.735, 8960, 0.0
2021-05-21 13:15:00, 72.755, 72.785, 72.715, 72.735, 9115, 0.0
2021-05-21 13:20:00, 72.72, 72.75, 72.695, 72.705, 7243, 0.0
2021-05-21 13:25:00, 72.705, 72.735, 72.6, 72.645, 8647, 0.0
2021-05-21 13:30:00, 72.64, 72.685, 72.62, 72.63, 7667, 0.0
2021-05-21 13:35:00, 72.625, 72.68, 72.575, 72.625, 9219, 0.0
2021-05-21 13:40:00, 72.63, 72.68, 72.595, 72.63, 15523, 0.0
2021-05-21 13:45:00, 72.62, 72.625, 72.535, 72.535, 14233, 0.0
2021-05-21 13:50:00, 72.54, 72.61, 72.535, 72.565, 6674, 0.0
2021-05-21 13:55:00, 72.59, 72.64, 72.555, 72.64, 9416, 0.0
2021-05-21 14:00:00, 72.655, 72.655, 72.56, 72.575, 8925, 0.0
2021-05-21 14:05:00, 72.575, 72.575, 72.525, 72.535, 8910, 0.0
2021-05-21 14:10:00, 72.48, 72.655, 72.47, 72.585, 8266, 0.0
2021-05-21 14:15:00, 72.6, 72.635, 72.55, 72.555, 7041, 0.0
2021-05-21 14:20:00, 72.565, 72.625, 72.545, 72.625, 8224, 0.0
2021-05-21 14:25:00, 72.625, 72.66, 72.59, 72.66, 3920, 0.0
2021-05-21 14:30:00, 72.7, 72.82, 72.68, 72.69, 10862, 0.0
2021-05-21 14:35:00, 72.71, 72.775, 72.69, 72.76, 7658, 0.0
2021-05-21 14:40:00, 72.69, 72.69, 72.61, 72.61, 5660, 0.0
2021-05-21 14:45:00, 72.59, 72.67, 72.56, 72.66, 8735, 0.0
2021-05-21 14:50:00, 72.68, 72.68, 72.6, 72.66, 11881, 0.0
2021-05-21 14:55:00, 72.69, 72.735, 72.635, 72.695, 15660, 0.0
2021-05-24 08:30:00, 72.29, 72.29, 71.6, 72.075, 9609, 0.0
2021-05-24 08:35:00, 71.975, 72.705, 71.975, 72.48, 3735, 0.0
2021-05-24 08:40:00, 72.465, 72.72, 72.22, 72.22, 5186, 0.0
2021-05-24 08:45:00, 72.295, 72.335, 72.18, 72.28, 2534, 0.0
2021-05-24 08:50:00, 72.29, 72.435, 71.975, 71.975, 2769, 0.0
2021-05-24 08:55:00, 71.97, 72.5, 71.94, 72.49, 3235, 0.0
2021-05-24 09:00:00, 72.52, 72.61, 72.06, 72.06, 5408, 0.0
2021-05-24 09:05:00, 72.1, 72.22, 72.035, 72.22, 7391, 0.0
2021-05-24 09:10:00, 72.28, 72.48, 72.26, 72.39, 8476, 0.0
2021-05-24 09:15:00, 72.42, 72.44, 72.235, 72.26, 13616, 0.0
2021-05-24 09:20:00, 72.33, 72.47, 72.3, 72.47, 4714, 0.0
2021-05-24 09:25:00, 72.43, 72.445, 72.13, 72.15, 7605, 0.0
2021-05-24 09:30:00, 72.19, 72.19, 72.04, 72.135, 6394, 0.0
2021-05-24 09:35:00, 72.08, 72.165, 72.075, 72.165, 2120, 0.0
2021-05-24 09:40:00, 72.17, 72.17, 71.98, 72, 7448, 0.0
2021-05-24 09:45:00, 72.025, 72.14, 72.025, 72.1, 7989, 0.0
2021-05-24 09:50:00, 72.11, 72.3, 72.07, 72.29, 4795, 0.0
2021-05-24 09:55:00, 72.41, 72.45, 72.36, 72.41, 2680, 0.0
2021-05-24 10:00:00, 72.405, 72.45, 72.3, 72.38, 8944, 0.0
2021-05-24 10:05:00, 72.355, 72.535, 72.34, 72.48, 4412, 0.0
2021-05-24 10:10:00, 72.36, 72.46, 72.32, 72.4, 4897, 0.0
2021-05-24 10:15:00, 72.39, 72.39, 72.24, 72.26, 5130, 0.0
2021-05-24 10:20:00, 72.28, 72.34, 72.24, 72.31, 5297, 0.0
2021-05-24 10:25:00, 72.31, 72.31, 72.155, 72.16, 9284, 0.0
2021-05-24 10:30:00, 72.15, 72.22, 72.11, 72.185, 3894, 0.0
2021-05-24 10:35:00, 72.2, 72.245, 72.19, 72.205, 5501, 0.0
2021-05-24 10:40:00, 72.18, 72.21, 72.135, 72.205, 6596, 0.0
2021-05-24 10:45:00, 72.205, 72.23, 72.165, 72.18, 3127, 0.0
2021-05-24 10:50:00, 72.17, 72.17, 72.035, 72.115, 5497, 0.0
2021-05-24 10:55:00, 72.13, 72.14, 72.06, 72.06, 3813, 0.0
2021-05-24 11:00:00, 72.1, 72.105, 72, 72.01, 2878, 0.0
2021-05-24 11:05:00, 72.01, 72.015, 71.89, 71.9, 4132, 0.0
2021-05-24 11:10:00, 71.91, 71.91, 71.83, 71.845, 3992, 0.0
2021-05-24 11:15:00, 71.855, 71.875, 71.815, 71.845, 2886, 0.0
2021-05-24 11:20:00, 71.845, 71.94, 71.845, 71.91, 2769, 0.0
2021-05-24 11:25:00, 71.91, 71.935, 71.87, 71.93, 1644, 0.0
2021-05-24 11:30:00, 71.92, 71.965, 71.905, 71.935, 3470, 0.0
2021-05-24 11:35:00, 71.89, 71.895, 71.815, 71.815, 3472, 0.0
2021-05-24 11:40:00, 71.805, 71.805, 71.71, 71.735, 5689, 0.0
2021-05-24 11:45:00, 71.735, 71.88, 71.73, 71.85, 3789, 0.0
2021-05-24 11:50:00, 71.85, 71.87, 71.82, 71.83, 5676, 0.0
2021-05-24 11:55:00, 71.83, 71.83, 71.76, 71.79, 6743, 0.0
2021-05-24 12:00:00, 71.795, 71.91, 71.775, 71.91, 2023, 0.0
2021-05-24 12:05:00, 71.9, 71.93, 71.88, 71.92, 2641, 0.0
2021-05-24 12:10:00, 71.92, 71.925, 71.88, 71.92, 1400, 0.0
2021-05-24 12:15:00, 71.92, 72.02, 71.92, 72.02, 2926, 0.0
2021-05-24 12:20:00, 72.025, 72.18, 72.025, 72.155, 2920, 0.0
2021-05-24 12:25:00, 72.12, 72.13, 72.065, 72.08, 3672, 0.0
2021-05-24 12:30:00, 72.055, 72.075, 71.985, 72.075, 2606, 0.0
2021-05-24 12:35:00, 72.03, 72.065, 72.005, 72.01, 2622, 0.0
2021-05-24 12:40:00, 72.02, 72.04, 72, 72.02, 2701, 0.0
2021-05-24 12:45:00, 72.03, 72.04, 72.025, 72.03, 2339, 0.0
2021-05-24 12:50:00, 72.06, 72.06, 72.02, 72.035, 1687, 0.0
2021-05-24 12:55:00, 72.03, 72.055, 71.97, 71.97, 4735, 0.0
2021-05-24 13:00:00, 71.99, 72.03, 71.97, 72.03, 6221, 0.0
2021-05-24 13:05:00, 72.07, 72.105, 72.05, 72.105, 6551, 0.0
2021-05-24 13:10:00, 72.1, 72.135, 72.035, 72.035, 6367, 0.0
2021-05-24 13:15:00, 72.015, 72.025, 71.9, 71.91, 3575, 0.0
2021-05-24 13:20:00, 71.915, 71.915, 71.855, 71.91, 6177, 0.0
2021-05-24 13:25:00, 71.915, 71.94, 71.91, 71.94, 4773, 0.0
2021-05-24 13:30:00, 71.93, 71.99, 71.91, 71.92, 6860, 0.0
2021-05-24 13:35:00, 71.95, 72, 71.95, 71.98, 4885, 0.0
2021-05-24 13:40:00, 71.96, 71.995, 71.94, 71.97, 6829, 0.0
2021-05-24 13:45:00, 71.95, 72.01, 71.95, 71.96, 7207, 0.0
2021-05-24 13:50:00, 71.95, 72.02, 71.95, 71.96, 5340, 0.0
2021-05-24 13:55:00, 71.96, 71.97, 71.93, 71.94, 3767, 0.0
2021-05-24 14:00:00, 71.95, 71.96, 71.895, 71.895, 3559, 0.0
2021-05-24 14:05:00, 71.89, 71.91, 71.86, 71.89, 4648, 0.0
2021-05-24 14:10:00, 71.875, 71.93, 71.85, 71.85, 3721, 0.0
2021-05-24 14:15:00, 71.84, 71.84, 71.765, 71.765, 4842, 0.0
2021-05-24 14:20:00, 71.76, 71.875, 71.76, 71.85, 6036, 0.0
2021-05-24 14:25:00, 71.85, 71.86, 71.815, 71.83, 5928, 0.0
2021-05-24 14:30:00, 71.82, 71.825, 71.78, 71.785, 7031, 0.0
2021-05-24 14:35:00, 71.785, 71.83, 71.735, 71.805, 6548, 0.0
2021-05-24 14:40:00, 71.795, 71.825, 71.77, 71.785, 3862, 0.0
2021-05-24 14:45:00, 71.775, 71.78, 71.71, 71.71, 8122, 0.0
2021-05-24 14:50:00, 71.7, 71.72, 71.635, 71.7, 14053, 0.0
2021-05-24 14:55:00, 71.685, 71.7, 71.625, 71.66, 18295, 0.0
2021-05-25 08:30:00, 73.06, 73.555, 73, 73.08, 23648, 0.0
2021-05-25 08:35:00, 73.16, 73.16, 72.72, 73.135, 8892, 0.0
2021-05-25 08:40:00, 73.25, 73.53, 73.2, 73.21, 10491, 0.0
2021-05-25 08:45:00, 73.23, 73.32, 73.09, 73.24, 6700, 0.0
2021-05-25 08:50:00, 73.2, 73.23, 72.7, 72.87, 7422, 0.0
2021-05-25 08:55:00, 72.97, 73.29, 72.97, 73.21, 10329, 0.0
2021-05-25 09:00:00, 73.19, 73.27, 72.965, 72.965, 7423, 0.0
2021-05-25 09:05:00, 72.99, 73.025, 72.775, 72.775, 4008, 0.0
2021-05-25 09:10:00, 72.8, 72.92, 72.785, 72.84, 3236, 0.0
2021-05-25 09:15:00, 72.86, 72.87, 72.63, 72.76, 5388, 0.0
2021-05-25 09:20:00, 72.74, 72.78, 72.69, 72.78, 8404, 0.0
2021-05-25 09:25:00, 72.785, 72.97, 72.785, 72.95, 6863, 0.0
2021-05-25 09:30:00, 72.97, 73.02, 72.85, 72.9, 10427, 0.0
2021-05-25 09:35:00, 73, 73.01, 72.89, 72.895, 5730, 0.0
2021-05-25 09:40:00, 72.905, 72.94, 72.83, 72.92, 9643, 0.0
2021-05-25 09:45:00, 72.89, 72.985, 72.89, 72.94, 6242, 0.0
2021-05-25 09:50:00, 72.97, 72.97, 72.9, 72.95, 4725, 0.0
2021-05-25 09:55:00, 73, 73.12, 73, 73.12, 4393, 0.0
2021-05-25 10:00:00, 73.045, 73.06, 72.935, 72.95, 8734, 0.0
2021-05-25 10:05:00, 72.935, 72.935, 72.845, 72.88, 3969, 0.0
2021-05-25 10:10:00, 72.9, 72.9, 72.825, 72.87, 1742, 0.0
2021-05-25 10:15:00, 72.925, 72.94, 72.625, 72.64, 11091, 0.0
2021-05-25 10:20:00, 72.645, 72.645, 72.555, 72.555, 1465, 0.0
2021-05-25 10:25:00, 72.575, 72.575, 72.38, 72.395, 2935, 0.0
2021-05-25 10:30:00, 72.455, 72.455, 72.26, 72.285, 6589, 0.0
2021-05-25 10:35:00, 72.32, 72.44, 72.32, 72.375, 1500, 0.0
2021-05-25 10:40:00, 72.39, 72.5, 72.39, 72.5, 1321, 0.0
2021-05-25 10:45:00, 72.51, 72.525, 72.455, 72.46, 2201, 0.0
2021-05-25 10:50:00, 72.455, 72.505, 72.405, 72.505, 1138, 0.0
2021-05-25 10:55:00, 72.57, 72.695, 72.57, 72.68, 4488, 0.0
2021-05-25 11:00:00, 72.695, 72.695, 72.59, 72.59, 2336, 0.0
2021-05-25 11:05:00, 72.605, 72.62, 72.495, 72.495, 2863, 0.0
2021-05-25 11:10:00, 72.57, 72.71, 72.57, 72.71, 943, 0.0
2021-05-25 11:15:00, 72.73, 72.755, 72.685, 72.725, 5160, 0.0
2021-05-25 11:20:00, 72.735, 72.765, 72.675, 72.675, 1615, 0.0
2021-05-25 11:25:00, 72.675, 72.735, 72.67, 72.715, 2672, 0.0
2021-05-25 11:30:00, 72.755, 72.85, 72.755, 72.85, 1721, 0.0
2021-05-25 11:35:00, 72.855, 72.87, 72.765, 72.855, 3173, 0.0
2021-05-25 11:40:00, 72.855, 72.855, 72.755, 72.775, 6549, 0.0
2021-05-25 11:45:00, 72.795, 72.82, 72.735, 72.735, 4023, 0.0
2021-05-25 11:50:00, 72.73, 72.83, 72.73, 72.805, 1699, 0.0
2021-05-25 11:55:00, 72.78, 72.87, 72.77, 72.86, 2043, 0.0
2021-05-25 12:00:00, 72.835, 72.835, 72.81, 72.815, 1516, 0.0
2021-05-25 12:05:00, 72.775, 72.785, 72.735, 72.775, 4219, 0.0
2021-05-25 12:10:00, 72.765, 72.95, 72.745, 72.95, 3764, 0.0
2021-05-25 12:15:00, 72.925, 73.05, 72.9, 73.03, 4867, 0.0
2021-05-25 12:20:00, 73.07, 73.08, 73.04, 73.06, 2810, 0.0
2021-05-25 12:25:00, 73.03, 73.03, 72.945, 72.965, 1970, 0.0
2021-05-25 12:30:00, 72.955, 73.03, 72.945, 72.98, 2475, 0.0
2021-05-25 12:35:00, 72.95, 73.05, 72.95, 73.02, 2126, 0.0
2021-05-25 12:40:00, 73.03, 73.12, 73.03, 73.11, 1608, 0.0
2021-05-25 12:45:00, 73.135, 73.145, 73.105, 73.105, 3888, 0.0
2021-05-25 12:50:00, 73.115, 73.115, 72.965, 72.965, 7000, 0.0
2021-05-25 12:55:00, 73, 73.02, 72.98, 72.98, 1308, 0.0
2021-05-25 13:00:00, 72.99, 72.99, 72.9, 72.9, 1579, 0.0
2021-05-25 13:05:00, 72.915, 72.94, 72.91, 72.925, 1607, 0.0
2021-05-25 13:10:00, 72.89, 72.945, 72.88, 72.9, 1295, 0.0
2021-05-25 13:15:00, 72.885, 72.93, 72.87, 72.925, 2256, 0.0
2021-05-25 13:20:00, 72.935, 72.995, 72.925, 72.935, 3856, 0.0
2021-05-25 13:25:00, 72.94, 72.97, 72.915, 72.92, 614, 0.0
2021-05-25 13:30:00, 72.95, 73.01, 72.91, 72.91, 5812, 0.0
2021-05-25 13:35:00, 72.92, 73, 72.92, 72.97, 1001, 0.0
2021-05-25 13:40:00, 72.97, 73.005, 72.95, 72.98, 1845, 0.0
2021-05-25 13:45:00, 72.965, 72.985, 72.92, 72.96, 2474, 0.0
2021-05-25 13:50:00, 72.96, 72.96, 72.875, 72.875, 1810, 0.0
2021-05-25 13:55:00, 72.89, 72.93, 72.885, 72.905, 1600, 0.0
2021-05-25 14:00:00, 72.91, 72.935, 72.835, 72.835, 2403, 0.0
2021-05-25 14:05:00, 72.84, 72.88, 72.84, 72.875, 1623, 0.0
2021-05-25 14:10:00, 72.855, 72.94, 72.855, 72.94, 948, 0.0
2021-05-25 14:15:00, 72.9, 72.93, 72.875, 72.92, 2051, 0.0
2021-05-25 14:20:00, 72.945, 72.99, 72.915, 72.97, 3152, 0.0
2021-05-25 14:25:00, 72.99, 73.03, 72.955, 72.965, 7064, 0.0
2021-05-25 14:30:00, 72.96, 72.98, 72.925, 72.925, 6000, 0.0
2021-05-25 14:35:00, 72.94, 72.97, 72.93, 72.945, 716, 0.0
2021-05-25 14:40:00, 72.965, 72.97, 72.91, 72.93, 1761, 0.0
2021-05-25 14:45:00, 72.93, 72.965, 72.925, 72.93, 5761, 0.0
2021-05-25 14:50:00, 72.94, 72.97, 72.9, 72.94, 6455, 0.0
2021-05-25 14:55:00, 72.94, 72.94, 72.795, 72.81, 12728, 0.0
2021-05-26 08:30:00, 73.6, 73.72, 73.22, 73.22, 25550, 0.0
2021-05-26 08:35:00, 73.205, 73.205, 72.8, 73.07, 8732, 0.0
2021-05-26 08:40:00, 73.09, 73.1, 72.83, 72.88, 7079, 0.0
2021-05-26 08:45:00, 72.85, 73.06, 72.77, 72.9, 6089, 0.0
2021-05-26 08:50:00, 72.93, 73.05, 72.85, 72.85, 4139, 0.0
2021-05-26 08:55:00, 72.85, 73.18, 72.85, 73.14, 4023, 0.0
2021-05-26 09:00:00, 73.02, 73.02, 72.65, 72.66, 6187, 0.0
2021-05-26 09:05:00, 72.63, 72.72, 72.58, 72.71, 5574, 0.0
2021-05-26 09:10:00, 72.8, 72.83, 72.66, 72.72, 3286, 0.0
2021-05-26 09:15:00, 72.81, 72.96, 72.8, 72.81, 7182, 0.0
2021-05-26 09:20:00, 72.82, 72.91, 72.82, 72.91, 4308, 0.0
2021-05-26 09:25:00, 72.88, 72.905, 72.86, 72.905, 1353, 0.0
2021-05-26 09:30:00, 72.94, 73.02, 72.9, 73.02, 3357, 0.0
2021-05-26 09:35:00, 73.005, 73.02, 72.85, 72.855, 4433, 0.0
2021-05-26 09:40:00, 72.89, 72.98, 72.87, 72.96, 1945, 0.0
2021-05-26 09:45:00, 72.925, 72.985, 72.91, 72.985, 2112, 0.0
2021-05-26 09:50:00, 72.955, 73.07, 72.915, 73.07, 3304, 0.0
2021-05-26 09:55:00, 73.09, 73.14, 73.03, 73.105, 1258, 0.0
2021-05-26 10:00:00, 73.105, 73.11, 73.065, 73.065, 1431, 0.0
2021-05-26 10:05:00, 73.07, 73.085, 73, 73.085, 4376, 0.0
2021-05-26 10:10:00, 73.065, 73.16, 73.065, 73.155, 2308, 0.0
2021-05-26 10:15:00, 73.14, 73.24, 73.14, 73.17, 3124, 0.0
2021-05-26 10:20:00, 73.14, 73.19, 73.14, 73.19, 1171, 0.0
2021-05-26 10:25:00, 73.14, 73.16, 73.11, 73.16, 2327, 0.0
2021-05-26 10:30:00, 73.1, 73.14, 72.97, 72.99, 1343, 0.0
2021-05-26 10:35:00, 73.04, 73.065, 73, 73, 1630, 0.0
2021-05-26 10:40:00, 73.05, 73.09, 73.05, 73.09, 300, 0.0
