Date, Open, High, Low, Close, Volume, Open Interest
2021-05-12 10:50:00, 240, 240.03, 239.69, 239.69, 7271, 0.0
2021-05-12 10:55:00, 239.67, 239.67, 239.41, 239.425, 10236, 0.0
2021-05-12 11:00:00, 239.45, 239.6, 239.43, 239.595, 1302, 0.0
2021-05-12 11:05:00, 239.55, 239.655, 239.41, 239.41, 3795, 0.0
2021-05-12 11:10:00, 239.36, 239.36, 239.07, 239.07, 3312, 0.0
2021-05-12 11:15:00, 239.02, 239.35, 238.83, 239.35, 4684, 0.0
2021-05-12 11:20:00, 239.46, 239.78, 239.46, 239.74, 4853, 0.0
2021-05-12 11:25:00, 239.71, 239.865, 239.4, 239.4, 6536, 0.0
2021-05-12 11:30:00, 239.375, 239.63, 239.29, 239.51, 5081, 0.0
2021-05-12 11:35:00, 239.67, 239.74, 239.18, 239.18, 8954, 0.0
2021-05-12 11:40:00, 239.2, 239.56, 239.04, 239.39, 9118, 0.0
2021-05-12 11:45:00, 239.375, 239.57, 239.22, 239.42, 7973, 0.0
2021-05-12 11:50:00, 239.46, 239.87, 239.46, 239.67, 8098, 0.0
2021-05-12 11:55:00, 239.64, 239.865, 239.6, 239.8, 7572, 0.0
2021-05-12 12:00:00, 239.81, 240.24, 239.73, 240.24, 6589, 0.0
2021-05-12 12:05:00, 240.26, 240.34, 240.05, 240.16, 8874, 0.0
2021-05-12 12:10:00, 240.15, 240.21, 239.85, 239.95, 5505, 0.0
2021-05-12 12:15:00, 239.91, 239.935, 239.65, 239.65, 3510, 0.0
2021-05-12 12:20:00, 239.54, 239.7, 239.52, 239.585, 6486, 0.0
2021-05-12 12:25:00, 239.54, 239.67, 239.05, 239.055, 14419, 0.0
2021-05-12 12:30:00, 239.02, 239.16, 238.84, 238.99, 12148, 0.0
2021-05-12 12:35:00, 239.04, 239.55, 239, 239.38, 7826, 0.0
2021-05-12 12:40:00, 239.43, 239.43, 239.13, 239.13, 8943, 0.0
2021-05-12 12:45:00, 239.12, 239.12, 238.765, 238.815, 5089, 0.0
2021-05-12 12:50:00, 238.81, 239.45, 238.78, 239.395, 6636, 0.0
2021-05-12 12:55:00, 239.51, 239.565, 239.16, 239.27, 8673, 0.0
2021-05-12 13:00:00, 239.32, 239.57, 239.31, 239.315, 2948, 0.0
2021-05-12 13:05:00, 239.39, 239.55, 239.32, 239.4, 2683, 0.0
2021-05-12 13:10:00, 239.34, 239.47, 239.19, 239.42, 2842, 0.0
2021-05-12 13:15:00, 239.41, 239.41, 239.16, 239.36, 5680, 0.0
2021-05-12 13:20:00, 239.46, 239.57, 239.195, 239.34, 6289, 0.0
2021-05-12 13:25:00, 239.35, 239.85, 239.33, 239.82, 4131, 0.0
2021-05-12 13:30:00, 239.74, 240.045, 239.67, 239.98, 6801, 0.0
2021-05-12 13:35:00, 239.94, 240.32, 239.87, 240.08, 8112, 0.0
2021-05-12 13:40:00, 239.89, 240.04, 239.755, 239.91, 18843, 0.0
2021-05-12 13:45:00, 239.95, 240.06, 239.74, 240, 6601, 0.0
2021-05-12 13:50:00, 239.98, 240.235, 239.79, 239.81, 16565, 0.0
2021-05-12 13:55:00, 239.835, 239.835, 239.53, 239.55, 7935, 0.0
2021-05-12 14:00:00, 239.42, 239.46, 239.07, 239.12, 5866, 0.0
2021-05-12 14:05:00, 239.11, 239.25, 239.01, 239.25, 11690, 0.0
2021-05-12 14:10:00, 239.22, 239.25, 238.885, 239.03, 12033, 0.0
2021-05-12 14:15:00, 238.96, 239.15, 238.92, 238.98, 7728, 0.0
2021-05-12 14:20:00, 239.11, 239.17, 238.66, 238.66, 8036, 0.0
2021-05-12 14:25:00, 238.72, 238.77, 238.56, 238.715, 12673, 0.0
2021-05-12 14:30:00, 238.77, 239.37, 238.705, 239.18, 5113, 0.0
2021-05-12 14:35:00, 239.19, 239.5, 239.06, 239.32, 10843, 0.0
2021-05-12 14:40:00, 239.38, 239.5, 239.1, 239.43, 6677, 0.0
2021-05-12 14:45:00, 239.34, 239.69, 239.06, 239.06, 8563, 0.0
2021-05-12 14:50:00, 238.855, 239, 238.155, 238.155, 17404, 0.0
2021-05-12 14:55:00, 238.2, 239.28, 238.17, 238.97, 75112, 0.0
2021-05-13 07:45:00, 241.27, 241.27, 241.27, 241.27, 100, 0.0
2021-05-13 08:30:00, 241.57, 243.18, 241.56, 242.33, 42247, 0.0
2021-05-13 08:35:00, 242.18, 243.14, 242.09, 242.85, 12941, 0.0
2021-05-13 08:40:00, 242.655, 243.065, 242.55, 242.555, 15464, 0.0
2021-05-13 08:45:00, 242.77, 243.02, 241.96, 241.99, 16043, 0.0
2021-05-13 08:50:00, 242.03, 243.06, 241.9, 243.06, 19127, 0.0
2021-05-13 08:55:00, 243.3, 243.65, 243.165, 243.305, 15479, 0.0
2021-05-13 09:00:00, 243.33, 244.02, 243.33, 243.96, 10622, 0.0
2021-05-13 09:05:00, 244.03, 244.465, 243.875, 244.45, 21969, 0.0
2021-05-13 09:10:00, 244.4, 244.99, 244.34, 244.775, 19612, 0.0
2021-05-13 09:15:00, 244.89, 244.93, 244.55, 244.55, 18402, 0.0
2021-05-13 09:20:00, 244.6, 244.93, 244.495, 244.93, 17055, 0.0
2021-05-13 09:25:00, 244.98, 244.98, 244.19, 244.28, 12405, 0.0
2021-05-13 09:30:00, 244.63, 244.75, 244.41, 244.75, 4142, 0.0
2021-05-13 09:35:00, 244.335, 244.43, 244.19, 244.42, 6914, 0.0
2021-05-13 09:40:00, 244.445, 244.62, 244.15, 244.15, 12578, 0.0
2021-05-13 09:45:00, 244.085, 244.795, 244.085, 244.71, 10086, 0.0
2021-05-13 09:50:00, 244.76, 245.175, 244.67, 245.16, 8387, 0.0
2021-05-13 09:55:00, 245.4, 245.53, 245.09, 245.14, 8156, 0.0
2021-05-13 10:00:00, 245.11, 245.11, 244.75, 244.75, 9548, 0.0
2021-05-13 10:05:00, 244.735, 244.735, 244.19, 244.25, 6758, 0.0
2021-05-13 10:10:00, 244.31, 244.6, 244.075, 244.11, 7132, 0.0
2021-05-13 10:15:00, 244.045, 244.205, 243.81, 243.98, 9516, 0.0
2021-05-13 10:20:00, 244.07, 244.08, 243.72, 243.73, 8454, 0.0
2021-05-13 10:25:00, 243.73, 243.88, 243.56, 243.64, 8491, 0.0
2021-05-13 10:30:00, 243.72, 243.99, 243.64, 243.99, 6254, 0.0
2021-05-13 10:35:00, 244.01, 244.175, 243.84, 243.84, 13970, 0.0
2021-05-13 10:40:00, 243.8, 243.8, 242.36, 242.36, 9314, 0.0
2021-05-13 10:45:00, 242.3, 242.74, 242.16, 242.74, 8379, 0.0
2021-05-13 10:50:00, 242.62, 243.12, 242.58, 242.8, 5960, 0.0
2021-05-13 10:55:00, 243.04, 243.11, 242.67, 242.88, 8067, 0.0
2021-05-13 11:00:00, 243.05, 243.47, 242.98, 243.25, 6761, 0.0
2021-05-13 11:05:00, 243.37, 243.57, 243.35, 243.57, 7026, 0.0
2021-05-13 11:10:00, 243.64, 243.765, 243.56, 243.71, 14157, 0.0
2021-05-13 11:15:00, 243.85, 243.93, 243.6, 243.6, 4634, 0.0
2021-05-13 11:20:00, 243.67, 243.8, 243.365, 243.44, 7981, 0.0
2021-05-13 11:25:00, 243.44, 243.88, 243.295, 243.82, 6265, 0.0
2021-05-13 11:30:00, 243.895, 244.13, 243.895, 244.01, 2734, 0.0
2021-05-13 11:35:00, 244.035, 244.085, 243.455, 243.47, 4740, 0.0
2021-05-13 11:40:00, 243.405, 243.47, 243.23, 243.23, 1964, 0.0
2021-05-13 11:45:00, 243.37, 243.81, 243.37, 243.79, 9493, 0.0
2021-05-13 11:50:00, 243.81, 243.81, 243.01, 243.2, 3598, 0.0
2021-05-13 11:55:00, 243.05, 243.06, 242.775, 242.92, 4359, 0.0
2021-05-13 12:00:00, 242.835, 242.95, 242.7, 242.77, 3169, 0.0
2021-05-13 12:05:00, 242.86, 242.92, 242.81, 242.88, 1771, 0.0
2021-05-13 12:10:00, 242.9, 242.99, 242.9, 242.99, 529, 0.0
2021-05-13 12:15:00, 243.13, 243.17, 242.52, 242.56, 6422, 0.0
2021-05-13 12:20:00, 242.46, 242.48, 242.15, 242.18, 5888, 0.0
2021-05-13 12:25:00, 242.305, 242.365, 242.13, 242.355, 5070, 0.0
2021-05-13 12:30:00, 242.33, 242.43, 241.635, 241.64, 7181, 0.0
2021-05-13 12:35:00, 241.65, 241.88, 241.5, 241.76, 9098, 0.0
2021-05-13 12:40:00, 241.87, 242.12, 241.79, 242.12, 6121, 0.0
2021-05-13 12:45:00, 242.1, 242.29, 241.82, 242, 9677, 0.0
2021-05-13 12:50:00, 241.94, 242.48, 241.92, 242.46, 7297, 0.0
2021-05-13 12:55:00, 242.49, 242.57, 242.24, 242.31, 6445, 0.0
2021-05-13 13:00:00, 242.43, 242.7, 242.41, 242.63, 8334, 0.0
2021-05-13 13:05:00, 242.6, 243.39, 242.58, 243.13, 10789, 0.0
2021-05-13 13:10:00, 243.13, 243.71, 243.12, 243.56, 6846, 0.0
2021-05-13 13:15:00, 243.62, 243.625, 243.37, 243.53, 7253, 0.0
2021-05-13 13:20:00, 243.5, 243.84, 243.4, 243.42, 10134, 0.0
2021-05-13 13:25:00, 243.48, 243.74, 243.35, 243.74, 4295, 0.0
2021-05-13 13:30:00, 243.69, 243.7, 243.43, 243.7, 7692, 0.0
2021-05-13 13:35:00, 243.77, 243.975, 243.65, 243.88, 7728, 0.0
2021-05-13 13:40:00, 243.89, 244.1, 243.8, 244.06, 4592, 0.0
2021-05-13 13:45:00, 244.18, 244.23, 243.97, 244.23, 5701, 0.0
2021-05-13 13:50:00, 244.22, 244.29, 243.95, 244.05, 6024, 0.0
2021-05-13 13:55:00, 244.09, 244.17, 243.87, 243.87, 8503, 0.0
2021-05-13 14:00:00, 243.95, 244.32, 243.89, 244.075, 10203, 0.0
2021-05-13 14:05:00, 244.26, 244.46, 244.23, 244.455, 8311, 0.0
2021-05-13 14:10:00, 244.49, 244.52, 243.83, 243.96, 11687, 0.0
2021-05-13 14:15:00, 244.02, 244.34, 243.92, 243.975, 9294, 0.0
2021-05-13 14:20:00, 244.085, 244.13, 243.8, 244.12, 11666, 0.0
2021-05-13 14:25:00, 244.21, 244.45, 244.07, 244.33, 11141, 0.0
2021-05-13 14:30:00, 244.295, 244.76, 244.295, 244.6, 9353, 0.0
2021-05-13 14:35:00, 244.57, 244.7, 244.38, 244.6, 15219, 0.0
2021-05-13 14:40:00, 244.58, 244.73, 244.47, 244.67, 17098, 0.0
2021-05-13 14:45:00, 244.66, 244.69, 244.34, 244.38, 10854, 0.0
2021-05-13 14:50:00, 244.4, 244.4, 243.725, 243.75, 25971, 0.0
2021-05-13 14:55:00, 243.71, 243.71, 243.005, 243.06, 23353, 0.0
2021-05-14 08:30:00, 245.67, 247.23, 245.61, 247.165, 15065, 0.0
2021-05-14 08:35:00, 247.17, 248.6, 247.17, 248.35, 25548, 0.0
2021-05-14 08:40:00, 248.39, 248.58, 246.755, 246.86, 13032, 0.0
2021-05-14 08:45:00, 246.92, 247.17, 246.69, 246.84, 11932, 0.0
2021-05-14 08:50:00, 246.88, 247.37, 246.56, 247.22, 12092, 0.0
2021-05-14 08:55:00, 247.15, 247.8, 247.03, 247.8, 10282, 0.0
2021-05-14 09:00:00, 247.7, 247.95, 247.195, 247.195, 21866, 0.0
2021-05-14 09:05:00, 247.06, 247.15, 246.285, 246.53, 9664, 0.0
2021-05-14 09:10:00, 246.63, 247.32, 246.62, 247.05, 9931, 0.0
2021-05-14 09:15:00, 247.07, 247.715, 246.85, 247.715, 5577, 0.0
2021-05-14 09:20:00, 247.64, 247.68, 247.365, 247.37, 3322, 0.0
2021-05-14 09:25:00, 247.37, 247.38, 247.01, 247.01, 2085, 0.0
2021-05-14 09:30:00, 247.06, 247.06, 246.835, 247.055, 4937, 0.0
2021-05-14 09:35:00, 246.97, 247.07, 246.88, 246.88, 2461, 0.0
2021-05-14 09:40:00, 246.94, 246.94, 246.395, 246.445, 1317, 0.0
2021-05-14 09:45:00, 246.655, 247.225, 246.625, 247.2, 2507, 0.0
2021-05-14 09:50:00, 247.28, 247.34, 247.16, 247.31, 2819, 0.0
2021-05-14 09:55:00, 247.35, 247.415, 247.27, 247.34, 1440, 0.0
2021-05-14 10:00:00, 247.41, 247.41, 247.3, 247.4, 1458, 0.0
2021-05-14 10:05:00, 247.46, 247.56, 247.35, 247.35, 2672, 0.0
2021-05-14 10:10:00, 247.52, 247.71, 247.52, 247.66, 8229, 0.0
2021-05-14 10:15:00, 247.68, 247.7, 247.58, 247.62, 3264, 0.0
2021-05-14 10:20:00, 247.59, 247.82, 247.57, 247.76, 3207, 0.0
2021-05-14 10:25:00, 247.84, 247.925, 247.63, 247.85, 3927, 0.0
2021-05-14 10:30:00, 247.84, 247.84, 247.57, 247.74, 2380, 0.0
2021-05-14 10:35:00, 247.91, 248.11, 247.79, 248.11, 6214, 0.0
2021-05-14 10:40:00, 248.12, 248.185, 248.01, 248.08, 8876, 0.0
2021-05-14 10:45:00, 248.14, 248.17, 248.01, 248.095, 5007, 0.0
2021-05-14 10:50:00, 248.05, 248.05, 247.73, 247.81, 6201, 0.0
2021-05-14 10:55:00, 247.89, 247.89, 247.6, 247.63, 5226, 0.0
2021-05-14 11:00:00, 247.61, 247.74, 247.51, 247.705, 7430, 0.0
2021-05-14 11:05:00, 247.71, 247.76, 247.66, 247.76, 2489, 0.0
2021-05-14 11:10:00, 247.795, 247.93, 247.77, 247.93, 1274, 0.0
2021-05-14 11:15:00, 247.91, 248.01, 247.89, 248.01, 1010, 0.0
2021-05-14 11:20:00, 248.08, 248.08, 247.84, 247.89, 1460, 0.0
2021-05-14 11:25:00, 247.98, 248.025, 247.96, 247.97, 710, 0.0
2021-05-14 11:30:00, 248.035, 248.085, 247.98, 248.02, 1741, 0.0
2021-05-14 11:35:00, 248.02, 248.02, 247.94, 248, 1009, 0.0
2021-05-14 11:40:00, 248, 248.07, 247.97, 248.01, 2111, 0.0
2021-05-14 11:45:00, 247.99, 248.18, 247.99, 248.15, 2509, 0.0
2021-05-14 11:50:00, 248.24, 248.24, 248.13, 248.13, 975, 0.0
2021-05-14 11:55:00, 248.17, 248.35, 248.17, 248.29, 1700, 0.0
2021-05-14 12:00:00, 248.25, 248.39, 248.245, 248.32, 2884, 0.0
2021-05-14 12:05:00, 248.32, 248.4, 248.32, 248.4, 2462, 0.0
2021-05-14 12:10:00, 248.425, 248.45, 248.31, 248.39, 2841, 0.0
2021-05-14 12:15:00, 248.335, 248.375, 248.32, 248.37, 2824, 0.0
2021-05-14 12:20:00, 248.375, 248.52, 248.33, 248.33, 2523, 0.0
2021-05-14 12:25:00, 248.42, 248.54, 248.42, 248.5, 1135, 0.0
2021-05-14 12:30:00, 248.535, 248.625, 248.31, 248.34, 4149, 0.0
2021-05-14 12:35:00, 248.42, 248.525, 248.42, 248.495, 3408, 0.0
2021-05-14 12:40:00, 248.55, 248.59, 248.51, 248.53, 1713, 0.0
2021-05-14 12:45:00, 248.55, 248.68, 248.55, 248.62, 1159, 0.0
2021-05-14 12:50:00, 248.665, 248.71, 248.58, 248.61, 2042, 0.0
2021-05-14 12:55:00, 248.62, 248.78, 248.61, 248.68, 2109, 0.0
2021-05-14 13:00:00, 248.765, 248.765, 248.65, 248.7, 1495, 0.0
2021-05-14 13:05:00, 248.67, 248.78, 248.67, 248.77, 636, 0.0
2021-05-14 13:10:00, 248.77, 248.91, 248.735, 248.82, 3424, 0.0
2021-05-14 13:15:00, 248.74, 248.86, 248.71, 248.72, 3342, 0.0
2021-05-14 13:20:00, 248.705, 248.705, 248.56, 248.56, 1601, 0.0
2021-05-14 13:25:00, 248.58, 248.58, 248.41, 248.45, 6380, 0.0
2021-05-14 13:30:00, 248.46, 248.61, 248.39, 248.39, 5497, 0.0
2021-05-14 13:35:00, 248.395, 248.68, 248.36, 248.68, 2749, 0.0
2021-05-14 13:40:00, 248.61, 248.81, 248.605, 248.81, 3721, 0.0
2021-05-14 13:45:00, 248.83, 248.94, 248.78, 248.89, 4755, 0.0
2021-05-14 13:50:00, 248.855, 249.13, 248.78, 249.12, 3444, 0.0
2021-05-14 13:55:00, 249.18, 249.18, 248.9, 248.98, 6932, 0.0
2021-05-14 14:00:00, 249.01, 249.03, 248.745, 248.81, 10904, 0.0
2021-05-14 14:05:00, 248.84, 248.87, 248.69, 248.73, 3485, 0.0
2021-05-14 14:10:00, 248.74, 248.74, 248.55, 248.72, 1972, 0.0
2021-05-14 14:15:00, 248.77, 248.8, 248.595, 248.595, 2570, 0.0
2021-05-14 14:20:00, 248.58, 248.62, 248.39, 248.525, 4710, 0.0
2021-05-14 14:25:00, 248.52, 248.64, 248.48, 248.6, 6866, 0.0
2021-05-14 14:30:00, 248.6, 248.6, 248.255, 248.255, 2723, 0.0
2021-05-14 14:35:00, 248.51, 248.64, 248.51, 248.6, 4374, 0.0
2021-05-14 14:40:00, 248.64, 248.68, 248.555, 248.64, 5666, 0.0
2021-05-14 14:45:00, 248.57, 248.945, 248.5, 248.855, 7034, 0.0
2021-05-14 14:50:00, 248.76, 249.13, 248.68, 249.02, 19609, 0.0
2021-05-14 14:55:00, 248.905, 248.905, 248.14, 248.14, 12319, 0.0
2021-05-17 08:30:00, 246.54, 246.54, 245.06, 245.39, 10366, 0.0
2021-05-17 08:35:00, 245.28, 245.935, 245.28, 245.935, 2561, 0.0
2021-05-17 08:40:00, 246.2, 246.26, 245.97, 246.11, 6140, 0.0
2021-05-17 08:45:00, 246.215, 246.215, 245.93, 245.98, 4486, 0.0
2021-05-17 08:50:00, 245.995, 246.05, 245.45, 245.5, 6851, 0.0
2021-05-17 08:55:00, 245.48, 245.78, 245.38, 245.5, 10505, 0.0
2021-05-17 09:00:00, 245.24, 245.31, 244.54, 244.58, 11417, 0.0
2021-05-17 09:05:00, 244.63, 245.03, 244.19, 244.34, 12615, 0.0
2021-05-17 09:10:00, 244.285, 244.47, 244.17, 244.17, 9958, 0.0
2021-05-17 09:15:00, 244.12, 245.04, 244.09, 244.95, 5493, 0.0
2021-05-17 09:20:00, 245.01, 245.43, 244.93, 245.41, 3268, 0.0
2021-05-17 09:25:00, 245.39, 245.465, 245.11, 245.11, 778, 0.0
2021-05-17 09:30:00, 245.285, 245.285, 244.68, 244.78, 4445, 0.0
2021-05-17 09:35:00, 244.7, 245.58, 244.7, 245.58, 5086, 0.0
2021-05-17 09:40:00, 245.42, 245.625, 245.31, 245.31, 3245, 0.0
2021-05-17 09:45:00, 245.2, 245.35, 244.91, 245.15, 5316, 0.0
2021-05-17 09:50:00, 245.31, 245.5, 245.16, 245.16, 3327, 0.0
2021-05-17 09:55:00, 245.15, 245.23, 244.92, 245.145, 8213, 0.0
2021-05-17 10:00:00, 245.22, 245.49, 244.95, 245.25, 6430, 0.0
2021-05-17 10:05:00, 245.18, 245.4, 244.85, 244.94, 6766, 0.0
2021-05-17 10:10:00, 244.88, 244.91, 244.45, 244.79, 9521, 0.0
2021-05-17 10:15:00, 244.7, 244.88, 244.58, 244.65, 5080, 0.0
2021-05-17 10:20:00, 244.515, 245.03, 244.51, 244.83, 5471, 0.0
2021-05-17 10:25:00, 244.885, 244.885, 244.52, 244.52, 4458, 0.0
2021-05-17 10:30:00, 244.56, 244.585, 244.27, 244.585, 4688, 0.0
2021-05-17 10:35:00, 244.62, 244.62, 244.33, 244.37, 2990, 0.0
2021-05-17 10:40:00, 244.35, 244.39, 244.26, 244.39, 3250, 0.0
2021-05-17 10:45:00, 244.37, 244.68, 244.37, 244.39, 3437, 0.0
2021-05-17 10:50:00, 244.48, 244.48, 244.065, 244.18, 1655, 0.0
2021-05-17 10:55:00, 244.25, 244.375, 244.18, 244.375, 1475, 0.0
2021-05-17 11:00:00, 244.3, 244.57, 244.29, 244.55, 6046, 0.0
2021-05-17 11:05:00, 244.51, 244.66, 244.315, 244.35, 6203, 0.0
2021-05-17 11:10:00, 244.43, 244.47, 244.3, 244.46, 4100, 0.0
2021-05-17 11:15:00, 244.46, 244.59, 244.43, 244.51, 5821, 0.0
2021-05-17 11:20:00, 244.51, 244.575, 244.44, 244.515, 6526, 0.0
2021-05-17 11:25:00, 244.475, 244.475, 244.365, 244.395, 2895, 0.0
2021-05-17 11:30:00, 244.21, 244.35, 244.19, 244.19, 1464, 0.0
2021-05-17 11:35:00, 244.34, 244.64, 244.24, 244.43, 3479, 0.0
2021-05-17 11:40:00, 244.64, 244.9, 244.64, 244.88, 3027, 0.0
2021-05-17 11:45:00, 244.85, 244.98, 244.725, 244.745, 6750, 0.0
2021-05-17 11:50:00, 244.78, 244.84, 244.56, 244.565, 5674, 0.0
2021-05-17 11:55:00, 244.57, 244.57, 244.33, 244.38, 3028, 0.0
2021-05-17 12:00:00, 244.41, 244.46, 244.33, 244.33, 1948, 0.0
2021-05-17 12:05:00, 244.27, 244.3, 244.24, 244.24, 2684, 0.0
2021-05-17 12:10:00, 244.23, 244.23, 243.93, 244, 2902, 0.0
2021-05-17 12:15:00, 243.97, 244.02, 243.82, 243.87, 5254, 0.0
2021-05-17 12:20:00, 243.91, 243.98, 243.68, 243.97, 9120, 0.0
2021-05-17 12:25:00, 243.96, 244.05, 243.91, 244.04, 2625, 0.0
2021-05-17 12:30:00, 243.99, 244.05, 243.81, 244.03, 2587, 0.0
2021-05-17 12:35:00, 244.11, 244.19, 243.915, 243.95, 8463, 0.0
2021-05-17 12:40:00, 243.95, 243.95, 243.53, 243.695, 6637, 0.0
2021-05-17 12:45:00, 243.695, 243.82, 243.61, 243.68, 7135, 0.0
2021-05-17 12:50:00, 243.66, 243.78, 243.6, 243.69, 5140, 0.0
2021-05-17 12:55:00, 243.67, 243.87, 243.6, 243.78, 10038, 0.0
2021-05-17 13:00:00, 243.67, 243.87, 243.65, 243.8, 5314, 0.0
2021-05-17 13:05:00, 243.85, 244.02, 243.79, 243.93, 4841, 0.0
2021-05-17 13:10:00, 243.97, 244.05, 243.86, 243.86, 12886, 0.0
2021-05-17 13:15:00, 243.86, 243.91, 243.79, 243.79, 2785, 0.0
2021-05-17 13:20:00, 243.78, 243.99, 243.77, 243.77, 7379, 0.0
2021-05-17 13:25:00, 243.76, 243.99, 243.725, 243.89, 8188, 0.0
2021-05-17 13:30:00, 243.97, 244.17, 243.93, 244.1, 3578, 0.0
2021-05-17 13:35:00, 244.16, 244.17, 243.74, 243.76, 5828, 0.0
2021-05-17 13:40:00, 243.8, 243.85, 243.635, 243.65, 4820, 0.0
2021-05-17 13:45:00, 243.59, 243.87, 243.57, 243.83, 6216, 0.0
2021-05-17 13:50:00, 243.79, 244.18, 243.71, 244.18, 5080, 0.0
2021-05-17 13:55:00, 244.11, 244.205, 243.98, 244.205, 6281, 0.0
2021-05-17 14:00:00, 244.225, 244.6, 244.2, 244.58, 10210, 0.0
2021-05-17 14:05:00, 244.6, 244.89, 244.59, 244.86, 5882, 0.0
2021-05-17 14:10:00, 244.86, 245.11, 244.85, 244.91, 3438, 0.0
2021-05-17 14:15:00, 244.87, 244.89, 244.69, 244.76, 3002, 0.0
2021-05-17 14:20:00, 244.68, 244.71, 244.35, 244.35, 4680, 0.0
2021-05-17 14:25:00, 244.34, 244.43, 244.22, 244.4, 5824, 0.0
2021-05-17 14:30:00, 244.36, 244.63, 244.28, 244.58, 10496, 0.0
2021-05-17 14:35:00, 244.4, 244.45, 244.19, 244.21, 5128, 0.0
2021-05-17 14:40:00, 244.28, 244.86, 244.28, 244.785, 10420, 0.0
2021-05-17 14:45:00, 244.73, 244.91, 244.38, 244.38, 8607, 0.0
2021-05-17 14:50:00, 244.45, 244.92, 244.45, 244.8, 19193, 0.0
2021-05-17 14:55:00, 244.88, 245.21, 244.83, 245.16, 24135, 0.0
2021-05-18 08:30:00, 246.37, 246.37, 245.37, 245.795, 20073, 0.0
2021-05-18 08:35:00, 245.775, 246.01, 245.71, 246.01, 8794, 0.0
2021-05-18 08:40:00, 246.22, 246.4, 245.76, 245.85, 9146, 0.0
2021-05-18 08:45:00, 245.82, 245.84, 245.5, 245.59, 6289, 0.0
2021-05-18 08:50:00, 245.295, 245.295, 245.095, 245.095, 6151, 0.0
2021-05-18 08:55:00, 245.105, 245.47, 244.98, 245.305, 3640, 0.0
2021-05-18 09:00:00, 245.305, 245.5, 245.11, 245.12, 5772, 0.0
2021-05-18 09:05:00, 244.995, 245.26, 244.91, 245.07, 4317, 0.0
2021-05-18 09:10:00, 245.15, 245.37, 244.94, 245.37, 2015, 0.0
2021-05-18 09:15:00, 245.4, 245.75, 245.4, 245.63, 4218, 0.0
2021-05-18 09:20:00, 245.78, 245.8, 245.345, 245.5, 4805, 0.0
2021-05-18 09:25:00, 245.52, 245.88, 245.52, 245.88, 5564, 0.0
2021-05-18 09:30:00, 245.88, 245.93, 245.76, 245.76, 7753, 0.0
2021-05-18 09:35:00, 245.87, 245.87, 245.665, 245.78, 5771, 0.0
2021-05-18 09:40:00, 245.805, 245.805, 245.47, 245.47, 3196, 0.0
2021-05-18 09:45:00, 245.58, 245.75, 245.48, 245.75, 6246, 0.0
2021-05-18 09:50:00, 245.875, 245.875, 245.56, 245.58, 5412, 0.0
2021-05-18 09:55:00, 245.63, 245.75, 245.565, 245.59, 3890, 0.0
2021-05-18 10:00:00, 245.69, 245.99, 245.64, 245.99, 4789, 0.0
2021-05-18 10:05:00, 246.1, 246.1, 245.91, 245.92, 2092, 0.0
2021-05-18 10:10:00, 245.93, 245.93, 245.77, 245.82, 6656, 0.0
2021-05-18 10:15:00, 245.825, 245.975, 245.82, 245.85, 19756, 0.0
2021-05-18 10:20:00, 245.77, 245.815, 245.55, 245.6, 23545, 0.0
2021-05-18 10:25:00, 245.59, 245.625, 245.51, 245.565, 2837, 0.0
2021-05-18 10:30:00, 245.55, 245.55, 245.22, 245.27, 7358, 0.0
2021-05-18 10:35:00, 245.275, 245.37, 245.18, 245.35, 10294, 0.0
2021-05-18 10:40:00, 245.35, 245.35, 245.03, 245.17, 6307, 0.0
2021-05-18 10:45:00, 245.11, 245.17, 245.025, 245.17, 707, 0.0
2021-05-18 10:50:00, 245.35, 245.35, 245.28, 245.28, 314, 0.0
2021-05-18 10:55:00, 245.29, 245.31, 245.09, 245.09, 3864, 0.0
2021-05-18 11:00:00, 245.11, 245.34, 245.11, 245.34, 1502, 0.0
2021-05-18 11:05:00, 245.32, 245.44, 245.29, 245.42, 4610, 0.0
2021-05-18 11:10:00, 245.35, 245.445, 245.29, 245.435, 4002, 0.0
2021-05-18 11:15:00, 245.445, 245.445, 245.295, 245.335, 3219, 0.0
2021-05-18 11:20:00, 245.38, 245.48, 245.33, 245.46, 4963, 0.0
2021-05-18 11:25:00, 245.49, 245.6, 245.435, 245.54, 4071, 0.0
2021-05-18 11:30:00, 245.61, 245.81, 245.59, 245.73, 2089, 0.0
2021-05-18 11:35:00, 245.73, 245.86, 245.73, 245.835, 3707, 0.0
2021-05-18 11:40:00, 245.815, 245.85, 245.78, 245.85, 2549, 0.0
2021-05-18 11:45:00, 245.895, 245.895, 245.785, 245.785, 889, 0.0
2021-05-18 11:50:00, 245.745, 245.79, 245.69, 245.77, 4424, 0.0
2021-05-18 11:55:00, 245.845, 245.86, 245.68, 245.8, 4468, 0.0
2021-05-18 12:00:00, 245.78, 245.85, 245.75, 245.835, 3637, 0.0
2021-05-18 12:05:00, 245.76, 245.82, 245.63, 245.72, 2754, 0.0
2021-05-18 12:10:00, 245.72, 245.8, 245.695, 245.8, 1346, 0.0
2021-05-18 12:15:00, 245.655, 245.665, 245.56, 245.61, 2259, 0.0
2021-05-18 12:20:00, 245.635, 245.89, 245.635, 245.74, 4149, 0.0
2021-05-18 12:25:00, 245.71, 245.93, 245.71, 245.93, 3238, 0.0
2021-05-18 12:30:00, 245.89, 245.91, 245.725, 245.81, 5682, 0.0
2021-05-18 12:35:00, 245.8, 245.8, 245.705, 245.705, 3108, 0.0
2021-05-18 12:40:00, 245.745, 245.745, 245.42, 245.47, 5419, 0.0
2021-05-18 12:45:00, 245.45, 245.5, 245.27, 245.3, 5369, 0.0
2021-05-18 12:50:00, 245.27, 245.38, 245.23, 245.23, 3952, 0.0
2021-05-18 12:55:00, 245.21, 245.215, 245.11, 245.12, 4844, 0.0
2021-05-18 13:00:00, 245.16, 245.27, 245.05, 245.115, 4989, 0.0
2021-05-18 13:05:00, 245.15, 245.32, 245.13, 245.13, 3518, 0.0
2021-05-18 13:10:00, 245.14, 245.145, 245.06, 245.065, 3124, 0.0
2021-05-18 13:15:00, 245.155, 245.165, 244.86, 244.86, 3252, 0.0
2021-05-18 13:20:00, 244.92, 244.955, 244.46, 244.54, 12150, 0.0
2021-05-18 13:25:00, 244.53, 244.67, 244.5, 244.5, 6278, 0.0
2021-05-18 13:30:00, 244.57, 244.61, 244.18, 244.18, 6581, 0.0
2021-05-18 13:35:00, 244.13, 244.23, 244.06, 244.145, 4077, 0.0
2021-05-18 13:40:00, 244.16, 244.19, 243.83, 243.96, 5081, 0.0
2021-05-18 13:45:00, 244.01, 244.01, 243.82, 243.945, 2992, 0.0
2021-05-18 13:50:00, 244.11, 244.21, 244.11, 244.21, 1373, 0.0
2021-05-18 13:55:00, 244.15, 244.285, 244.145, 244.285, 2115, 0.0
2021-05-18 14:00:00, 244.27, 244.36, 244.19, 244.29, 3305, 0.0
2021-05-18 14:05:00, 244.31, 244.375, 244.215, 244.37, 3865, 0.0
2021-05-18 14:10:00, 244.37, 244.415, 244.18, 244.19, 5475, 0.0
2021-05-18 14:15:00, 244.26, 244.33, 244.19, 244.32, 7087, 0.0
2021-05-18 14:20:00, 244.4, 244.46, 244.295, 244.36, 7165, 0.0
2021-05-18 14:25:00, 244.44, 244.57, 244.43, 244.51, 4676, 0.0
2021-05-18 14:30:00, 244.51, 244.74, 244.48, 244.68, 7073, 0.0
2021-05-18 14:35:00, 244.66, 244.71, 244.55, 244.63, 7611, 0.0
2021-05-18 14:40:00, 244.665, 244.86, 244.665, 244.79, 10562, 0.0
2021-05-18 14:45:00, 244.77, 244.78, 243.9, 243.96, 16435, 0.0
2021-05-18 14:50:00, 243.85, 243.98, 243.25, 243.3, 27632, 0.0
2021-05-18 14:55:00, 243.33, 243.59, 242.9, 242.98, 36137, 0.0
2021-05-19 08:30:00, 239.17, 240.34, 238.735, 240.13, 30143, 0.0
2021-05-19 08:35:00, 240.165, 240.69, 240.16, 240.38, 30830, 0.0
2021-05-19 08:40:00, 240.42, 241.21, 239.745, 241.11, 13450, 0.0
2021-05-19 08:45:00, 240.99, 241.13, 240.165, 240.55, 12131, 0.0
2021-05-19 08:50:00, 240.57, 241.06, 240.31, 240.375, 9801, 0.0
2021-05-19 08:55:00, 240.18, 240.94, 239.99, 240.02, 16146, 0.0
2021-05-19 09:00:00, 239.98, 240.495, 239.73, 239.81, 17381, 0.0
2021-05-19 09:05:00, 239.785, 240.39, 239.775, 240.31, 10671, 0.0
2021-05-19 09:10:00, 240.26, 240.6, 240, 240.11, 11679, 0.0
2021-05-19 09:15:00, 240.06, 240.86, 239.92, 240.86, 12871, 0.0
2021-05-19 09:20:00, 240.73, 240.84, 240.31, 240.67, 8085, 0.0
2021-05-19 09:25:00, 240.63, 241.5, 240.63, 241.23, 11669, 0.0
2021-05-19 09:30:00, 241.08, 241.43, 241.08, 241.09, 5196, 0.0
2021-05-19 09:35:00, 241.12, 241.31, 240.61, 240.71, 7515, 0.0
2021-05-19 09:40:00, 240.475, 240.87, 240.4, 240.87, 5461, 0.0
2021-05-19 09:45:00, 240.905, 241.37, 240.9, 240.97, 8822, 0.0
2021-05-19 09:50:00, 240.97, 241.46, 240.93, 241.34, 7440, 0.0
2021-05-19 09:55:00, 241.33, 241.33, 240.93, 240.93, 4811, 0.0
2021-05-19 10:00:00, 240.91, 241.03, 240.76, 240.86, 8465, 0.0
2021-05-19 10:05:00, 240.9, 241.87, 240.9, 241.84, 6870, 0.0
2021-05-19 10:10:00, 241.77, 241.79, 241.59, 241.6, 3902, 0.0
2021-05-19 10:15:00, 241.63, 241.78, 241.34, 241.4, 3038, 0.0
2021-05-19 10:20:00, 241.54, 241.68, 241.47, 241.625, 2162, 0.0
2021-05-19 10:25:00, 241.54, 241.615, 241.38, 241.43, 2036, 0.0
2021-05-19 10:30:00, 241.355, 241.63, 241.35, 241.435, 3311, 0.0
2021-05-19 10:35:00, 241.465, 241.57, 241.25, 241.43, 3594, 0.0
2021-05-19 10:40:00, 241.51, 241.51, 241.08, 241.26, 6118, 0.0
2021-05-19 10:45:00, 241.29, 241.29, 241.03, 241.03, 1856, 0.0
2021-05-19 10:50:00, 241.07, 241.12, 240.92, 241.01, 2292, 0.0
2021-05-19 10:55:00, 241.06, 241.6, 241.06, 241.46, 3653, 0.0
2021-05-19 11:00:00, 241.5, 241.58, 241.31, 241.58, 2850, 0.0
2021-05-19 11:05:00, 241.62, 241.65, 241.54, 241.61, 2156, 0.0
2021-05-19 11:10:00, 241.63, 241.77, 241.54, 241.77, 4254, 0.0
2021-05-19 11:15:00, 241.685, 241.9, 241.685, 241.74, 1738, 0.0
2021-05-19 11:20:00, 241.755, 241.865, 241.55, 241.85, 2929, 0.0
2021-05-19 11:25:00, 241.78, 241.8, 241.67, 241.72, 1370, 0.0
2021-05-19 11:30:00, 241.71, 241.82, 241.71, 241.73, 1446, 0.0
2021-05-19 11:35:00, 241.8, 241.92, 241.66, 241.82, 3590, 0.0
2021-05-19 11:40:00, 241.85, 242.15, 241.79, 241.81, 4839, 0.0
2021-05-19 11:45:00, 241.89, 242, 241.83, 242, 2653, 0.0
2021-05-19 11:50:00, 241.78, 242.01, 241.76, 241.92, 3953, 0.0
2021-05-19 11:55:00, 241.98, 242.09, 241.9, 241.95, 2158, 0.0
2021-05-19 12:00:00, 241.96, 242.37, 241.96, 242.34, 3111, 0.0
2021-05-19 12:05:00, 242.33, 242.555, 242.2, 242.26, 3873, 0.0
2021-05-19 12:10:00, 242.365, 242.48, 242.36, 242.48, 1177, 0.0
2021-05-19 12:15:00, 242.505, 242.61, 242.41, 242.425, 1432, 0.0
2021-05-19 12:20:00, 242.36, 242.36, 242.18, 242.23, 1281, 0.0
2021-05-19 12:25:00, 242.18, 242.33, 242.17, 242.33, 1391, 0.0
2021-05-19 12:30:00, 242.28, 242.28, 241.93, 241.95, 2144, 0.0
2021-05-19 12:35:00, 241.93, 241.93, 241.7, 241.85, 4313, 0.0
2021-05-19 12:40:00, 241.84, 241.84, 241.64, 241.685, 3862, 0.0
2021-05-19 12:45:00, 241.73, 241.8, 241.615, 241.77, 2481, 0.0
2021-05-19 12:50:00, 241.8, 241.89, 241.72, 241.88, 4191, 0.0
2021-05-19 12:55:00, 241.87, 241.95, 241.57, 241.63, 3439, 0.0
2021-05-19 13:00:00, 241.52, 241.94, 241.08, 241.13, 12789, 0.0
2021-05-19 13:05:00, 241.09, 241.09, 240.45, 241.01, 2154, 0.0
2021-05-19 13:10:00, 240.85, 241.01, 240.64, 240.87, 1338, 0.0
2021-05-19 13:15:00, 240.79, 241.01, 240.55, 240.97, 3370, 0.0
2021-05-19 13:20:00, 241.04, 242.65, 241.04, 242.45, 11359, 0.0
2021-05-19 13:25:00, 242.42, 242.76, 242.36, 242.7, 8048, 0.0
2021-05-19 13:30:00, 242.71, 243.05, 242.27, 242.35, 4617, 0.0
2021-05-19 13:35:00, 242.43, 242.43, 241.84, 241.84, 1370, 0.0
2021-05-19 13:40:00, 241.52, 241.6, 241.45, 241.55, 2310, 0.0
2021-05-19 13:45:00, 241.36, 241.36, 241.16, 241.24, 2167, 0.0
2021-05-19 13:50:00, 241.29, 241.29, 241.095, 241.095, 2931, 0.0
2021-05-19 13:55:00, 241.29, 241.64, 241.03, 241.31, 2071, 0.0
2021-05-19 14:00:00, 241.07, 241.2, 241.01, 241.19, 1751, 0.0
2021-05-19 14:05:00, 241.33, 241.655, 241.29, 241.61, 2890, 0.0
2021-05-19 14:10:00, 241.565, 241.85, 241.565, 241.77, 2467, 0.0
2021-05-19 14:15:00, 241.94, 241.99, 241.81, 241.82, 1377, 0.0
2021-05-19 14:20:00, 241.695, 242.34, 241.63, 242.19, 5230, 0.0
2021-05-19 14:25:00, 242.23, 242.68, 242.17, 242.63, 4554, 0.0
2021-05-19 14:30:00, 242.42, 242.42, 241.91, 241.91, 3436, 0.0
2021-05-19 14:35:00, 242, 242.01, 241.76, 241.76, 2453, 0.0
2021-05-19 14:40:00, 241.81, 241.86, 241.51, 241.51, 4426, 0.0
2021-05-19 14:45:00, 241.61, 241.61, 241.16, 241.2, 1171, 0.0
2021-05-19 14:50:00, 241.43, 242.39, 241.43, 242.24, 24160, 0.0
2021-05-19 14:55:00, 242.255, 243.22, 242.2, 243.09, 23117, 0.0
2021-05-20 08:30:00, 243.95, 245.04, 243.93, 244.96, 22754, 0.0
2021-05-20 08:35:00, 245.14, 245.92, 245.02, 245.81, 11618, 0.0
2021-05-20 08:40:00, 246.06, 246.435, 245.85, 245.85, 8501, 0.0
2021-05-20 08:45:00, 245.99, 245.99, 245.55, 245.55, 2992, 0.0
2021-05-20 08:50:00, 245.52, 245.74, 245.44, 245.58, 1820, 0.0
2021-05-20 08:55:00, 245.49, 245.67, 245.39, 245.45, 2533, 0.0
2021-05-20 09:00:00, 245.915, 246.12, 245.89, 246.055, 1898, 0.0
2021-05-20 09:05:00, 246.09, 246.19, 246, 246.03, 4032, 0.0
2021-05-20 09:10:00, 245.94, 246.065, 245.905, 246.065, 2811, 0.0
2021-05-20 09:15:00, 246.28, 246.525, 246.28, 246.29, 6319, 0.0
2021-05-20 09:20:00, 246.23, 246.27, 246.23, 246.27, 504, 0.0
2021-05-20 09:25:00, 246.26, 246.39, 246.14, 246.36, 1523, 0.0
2021-05-20 09:30:00, 246.39, 246.69, 246.39, 246.69, 726, 0.0
2021-05-20 09:35:00, 246.67, 246.67, 246.45, 246.485, 3799, 0.0
2021-05-20 09:40:00, 246.55, 246.56, 246.32, 246.56, 2190, 0.0
2021-05-20 09:45:00, 246.515, 246.88, 246.515, 246.69, 2797, 0.0
2021-05-20 09:50:00, 246.685, 246.93, 246.685, 246.72, 2095, 0.0
2021-05-20 09:55:00, 246.66, 246.77, 246.39, 246.39, 7562, 0.0
2021-05-20 10:00:00, 246.41, 246.47, 246.1, 246.18, 3259, 0.0
2021-05-20 10:05:00, 246.24, 246.24, 246.23, 246.23, 1600, 0.0
2021-05-20 10:10:00, 246.26, 246.26, 246.09, 246.09, 2848, 0.0
2021-05-20 10:15:00, 246.11, 246.18, 246.045, 246.125, 4647, 0.0
2021-05-20 10:20:00, 246.29, 246.41, 246.135, 246.41, 979, 0.0
2021-05-20 10:25:00, 246.39, 247.05, 246.39, 247.01, 2645, 0.0
2021-05-20 10:30:00, 247.06, 247.24, 246.975, 247.23, 5404, 0.0
2021-05-20 10:35:00, 247.22, 247.27, 247.11, 247.12, 3303, 0.0
2021-05-20 10:40:00, 247.55, 247.64, 247.515, 247.615, 2492, 0.0
2021-05-20 10:45:00, 247.74, 247.85, 247.69, 247.83, 5031, 0.0
2021-05-20 10:50:00, 247.87, 247.94, 247.71, 247.71, 4896, 0.0
2021-05-20 10:55:00, 247.58, 247.64, 247.29, 247.31, 4740, 0.0
2021-05-20 11:00:00, 247.36, 247.36, 246.96, 246.96, 8093, 0.0
2021-05-20 11:05:00, 246.97, 246.97, 246.6, 246.8, 6404, 0.0
2021-05-20 11:10:00, 246.73, 246.73, 246.41, 246.41, 3263, 0.0
2021-05-20 11:15:00, 246.47, 246.825, 246.47, 246.71, 6957, 0.0
2021-05-20 11:20:00, 246.76, 246.76, 246.61, 246.725, 4046, 0.0
2021-05-20 11:25:00, 246.72, 246.79, 246.66, 246.66, 485, 0.0
2021-05-20 11:30:00, 246.8, 246.905, 246.8, 246.87, 2020, 0.0
2021-05-20 11:35:00, 246.865, 246.895, 246.53, 246.8, 3969, 0.0
2021-05-20 11:40:00, 246.74, 246.83, 246.67, 246.67, 2093, 0.0
2021-05-20 11:45:00, 246.77, 246.97, 246.77, 246.97, 1566, 0.0
2021-05-20 11:50:00, 247, 247, 246.85, 246.88, 3313, 0.0
2021-05-20 11:55:00, 246.77, 247.01, 246.77, 246.97, 2899, 0.0
2021-05-20 12:00:00, 246.91, 247.08, 246.91, 247.07, 3782, 0.0
2021-05-20 12:05:00, 247.05, 247.1, 246.96, 247.03, 3109, 0.0
2021-05-20 12:10:00, 247.2, 247.2, 247.1, 247.11, 1668, 0.0
2021-05-20 12:15:00, 247.15, 247.31, 247.15, 247.27, 3422, 0.0
2021-05-20 12:20:00, 247.215, 247.33, 247.21, 247.3, 4407, 0.0
2021-05-20 12:25:00, 247.37, 247.39, 247.21, 247.37, 2409, 0.0
2021-05-20 12:30:00, 247.38, 247.475, 247.38, 247.4, 2071, 0.0
2021-05-20 12:35:00, 247.38, 247.38, 247.24, 247.24, 2351, 0.0
2021-05-20 12:40:00, 247.19, 247.25, 247.19, 247.23, 632, 0.0
2021-05-20 12:45:00, 247.23, 247.38, 247.23, 247.31, 1226, 0.0
2021-05-20 12:50:00, 247.33, 247.43, 246.84, 247, 4078, 0.0
2021-05-20 12:55:00, 246.93, 247.31, 246.86, 247.3, 2939, 0.0
2021-05-20 13:00:00, 247.33, 247.43, 247.29, 247.3, 3066, 0.0
2021-05-20 13:05:00, 247.24, 247.32, 247.24, 247.32, 705, 0.0
2021-05-20 13:10:00, 247.3, 247.3, 247.12, 247.21, 3388, 0.0
2021-05-20 13:15:00, 247.26, 247.26, 247.05, 247.17, 1561, 0.0
2021-05-20 13:20:00, 247.23, 247.23, 247.11, 247.19, 658, 0.0
2021-05-20 13:25:00, 247.13, 247.24, 247.11, 247.23, 1225, 0.0
2021-05-20 13:30:00, 247.33, 247.51, 247.23, 247.23, 4595, 0.0
2021-05-20 13:35:00, 247.2, 247.32, 247.19, 247.19, 3062, 0.0
2021-05-20 13:40:00, 247.14, 247.23, 247.01, 247.01, 4980, 0.0
2021-05-20 13:45:00, 247.09, 247.09, 246.85, 247.02, 3957, 0.0
2021-05-20 13:50:00, 246.98, 247.155, 246.88, 247.15, 3855, 0.0
2021-05-20 13:55:00, 247.1, 247.16, 247, 247.05, 2363, 0.0
2021-05-20 14:00:00, 246.93, 247.02, 246.9, 246.9, 826, 0.0
2021-05-20 14:05:00, 246.99, 246.99, 246.9, 246.9, 958, 0.0
2021-05-20 14:10:00, 246.86, 247.07, 246.86, 246.98, 2965, 0.0
2021-05-20 14:15:00, 246.935, 247.15, 246.9, 247.12, 5123, 0.0
2021-05-20 14:20:00, 247.07, 247.26, 247.07, 247.26, 3614, 0.0
2021-05-20 14:25:00, 247.28, 247.39, 247.28, 247.38, 4807, 0.0
2021-05-20 14:30:00, 247.43, 247.43, 247.16, 247.16, 4096, 0.0
2021-05-20 14:35:00, 247.23, 247.33, 247.09, 247.15, 4200, 0.0
2021-05-20 14:40:00, 247.13, 247.21, 246.955, 247.05, 4966, 0.0
2021-05-20 14:45:00, 247.16, 247.34, 247.075, 247.075, 9963, 0.0
2021-05-20 14:50:00, 247.01, 247.08, 246.71, 247.01, 26901, 0.0
2021-05-20 14:55:00, 246.93, 246.99, 246.17, 246.22, 29487, 0.0
2021-05-21 08:30:00, 247.6, 248.3, 247.465, 248.01, 22094, 0.0
2021-05-21 08:35:00, 248.07, 248.1, 247.28, 247.28, 15385, 0.0
2021-05-21 08:40:00, 247.2, 247.46, 247.18, 247.285, 7281, 0.0
2021-05-21 08:45:00, 247.28, 247.33, 246.585, 246.73, 14296, 0.0
2021-05-21 08:50:00, 247.1, 247.37, 246.99, 247.35, 2234, 0.0
2021-05-21 08:55:00, 247.33, 247.6, 247.225, 247.6, 4582, 0.0
2021-05-21 09:00:00, 247.68, 247.775, 247.52, 247.52, 19178, 0.0
2021-05-21 09:05:00, 247.52, 247.55, 246.495, 246.75, 15344, 0.0
2021-05-21 09:10:00, 246.8, 247.13, 246.74, 246.83, 6437, 0.0
2021-05-21 09:15:00, 246.69, 246.85, 246.46, 246.61, 13000, 0.0
2021-05-21 09:20:00, 246.5, 246.92, 246.365, 246.73, 9583, 0.0
2021-05-21 09:25:00, 246.71, 246.83, 246.38, 246.48, 8713, 0.0
2021-05-21 09:30:00, 246.44, 246.92, 246.4, 246.83, 5431, 0.0
2021-05-21 09:35:00, 246.85, 246.92, 246.38, 246.67, 11901, 0.0
2021-05-21 09:40:00, 246.565, 246.575, 246.38, 246.4, 8478, 0.0
2021-05-21 09:45:00, 246.46, 246.46, 246, 246.05, 10759, 0.0
2021-05-21 09:50:00, 246.08, 246.3, 245.92, 245.92, 7047, 0.0
2021-05-21 09:55:00, 246, 246.38, 245.97, 246.355, 4862, 0.0
2021-05-21 10:00:00, 246.45, 246.57, 246.09, 246.12, 4869, 0.0
2021-05-21 10:05:00, 246.21, 246.44, 246.18, 246.425, 4977, 0.0
2021-05-21 10:10:00, 246.42, 246.455, 246.3, 246.44, 3631, 0.0
2021-05-21 10:15:00, 246.36, 246.5, 246.27, 246.5, 8030, 0.0
2021-05-21 10:20:00, 246.48, 246.56, 246.37, 246.37, 4443, 0.0
2021-05-21 10:25:00, 246.44, 246.52, 245.79, 245.83, 6004, 0.0
2021-05-21 10:30:00, 245.85, 246.41, 245.85, 246.41, 4550, 0.0
2021-05-21 10:35:00, 246.33, 246.33, 246, 246.11, 5866, 0.0
2021-05-21 10:40:00, 246.12, 246.25, 246.04, 246.04, 4961, 0.0
2021-05-21 10:45:00, 246.08, 246.09, 245.86, 245.86, 4022, 0.0
2021-05-21 10:50:00, 245.87, 246.135, 245.74, 245.74, 7626, 0.0
2021-05-21 10:55:00, 245.76, 245.76, 245.48, 245.53, 3186, 0.0
2021-05-21 11:00:00, 245.47, 245.68, 245.45, 245.64, 8529, 0.0
2021-05-21 11:05:00, 245.62, 245.63, 245.09, 245.09, 4826, 0.0
2021-05-21 11:10:00, 245.09, 245.37, 245.09, 245.37, 5094, 0.0
2021-05-21 11:15:00, 245.45, 245.46, 245.29, 245.395, 4799, 0.0
2021-05-21 11:20:00, 245.38, 245.49, 245.33, 245.33, 4124, 0.0
2021-05-21 11:25:00, 245.385, 245.59, 245.26, 245.56, 5377, 0.0
2021-05-21 11:30:00, 245.51, 245.645, 245.47, 245.62, 5909, 0.0
2021-05-21 11:35:00, 245.635, 245.68, 245.51, 245.635, 3574, 0.0
2021-05-21 11:40:00, 245.67, 245.77, 245.46, 245.58, 4330, 0.0
2021-05-21 11:45:00, 245.67, 245.71, 245.45, 245.525, 3112, 0.0
2021-05-21 11:50:00, 245.35, 245.41, 245, 245, 5810, 0.0
2021-05-21 11:55:00, 245.02, 245.28, 244.97, 245.28, 4675, 0.0
2021-05-21 12:00:00, 245.25, 245.34, 245.19, 245.21, 3171, 0.0
2021-05-21 12:05:00, 245.26, 245.41, 245.26, 245.3, 3381, 0.0
2021-05-21 12:10:00, 245.25, 245.375, 245.21, 245.29, 6912, 0.0
2021-05-21 12:15:00, 245.305, 245.305, 245.18, 245.18, 2766, 0.0
2021-05-21 12:20:00, 245.22, 245.53, 245.22, 245.39, 3166, 0.0
2021-05-21 12:25:00, 245.34, 245.55, 245.34, 245.55, 11313, 0.0
2021-05-21 12:30:00, 245.57, 245.92, 245.57, 245.92, 4917, 0.0
2021-05-21 12:35:00, 245.89, 245.91, 245.71, 245.71, 5825, 0.0
2021-05-21 12:40:00, 245.72, 245.81, 245.66, 245.71, 4820, 0.0
2021-05-21 12:45:00, 245.73, 245.73, 245.58, 245.69, 2422, 0.0
2021-05-21 12:50:00, 245.715, 245.73, 245.61, 245.61, 2719, 0.0
2021-05-21 12:55:00, 245.63, 245.64, 245.56, 245.58, 2591, 0.0
2021-05-21 13:00:00, 245.645, 245.73, 245.57, 245.6, 7275, 0.0
2021-05-21 13:05:00, 245.65, 245.91, 245.62, 245.81, 4778, 0.0
2021-05-21 13:10:00, 245.76, 245.93, 245.75, 245.79, 2615, 0.0
2021-05-21 13:15:00, 245.765, 245.78, 245.59, 245.59, 4042, 0.0
2021-05-21 13:20:00, 245.55, 245.64, 245.5, 245.57, 3714, 0.0
2021-05-21 13:25:00, 245.54, 245.55, 245.29, 245.34, 6099, 0.0
2021-05-21 13:30:00, 245.41, 245.5, 245.35, 245.43, 2631, 0.0
2021-05-21 13:35:00, 245.37, 245.45, 245.09, 245.17, 6843, 0.0
2021-05-21 13:40:00, 245.23, 245.35, 245.2, 245.35, 2649, 0.0
2021-05-21 13:45:00, 245.3, 245.56, 245.3, 245.53, 4014, 0.0
2021-05-21 13:50:00, 245.54, 245.69, 245.52, 245.65, 4166, 0.0
2021-05-21 13:55:00, 245.67, 245.68, 245.53, 245.63, 3450, 0.0
2021-05-21 14:00:00, 245.63, 245.63, 245.38, 245.4, 4186, 0.0
2021-05-21 14:05:00, 245.5, 245.54, 245.41, 245.45, 3002, 0.0
2021-05-21 14:10:00, 245.42, 245.82, 245.42, 245.82, 4448, 0.0
2021-05-21 14:15:00, 245.78, 245.97, 245.635, 245.685, 11401, 0.0
2021-05-21 14:20:00, 245.665, 245.92, 245.64, 245.88, 7689, 0.0
2021-05-21 14:25:00, 245.88, 245.88, 245.67, 245.67, 10270, 0.0
2021-05-21 14:30:00, 245.64, 245.64, 245.36, 245.41, 9985, 0.0
2021-05-21 14:35:00, 245.46, 245.61, 245.41, 245.42, 6790, 0.0
2021-05-21 14:40:00, 245.42, 245.58, 245.24, 245.24, 9502, 0.0
2021-05-21 14:45:00, 245.255, 245.38, 245.03, 245.38, 10469, 0.0
2021-05-21 14:50:00, 245.41, 245.52, 244.87, 244.88, 26589, 0.0
2021-05-21 14:55:00, 244.96, 245.21, 244.75, 245.1, 20209, 0.0
2021-05-24 08:30:00, 247.83, 249.21, 247.57, 248.53, 26286, 0.0
2021-05-24 08:35:00, 248.53, 249.28, 248.47, 249.28, 27634, 0.0
2021-05-24 08:40:00, 249.38, 249.6, 249.23, 249.51, 15434, 0.0
2021-05-24 08:45:00, 249.63, 250.02, 249.47, 249.63, 58291, 0.0
2021-05-24 08:50:00, 249.65, 249.865, 249.42, 249.67, 45484, 0.0
2021-05-24 08:55:00, 249.66, 249.69, 249.41, 249.6, 3772, 0.0
2021-05-24 09:00:00, 249.67, 250.2, 249.67, 250.13, 13288, 0.0
2021-05-24 09:05:00, 250.15, 250.29, 250.02, 250.16, 7190, 0.0
2021-05-24 09:10:00, 250.1, 250.39, 250.09, 250.35, 5250, 0.0
2021-05-24 09:15:00, 250.39, 250.575, 250.36, 250.53, 11884, 0.0
2021-05-24 09:20:00, 250.6, 250.675, 250.4, 250.51, 14166, 0.0
2021-05-24 09:25:00, 250.56, 250.56, 250.35, 250.36, 22200, 0.0
2021-05-24 09:30:00, 250.31, 250.525, 250.31, 250.49, 7713, 0.0
2021-05-24 09:35:00, 250.45, 250.56, 250.26, 250.26, 7079, 0.0
2021-05-24 09:40:00, 250.32, 250.35, 250.2, 250.26, 4709, 0.0
2021-05-24 09:45:00, 250.32, 250.32, 250.14, 250.2, 8209, 0.0
2021-05-24 09:50:00, 250.215, 250.38, 250.215, 250.35, 6155, 0.0
2021-05-24 09:55:00, 250.34, 250.515, 250.34, 250.42, 6778, 0.0
2021-05-24 10:00:00, 250.45, 250.5, 250.35, 250.35, 6540, 0.0
2021-05-24 10:05:00, 250.26, 250.39, 250.25, 250.39, 3418, 0.0
2021-05-24 10:10:00, 250.49, 250.495, 250.4, 250.4, 1303, 0.0
2021-05-24 10:15:00, 250.44, 250.595, 250.44, 250.5, 5416, 0.0
2021-05-24 10:20:00, 250.5, 250.5, 250.35, 250.35, 6868, 0.0
2021-05-24 10:25:00, 250.39, 250.465, 250.335, 250.36, 5513, 0.0
2021-05-24 10:30:00, 250.41, 250.55, 250.32, 250.5, 5912, 0.0
2021-05-24 10:35:00, 250.46, 250.52, 250.45, 250.505, 4098, 0.0
2021-05-24 10:40:00, 250.47, 250.72, 250.42, 250.72, 6469, 0.0
2021-05-24 10:45:00, 250.66, 250.86, 250.66, 250.85, 7510, 0.0
2021-05-24 10:50:00, 250.855, 250.855, 250.6, 250.73, 4239, 0.0
2021-05-24 10:55:00, 250.71, 250.76, 250.68, 250.685, 3051, 0.0
2021-05-24 11:00:00, 250.7, 250.97, 250.7, 250.97, 2847, 0.0
2021-05-24 11:05:00, 250.98, 251.04, 250.8, 250.82, 7946, 0.0
2021-05-24 11:10:00, 250.81, 250.81, 250.65, 250.7, 6890, 0.0
2021-05-24 11:15:00, 250.73, 250.73, 250.6, 250.6, 1016, 0.0
2021-05-24 11:20:00, 250.63, 250.63, 250.49, 250.49, 1900, 0.0
2021-05-24 11:25:00, 250.52, 250.52, 250.37, 250.42, 2316, 0.0
2021-05-24 11:30:00, 250.45, 250.57, 250.45, 250.56, 2519, 0.0
2021-05-24 11:35:00, 250.5, 250.5, 250.4, 250.4, 2207, 0.0
2021-05-24 11:40:00, 250.4, 250.42, 250.21, 250.225, 3679, 0.0
2021-05-24 11:45:00, 250.24, 250.32, 250.205, 250.29, 3737, 0.0
2021-05-24 11:50:00, 250.15, 250.24, 250.1, 250.11, 3495, 0.0
2021-05-24 11:55:00, 250.1, 250.24, 250.05, 250.19, 2414, 0.0
2021-05-24 12:00:00, 250.24, 250.35, 250.24, 250.35, 1597, 0.0
2021-05-24 12:05:00, 250.35, 250.35, 250.2, 250.2, 1344, 0.0
2021-05-24 12:10:00, 250.17, 250.17, 250.14, 250.16, 1133, 0.0
2021-05-24 12:15:00, 250.24, 250.4, 250.175, 250.4, 2156, 0.0
2021-05-24 12:20:00, 250.38, 250.51, 250.38, 250.48, 1005, 0.0
2021-05-24 12:25:00, 250.42, 250.56, 250.39, 250.56, 1694, 0.0
2021-05-24 12:30:00, 250.57, 250.7, 250.565, 250.7, 10966, 0.0
2021-05-24 12:35:00, 250.67, 250.76, 250.65, 250.75, 7314, 0.0
2021-05-24 12:40:00, 250.75, 250.75, 250.67, 250.67, 8727, 0.0
2021-05-24 12:45:00, 250.66, 250.68, 250.54, 250.63, 6146, 0.0
2021-05-24 12:50:00, 250.62, 250.64, 250.57, 250.59, 4484, 0.0
2021-05-24 12:55:00, 250.6, 250.69, 250.56, 250.59, 9757, 0.0
2021-05-24 13:00:00, 250.63, 250.69, 250.55, 250.68, 3577, 0.0
2021-05-24 13:05:00, 250.71, 250.765, 250.68, 250.73, 7155, 0.0
2021-05-24 13:10:00, 250.74, 250.84, 250.705, 250.84, 4361, 0.0
2021-05-24 13:15:00, 250.82, 250.89, 250.75, 250.89, 4002, 0.0
2021-05-24 13:20:00, 250.91, 250.91, 250.8, 250.87, 5558, 0.0
2021-05-24 13:25:00, 250.9, 250.93, 250.76, 250.8, 6231, 0.0
2021-05-24 13:30:00, 250.78, 251, 250.74, 250.98, 7404, 0.0
2021-05-24 13:35:00, 250.97, 251.11, 250.95, 251.11, 5644, 0.0
2021-05-24 13:40:00, 251.11, 251.11, 250.94, 250.95, 4352, 0.0
2021-05-24 13:45:00, 250.96, 251.03, 250.92, 251.015, 1988, 0.0
2021-05-24 13:50:00, 251.01, 251.11, 250.96, 251.03, 7415, 0.0
2021-05-24 13:55:00, 251.09, 251.16, 250.95, 250.95, 3978, 0.0
2021-05-24 14:00:00, 250.95, 251.07, 250.9, 251.03, 7513, 0.0
2021-05-24 14:05:00, 251, 251.04, 250.9, 251, 9189, 0.0
2021-05-24 14:10:00, 250.97, 250.99, 250.83, 250.91, 5418, 0.0
2021-05-24 14:15:00, 250.88, 250.89, 250.76, 250.85, 7843, 0.0
2021-05-24 14:20:00, 250.83, 250.985, 250.82, 250.97, 6822, 0.0
2021-05-24 14:25:00, 250.94, 250.94, 250.73, 250.855, 5832, 0.0
2021-05-24 14:30:00, 250.835, 250.835, 250.62, 250.66, 15132, 0.0
2021-05-24 14:35:00, 250.67, 250.72, 250.58, 250.635, 19351, 0.0
2021-05-24 14:40:00, 250.65, 250.75, 250.605, 250.65, 10492, 0.0
2021-05-24 14:45:00, 250.62, 250.85, 250.59, 250.805, 10807, 0.0
2021-05-24 14:50:00, 250.72, 250.955, 250.63, 250.955, 26682, 0.0
2021-05-24 14:55:00, 250.87, 250.87, 250.535, 250.79, 31706, 0.0
2021-05-25 08:30:00, 251.68, 252.595, 251.36, 251.75, 16002, 0.0
2021-05-25 08:35:00, 251.68, 251.75, 251.2, 251.58, 15703, 0.0
2021-05-25 08:40:00, 251.56, 251.76, 251.29, 251.42, 9953, 0.0
2021-05-25 08:45:00, 251.395, 251.395, 250.98, 251.01, 5700, 0.0
2021-05-25 08:50:00, 251.02, 251.45, 250.85, 251.43, 11669, 0.0
2021-05-25 08:55:00, 251.44, 251.66, 251.33, 251.36, 5201, 0.0
2021-05-25 09:00:00, 251.38, 251.68, 251.38, 251.68, 3573, 0.0
2021-05-25 09:05:00, 251.515, 251.62, 251.325, 251.325, 2122, 0.0
2021-05-25 09:10:00, 251.375, 251.42, 251.22, 251.31, 1913, 0.0
2021-05-25 09:15:00, 251.29, 251.29, 250.99, 250.99, 1673, 0.0
2021-05-25 09:20:00, 250.9, 251.18, 250.9, 251.1, 5601, 0.0
2021-05-25 09:25:00, 251.21, 251.21, 250.965, 251.15, 5998, 0.0
2021-05-25 09:30:00, 251.16, 251.25, 250.87, 250.87, 7018, 0.0
2021-05-25 09:35:00, 250.93, 251.1, 250.93, 250.96, 1825, 0.0
2021-05-25 09:40:00, 251, 251.28, 250.945, 251.28, 4261, 0.0
2021-05-25 09:45:00, 251.27, 251.53, 251.27, 251.42, 5731, 0.0
2021-05-25 09:50:00, 251.46, 251.59, 251.42, 251.55, 4838, 0.0
2021-05-25 09:55:00, 251.62, 251.83, 251.6, 251.77, 8571, 0.0
2021-05-25 10:00:00, 251.705, 251.89, 251.45, 251.55, 11387, 0.0
2021-05-25 10:05:00, 251.5, 251.63, 251.38, 251.45, 3072, 0.0
2021-05-25 10:10:00, 251.44, 251.94, 251.375, 251.91, 5098, 0.0
2021-05-25 10:15:00, 251.88, 251.88, 251.48, 251.62, 7581, 0.0
2021-05-25 10:20:00, 251.7, 251.9, 251.68, 251.85, 2775, 0.0
2021-05-25 10:25:00, 251.89, 251.89, 251.46, 251.52, 4287, 0.0
2021-05-25 10:30:00, 251.53, 251.61, 251.315, 251.41, 4091, 0.0
2021-05-25 10:35:00, 251.47, 251.55, 251.31, 251.34, 2618, 0.0
2021-05-25 10:40:00, 251.46, 251.46, 251.16, 251.33, 3006, 0.0
2021-05-25 10:45:00, 251.25, 251.63, 251.25, 251.52, 3231, 0.0
2021-05-25 10:50:00, 251.49, 251.56, 251.23, 251.5, 3037, 0.0
2021-05-25 10:55:00, 251.66, 251.7, 251.51, 251.7, 2536, 0.0
2021-05-25 11:00:00, 251.73, 251.87, 251.67, 251.67, 4675, 0.0
2021-05-25 11:05:00, 251.73, 251.74, 251.55, 251.7, 2369, 0.0
2021-05-25 11:10:00, 251.72, 251.77, 251.72, 251.77, 539, 0.0
2021-05-25 11:15:00, 251.72, 251.86, 251.71, 251.86, 1684, 0.0
2021-05-25 11:20:00, 251.86, 251.9, 251.78, 251.82, 3920, 0.0
2021-05-25 11:25:00, 251.71, 251.825, 251.65, 251.76, 3167, 0.0
2021-05-25 11:30:00, 251.76, 251.94, 251.76, 251.865, 5258, 0.0
2021-05-25 11:35:00, 251.875, 251.875, 251.665, 251.665, 1493, 0.0
2021-05-25 11:40:00, 251.58, 251.655, 251.55, 251.655, 800, 0.0
2021-05-25 11:45:00, 251.605, 251.685, 251.4, 251.43, 4632, 0.0
2021-05-25 11:50:00, 251.43, 251.57, 251.43, 251.51, 3345, 0.0
2021-05-25 11:55:00, 251.465, 251.465, 251.31, 251.33, 4639, 0.0
2021-05-25 12:00:00, 251.31, 251.31, 251, 251.04, 10684, 0.0
2021-05-25 12:05:00, 251, 251.17, 250.96, 251.09, 6423, 0.0
2021-05-25 12:10:00, 251.05, 251.31, 251.02, 251.27, 4466, 0.0
2021-05-25 12:15:00, 251.265, 251.42, 251.24, 251.35, 3609, 0.0
2021-05-25 12:20:00, 251.3, 251.52, 251.29, 251.5, 2947, 0.0
2021-05-25 12:25:00, 251.5, 251.5, 251.36, 251.41, 4275, 0.0
2021-05-25 12:30:00, 251.39, 251.47, 251.25, 251.39, 4308, 0.0
2021-05-25 12:35:00, 251.405, 251.48, 251.27, 251.37, 4766, 0.0
2021-05-25 12:40:00, 251.32, 251.34, 251.05, 251.11, 6819, 0.0
2021-05-25 12:45:00, 251.13, 251.19, 251.07, 251.07, 3114, 0.0
2021-05-25 12:50:00, 251.06, 251.14, 250.985, 251.01, 4446, 0.0
2021-05-25 12:55:00, 251.07, 251.17, 251.05, 251.13, 4260, 0.0
2021-05-25 13:00:00, 251.14, 251.18, 250.9, 250.95, 3528, 0.0
2021-05-25 13:05:00, 250.98, 251.11, 250.98, 251.01, 4155, 0.0
2021-05-25 13:10:00, 250.99, 251.18, 250.965, 251.075, 3587, 0.0
2021-05-25 13:15:00, 251.1, 251.12, 251, 251.01, 3171, 0.0
2021-05-25 13:20:00, 250.995, 251.18, 250.995, 251.03, 4637, 0.0
2021-05-25 13:25:00, 251.03, 251.14, 251, 251.06, 4978, 0.0
2021-05-25 13:30:00, 251.05, 251.23, 251.035, 251.035, 4796, 0.0
2021-05-25 13:35:00, 251, 251.14, 251, 251.14, 3202, 0.0
2021-05-25 13:40:00, 251.22, 251.27, 251.21, 251.27, 2581, 0.0
2021-05-25 13:45:00, 251.28, 251.325, 251.22, 251.325, 2135, 0.0
2021-05-25 13:50:00, 251.31, 251.375, 251.19, 251.24, 2414, 0.0
2021-05-25 13:55:00, 251.28, 251.45, 251.28, 251.32, 2842, 0.0
2021-05-25 14:00:00, 251.36, 251.385, 251.16, 251.17, 6606, 0.0
2021-05-25 14:05:00, 251.17, 251.27, 251.09, 251.09, 7314, 0.0
2021-05-25 14:10:00, 251.06, 251.31, 251.06, 251.18, 5517, 0.0
2021-05-25 14:15:00, 251.2, 251.35, 251.175, 251.35, 4517, 0.0
2021-05-25 14:20:00, 251.32, 251.555, 251.27, 251.47, 4613, 0.0
2021-05-25 14:25:00, 251.64, 251.72, 251.625, 251.67, 5747, 0.0
2021-05-25 14:30:00, 251.565, 251.685, 251.29, 251.295, 6059, 0.0
2021-05-25 14:35:00, 251.39, 251.66, 251.3, 251.62, 7265, 0.0
2021-05-25 14:40:00, 251.58, 251.58, 251.295, 251.39, 8858, 0.0
2021-05-25 14:45:00, 251.45, 251.58, 251.25, 251.26, 9749, 0.0
2021-05-25 14:50:00, 251.29, 251.54, 251.19, 251.38, 19667, 0.0
2021-05-25 14:55:00, 251.345, 251.78, 251.33, 251.64, 24722, 0.0
2021-05-26 08:30:00, 251.43, 252.78, 251.41, 251.925, 14274, 0.0
2021-05-26 08:35:00, 251.85, 252.215, 251.32, 251.51, 16025, 0.0
2021-05-26 08:40:00, 251.7, 251.83, 251.35, 251.49, 9396, 0.0
2021-05-26 08:45:00, 251.555, 251.555, 251.17, 251.32, 4599, 0.0
2021-05-26 08:50:00, 251.2, 251.545, 251.04, 251.075, 5906, 0.0
2021-05-26 08:55:00, 251.08, 251.34, 251.08, 251.31, 6364, 0.0
2021-05-26 09:00:00, 251.35, 251.36, 251.06, 251.12, 6449, 0.0
2021-05-26 09:05:00, 251.13, 251.24, 250.97, 251.15, 7086, 0.0
2021-05-26 09:10:00, 251.24, 251.24, 250.88, 250.92, 5365, 0.0
2021-05-26 09:15:00, 250.88, 251.39, 250.88, 251.27, 6263, 0.0
2021-05-26 09:20:00, 251.45, 251.685, 251.44, 251.63, 5681, 0.0
2021-05-26 09:25:00, 251.58, 251.74, 251.435, 251.72, 5256, 0.0
2021-05-26 09:30:00, 251.68, 251.725, 251.59, 251.725, 9386, 0.0
2021-05-26 09:35:00, 251.745, 251.75, 251.6, 251.645, 2532, 0.0
2021-05-26 09:40:00, 251.75, 251.77, 251.62, 251.62, 2236, 0.0
2021-05-26 09:45:00, 251.595, 251.73, 251.595, 251.6, 1986, 0.0
2021-05-26 09:50:00, 251.59, 251.73, 251.53, 251.66, 6242, 0.0
2021-05-26 09:55:00, 251.74, 251.76, 251.58, 251.59, 2337, 0.0
2021-05-26 10:00:00, 251.55, 251.66, 251.47, 251.58, 2332, 0.0
2021-05-26 10:05:00, 251.58, 251.77, 251.58, 251.69, 3681, 0.0
2021-05-26 10:10:00, 251.745, 251.75, 251.48, 251.64, 6625, 0.0
2021-05-26 10:15:00, 251.595, 251.69, 251.49, 251.54, 5726, 0.0
2021-05-26 10:20:00, 251.515, 251.515, 251.32, 251.35, 8626, 0.0
2021-05-26 10:25:00, 251.36, 251.5, 251.36, 251.46, 3876, 0.0
2021-05-26 10:30:00, 251.43, 251.43, 251.17, 251.17, 3065, 0.0
2021-05-26 10:35:00, 251.23, 251.28, 251.22, 251.235, 1030, 0.0
2021-05-26 10:40:00, 251.18, 251.18, 251.08, 251.17, 3957, 0.0
