Date, Open, High, Low, Close, Volume, Open Interest
2021-05-06 14:40:00, 836.9, 837.29, 836.9, 837.23, 348, 0.0
2021-05-06 14:45:00, 838.23, 838.41, 838.14, 838.41, 442, 0.0
2021-05-06 14:50:00, 840.01, 842.13, 839.61, 842.13, 1855, 0.0
2021-05-06 14:55:00, 841.65, 842.425, 841.195, 842.34, 2380, 0.0
2021-05-07 08:30:00, 847.04, 850.345, 847.04, 850.13, 1218, 0.0
2021-05-07 08:35:00, 851.47, 851.47, 850.16, 851.35, 362, 0.0
2021-05-07 08:40:00, 851.78, 852.67, 851.78, 852.46, 915, 0.0
2021-05-07 08:45:00, 854.43, 854.43, 854.43, 854.43, 234, 0.0
2021-05-07 08:50:00, 854.87, 854.87, 854.87, 854.87, 103, 0.0
2021-05-07 08:55:00, 856.27, 856.44, 854, 854, 967, 0.0
2021-05-07 09:00:00, 853.25, 853.42, 852.665, 852.665, 509, 0.0
2021-05-07 09:05:00, 855.3, 856.06, 854.91, 855.11, 872, 0.0
2021-05-07 09:10:00, 855.99, 858.45, 855.99, 858.45, 979, 0.0
2021-05-07 09:15:00, 858.3, 860.295, 858.3, 860.295, 415, 0.0
2021-05-07 09:20:00, 861.25, 861.58, 861.25, 861.38, 357, 0.0
2021-05-07 09:25:00, 862.54, 862.78, 860.94, 860.94, 558, 0.0
2021-05-07 09:30:00, 861.36, 861.36, 860.64, 860.64, 375, 0.0
2021-05-07 09:35:00, 860.57, 860.57, 859.92, 859.92, 297, 0.0
2021-05-07 09:40:00, 859.005, 859.005, 859.005, 859.005, 193, 0.0
2021-05-07 09:45:00, 858, 858, 858, 858, 133, 0.0
2021-05-07 09:50:00, 858.46, 858.46, 858.46, 858.46, 101, 0.0
2021-05-07 09:55:00, 860.17, 860.53, 860.17, 860.53, 205, 0.0
2021-05-07 10:00:00, 860.32, 860.32, 859.42, 859.42, 419, 0.0
2021-05-07 10:05:00, 859.29, 859.29, 859.29, 859.29, 119, 0.0
2021-05-07 10:10:00, 860.94, 862.97, 860.94, 862.41, 703, 0.0
2021-05-07 10:15:00, 862.69, 862.69, 860.63, 860.63, 1210, 0.0
2021-05-07 10:20:00, 860.28, 860.28, 860.2, 860.2, 212, 0.0
2021-05-07 10:30:00, 859.9, 860.5, 859.9, 860.48, 618, 0.0
2021-05-07 10:35:00, 860.29, 860.48, 860.29, 860.48, 244, 0.0
2021-05-07 10:40:00, 861.94, 861.94, 861.94, 861.94, 106, 0.0
2021-05-07 10:55:00, 861.62, 861.62, 861.62, 861.62, 100, 0.0
2021-05-07 11:00:00, 861.66, 861.66, 861.66, 861.66, 101, 0.0
2021-05-07 11:05:00, 860.42, 860.42, 860.42, 860.42, 133, 0.0
2021-05-07 11:20:00, 859.83, 859.83, 859.74, 859.74, 238, 0.0
2021-05-07 11:25:00, 859.02, 859.03, 859.02, 859.03, 201, 0.0
2021-05-07 11:30:00, 859.89, 859.89, 859.89, 859.89, 101, 0.0
2021-05-07 11:35:00, 859.53, 859.92, 859.53, 859.92, 396, 0.0
2021-05-07 11:40:00, 859.68, 860.36, 859.68, 860.36, 326, 0.0
2021-05-07 11:45:00, 860.25, 860.25, 860.03, 860.03, 351, 0.0
2021-05-07 11:50:00, 860.45, 860.45, 860.45, 860.45, 100, 0.0
2021-05-07 12:05:00, 859.96, 859.96, 858.92, 858.92, 208, 0.0
2021-05-07 12:20:00, 858.245, 858.245, 857.98, 857.98, 328, 0.0
2021-05-07 12:30:00, 858.32, 858.32, 858.13, 858.13, 201, 0.0
2021-05-07 12:35:00, 859.42, 859.42, 859.22, 859.22, 440, 0.0
2021-05-07 12:40:00, 858.32, 858.32, 858.255, 858.255, 231, 0.0
2021-05-07 13:00:00, 856.445, 856.445, 856.445, 856.445, 110, 0.0
2021-05-07 13:10:00, 858.02, 858.02, 858.02, 858.02, 105, 0.0
2021-05-07 13:20:00, 855.66, 855.66, 855.66, 855.66, 200, 0.0
2021-05-07 13:25:00, 856.46, 856.64, 856.46, 856.64, 203, 0.0
2021-05-07 13:35:00, 856.185, 856.185, 856.185, 856.185, 101, 0.0
2021-05-07 13:45:00, 857.53, 857.53, 857.53, 857.53, 137, 0.0
2021-05-07 13:50:00, 857.72, 857.72, 857.72, 857.72, 143, 0.0
2021-05-07 13:55:00, 858.21, 858.21, 857.28, 857.675, 401, 0.0
2021-05-07 14:10:00, 859.515, 859.87, 858.98, 858.98, 1529, 0.0
2021-05-07 14:15:00, 857.71, 857.71, 857.71, 857.71, 259, 0.0
2021-05-07 14:20:00, 858.07, 858.07, 858.07, 858.07, 135, 0.0
2021-05-07 14:25:00, 859.45, 859.45, 859.35, 859.35, 245, 0.0
2021-05-07 14:30:00, 859.285, 859.285, 859.285, 859.285, 175, 0.0
2021-05-07 14:35:00, 859.015, 859.37, 858.07, 858.07, 422, 0.0
2021-05-07 14:45:00, 857.885, 858.03, 857.54, 857.71, 1284, 0.0
2021-05-07 14:50:00, 857.925, 858.72, 857.925, 858.51, 714, 0.0
2021-05-07 14:55:00, 857.73, 858.09, 856.775, 857.83, 2825, 0.0
2021-05-10 08:35:00, 852.61, 852.61, 852.61, 852.61, 100, 0.0
2021-05-10 08:40:00, 849.14, 851.49, 849.14, 851.345, 1149, 0.0
2021-05-10 08:45:00, 849.61, 849.61, 847.165, 847.69, 970, 0.0
2021-05-10 08:50:00, 848.39, 848.39, 848.39, 848.39, 100, 0.0
2021-05-10 08:55:00, 848.12, 848.12, 847, 847.32, 849, 0.0
2021-05-10 09:00:00, 846.51, 846.51, 841.87, 841.87, 1077, 0.0
2021-05-10 09:05:00, 841.68, 841.91, 840.52, 840.88, 2129, 0.0
2021-05-10 09:10:00, 841.72, 841.72, 840.7, 841.72, 1640, 0.0
2021-05-10 09:15:00, 841.54, 842.26, 840.91, 840.98, 2643, 0.0
2021-05-10 09:20:00, 841.03, 841.39, 839.81, 839.815, 1512, 0.0
2021-05-10 09:25:00, 840.14, 840.14, 839.86, 839.86, 233, 0.0
2021-05-10 09:30:00, 840.66, 840.66, 839.865, 839.865, 594, 0.0
2021-05-10 09:35:00, 840.54, 842.71, 840.54, 842.48, 1071, 0.0
2021-05-10 09:40:00, 841.13, 841.13, 841.13, 841.13, 112, 0.0
2021-05-10 09:45:00, 841.99, 841.99, 841.93, 841.93, 202, 0.0
2021-05-10 09:50:00, 841.565, 841.565, 841.565, 841.565, 110, 0.0
2021-05-10 09:55:00, 842.47, 842.47, 842.42, 842.42, 400, 0.0
2021-05-10 10:00:00, 844.455, 844.455, 843.2, 843.2, 226, 0.0
2021-05-10 10:05:00, 843.54, 843.54, 843.54, 843.54, 129, 0.0
2021-05-10 10:10:00, 843.18, 843.18, 843.18, 843.18, 100, 0.0
2021-05-10 10:25:00, 845.09, 845.09, 845.09, 845.09, 275, 0.0
2021-05-10 10:30:00, 846.71, 846.96, 846.71, 846.96, 256, 0.0
2021-05-10 10:35:00, 846.1, 846.1, 845.54, 845.64, 394, 0.0
2021-05-10 10:40:00, 846.19, 846.19, 846.19, 846.19, 100, 0.0
2021-05-10 10:45:00, 848.55, 848.705, 848.5, 848.705, 619, 0.0
2021-05-10 10:50:00, 848.69, 848.69, 848.69, 848.69, 125, 0.0
2021-05-10 10:55:00, 848.41, 848.41, 848.41, 848.41, 124, 0.0
2021-05-10 11:00:00, 848.87, 848.87, 848.87, 848.87, 104, 0.0
2021-05-10 11:05:00, 848.74, 848.74, 848.74, 848.74, 101, 0.0
2021-05-10 11:15:00, 849.48, 849.84, 849.48, 849.84, 442, 0.0
2021-05-10 11:20:00, 849.825, 849.825, 849.825, 849.825, 100, 0.0
2021-05-10 11:25:00, 850.17, 850.17, 849.5, 849.85, 2138, 0.0
2021-05-10 11:30:00, 848.63, 848.67, 848.24, 848.24, 410, 0.0
2021-05-10 11:35:00, 847.83, 847.83, 847.83, 847.83, 307, 0.0
2021-05-10 11:40:00, 846.04, 846.06, 846, 846.06, 544, 0.0
2021-05-10 11:50:00, 845.2, 845.2, 845.18, 845.18, 496, 0.0
2021-05-10 12:10:00, 843.97, 843.97, 843.97, 843.97, 129, 0.0
2021-05-10 12:20:00, 845.38, 845.42, 845.38, 845.42, 301, 0.0
2021-05-10 12:25:00, 845.03, 845.03, 843.75, 843.88, 803, 0.0
2021-05-10 12:30:00, 843.045, 843.045, 842.59, 842.59, 257, 0.0
2021-05-10 12:35:00, 841.6, 841.6, 841.6, 841.6, 135, 0.0
2021-05-10 12:40:00, 842.94, 842.94, 842.58, 842.58, 209, 0.0
2021-05-10 13:05:00, 842.095, 842.095, 842.095, 842.095, 308, 0.0
2021-05-10 13:10:00, 841.445, 841.445, 840.33, 840.33, 305, 0.0
2021-05-10 13:15:00, 840.295, 840.295, 837.68, 838.02, 1375, 0.0
2021-05-10 13:20:00, 837.555, 837.555, 835.585, 835.585, 1208, 0.0
2021-05-10 13:25:00, 835.34, 836.765, 835.34, 835.705, 1073, 0.0
2021-05-10 13:30:00, 835.295, 835.635, 835.235, 835.635, 669, 0.0
2021-05-10 13:40:00, 838.55, 838.55, 837.83, 837.99, 348, 0.0
2021-05-10 13:45:00, 837.44, 837.44, 837.44, 837.44, 109, 0.0
2021-05-10 13:50:00, 837.29, 837.6, 837.29, 837.6, 509, 0.0
2021-05-10 13:55:00, 837.11, 837.6, 837.11, 837.55, 334, 0.0
2021-05-10 14:00:00, 838.33, 838.97, 838.205, 838.97, 541, 0.0
2021-05-10 14:05:00, 838.47, 838.61, 836.87, 838.61, 1386, 0.0
2021-05-10 14:10:00, 838.04, 838.04, 838.04, 838.04, 119, 0.0
2021-05-10 14:20:00, 835.845, 836.39, 835.675, 836.19, 687, 0.0
2021-05-10 14:30:00, 839.185, 839.33, 838.86, 838.86, 1274, 0.0
2021-05-10 14:35:00, 839.95, 839.95, 839.88, 839.88, 388, 0.0
2021-05-10 14:40:00, 837.91, 838.62, 837.83, 838.07, 976, 0.0
2021-05-10 14:45:00, 838.25, 838.25, 835.37, 835.38, 789, 0.0
2021-05-10 14:50:00, 835.86, 836.33, 835.11, 835.65, 1832, 0.0
2021-05-10 14:55:00, 834.66, 836.61, 834.65, 834.81, 2334, 0.0
2021-05-11 08:30:00, 824.21, 827.06, 820.99, 825.38, 1170, 0.0
2021-05-11 08:35:00, 826.58, 827.4, 826.58, 827.4, 994, 0.0
2021-05-11 08:40:00, 825.28, 825.3, 821, 821.26, 2721, 0.0
2021-05-11 08:50:00, 822.78, 825.7, 822.6, 824.85, 1420, 0.0
2021-05-11 08:55:00, 824.705, 824.705, 823.74, 823.74, 367, 0.0
2021-05-11 09:00:00, 833.05, 833.49, 833.05, 833.49, 447, 0.0
2021-05-11 09:05:00, 834.94, 834.97, 834.94, 834.97, 236, 0.0
2021-05-11 09:10:00, 835.04, 835.34, 835.04, 835.34, 400, 0.0
2021-05-11 09:15:00, 836.755, 836.755, 834.685, 834.685, 297, 0.0
2021-05-11 09:20:00, 838.62, 838.7, 838.62, 838.7, 347, 0.0
2021-05-11 09:25:00, 834.5, 834.5, 832.33, 832.33, 357, 0.0
2021-05-11 09:30:00, 831.41, 831.41, 828.94, 828.94, 335, 0.0
2021-05-11 09:35:00, 829.67, 829.67, 828.73, 829.09, 1190, 0.0
2021-05-11 09:40:00, 830.4, 830.75, 830.4, 830.75, 300, 0.0
2021-05-11 09:45:00, 832.84, 832.84, 832.84, 832.84, 105, 0.0
2021-05-11 09:55:00, 835.19, 835.265, 835.19, 835.265, 203, 0.0
2021-05-11 10:00:00, 835.39, 835.39, 832.23, 832.23, 369, 0.0
2021-05-11 10:10:00, 830.71, 831.59, 830.37, 831.59, 403, 0.0
2021-05-11 10:15:00, 833.11, 833.11, 833.11, 833.11, 134, 0.0
2021-05-11 10:30:00, 839.92, 839.92, 839.92, 839.92, 113, 0.0
2021-05-11 10:50:00, 838.24, 838.24, 838.24, 838.24, 145, 0.0
2021-05-11 10:55:00, 838.94, 838.94, 838.94, 838.94, 105, 0.0
2021-05-11 11:00:00, 839.09, 840.4, 839.09, 840.4, 469, 0.0
2021-05-11 11:25:00, 835.93, 835.93, 834.84, 835.68, 1270, 0.0
2021-05-11 11:30:00, 833.73, 833.73, 833.73, 833.73, 238, 0.0
2021-05-11 11:40:00, 834.32, 834.32, 834.32, 834.32, 191, 0.0
2021-05-11 11:50:00, 833.87, 834.46, 833.76, 833.76, 400, 0.0
2021-05-11 12:00:00, 833.5, 833.5, 833.5, 833.5, 100, 0.0
2021-05-11 12:10:00, 835.04, 835.04, 835.04, 835.04, 105, 0.0
2021-05-11 12:15:00, 834.64, 834.64, 834.64, 834.64, 166, 0.0
2021-05-11 12:20:00, 836.87, 837.41, 836.57, 837.41, 433, 0.0
2021-05-11 12:25:00, 837.955, 839.5, 837.955, 839.5, 774, 0.0
2021-05-11 12:30:00, 839.69, 839.69, 839.27, 839.485, 796, 0.0
2021-05-11 12:35:00, 839.24, 839.24, 838.175, 838.175, 608, 0.0
2021-05-11 12:40:00, 838.32, 838.42, 838.28, 838.42, 453, 0.0
2021-05-11 12:45:00, 838.83, 839.245, 838.83, 839.245, 485, 0.0
2021-05-11 12:50:00, 836.93, 836.93, 836.48, 836.52, 866, 0.0
2021-05-11 12:55:00, 836.59, 836.59, 836.59, 836.59, 100, 0.0
2021-05-11 13:00:00, 836.98, 837.43, 836.98, 837.43, 356, 0.0
2021-05-11 13:05:00, 837.78, 837.78, 836.495, 836.495, 614, 0.0
2021-05-11 13:10:00, 836.265, 837.5, 836.02, 836.34, 1246, 0.0
2021-05-11 13:15:00, 836.07, 836.07, 836.07, 836.07, 133, 0.0
2021-05-11 13:20:00, 837.53, 837.53, 837.53, 837.53, 273, 0.0
2021-05-11 13:25:00, 839.06, 839.06, 838.93, 838.93, 304, 0.0
2021-05-11 13:30:00, 839.64, 840.09, 839.64, 839.925, 980, 0.0
2021-05-11 13:35:00, 839.085, 839.2, 838.69, 838.86, 1378, 0.0
2021-05-11 13:40:00, 838.93, 838.93, 838.93, 838.93, 129, 0.0
2021-05-11 13:55:00, 840.13, 840.43, 839.125, 839.125, 356, 0.0
2021-05-11 14:10:00, 837.23, 837.23, 837.23, 837.23, 180, 0.0
2021-05-11 14:15:00, 837.355, 838.97, 837.355, 838.97, 433, 0.0
2021-05-11 14:20:00, 837.07, 837.07, 837.07, 837.07, 100, 0.0
2021-05-11 14:25:00, 837.61, 837.61, 837.61, 837.61, 194, 0.0
2021-05-11 14:30:00, 837.02, 837.16, 834.74, 834.97, 857, 0.0
2021-05-11 14:35:00, 832.58, 834.195, 832.57, 834.195, 541, 0.0
2021-05-11 14:40:00, 834.21, 834.605, 834.21, 834.605, 226, 0.0
2021-05-11 14:45:00, 835.38, 836.33, 835.09, 836.33, 1003, 0.0
2021-05-11 14:50:00, 836.34, 837.81, 836.22, 837.68, 1204, 0.0
2021-05-11 14:55:00, 837.51, 837.51, 836.59, 837.16, 1963, 0.0
2021-05-12 08:30:00, 825.48, 825.48, 817.06, 821.48, 974, 0.0
2021-05-12 08:35:00, 819.655, 819.655, 815.87, 815.9, 485, 0.0
2021-05-12 08:40:00, 813.07, 813.98, 813.04, 813.5, 932, 0.0
2021-05-12 08:45:00, 813.87, 814.05, 813.42, 813.88, 814, 0.0
2021-05-12 08:50:00, 813.005, 813.005, 813.005, 813.005, 170, 0.0
2021-05-12 08:55:00, 813.05, 813.19, 812.99, 813.19, 755, 0.0
2021-05-12 09:00:00, 812.23, 812.23, 810.065, 810.28, 1056, 0.0
2021-05-12 09:05:00, 810.51, 811.32, 810.51, 811.08, 535, 0.0
2021-05-12 09:10:00, 810.55, 810.55, 809.055, 809.055, 826, 0.0
2021-05-12 09:15:00, 811.83, 811.83, 811.83, 811.83, 150, 0.0
2021-05-12 09:20:00, 813.265, 813.59, 813, 813.59, 806, 0.0
2021-05-12 09:25:00, 813.445, 813.445, 813.32, 813.32, 319, 0.0
2021-05-12 09:30:00, 813.57, 813.825, 813.1, 813.1, 304, 0.0
2021-05-12 09:35:00, 814.66, 814.66, 814.42, 814.42, 404, 0.0
2021-05-12 09:40:00, 814.085, 814.085, 812.82, 812.97, 466, 0.0
2021-05-12 09:45:00, 813.04, 813.595, 813.04, 813.595, 539, 0.0
2021-05-12 09:55:00, 812.83, 813.45, 812.62, 813.45, 684, 0.0
2021-05-12 10:00:00, 811.26, 811.36, 810.775, 811.36, 1369, 0.0
2021-05-12 10:05:00, 810.985, 811.58, 810.96, 811.58, 1153, 0.0
2021-05-12 10:10:00, 812.67, 812.67, 812.16, 812.16, 1015, 0.0
2021-05-12 10:15:00, 811.37, 811.37, 809.79, 809.79, 3151, 0.0
2021-05-12 10:20:00, 809.03, 809.03, 809.03, 809.03, 100, 0.0
2021-05-12 10:25:00, 809.64, 810.61, 808.725, 808.725, 1747, 0.0
2021-05-12 10:30:00, 807.975, 808.57, 807.975, 808.57, 402, 0.0
2021-05-12 10:35:00, 808.445, 808.445, 806.61, 807.16, 1291, 0.0
2021-05-12 10:40:00, 807.325, 807.66, 807.19, 807.66, 428, 0.0
2021-05-12 10:45:00, 808.615, 808.615, 807.11, 807.11, 304, 0.0
2021-05-12 10:50:00, 806.41, 806.41, 805.215, 805.215, 666, 0.0
2021-05-12 10:55:00, 804.855, 804.86, 804.855, 804.86, 309, 0.0
2021-05-12 11:00:00, 808.15, 808.15, 808.04, 808.04, 248, 0.0
2021-05-12 11:10:00, 806.26, 806.34, 806.26, 806.34, 217, 0.0
2021-05-12 11:15:00, 805.79, 805.79, 805.53, 805.53, 437, 0.0
2021-05-12 11:20:00, 805.89, 805.89, 805.89, 805.89, 100, 0.0
2021-05-12 11:25:00, 809.59, 809.59, 809.59, 809.59, 241, 0.0
2021-05-12 11:30:00, 809.68, 810.89, 809.485, 810.235, 688, 0.0
2021-05-12 11:35:00, 810.47, 810.47, 810.345, 810.345, 340, 0.0
2021-05-12 11:40:00, 810.61, 811.13, 810.455, 811.13, 445, 0.0
2021-05-12 11:45:00, 811.02, 811.02, 811.02, 811.02, 100, 0.0
2021-05-12 11:55:00, 810.42, 810.865, 810.25, 810.865, 994, 0.0
2021-05-12 12:00:00, 811.26, 812.245, 811.26, 812.245, 566, 0.0
2021-05-12 12:05:00, 813.705, 813.705, 812.99, 813.22, 462, 0.0
2021-05-12 12:10:00, 814.635, 814.635, 814.635, 814.635, 156, 0.0
2021-05-12 12:15:00, 813.91, 813.91, 813.825, 813.825, 618, 0.0
2021-05-12 12:20:00, 813.755, 813.755, 813.62, 813.62, 420, 0.0
2021-05-12 12:25:00, 813.905, 813.97, 812.82, 812.82, 439, 0.0
2021-05-12 12:30:00, 812.89, 812.89, 812.89, 812.89, 167, 0.0
2021-05-12 12:35:00, 813.25, 813.25, 813.12, 813.14, 339, 0.0
2021-05-12 12:50:00, 814.36, 814.36, 814.11, 814.11, 471, 0.0
2021-05-12 13:15:00, 814.16, 814.16, 814.08, 814.08, 339, 0.0
2021-05-12 13:30:00, 814.81, 815.49, 814.81, 815.49, 343, 0.0
2021-05-12 13:40:00, 817.52, 817.52, 817.44, 817.44, 245, 0.0
2021-05-12 13:45:00, 817.97, 819, 817.97, 819, 253, 0.0
2021-05-12 13:50:00, 818.52, 818.52, 818.52, 818.52, 115, 0.0
2021-05-12 13:55:00, 819.13, 819.365, 818.29, 818.29, 343, 0.0
2021-05-12 14:15:00, 814.26, 814.26, 814.26, 814.26, 100, 0.0
2021-05-12 14:20:00, 812.9, 812.9, 812.9, 812.9, 114, 0.0
2021-05-12 14:25:00, 813.115, 813.75, 813.11, 813.75, 826, 0.0
2021-05-12 14:30:00, 812.66, 813.8, 812.66, 813.8, 330, 0.0
2021-05-12 14:35:00, 812.33, 812.33, 812.28, 812.28, 303, 0.0
2021-05-12 14:50:00, 810.24, 810.58, 809.84, 809.84, 704, 0.0
2021-05-12 14:55:00, 809.72, 812.28, 809.72, 811.9, 1259, 0.0
2021-05-13 08:30:00, 818.7, 820.11, 818.7, 819.64, 344, 0.0
2021-05-13 08:35:00, 819.41, 820.005, 818.84, 818.84, 387, 0.0
2021-05-13 08:40:00, 818.645, 819.605, 818.47, 818.47, 528, 0.0
2021-05-13 08:45:00, 817.53, 817.53, 816.77, 816.77, 966, 0.0
2021-05-13 08:50:00, 817.905, 817.905, 817.905, 817.905, 400, 0.0
2021-05-13 08:55:00, 819.52, 819.52, 818.39, 818.39, 472, 0.0
2021-05-13 09:00:00, 817.955, 820.135, 817.955, 819.655, 1151, 0.0
2021-05-13 09:05:00, 819.805, 819.805, 816.56, 816.56, 1124, 0.0
2021-05-13 09:15:00, 820.31, 821.24, 820.31, 820.9, 926, 0.0
2021-05-13 09:20:00, 820.45, 820.45, 820.45, 820.45, 140, 0.0
2021-05-13 09:25:00, 821.525, 821.525, 820.645, 820.645, 1025, 0.0
2021-05-13 09:30:00, 824.36, 824.36, 823.895, 823.895, 479, 0.0
2021-05-13 09:45:00, 819.98, 819.98, 819.98, 819.98, 105, 0.0
2021-05-13 09:50:00, 822.16, 823.645, 822.16, 823.645, 520, 0.0
2021-05-13 09:55:00, 825.98, 826.72, 825.98, 826.23, 1002, 0.0
2021-05-13 10:05:00, 825.39, 825.39, 824.65, 824.65, 231, 0.0
2021-05-13 10:10:00, 824.5, 824.92, 822.86, 822.86, 510, 0.0
2021-05-13 10:20:00, 822.29, 822.29, 822.29, 822.29, 100, 0.0
2021-05-13 10:30:00, 823.15, 823.15, 823.15, 823.15, 101, 0.0
2021-05-13 10:35:00, 825.34, 825.48, 825.34, 825.48, 642, 0.0
2021-05-13 10:45:00, 822.7, 822.71, 822.315, 822.555, 834, 0.0
2021-05-13 10:50:00, 821.97, 821.97, 821.97, 821.97, 100, 0.0
2021-05-13 10:55:00, 821.2, 821.2, 821.2, 821.2, 222, 0.0
2021-05-13 11:00:00, 822.06, 822.25, 822.06, 822.25, 300, 0.0
2021-05-13 11:15:00, 822.545, 822.93, 822.22, 822.22, 683, 0.0
2021-05-13 11:20:00, 822.9, 822.9, 822.9, 822.9, 100, 0.0
2021-05-13 11:25:00, 822.065, 822.065, 822.065, 822.065, 108, 0.0
2021-05-13 11:30:00, 823, 823, 822.865, 822.865, 210, 0.0
2021-05-13 11:35:00, 822.99, 822.99, 822.78, 822.91, 557, 0.0
2021-05-13 11:40:00, 821.265, 821.265, 821.265, 821.265, 100, 0.0
2021-05-13 11:45:00, 820.83, 821.005, 820.23, 820.83, 996, 0.0
2021-05-13 11:50:00, 820.225, 820.225, 819.7, 819.7, 905, 0.0
2021-05-13 12:00:00, 818.24, 818.24, 818.09, 818.09, 505, 0.0
2021-05-13 12:05:00, 817.85, 817.85, 817.155, 817.65, 721, 0.0
2021-05-13 12:10:00, 818.055, 819.02, 818.055, 819.02, 375, 0.0
2021-05-13 12:15:00, 817.835, 818.25, 817.835, 818.25, 307, 0.0
2021-05-13 12:20:00, 816.34, 816.34, 816.34, 816.34, 100, 0.0
2021-05-13 12:25:00, 816.72, 817.33, 816.72, 817.33, 400, 0.0
2021-05-13 12:30:00, 816.45, 816.45, 816.45, 816.45, 108, 0.0
2021-05-13 12:35:00, 815.43, 815.43, 815.43, 815.43, 202, 0.0
2021-05-13 12:40:00, 814.95, 814.95, 814.4, 814.61, 815, 0.0
2021-05-13 12:45:00, 815.41, 815.41, 815.41, 815.41, 100, 0.0
2021-05-13 12:50:00, 816.25, 816.29, 816.25, 816.29, 403, 0.0
2021-05-13 13:05:00, 820.21, 822.36, 820.21, 822.36, 246, 0.0
2021-05-13 13:10:00, 823.24, 823.3, 823.24, 823.3, 201, 0.0
2021-05-13 13:20:00, 821.69, 821.69, 821.69, 821.69, 133, 0.0
2021-05-13 13:30:00, 821.93, 821.93, 821.93, 821.93, 123, 0.0
2021-05-13 13:35:00, 822.93, 822.93, 822.93, 822.93, 109, 0.0
2021-05-13 13:45:00, 824.06, 824.06, 824.06, 824.06, 100, 0.0
2021-05-13 13:55:00, 823.89, 823.89, 823.89, 823.89, 106, 0.0
2021-05-13 14:15:00, 823.1, 824.2, 822.79, 824.2, 702, 0.0
2021-05-13 14:25:00, 822.56, 822.73, 822.56, 822.73, 407, 0.0
2021-05-13 14:30:00, 823.44, 823.44, 823.44, 823.44, 551, 0.0
2021-05-13 14:40:00, 825.81, 825.81, 825.81, 825.81, 114, 0.0
2021-05-13 14:45:00, 826.06, 826.06, 824.64, 824.64, 518, 0.0
2021-05-13 14:50:00, 822.17, 822.18, 821.88, 822.15, 522, 0.0
2021-05-13 14:55:00, 822.07, 822.07, 821.245, 821.245, 822, 0.0
2021-05-14 08:30:00, 825.3, 825.3, 824.41, 824.41, 351, 0.0
2021-05-14 08:35:00, 822, 822, 822, 822, 106, 0.0
2021-05-14 08:45:00, 826.765, 826.765, 826.765, 826.765, 100, 0.0
2021-05-14 09:05:00, 828.37, 828.37, 828.37, 828.37, 136, 0.0
2021-05-14 09:20:00, 830.73, 831.68, 830.72, 831.68, 946, 0.0
2021-05-14 09:25:00, 832.31, 832.31, 832.31, 832.31, 152, 0.0
2021-05-14 09:30:00, 832.09, 832.65, 831.88, 832.32, 872, 0.0
2021-05-14 09:35:00, 834.22, 834.84, 832.26, 834.84, 569, 0.0
2021-05-14 09:45:00, 833.045, 833.57, 833.045, 833.13, 492, 0.0
2021-05-14 09:50:00, 834.14, 834.93, 834.14, 834.93, 316, 0.0
2021-05-14 09:55:00, 835.37, 835.37, 835.37, 835.37, 150, 0.0
2021-05-14 10:00:00, 834.4, 835.75, 834.4, 835.75, 666, 0.0
2021-05-14 10:05:00, 835.25, 835.32, 835.25, 835.32, 336, 0.0
2021-05-14 10:10:00, 836.59, 836.59, 836.59, 836.59, 108, 0.0
2021-05-14 10:15:00, 837.64, 837.64, 836.49, 836.49, 399, 0.0
2021-05-14 10:20:00, 836.74, 837.01, 836.13, 836.13, 309, 0.0
2021-05-14 10:25:00, 835.79, 835.79, 834.94, 834.94, 332, 0.0
2021-05-14 10:30:00, 834.59, 834.59, 834.59, 834.59, 143, 0.0
2021-05-14 10:35:00, 835.255, 835.5, 835.255, 835.5, 200, 0.0
2021-05-14 10:45:00, 835.47, 835.62, 835.47, 835.62, 443, 0.0
2021-05-14 10:50:00, 835, 835, 835, 835, 148, 0.0
2021-05-14 11:00:00, 833.4, 834.42, 833.4, 834.42, 477, 0.0
2021-05-14 11:10:00, 835.21, 835.21, 835.21, 835.21, 111, 0.0
2021-05-14 11:25:00, 834.95, 835.07, 834.87, 834.87, 444, 0.0
2021-05-14 11:40:00, 834.83, 835, 834.83, 835, 242, 0.0
2021-05-14 11:50:00, 836.37, 836.37, 836.26, 836.26, 312, 0.0
2021-05-14 12:00:00, 837.03, 837.03, 837.03, 837.03, 121, 0.0
2021-05-14 12:05:00, 835.55, 835.55, 835.55, 835.55, 138, 0.0
2021-05-14 12:15:00, 835.89, 835.89, 835.89, 835.89, 105, 0.0
2021-05-14 12:20:00, 835.22, 835.22, 834.86, 834.86, 453, 0.0
2021-05-14 12:30:00, 836.67, 836.67, 836.67, 836.67, 162, 0.0
2021-05-14 12:35:00, 837.24, 838.31, 837.24, 838.31, 1159, 0.0
2021-05-14 12:40:00, 838.365, 839.435, 837.13, 837.13, 1317, 0.0
2021-05-14 12:50:00, 837.27, 837.27, 837.27, 837.27, 192, 0.0
2021-05-14 12:55:00, 836.73, 836.73, 836.73, 836.73, 139, 0.0
2021-05-14 13:00:00, 835.65, 835.65, 835.31, 835.31, 216, 0.0
2021-05-14 13:15:00, 834.83, 834.83, 834.435, 834.435, 339, 0.0
2021-05-14 13:20:00, 833.825, 833.825, 833.6, 833.615, 474, 0.0
2021-05-14 13:25:00, 834.425, 834.425, 834.425, 834.425, 101, 0.0
2021-05-14 13:45:00, 836.1, 836.1, 836.1, 836.1, 103, 0.0
2021-05-14 14:00:00, 837.13, 837.13, 837.13, 837.13, 103, 0.0
2021-05-14 14:05:00, 836.63, 836.63, 836.63, 836.63, 106, 0.0
2021-05-14 14:10:00, 836.09, 836.66, 836.09, 836.66, 342, 0.0
2021-05-14 14:25:00, 835.48, 835.48, 835.48, 835.48, 117, 0.0
2021-05-14 14:30:00, 834.41, 834.41, 834.41, 834.41, 115, 0.0
2021-05-14 14:35:00, 834.51, 834.51, 834.49, 834.49, 217, 0.0
2021-05-14 14:40:00, 834.47, 834.6, 834.47, 834.6, 485, 0.0
2021-05-14 14:45:00, 834.64, 835.12, 834.64, 835.12, 713, 0.0
2021-05-14 14:50:00, 834.63, 836.09, 834.63, 835.33, 1221, 0.0
2021-05-14 14:55:00, 834.6, 834.6, 834.065, 834.065, 705, 0.0
2021-05-17 08:30:00, 823.115, 826.26, 823.11, 826.26, 537, 0.0
2021-05-17 08:35:00, 825.59, 826.74, 825.59, 826.48, 1251, 0.0
2021-05-17 08:40:00, 826.97, 826.97, 825.92, 825.97, 959, 0.0
2021-05-17 08:45:00, 826.24, 826.24, 823.85, 824.73, 553, 0.0
2021-05-17 08:50:00, 823.24, 823.44, 823.24, 823.44, 300, 0.0
2021-05-17 09:00:00, 818.85, 819.89, 818.85, 819.89, 442, 0.0
2021-05-17 09:05:00, 820, 820, 819.225, 819.225, 1142, 0.0
2021-05-17 09:10:00, 817.7, 819.6, 817.7, 819.6, 604, 0.0
2021-05-17 09:15:00, 820.22, 820.22, 820.22, 820.22, 216, 0.0
2021-05-17 09:25:00, 819.39, 819.39, 816.92, 816.92, 511, 0.0
2021-05-17 09:30:00, 816.78, 816.78, 816.78, 816.78, 175, 0.0
2021-05-17 09:35:00, 817.49, 817.66, 816.66, 817.01, 1541, 0.0
2021-05-17 09:40:00, 819.01, 819.21, 819.01, 819.08, 538, 0.0
2021-05-17 09:45:00, 819.8, 819.8, 819.8, 819.8, 165, 0.0
2021-05-17 09:50:00, 818.87, 818.87, 818.58, 818.58, 434, 0.0
2021-05-17 09:55:00, 817.75, 817.75, 817.75, 817.75, 100, 0.0
2021-05-17 10:00:00, 816.425, 817.65, 816.425, 817.65, 433, 0.0
2021-05-17 10:10:00, 818.32, 818.32, 816.29, 816.29, 517, 0.0
2021-05-17 10:15:00, 815.56, 815.56, 815.56, 815.56, 278, 0.0
2021-05-17 10:20:00, 816.18, 816.47, 816.16, 816.34, 733, 0.0
2021-05-17 10:25:00, 816.96, 816.96, 816.79, 816.79, 226, 0.0
2021-05-17 10:40:00, 814.09, 814.99, 814.09, 814.82, 497, 0.0
2021-05-17 10:55:00, 813.66, 813.66, 813.66, 813.66, 184, 0.0
2021-05-17 11:00:00, 814.83, 814.83, 814.83, 814.83, 100, 0.0
2021-05-17 11:05:00, 816.63, 816.63, 816.385, 816.47, 400, 0.0
2021-05-17 11:20:00, 815.745, 815.745, 815.745, 815.745, 219, 0.0
2021-05-17 11:25:00, 815.19, 815.19, 815.15, 815.165, 2000, 0.0
2021-05-17 11:30:00, 815.165, 815.165, 815.165, 815.165, 240, 0.0
2021-05-17 11:35:00, 815, 815.065, 815, 815.065, 300, 0.0
2021-05-17 11:50:00, 814.78, 814.78, 814.78, 814.78, 159, 0.0
2021-05-17 12:05:00, 814.74, 814.76, 814.555, 814.76, 342, 0.0
2021-05-17 12:10:00, 814.56, 814.56, 814.56, 814.56, 279, 0.0
2021-05-17 12:15:00, 814.515, 814.515, 814.515, 814.515, 100, 0.0
2021-05-17 12:20:00, 813.84, 813.84, 813.84, 813.84, 144, 0.0
2021-05-17 12:25:00, 812.88, 812.88, 812.88, 812.88, 100, 0.0
2021-05-17 12:30:00, 811.96, 812.42, 811.96, 812.42, 576, 0.0
2021-05-17 12:35:00, 812.86, 813.78, 812.86, 813.75, 547, 0.0
2021-05-17 12:45:00, 813.51, 813.51, 813.51, 813.51, 102, 0.0
2021-05-17 12:50:00, 813.795, 813.795, 813.59, 813.77, 508, 0.0
2021-05-17 13:00:00, 813.25, 813.63, 812.95, 813.63, 827, 0.0
2021-05-17 13:05:00, 814.71, 814.71, 814.55, 814.55, 233, 0.0
2021-05-17 13:20:00, 814.83, 814.83, 813.7, 813.7, 1163, 0.0
2021-05-17 13:25:00, 814.07, 814.79, 814.07, 814.79, 336, 0.0
2021-05-17 13:30:00, 814.81, 815.635, 814.66, 815.635, 941, 0.0
2021-05-17 13:35:00, 815.4, 815.4, 815.34, 815.34, 213, 0.0
2021-05-17 13:40:00, 814.945, 815.385, 814.945, 815.385, 344, 0.0
2021-05-17 13:45:00, 815.86, 815.86, 815.86, 815.86, 100, 0.0
2021-05-17 13:50:00, 816.08, 816.17, 816.08, 816.17, 437, 0.0
2021-05-17 13:55:00, 816.64, 816.64, 816.64, 816.64, 130, 0.0
2021-05-17 14:00:00, 817.355, 817.65, 817.355, 817.65, 217, 0.0
2021-05-17 14:05:00, 818.27, 818.27, 816.525, 816.71, 1024, 0.0
2021-05-17 14:10:00, 816.87, 817.41, 816.87, 817.41, 226, 0.0
2021-05-17 14:15:00, 817.08, 817.14, 817.01, 817.14, 480, 0.0
2021-05-17 14:20:00, 817.47, 817.47, 816.55, 816.55, 337, 0.0
2021-05-17 14:25:00, 815.95, 815.95, 815.77, 815.77, 215, 0.0
2021-05-17 14:40:00, 816.85, 816.99, 816.81, 816.81, 1397, 0.0
2021-05-17 14:45:00, 816.69, 816.99, 816.63, 816.63, 712, 0.0
2021-05-17 14:50:00, 816.945, 816.995, 816.36, 816.36, 821, 0.0
2021-05-17 14:55:00, 816.89, 816.98, 816.72, 816.98, 1479, 0.0
2021-05-18 08:30:00, 818.715, 818.715, 818.715, 818.715, 138, 0.0
2021-05-18 08:35:00, 818.915, 818.915, 818.15, 818.15, 685, 0.0
2021-05-18 08:40:00, 817.04, 817.25, 816.6, 817.25, 403, 0.0
2021-05-18 08:45:00, 816.595, 817.15, 816.29, 816.29, 1495, 0.0
2021-05-18 08:50:00, 815.46, 815.46, 815.46, 815.46, 111, 0.0
2021-05-18 08:55:00, 816.22, 816.22, 814.83, 815.525, 1347, 0.0
2021-05-18 09:00:00, 816.3, 817.36, 816.3, 816.96, 686, 0.0
2021-05-18 09:10:00, 818.05, 819.52, 818.05, 819.045, 333, 0.0
2021-05-18 09:15:00, 819.33, 819.6, 819.33, 819.6, 306, 0.0
2021-05-18 09:20:00, 819.91, 819.91, 818.59, 819.09, 1874, 0.0
2021-05-18 09:30:00, 821.7, 822.21, 821.7, 822.21, 340, 0.0
2021-05-18 09:35:00, 823.66, 823.66, 823.11, 823.11, 868, 0.0
2021-05-18 09:40:00, 822.79, 822.79, 821.76, 821.76, 217, 0.0
2021-05-18 09:45:00, 822.24, 823.85, 822.24, 823.82, 648, 0.0
2021-05-18 10:05:00, 821.94, 821.985, 820.71, 820.71, 556, 0.0
2021-05-18 10:10:00, 820.57, 820.57, 820.57, 820.57, 115, 0.0
2021-05-18 10:20:00, 820.81, 820.81, 820.51, 820.51, 428, 0.0
2021-05-18 10:25:00, 820.36, 820.36, 820.33, 820.33, 238, 0.0
2021-05-18 10:30:00, 817.57, 817.57, 817.35, 817.35, 554, 0.0
2021-05-18 10:35:00, 818.085, 819.34, 817.77, 819.34, 354, 0.0
2021-05-18 10:45:00, 817.96, 818.09, 817.96, 818.09, 390, 0.0
2021-05-18 10:50:00, 817.83, 817.83, 817.75, 817.75, 231, 0.0
2021-05-18 10:55:00, 817.115, 817.115, 817.115, 817.115, 100, 0.0
2021-05-18 11:00:00, 817.98, 817.98, 817.98, 817.98, 100, 0.0
2021-05-18 11:05:00, 818.855, 818.855, 818.855, 818.855, 100, 0.0
2021-05-18 11:15:00, 822.57, 823, 822.57, 823, 200, 0.0
2021-05-18 11:20:00, 821.95, 822.345, 821.95, 822.345, 416, 0.0
2021-05-18 11:25:00, 822.54, 822.54, 822.47, 822.47, 410, 0.0
2021-05-18 11:30:00, 822.1, 822.205, 822.1, 822.205, 441, 0.0
2021-05-18 11:35:00, 822.69, 822.69, 822.595, 822.595, 410, 0.0
2021-05-18 11:50:00, 822.27, 822.27, 822.27, 822.27, 102, 0.0
2021-05-18 12:00:00, 821.28, 821.46, 821.28, 821.46, 313, 0.0
2021-05-18 12:05:00, 822.1, 822.24, 821.85, 822.24, 689, 0.0
2021-05-18 12:25:00, 822.435, 822.435, 822.435, 822.435, 288, 0.0
2021-05-18 12:30:00, 822.46, 822.46, 822.46, 822.46, 226, 0.0
2021-05-18 12:35:00, 822.03, 822.03, 821.48, 821.48, 533, 0.0
2021-05-18 12:40:00, 820.88, 820.88, 820.14, 820.29, 737, 0.0
2021-05-18 12:45:00, 819.83, 819.83, 819.83, 819.83, 100, 0.0
2021-05-18 12:50:00, 820.125, 820.125, 820.125, 820.125, 100, 0.0
2021-05-18 13:00:00, 819.51, 819.51, 818.38, 818.38, 311, 0.0
2021-05-18 13:05:00, 818.93, 819.025, 818.66, 818.805, 735, 0.0
2021-05-18 13:10:00, 818.15, 818.2, 818.15, 818.2, 234, 0.0
2021-05-18 13:15:00, 818.045, 818.045, 818.045, 818.045, 116, 0.0
2021-05-18 13:20:00, 817.78, 817.78, 817.78, 817.78, 113, 0.0
2021-05-18 13:25:00, 817.5, 817.5, 817.5, 817.5, 143, 0.0
2021-05-18 13:30:00, 817.4, 817.4, 815.99, 816.325, 479, 0.0
2021-05-18 13:35:00, 815.01, 815.01, 815.01, 815.01, 119, 0.0
2021-05-18 13:45:00, 814.24, 814.24, 814.24, 814.24, 154, 0.0
2021-05-18 14:00:00, 815.84, 816.12, 815.39, 816.12, 402, 0.0
2021-05-18 14:10:00, 816.08, 816.08, 816.08, 816.08, 114, 0.0
2021-05-18 14:15:00, 815.48, 816.74, 815, 816.74, 1314, 0.0
2021-05-18 14:20:00, 817.805, 817.805, 817.805, 817.805, 105, 0.0
2021-05-18 14:25:00, 818.56, 818.56, 818.56, 818.56, 105, 0.0
2021-05-18 14:35:00, 819.92, 819.92, 819.465, 819.465, 371, 0.0
2021-05-18 14:40:00, 820.78, 820.78, 820.31, 820.31, 428, 0.0
2021-05-18 14:45:00, 818.57, 818.57, 816.77, 816.77, 460, 0.0
2021-05-18 14:50:00, 816.38, 816.38, 815.71, 816.06, 1242, 0.0
2021-05-18 14:55:00, 816.4, 816.62, 814.17, 814.17, 2438, 0.0
2021-05-19 08:30:00, 803.34, 803.34, 803.34, 803.34, 292, 0.0
2021-05-19 08:35:00, 808.315, 808.315, 808.315, 808.315, 112, 0.0
2021-05-19 08:40:00, 802.02, 802.13, 802.02, 802.13, 441, 0.0
2021-05-19 08:45:00, 802.81, 804.41, 802.21, 802.62, 596, 0.0
2021-05-19 08:50:00, 801.73, 802.02, 801.52, 802.02, 315, 0.0
2021-05-19 08:55:00, 801.33, 801.33, 799.75, 799.75, 457, 0.0
2021-05-19 09:00:00, 800, 800, 797.89, 797.89, 685, 0.0
2021-05-19 09:10:00, 799.67, 800.7, 798.24, 800.24, 728, 0.0
2021-05-19 09:15:00, 800.555, 801.165, 800.555, 801.165, 418, 0.0
2021-05-19 09:20:00, 801.06, 801.06, 800.63, 800.63, 311, 0.0
2021-05-19 09:25:00, 801.575, 802.22, 801.185, 801.185, 1170, 0.0
2021-05-19 09:30:00, 800.76, 803.84, 800.76, 802.46, 773, 0.0
2021-05-19 09:40:00, 801, 802.245, 801, 802.165, 451, 0.0
2021-05-19 09:45:00, 805.305, 805.305, 805.305, 805.305, 153, 0.0
2021-05-19 09:50:00, 806.89, 806.89, 806.89, 806.89, 102, 0.0
2021-05-19 09:55:00, 809.21, 809.21, 809.21, 809.21, 110, 0.0
2021-05-19 10:00:00, 809.45, 809.45, 807.425, 807.425, 1039, 0.0
2021-05-19 10:05:00, 806.995, 809.14, 806.995, 808.59, 867, 0.0
2021-05-19 10:10:00, 808.09, 808.45, 808.09, 808.37, 754, 0.0
2021-05-19 10:15:00, 804.8, 805.18, 804.8, 805.18, 200, 0.0
2021-05-19 10:20:00, 805.4, 806.79, 805.4, 806.79, 249, 0.0
2021-05-19 10:25:00, 806.77, 806.77, 806.77, 806.77, 100, 0.0
2021-05-19 10:30:00, 806.41, 806.41, 806.41, 806.41, 116, 0.0
2021-05-19 10:35:00, 804.92, 804.92, 804.92, 804.92, 117, 0.0
2021-05-19 10:40:00, 805.58, 805.58, 805.58, 805.58, 101, 0.0
2021-05-19 10:50:00, 807.18, 807.18, 807.18, 807.18, 208, 0.0
2021-05-19 11:15:00, 810.97, 810.97, 810.83, 810.83, 249, 0.0
2021-05-19 11:20:00, 810.47, 810.47, 809.94, 810.47, 586, 0.0
2021-05-19 11:25:00, 810.44, 810.44, 810.44, 810.44, 102, 0.0
2021-05-19 11:35:00, 809.99, 809.99, 809.99, 809.99, 102, 0.0
2021-05-19 11:40:00, 810.22, 811.14, 810.22, 811.14, 205, 0.0
2021-05-19 11:55:00, 811.43, 811.43, 811.34, 811.34, 380, 0.0
2021-05-19 12:00:00, 810.73, 810.73, 810.73, 810.73, 104, 0.0
2021-05-19 12:05:00, 811.53, 811.53, 811.53, 811.53, 109, 0.0
2021-05-19 12:15:00, 812.4, 812.4, 812.4, 812.4, 153, 0.0
2021-05-19 12:35:00, 810.1, 810.1, 809.96, 809.96, 415, 0.0
2021-05-19 12:40:00, 810.46, 810.46, 810.46, 810.46, 101, 0.0
2021-05-19 12:45:00, 811.4, 811.4, 811.4, 811.4, 107, 0.0
2021-05-19 12:50:00, 811.06, 811.06, 810.53, 810.555, 444, 0.0
2021-05-19 12:55:00, 809.73, 810.185, 809.73, 810.185, 205, 0.0
2021-05-19 13:00:00, 811.11, 811.11, 811.11, 811.11, 241, 0.0
2021-05-19 13:05:00, 806.85, 806.85, 806.85, 806.85, 315, 0.0
2021-05-19 13:15:00, 806.9, 807.85, 806.9, 807.85, 236, 0.0
2021-05-19 13:20:00, 811.245, 812.55, 811.245, 812.435, 517, 0.0
2021-05-19 13:25:00, 811.99, 811.99, 810.34, 810.34, 751, 0.0
2021-05-19 13:30:00, 810.34, 811.165, 810.34, 811.165, 242, 0.0
2021-05-19 13:55:00, 810.22, 810.22, 810.22, 810.22, 104, 0.0
2021-05-19 14:10:00, 810.22, 810.22, 809.87, 809.87, 232, 0.0
2021-05-19 14:20:00, 810.63, 810.63, 810.63, 810.63, 144, 0.0
2021-05-19 14:25:00, 811.395, 811.395, 810.36, 810.36, 557, 0.0
2021-05-19 14:30:00, 810.02, 810.56, 809.9, 810.56, 814, 0.0
2021-05-19 14:35:00, 811.13, 811.13, 811.13, 811.13, 189, 0.0
2021-05-19 14:40:00, 812.94, 812.94, 812.94, 812.94, 252, 0.0
2021-05-19 14:45:00, 811.78, 811.78, 811.78, 811.78, 228, 0.0
2021-05-19 14:50:00, 812.84, 816.42, 812.84, 815.16, 1260, 0.0
2021-05-19 14:55:00, 815, 816.14, 815, 816.08, 2051, 0.0
2021-05-20 08:30:00, 824.99, 824.99, 820.5, 821.49, 778, 0.0
2021-05-20 08:35:00, 821.75, 824.59, 821.75, 823.85, 644, 0.0
2021-05-20 08:45:00, 824.94, 825.32, 824.94, 825.32, 514, 0.0
2021-05-20 08:50:00, 826.485, 826.485, 826.485, 826.485, 124, 0.0
2021-05-20 09:05:00, 826.94, 826.94, 826.94, 826.94, 100, 0.0
2021-05-20 09:10:00, 827.66, 827.66, 827.66, 827.66, 111, 0.0
2021-05-20 09:15:00, 829.77, 829.77, 829.77, 829.77, 100, 0.0
2021-05-20 09:25:00, 829.92, 829.92, 829.92, 829.92, 218, 0.0
2021-05-20 09:40:00, 831.6, 831.6, 831.6, 831.6, 106, 0.0
2021-05-20 10:05:00, 829.97, 829.97, 829.97, 829.97, 100, 0.0
2021-05-20 10:10:00, 829.795, 829.795, 829.795, 829.795, 100, 0.0
2021-05-20 10:15:00, 831.34, 831.34, 831.34, 831.34, 201, 0.0
2021-05-20 10:20:00, 833.15, 833.44, 833.15, 833.44, 205, 0.0
2021-05-20 10:25:00, 834.9, 836.49, 834.35, 834.35, 763, 0.0
2021-05-20 10:30:00, 834.14, 834.14, 831.62, 831.62, 436, 0.0
2021-05-20 10:35:00, 831.91, 832.21, 831.515, 831.515, 421, 0.0
2021-05-20 10:40:00, 830.71, 830.81, 830.71, 830.81, 239, 0.0
2021-05-20 10:45:00, 829.68, 830.17, 829.23, 829.87, 980, 0.0
2021-05-20 10:50:00, 830.41, 830.99, 830.41, 830.99, 563, 0.0
2021-05-20 11:00:00, 833.56, 833.56, 833.56, 833.56, 100, 0.0
2021-05-20 11:05:00, 833.815, 833.815, 833.29, 833.29, 300, 0.0
2021-05-20 11:25:00, 832.875, 832.875, 832.875, 832.875, 100, 0.0
2021-05-20 11:40:00, 831.065, 831.065, 830.29, 830.29, 205, 0.0
2021-05-20 11:45:00, 831.26, 831.26, 831.26, 831.26, 134, 0.0
2021-05-20 11:50:00, 831.21, 831.31, 831.17, 831.17, 300, 0.0
2021-05-20 12:00:00, 833.61, 834, 833.61, 834, 208, 0.0
2021-05-20 12:05:00, 833.53, 833.53, 833.01, 833.01, 216, 0.0
2021-05-20 12:15:00, 833.38, 833.38, 833.38, 833.38, 421, 0.0
2021-05-20 12:20:00, 835.88, 835.88, 835.88, 835.88, 329, 0.0
2021-05-20 12:25:00, 833.76, 833.76, 833.76, 833.76, 100, 0.0
2021-05-20 12:30:00, 833.91, 833.91, 833.91, 833.91, 100, 0.0
2021-05-20 12:35:00, 835.23, 835.82, 835.23, 835.82, 301, 0.0
2021-05-20 12:40:00, 836.26, 836.26, 836.26, 836.26, 121, 0.0
2021-05-20 12:50:00, 835.385, 835.385, 835.385, 835.385, 202, 0.0
2021-05-20 12:55:00, 834.69, 834.92, 834.69, 834.92, 637, 0.0
2021-05-20 13:00:00, 835.1, 835.55, 835.1, 835.55, 315, 0.0
2021-05-20 13:05:00, 836.37, 836.37, 835.48, 835.48, 219, 0.0
2021-05-20 13:10:00, 834.9, 834.9, 834.9, 834.9, 101, 0.0
2021-05-20 13:15:00, 834.15, 834.15, 834.15, 834.15, 110, 0.0
2021-05-20 13:25:00, 834.09, 834.09, 833.69, 833.69, 307, 0.0
2021-05-20 13:30:00, 832.44, 832.44, 832.44, 832.44, 125, 0.0
2021-05-20 13:35:00, 832.85, 833.37, 832.85, 833.37, 201, 0.0
2021-05-20 13:40:00, 833.65, 833.65, 833.65, 833.65, 105, 0.0
2021-05-20 13:45:00, 833.88, 834.06, 833.88, 834.06, 306, 0.0
2021-05-20 14:00:00, 833.91, 833.91, 833.91, 833.91, 100, 0.0
2021-05-20 14:05:00, 833.905, 833.905, 833.73, 833.73, 352, 0.0
2021-05-20 14:10:00, 834.09, 834.09, 834.09, 834.09, 103, 0.0
2021-05-20 14:15:00, 833.58, 833.7, 833.58, 833.7, 250, 0.0
2021-05-20 14:20:00, 835.46, 835.46, 835.46, 835.46, 110, 0.0
2021-05-20 14:25:00, 835.86, 836.775, 835.86, 836.775, 447, 0.0
2021-05-20 14:30:00, 835.24, 835.34, 834.99, 834.99, 305, 0.0
2021-05-20 14:35:00, 835.86, 836.24, 835.34, 835.34, 915, 0.0
2021-05-20 14:40:00, 833.06, 833.1, 833.06, 833.1, 359, 0.0
2021-05-20 14:45:00, 833.33, 834.08, 832.885, 832.885, 1150, 0.0
2021-05-20 14:50:00, 832.17, 833.34, 832.17, 833.23, 1572, 0.0
2021-05-20 14:55:00, 833, 833, 831.85, 831.85, 1685, 0.0
2021-05-21 08:30:00, 839.84, 839.84, 839.84, 839.84, 100, 0.0
2021-05-21 08:35:00, 841.33, 841.33, 838.42, 840.17, 569, 0.0
2021-05-21 08:45:00, 838.935, 838.935, 837.63, 838.93, 604, 0.0
2021-05-21 08:50:00, 836.93, 836.93, 836.93, 836.93, 157, 0.0
2021-05-21 08:55:00, 839.59, 839.59, 839.44, 839.44, 724, 0.0
2021-05-21 09:00:00, 840.35, 840.35, 839.82, 839.82, 302, 0.0
2021-05-21 09:05:00, 838.79, 838.79, 837.545, 838.71, 755, 0.0
2021-05-21 09:10:00, 838.135, 838.135, 838.135, 838.135, 215, 0.0
2021-05-21 09:15:00, 836.86, 836.86, 835.675, 835.675, 1200, 0.0
2021-05-21 09:20:00, 835.68, 835.85, 835.68, 835.85, 300, 0.0
2021-05-21 09:25:00, 837.545, 837.545, 836.83, 836.83, 200, 0.0
2021-05-21 09:30:00, 836.97, 837.4, 836.97, 837.4, 212, 0.0
2021-05-21 09:35:00, 839.06, 839.06, 839.06, 839.06, 121, 0.0
2021-05-21 09:45:00, 836.32, 836.83, 836.32, 836.83, 206, 0.0
2021-05-21 09:50:00, 836.62, 836.62, 836.62, 836.62, 239, 0.0
2021-05-21 09:55:00, 836.96, 836.96, 836.96, 836.96, 331, 0.0
2021-05-21 10:00:00, 838.32, 838.32, 838.32, 838.32, 149, 0.0
2021-05-21 10:05:00, 838.5, 839, 838.5, 838.675, 656, 0.0
2021-05-21 10:15:00, 838.98, 838.98, 838.98, 838.98, 239, 0.0
2021-05-21 10:30:00, 835.82, 835.82, 835.82, 835.82, 104, 0.0
2021-05-21 10:35:00, 836.325, 836.325, 835.77, 835.77, 338, 0.0
2021-05-21 10:50:00, 835.05, 835.05, 835.05, 835.05, 102, 0.0
2021-05-21 10:55:00, 834.17, 834.17, 833.98, 833.99, 713, 0.0
2021-05-21 11:05:00, 832.46, 832.46, 832.46, 832.46, 162, 0.0
2021-05-21 11:15:00, 833.92, 833.92, 833.8, 833.8, 203, 0.0
2021-05-21 11:25:00, 834.13, 834.13, 833.37, 833.63, 316, 0.0
2021-05-21 11:30:00, 834.31, 834.37, 834.285, 834.37, 327, 0.0
2021-05-21 11:35:00, 834.66, 834.835, 834.02, 834.835, 654, 0.0
2021-05-21 11:45:00, 835.685, 835.685, 835.22, 835.22, 344, 0.0
2021-05-21 11:50:00, 834.26, 834.26, 834.26, 834.26, 101, 0.0
2021-05-21 11:55:00, 833.21, 833.21, 832.72, 832.72, 306, 0.0
2021-05-21 12:05:00, 833.65, 833.65, 833.65, 833.65, 100, 0.0
2021-05-21 12:10:00, 833.6, 833.65, 833.6, 833.65, 200, 0.0
2021-05-21 12:20:00, 833.53, 833.9, 833.53, 833.9, 269, 0.0
2021-05-21 12:30:00, 835.03, 835.03, 835.03, 835.03, 123, 0.0
2021-05-21 12:35:00, 835.44, 835.44, 834.84, 834.84, 362, 0.0
2021-05-21 12:40:00, 834.92, 834.92, 834.92, 834.92, 101, 0.0
2021-05-21 12:45:00, 834.635, 834.635, 834.36, 834.36, 236, 0.0
2021-05-21 12:50:00, 834.64, 834.79, 834.6, 834.6, 510, 0.0
2021-05-21 12:55:00, 833.665, 833.86, 833.665, 833.86, 205, 0.0
2021-05-21 13:05:00, 833.68, 833.72, 833.68, 833.72, 409, 0.0
2021-05-21 13:10:00, 834.665, 835.205, 834.665, 835.205, 202, 0.0
2021-05-21 13:15:00, 835.11, 835.11, 834.77, 834.77, 596, 0.0
2021-05-21 13:20:00, 834.79, 834.79, 834.59, 834.59, 289, 0.0
2021-05-21 13:25:00, 833.92, 833.92, 833.92, 833.92, 105, 0.0
2021-05-21 13:30:00, 833.52, 833.52, 833.52, 833.52, 103, 0.0
2021-05-21 13:35:00, 832.71, 832.895, 832.43, 832.43, 331, 0.0
2021-05-21 13:45:00, 832.68, 832.68, 832.68, 832.68, 155, 0.0
2021-05-21 13:50:00, 832.74, 832.74, 832.74, 832.74, 100, 0.0
2021-05-21 13:55:00, 832.54, 832.54, 832.29, 832.29, 431, 0.0
2021-05-21 14:05:00, 832.32, 832.46, 832.32, 832.46, 211, 0.0
2021-05-21 14:10:00, 833.03, 833.03, 833.03, 833.03, 101, 0.0
2021-05-21 14:15:00, 833.295, 833.31, 833.04, 833.04, 326, 0.0
2021-05-21 14:20:00, 832.84, 833.47, 832.84, 833.47, 279, 0.0
2021-05-21 14:25:00, 833.43, 833.64, 833.43, 833.64, 211, 0.0
2021-05-21 14:30:00, 833.25, 833.25, 833.05, 833.05, 248, 0.0
2021-05-21 14:35:00, 833.075, 833.41, 833.075, 833.41, 441, 0.0
2021-05-21 14:40:00, 831.6, 831.6, 831.6, 831.6, 170, 0.0
2021-05-21 14:45:00, 830.585, 830.585, 830.01, 830.01, 508, 0.0
2021-05-21 14:50:00, 830.01, 830.01, 826.65, 826.65, 2135, 0.0
2021-05-21 14:55:00, 826.655, 826.655, 824.94, 825.27, 5180, 0.0
2021-05-24 08:30:00, 835.45, 835.665, 834.08, 834.63, 869, 0.0
2021-05-24 08:35:00, 834.48, 834.48, 834.48, 834.48, 145, 0.0
2021-05-24 08:40:00, 833.05, 833.05, 833.05, 833.05, 254, 0.0
2021-05-24 08:50:00, 834.85, 834.85, 834.85, 834.85, 100, 0.0
2021-05-24 09:00:00, 835.815, 835.815, 834.3, 834.3, 435, 0.0
2021-05-24 09:15:00, 836.08, 836.99, 836.08, 836.99, 1219, 0.0
2021-05-24 09:20:00, 836.81, 836.81, 836.78, 836.78, 438, 0.0
2021-05-24 09:25:00, 837.315, 837.315, 837.315, 837.315, 100, 0.0
2021-05-24 09:30:00, 838.58, 838.58, 838.58, 838.58, 100, 0.0
2021-05-24 09:35:00, 836.9, 837.9, 836.9, 837.9, 231, 0.0
2021-05-24 09:40:00, 837.95, 837.95, 837.78, 837.81, 579, 0.0
2021-05-24 09:45:00, 838.02, 840.36, 838.02, 840.36, 731, 0.0
2021-05-24 09:50:00, 838.685, 839, 838.685, 838.9, 325, 0.0
2021-05-24 09:55:00, 838.93, 838.96, 838.39, 838.55, 805, 0.0
2021-05-24 10:00:00, 838.6, 838.73, 838.57, 838.57, 302, 0.0
2021-05-24 10:10:00, 838.63, 838.865, 838.63, 838.76, 467, 0.0
2021-05-24 10:15:00, 838.96, 839.635, 838.96, 839.635, 754, 0.0
2021-05-24 10:20:00, 839.6, 839.7, 839.43, 839.66, 942, 0.0
2021-05-24 10:25:00, 839.34, 839.34, 839.34, 839.34, 152, 0.0
2021-05-24 10:30:00, 839.78, 839.98, 839.5, 839.5, 510, 0.0
2021-05-24 10:35:00, 839.55, 839.55, 839.55, 839.55, 104, 0.0
2021-05-24 10:40:00, 839.565, 839.565, 838.95, 839.26, 604, 0.0
2021-05-24 10:45:00, 839.04, 839.04, 839.04, 839.04, 209, 0.0
2021-05-24 10:50:00, 838.965, 838.965, 838.88, 838.915, 789, 0.0
2021-05-24 10:55:00, 838.83, 838.93, 838.83, 838.93, 385, 0.0
2021-05-24 11:00:00, 838.695, 838.73, 838.695, 838.73, 352, 0.0
2021-05-24 11:05:00, 838.57, 838.88, 838.57, 838.88, 306, 0.0
2021-05-24 11:10:00, 838.04, 838.04, 838.04, 838.04, 134, 0.0
2021-05-24 11:30:00, 838.31, 838.42, 837.02, 837.02, 1153, 0.0
2021-05-24 11:35:00, 837.485, 837.485, 837.485, 837.485, 100, 0.0
2021-05-24 11:50:00, 834.77, 834.77, 834.77, 834.77, 105, 0.0
2021-05-24 12:00:00, 836.735, 837.23, 836.735, 836.98, 596, 0.0
2021-05-24 12:10:00, 836.615, 836.615, 836.615, 836.615, 100, 0.0
2021-05-24 12:15:00, 836.445, 836.445, 836.445, 836.445, 106, 0.0
2021-05-24 12:20:00, 836.4, 836.655, 836.4, 836.655, 350, 0.0
2021-05-24 12:25:00, 836.67, 836.67, 836.67, 836.67, 107, 0.0
2021-05-24 12:30:00, 836.81, 836.81, 836.62, 836.62, 435, 0.0
2021-05-24 12:40:00, 835.87, 835.87, 835.84, 835.84, 285, 0.0
2021-05-24 12:45:00, 835.6, 835.64, 835.6, 835.64, 200, 0.0
2021-05-24 12:55:00, 835.14, 835.6, 835.14, 835.6, 213, 0.0
2021-05-24 13:00:00, 835.775, 835.775, 835.36, 835.36, 369, 0.0
2021-05-24 13:05:00, 835.62, 835.84, 835.62, 835.84, 307, 0.0
2021-05-24 13:10:00, 835.4, 835.4, 835.4, 835.4, 162, 0.0
2021-05-24 13:20:00, 835.68, 835.68, 835.68, 835.68, 115, 0.0
2021-05-24 13:25:00, 835.71, 835.71, 835.71, 835.71, 100, 0.0
2021-05-24 13:30:00, 835.7, 835.7, 835.59, 835.59, 394, 0.0
2021-05-24 13:40:00, 836.52, 837.295, 836.45, 837.295, 550, 0.0
2021-05-24 13:45:00, 837.09, 837.66, 837.09, 837.37, 1003, 0.0
2021-05-24 13:55:00, 837.785, 838.25, 837.15, 837.15, 799, 0.0
2021-05-24 14:00:00, 836.83, 837.235, 836.83, 837.235, 450, 0.0
2021-05-24 14:05:00, 836.9, 836.9, 836.9, 836.9, 166, 0.0
2021-05-24 14:10:00, 836.78, 836.78, 836.44, 836.59, 648, 0.0
2021-05-24 14:15:00, 836.3, 836.5, 836.3, 836.5, 348, 0.0
2021-05-24 14:20:00, 836.23, 836.23, 835.91, 835.91, 311, 0.0
2021-05-24 14:25:00, 836.17, 836.17, 835.76, 835.76, 401, 0.0
2021-05-24 14:30:00, 835.68, 835.68, 834.86, 834.93, 503, 0.0
2021-05-24 14:35:00, 834.88, 834.9, 834.76, 834.78, 975, 0.0
2021-05-24 14:40:00, 834.99, 834.99, 834.745, 834.745, 512, 0.0
2021-05-24 14:45:00, 834.87, 834.98, 834.7, 834.77, 735, 0.0
2021-05-24 14:50:00, 834.645, 835.15, 834.43, 835, 2624, 0.0
2021-05-24 14:55:00, 834.98, 834.98, 834.32, 834.59, 3338, 0.0
2021-05-25 08:30:00, 843.13, 843.13, 842.26, 842.26, 300, 0.0
2021-05-25 08:35:00, 843.72, 843.92, 842.03, 842.03, 473, 0.0
2021-05-25 08:40:00, 839.63, 842.25, 839.63, 840.73, 1037, 0.0
2021-05-25 08:45:00, 840.655, 840.655, 838.38, 839.28, 743, 0.0
2021-05-25 08:50:00, 839.67, 839.67, 838.65, 838.65, 844, 0.0
2021-05-25 08:55:00, 840.31, 840.94, 840.31, 840.94, 402, 0.0
2021-05-25 09:00:00, 840.62, 840.66, 839.81, 839.81, 300, 0.0
2021-05-25 09:05:00, 839.78, 840.2, 839.78, 840.2, 202, 0.0
2021-05-25 09:10:00, 839.96, 840.5, 839.7, 839.71, 724, 0.0
2021-05-25 09:15:00, 840.355, 840.355, 840.355, 840.355, 100, 0.0
2021-05-25 09:20:00, 840.2, 840.97, 840.2, 840.97, 575, 0.0
2021-05-25 09:25:00, 840.93, 842.29, 840.93, 842.18, 636, 0.0
2021-05-25 09:30:00, 842.96, 844.45, 842.96, 843.57, 977, 0.0
2021-05-25 09:35:00, 841.07, 841.21, 841.07, 841.21, 783, 0.0
2021-05-25 09:40:00, 841.34, 841.34, 841.34, 841.34, 191, 0.0
2021-05-25 09:50:00, 840.72, 840.86, 840.655, 840.86, 311, 0.0
2021-05-25 09:55:00, 840.93, 841.035, 840.49, 841.035, 411, 0.0
2021-05-25 10:00:00, 841.265, 841.265, 841.265, 841.265, 134, 0.0
2021-05-25 10:10:00, 839.61, 839.61, 839.61, 839.61, 100, 0.0
2021-05-25 10:15:00, 839.45, 839.45, 838.8, 838.8, 201, 0.0
2021-05-25 10:25:00, 839.44, 839.59, 839.44, 839.59, 382, 0.0
2021-05-25 10:30:00, 839.48, 839.59, 839.325, 839.325, 408, 0.0
2021-05-25 10:40:00, 841.73, 841.73, 841.73, 841.73, 107, 0.0
2021-05-25 10:45:00, 841.62, 841.76, 841.61, 841.76, 474, 0.0
2021-05-25 10:55:00, 842.005, 842.005, 842.005, 842.005, 105, 0.0
2021-05-25 11:00:00, 841.93, 841.93, 841.64, 841.64, 201, 0.0
2021-05-25 11:05:00, 841.81, 842.07, 841.81, 842.07, 1026, 0.0
2021-05-25 11:20:00, 841.7, 841.7, 841.7, 841.7, 114, 0.0
2021-05-25 11:25:00, 841.68, 841.68, 841.68, 841.68, 101, 0.0
2021-05-25 11:30:00, 841.36, 841.36, 841.36, 841.36, 101, 0.0
2021-05-25 12:00:00, 840.54, 840.56, 840.13, 840.13, 540, 0.0
2021-05-25 12:05:00, 839.89, 840.16, 839.74, 840.16, 434, 0.0
2021-05-25 12:10:00, 840.1, 840.1, 840.1, 840.1, 200, 0.0
2021-05-25 12:15:00, 841.17, 841.17, 840.13, 840.13, 503, 0.0
2021-05-25 12:30:00, 839.98, 839.98, 839.98, 839.98, 114, 0.0
2021-05-25 12:40:00, 839.57, 839.57, 839.57, 839.57, 152, 0.0
2021-05-25 12:45:00, 840.09, 840.09, 840.09, 840.09, 100, 0.0
2021-05-25 12:50:00, 840.51, 840.51, 840.51, 840.51, 176, 0.0
2021-05-25 12:55:00, 840.7, 840.81, 839.95, 839.95, 535, 0.0
2021-05-25 13:15:00, 839.72, 839.73, 839.72, 839.73, 458, 0.0
2021-05-25 13:25:00, 840, 840, 839.92, 839.92, 205, 0.0
2021-05-25 13:30:00, 839.53, 839.915, 839.53, 839.58, 873, 0.0
2021-05-25 13:35:00, 839.96, 839.96, 839.89, 839.89, 634, 0.0
2021-05-25 13:40:00, 840.41, 840.41, 840.41, 840.41, 120, 0.0
2021-05-25 13:45:00, 841.84, 841.84, 841.44, 841.45, 436, 0.0
2021-05-25 13:50:00, 841.81, 841.81, 841.81, 841.81, 108, 0.0
2021-05-25 14:00:00, 840.32, 840.5, 840.32, 840.5, 316, 0.0
2021-05-25 14:05:00, 840.66, 840.66, 840.66, 840.66, 100, 0.0
2021-05-25 14:10:00, 840.28, 840.94, 840.28, 840.94, 265, 0.0
2021-05-25 14:15:00, 840.71, 840.85, 840.71, 840.85, 492, 0.0
2021-05-25 14:20:00, 841.16, 841.16, 840.455, 840.455, 240, 0.0
2021-05-25 14:25:00, 841.57, 842.3, 841.57, 842.3, 352, 0.0
2021-05-25 14:30:00, 843.63, 843.84, 843.02, 843.02, 714, 0.0
2021-05-25 14:35:00, 843.545, 844.64, 843.365, 844.64, 534, 0.0
2021-05-25 14:40:00, 844.28, 844.28, 843.28, 843.28, 1125, 0.0
2021-05-25 14:45:00, 843.68, 844.05, 843.68, 844.05, 403, 0.0
2021-05-25 14:50:00, 844.48, 845.83, 843.87, 845.83, 2097, 0.0
2021-05-25 14:55:00, 845.86, 846.63, 845.7, 846.57, 4635, 0.0
2021-05-26 08:30:00, 846.905, 848.44, 845.98, 846.22, 1275, 0.0
2021-05-26 08:35:00, 841.72, 842.77, 841.72, 841.97, 402, 0.0
2021-05-26 08:40:00, 842.835, 842.835, 841.04, 842.78, 1433, 0.0
2021-05-26 08:45:00, 839.9, 840.66, 836.69, 836.69, 1549, 0.0
2021-05-26 08:50:00, 836.295, 837.21, 836.295, 837.005, 724, 0.0
2021-05-26 08:55:00, 840.045, 840.045, 840.045, 840.045, 270, 0.0
2021-05-26 09:05:00, 836.49, 838.66, 836.49, 838.66, 427, 0.0
2021-05-26 09:10:00, 838.83, 838.83, 838.83, 838.83, 196, 0.0
2021-05-26 09:15:00, 836.77, 836.77, 835.645, 835.645, 1025, 0.0
2021-05-26 09:20:00, 836.97, 836.99, 836.68, 836.99, 537, 0.0
2021-05-26 09:30:00, 837.945, 838.88, 837.945, 838.88, 288, 0.0
2021-05-26 09:35:00, 836.64, 836.64, 836.64, 836.64, 218, 0.0
2021-05-26 09:45:00, 838.17, 838.17, 837.705, 837.705, 599, 0.0
2021-05-26 09:55:00, 836.71, 836.71, 836.325, 836.325, 384, 0.0
2021-05-26 10:00:00, 836.76, 837, 836.63, 836.63, 647, 0.0
2021-05-26 10:05:00, 838.44, 838.73, 838.32, 838.73, 748, 0.0
2021-05-26 10:10:00, 838.01, 838.01, 838.01, 838.01, 209, 0.0
2021-05-26 10:15:00, 838.225, 838.37, 838.225, 838.37, 404, 0.0
2021-05-26 10:20:00, 837.84, 840.55, 837.84, 840.23, 493, 0.0
2021-05-26 10:30:00, 838.505, 838.505, 838.505, 838.505, 163, 0.0
2021-05-26 10:35:00, 838.85, 838.85, 838.85, 838.85, 103, 0.0
