Date, Open, High, Low, Close, Volume, Open Interest
2020-11-23 23:00:00, 726.9, 728.65, 721.02, 724.8, 387319, 0.0
2020-11-24 23:00:00, 729.3, 732.74, 724.87, 726.43, 255506, 0.0
2020-11-26 23:00:00, 735.37, 735.57, 726, 729.13, 229649, 0.0
2020-11-29 23:00:00, 725.41, 733.89, 721, 726.3725, 492074, 0.0
2020-11-30 23:00:00, 733.3, 736.52, 721.85, 733.83, 428004, 0.0
2020-12-01 23:00:00, 731.01, 754.2, 731.01, 751.85, 495458, 0.0
2020-12-02 23:00:00, 751.99, 764.25, 748.87, 759.02, 471932, 0.0
2020-12-03 23:00:00, 753.47, 781.895, 753.47, 780.34, 483388, 0.0
2020-12-06 23:00:00, 778, 780.53, 762.32, 764.39, 340530, 0.0
2020-12-07 23:00:00, 762.86, 767.58, 755, 765.35, 327506, 0.0
2020-12-08 23:00:00, 767.61, 767.61, 750.1, 754.37, 318859, 0.0
2020-12-09 23:00:00, 755.6, 766.8, 748.08, 758, 305586, 0.0
2020-12-10 23:00:00, 754.15, 761.9, 745.88, 760.26, 397629, 0.0
2020-12-13 23:00:00, 764, 780.63, 762.05, 764.06, 442165, 0.0
2020-12-14 23:00:00, 757.01, 771.56, 755, 768.52, 327504, 0.0
2020-12-15 23:00:00, 765.75, 769.96, 762.055, 766.59, 221625, 0.0
2020-12-16 23:00:00, 771.38, 781.245, 767.25, 779.37, 338007, 0.0
2020-12-17 23:00:00, 786.79, 790.8, 775.0399, 789.81, 389952, 0.0
2020-12-20 23:00:00, 778.01, 789.98, 768.18, 789.27, 377070, 0.0
2020-12-21 23:00:00, 790.11, 816.84, 788.27, 815.5, 587319, 0.0
2020-12-22 23:00:00, 817.01, 826.81, 808.53, 808.83, 352335, 0.0
2020-12-23 23:00:00, 810.71, 812.34, 803.01, 806.735, 141886, 0.0
2020-12-27 23:00:00, 818.21, 819.99, 797.22, 805.35, 328970, 0.0
2020-12-28 23:00:00, 812.37, 820.3, 807.135, 814.39, 274075, 0.0
2020-12-29 23:00:00, 819.99, 822.15, 812.035, 815.75, 171027, 0.0
2020-12-30 23:00:00, 815.52, 821.025, 810.3074, 818.1, 248495, 0.0
2021-01-03 23:00:00, 825.84, 825.84, 788.88, 800.12, 487136, 0.0
2021-01-04 23:00:00, 793.89, 811.39, 789.39, 804.89, 340261, 0.0
2021-01-05 23:00:00, 795.28, 800, 786.86, 792.71, 544065, 0.0
2021-01-06 23:00:00, 798.87, 810.405, 790, 808.21, 312070, 0.0
2021-01-07 23:00:00, 804.22, 825.3948, 804.06, 818.75, 396668, 0.0
2021-01-10 23:00:00, 818.43, 818.43, 803.8401, 813.74, 315678, 0.0
2021-01-11 23:00:00, 811.34, 813.03, 788.3, 788.31, 516095, 0.0
2021-01-12 23:00:00, 787.37, 824, 786, 812.34, 707424, 0.0
2021-01-13 23:00:00, 814.29, 815.77, 795.05, 797.32, 419424, 0.0
2021-01-14 23:00:00, 800.06, 802.06, 777, 778.29, 654415, 0.0
2021-01-18 23:00:00, 785.09, 792, 775.4212, 778.27, 536777, 0.0
2021-01-19 23:00:00, 785.55, 801.67, 781.63, 798.88, 465335, 0.0
2021-01-20 23:00:00, 796.33, 802, 782.6, 799.43, 518486, 0.0
2021-01-21 23:00:00, 783.04, 789.22, 743.53, 744.08, 1691027, 0.0
2021-01-24 23:00:00, 747.41, 754.64, 735.64, 752.24, 999676, 0.0
2021-01-25 23:00:00, 754.48, 772.63, 753.015, 769.81, 924555, 0.0
2021-01-26 23:00:00, 760.4, 769.39, 746.9601, 758.73, 681635, 0.0
2021-01-27 23:00:00, 767.05, 778.24, 764.93, 765.3, 463196, 0.0
2021-01-28 23:00:00, 754.364, 761.1699, 741.5, 746.62, 489494, 0.0
2021-01-31 23:00:00, 752, 760.87, 740, 745.9, 551759, 0.0
2021-02-01 23:00:00, 753.66, 768.49, 753.66, 759.05, 437498, 0.0
2021-02-02 23:00:00, 754.99, 757.76, 744.61, 744.83, 431482, 0.0
2021-02-03 23:00:00, 750, 764.64, 745.26, 756.83, 662913, 0.0
2021-02-04 23:00:00, 764.6, 766.33, 760.5, 761.7, 351342, 0.0
2021-02-07 23:00:00, 768.26, 775.04, 761.86, 770, 360506, 0.0
2021-02-08 23:00:00, 772.99, 788.91, 770.78, 778.83, 420516, 0.0
2021-02-09 23:00:00, 787, 794.51, 778.9155, 788.08, 389576, 0.0
2021-02-10 23:00:00, 794, 800.4, 788.22, 798.79, 383184, 0.0
2021-02-11 23:00:00, 799.26, 808.42, 793.7916, 808.1, 363538, 0.0
2021-02-15 23:00:00, 810, 812.79, 788.89, 791.94, 413654, 0.0
2021-02-16 23:00:00, 782, 788.4, 774.42, 779.22, 318046, 0.0
2021-02-17 23:00:00, 774.57, 776.42, 757.79, 767.37, 451238, 0.0
2021-02-18 23:00:00, 773.25, 773.25, 749.68, 749.69, 619015, 0.0
2021-02-21 23:00:00, 751.79, 752.79, 737, 741.39, 484490, 0.0
2021-02-22 23:00:00, 742, 748.63, 732.1, 744.88, 492397, 0.0
2021-02-23 23:00:00, 743.73, 759.67, 738.285, 759.33, 333066, 0.0
2021-02-24 23:00:00, 754.86, 758.89, 731.9, 741.83, 348804, 0.0
2021-02-25 23:00:00, 743.9, 747.7042, 726.31, 736.92, 393360, 0.0
2021-02-28 23:00:00, 749.04, 760.77, 745.665, 759.23, 433997, 0.0
2021-03-01 23:00:00, 760, 760, 746.78, 750.62, 235887, 0.0
2021-03-02 23:00:00, 746.06, 746.06, 721.481, 727.6, 403734, 0.0
2021-03-03 23:00:00, 725, 727.24, 699.03, 709.18, 711113, 0.0
2021-03-04 23:00:00, 712.25, 718.44, 687.24, 713.36, 655043, 0.0
2021-03-07 23:00:00, 705.35, 710.57, 682.4, 684.9, 532931, 0.0
2021-03-08 23:00:00, 697.54, 710.25, 690.01, 702.8, 523670, 0.0
2021-03-09 23:00:00, 720.98, 727.61, 712.83, 719.8, 530023, 0.0
2021-03-10 23:00:00, 730.36, 738.98, 724.3569, 732, 390460, 0.0
2021-03-11 23:00:00, 721.12, 736.41, 720, 733.98, 402049, 0.0
2021-03-14 23:00:00, 727.32, 737.55, 725.05, 734.99, 305967, 0.0
2021-03-15 23:00:00, 740.41, 741.5, 721.51, 726.21, 315231, 0.0
2021-03-16 23:00:00, 724.33, 728.97, 712.8, 725.25, 235531, 0.0
2021-03-17 23:00:00, 715.72, 719.57, 695.06, 698.72, 569336, 0.0
2021-03-18 23:00:00, 701.5, 714.72, 695.39, 707.14, 543423, 0.0
2021-03-21 23:00:00, 707.72, 721.155, 703.14, 715.26, 244543, 0.0
2021-03-22 23:00:00, 719.14, 720.98, 707.65, 710.82, 236350, 0.0
2021-03-23 23:00:00, 712.17, 720.34, 705.49, 710.8, 335383, 0.0
2021-03-24 23:00:00, 710.6493, 714.42, 693.62, 704.5, 369958, 0.0
2021-03-25 23:00:00, 707.08, 731.84, 704.75, 730.75, 366678, 0.0
2021-03-28 23:00:00, 729.45, 734.14, 717.325, 723.87, 353138, 0.0
2021-03-29 23:00:00, 719.11, 728.99, 714.52, 727.07, 337671, 0.0
2021-03-30 23:00:00, 727.99, 743.93, 727.26, 739.28, 393728, 0.0
2021-03-31 23:00:00, 749.99, 758.07, 745.88, 747.59, 372708, 0.0
2021-04-04 23:00:00, 750.21, 770.63, 750.21, 765.93, 436685, 0.0
2021-04-05 23:00:00, 767, 776.265, 760.8, 767.3, 291321, 0.0
2021-04-06 23:00:00, 767.39, 771.015, 759.57, 761.02, 241847, 0.0
2021-04-07 23:00:00, 764.04, 774.1, 765.95, 770.63, 220005, 0.0
2021-04-08 23:00:00, 773.58, 786.32, 768.4801, 784.16, 279786, 0.0
2021-04-11 23:00:00, 778.13, 785.66, 777.315, 779.69, 261797, 0.0
2021-04-12 23:00:00, 778.95, 796.825, 778.95, 794.05, 290895, 0.0
2021-04-13 23:00:00, 792, 800.245, 784.8, 786.63, 257235, 0.0
2021-04-14 23:00:00, 792.66, 808, 789.3, 804.19, 323239, 0.0
2021-04-15 23:00:00, 807.65, 813.4, 801.85, 813.12, 426780, 0.0
2021-04-18 23:00:00, 810.62, 815.68, 802.52, 811.11, 405333, 0.0
2021-04-19 23:00:00, 806.66, 824.53, 806.65, 810.51, 513921, 0.0
2021-04-20 23:00:00, 842.98, 893.79, 820, 891.38, 1951334, 0.0
2021-04-21 23:00:00, 884.89, 887.885, 858.56, 858.88, 1011121, 0.0
2021-04-22 23:00:00, 851.19, 882.915, 842.72, 875.65, 743329, 0.0
2021-04-25 23:00:00, 869.93, 872.07, 860.174, 865.95, 460562, 0.0
2021-04-26 23:00:00, 868.04, 867, 858.5, 861.34, 429737, 0.0
2021-04-27 23:00:00, 862.57, 875.83, 860.98, 869.12, 463057, 0.0
2021-04-28 23:00:00, 873.7, 873.7, 857.82, 863, 292697, 0.0
2021-04-29 23:00:00, 859.27, 865.91, 855.27, 865.5, 336552, 0.0
2021-05-02 23:00:00, 872.14, 874.99, 860.14, 867.89, 291260, 0.0
2021-05-03 23:00:00, 861.72, 862.08, 834.105, 848.99, 529716, 0.0
2021-05-04 23:00:00, 854.13, 860.98, 836.53, 838.37, 386598, 0.0
2021-05-05 23:00:00, 834.26, 842.69, 825.66, 841.75, 336332, 0.0
2021-05-06 23:00:00, 844.14, 863.275, 844.14, 857.09, 411053, 0.0
2021-05-09 23:00:00, 859.88, 862, 833.06, 834.48, 406630, 0.0
2021-05-10 23:00:00, 823.16, 840.815, 820.99, 836.21, 421292, 0.0
2021-05-11 23:00:00, 828, 825.48, 804.27, 811.87, 466948, 0.0
2021-05-12 23:00:00, 815, 827.07, 813.21, 820.83, 310450, 0.0
2021-05-13 23:00:00, 822.9682, 839.435, 821.51, 833.37, 270554, 0.0
2021-05-16 23:00:00, 828.78, 828.78, 811.6, 816.91, 543751, 0.0
2021-05-17 23:00:00, 821.66, 824, 813.57, 814.13, 411891, 0.0
2021-05-18 23:00:00, 801.74, 817.03, 797.71, 816.58, 360225, 0.0
2021-05-19 23:00:00, 820.57, 836.91, 819.74, 832.66, 896432, 0.0
2021-05-20 23:00:00, 835.98, 843.01, 824.08, 824.705, 367951, 0.0
2021-05-23 23:00:00, 833.05, 840.36, 832.26, 834.92, 566752, 0.0
2021-05-24 23:00:00, 840.29, 846.76, 838.38, 846.42, 567652, 0.0
2021-05-25 23:00:00, 847.11, 849.69, 835.195, 839.56, 164386, 0.0
