Date, Open, High, Low, Close, Volume, Open Interest
2021-05-18 08:59:00, 279.84, 279.84, 279.84, 279.84, 332, 0.0
2021-05-18 09:00:00, 279.86, 279.86, 279.86, 279.86, 274, 0.0
2021-05-18 09:02:00, 279.53, 279.53, 279.43, 279.43, 420, 0.0
2021-05-18 09:04:00, 279.06, 279.06, 279.06, 279.06, 352, 0.0
2021-05-18 09:06:00, 279.01, 279.01, 279.01, 279.01, 141, 0.0
2021-05-18 09:08:00, 279.48, 279.48, 279.47, 279.47, 354, 0.0
2021-05-18 09:10:00, 279.48, 279.48, 279.48, 279.48, 100, 0.0
2021-05-18 09:14:00, 279.505, 279.505, 279.505, 279.505, 109, 0.0
2021-05-18 09:17:00, 279.745, 279.745, 279.745, 279.745, 277, 0.0
2021-05-18 09:20:00, 279.56, 279.56, 279.4, 279.42, 432, 0.0
2021-05-18 09:22:00, 279.4, 279.55, 279.4, 279.47, 515, 0.0
2021-05-18 09:23:00, 279.42, 279.54, 279.42, 279.49, 603, 0.0
2021-05-18 09:24:00, 279.38, 279.39, 279.38, 279.39, 200, 0.0
2021-05-18 09:25:00, 279.34, 279.34, 279.34, 279.34, 100, 0.0
2021-05-18 09:26:00, 279.37, 279.37, 279.37, 279.37, 122, 0.0
2021-05-18 09:28:00, 279.46, 279.46, 279.46, 279.46, 127, 0.0
2021-05-18 09:29:00, 279.46, 279.46, 279.46, 279.46, 140, 0.0
2021-05-18 09:30:00, 279.65, 279.65, 279.65, 279.65, 107, 0.0
2021-05-18 09:31:00, 279.73, 279.79, 279.73, 279.74, 511, 0.0
2021-05-18 09:32:00, 279.7, 279.7, 279.7, 279.7, 217, 0.0
2021-05-18 09:40:00, 281.3, 281.3, 281.3, 281.3, 102, 0.0
2021-05-18 09:42:00, 282.18, 282.18, 282.18, 282.18, 148, 0.0
2021-05-18 09:43:00, 282.1, 282.1, 282.1, 282.1, 264, 0.0
2021-05-18 09:47:00, 282.89, 282.89, 282.89, 282.89, 103, 0.0
2021-05-18 09:54:00, 282.5, 282.5, 282.5, 282.5, 234, 0.0
2021-05-18 09:59:00, 282.08, 282.08, 282.08, 282.08, 361, 0.0
2021-05-18 10:06:00, 282.49, 282.49, 282.34, 282.34, 239, 0.0
2021-05-18 10:08:00, 282.53, 282.53, 282.52, 282.52, 200, 0.0
2021-05-18 10:11:00, 282.58, 282.58, 282.58, 282.58, 101, 0.0
2021-05-18 10:12:00, 282.47, 282.47, 282.47, 282.47, 228, 0.0
2021-05-18 10:15:00, 282.36, 282.36, 282.36, 282.36, 105, 0.0
2021-05-18 10:19:00, 282.25, 282.25, 282.25, 282.25, 178, 0.0
2021-05-18 10:20:00, 282.15, 282.15, 282.15, 282.15, 101, 0.0
2021-05-18 10:21:00, 281.935, 281.935, 281.935, 281.935, 105, 0.0
2021-05-18 10:30:00, 282.53, 282.53, 282.49, 282.49, 224, 0.0
2021-05-18 10:31:00, 282.34, 282.34, 282.07, 282.07, 448, 0.0
2021-05-18 10:32:00, 282.01, 282.01, 282.01, 282.01, 137, 0.0
2021-05-18 10:39:00, 282.08, 282.08, 282.08, 282.08, 102, 0.0
2021-05-18 10:40:00, 282.1, 282.1, 282.1, 282.1, 334, 0.0
2021-05-18 10:45:00, 281.92, 281.92, 281.92, 281.92, 123, 0.0
2021-05-18 11:00:00, 282.205, 282.205, 282.205, 282.205, 100, 0.0
2021-05-18 11:02:00, 282.18, 282.18, 282.18, 282.18, 100, 0.0
2021-05-18 11:03:00, 282.27, 282.27, 282.27, 282.27, 200, 0.0
2021-05-18 11:04:00, 282.32, 282.405, 282.31, 282.405, 371, 0.0
2021-05-18 11:12:00, 282.43, 282.43, 282.43, 282.43, 246, 0.0
2021-05-18 11:13:00, 282.38, 282.55, 282.38, 282.55, 235, 0.0
2021-05-18 11:17:00, 282.55, 282.55, 282.35, 282.37, 503, 0.0
2021-05-18 11:23:00, 282.255, 282.32, 282.255, 282.32, 284, 0.0
2021-05-18 11:26:00, 282.49, 282.49, 282.49, 282.49, 111, 0.0
2021-05-18 11:33:00, 282.49, 282.49, 282.49, 282.49, 318, 0.0
2021-05-18 11:40:00, 282.76, 282.76, 282.76, 282.76, 111, 0.0
2021-05-18 11:45:00, 282.85, 282.85, 282.835, 282.835, 299, 0.0
2021-05-18 11:50:00, 282.71, 282.71, 282.71, 282.71, 133, 0.0
2021-05-18 11:51:00, 282.72, 282.72, 282.605, 282.605, 343, 0.0
2021-05-18 11:57:00, 282.57, 282.57, 282.57, 282.57, 113, 0.0
2021-05-18 11:58:00, 282.42, 282.42, 282.42, 282.42, 107, 0.0
2021-05-18 12:01:00, 282.375, 282.375, 282.375, 282.375, 100, 0.0
2021-05-18 12:02:00, 282.335, 282.335, 282.335, 282.335, 157, 0.0
2021-05-18 12:04:00, 282.46, 282.46, 282.46, 282.46, 100, 0.0
2021-05-18 12:14:00, 282.48, 282.48, 282.48, 282.48, 142, 0.0
2021-05-18 12:15:00, 282.515, 283, 282.515, 283, 505, 0.0
2021-05-18 12:19:00, 282.56, 282.56, 282.535, 282.55, 400, 0.0
2021-05-18 12:20:00, 282.59, 282.59, 282.59, 282.59, 100, 0.0
2021-05-18 12:22:00, 282.905, 282.905, 282.905, 282.905, 122, 0.0
2021-05-18 12:23:00, 283.2, 283.2, 283.2, 283.2, 101, 0.0
2021-05-18 12:25:00, 282.98, 282.98, 282.88, 282.88, 200, 0.0
2021-05-18 12:28:00, 283.12, 283.12, 283.12, 283.12, 103, 0.0
2021-05-18 12:29:00, 283.03, 283.03, 283.03, 283.03, 130, 0.0
2021-05-18 12:30:00, 283.03, 283.03, 283.03, 283.03, 100, 0.0
2021-05-18 12:31:00, 283.03, 283.07, 283.03, 283.07, 302, 0.0
2021-05-18 12:32:00, 283.02, 283.06, 283.02, 283.02, 411, 0.0
2021-05-18 12:33:00, 283.17, 283.17, 283.17, 283.17, 131, 0.0
2021-05-18 12:36:00, 283.15, 283.15, 283.15, 283.15, 170, 0.0
2021-05-18 12:39:00, 283.425, 283.425, 283.425, 283.425, 102, 0.0
2021-05-18 12:42:00, 283.42, 283.42, 283.42, 283.42, 114, 0.0
2021-05-18 12:44:00, 283.38, 283.38, 283.38, 283.38, 101, 0.0
2021-05-18 12:45:00, 283.405, 283.405, 283.21, 283.21, 230, 0.0
2021-05-18 12:46:00, 283.3, 283.36, 283.3, 283.36, 342, 0.0
2021-05-18 12:50:00, 283.35, 283.35, 283.35, 283.35, 111, 0.0
2021-05-18 12:55:00, 283.2, 283.2, 283.2, 283.2, 100, 0.0
2021-05-18 12:57:00, 283.135, 283.135, 283.13, 283.13, 300, 0.0
2021-05-18 12:58:00, 283.33, 283.33, 283.3, 283.3, 220, 0.0
2021-05-18 13:00:00, 283.21, 283.21, 283.21, 283.21, 113, 0.0
2021-05-18 13:02:00, 283.19, 283.19, 283.135, 283.18, 335, 0.0
2021-05-18 13:03:00, 283.14, 283.14, 283.14, 283.14, 211, 0.0
2021-05-18 13:06:00, 283, 283, 283, 283, 101, 0.0
2021-05-18 13:08:00, 283.1, 283.11, 283.1, 283.11, 239, 0.0
2021-05-18 13:09:00, 283.04, 283.04, 283.04, 283.04, 167, 0.0
2021-05-18 13:12:00, 283.08, 283.08, 283.07, 283.07, 352, 0.0
2021-05-18 13:16:00, 283.1, 283.1, 283.1, 283.1, 139, 0.0
2021-05-18 13:17:00, 283.02, 283.04, 283.02, 283.04, 316, 0.0
2021-05-18 13:19:00, 282.96, 282.96, 282.96, 282.96, 100, 0.0
2021-05-18 13:20:00, 283.1, 283.1, 283.1, 283.1, 140, 0.0
2021-05-18 13:21:00, 282.94, 282.99, 282.92, 282.99, 336, 0.0
2021-05-18 13:22:00, 282.86, 282.86, 282.86, 282.86, 199, 0.0
2021-05-18 13:24:00, 282.79, 282.79, 282.78, 282.78, 236, 0.0
2021-05-18 13:29:00, 282.7, 282.7, 282.7, 282.7, 211, 0.0
2021-05-18 13:31:00, 282.665, 282.78, 282.665, 282.78, 335, 0.0
2021-05-18 13:33:00, 282.665, 282.665, 282.665, 282.665, 129, 0.0
2021-05-18 13:34:00, 282.62, 282.62, 282.62, 282.62, 118, 0.0
2021-05-18 13:45:00, 282, 282, 282, 282, 104, 0.0
2021-05-18 13:46:00, 281.83, 281.83, 281.83, 281.83, 230, 0.0
2021-05-18 13:49:00, 281.95, 281.95, 281.95, 281.95, 116, 0.0
2021-05-18 13:50:00, 281.98, 281.98, 281.98, 281.98, 266, 0.0
2021-05-18 13:51:00, 282.125, 282.125, 282.125, 282.125, 104, 0.0
2021-05-18 13:52:00, 282.03, 282.03, 282.03, 282.03, 189, 0.0
2021-05-18 13:58:00, 282.09, 282.09, 282.09, 282.09, 117, 0.0
2021-05-18 14:01:00, 282.22, 282.305, 282.22, 282.305, 210, 0.0
2021-05-18 14:03:00, 282.29, 282.29, 282.29, 282.29, 133, 0.0
2021-05-18 14:18:00, 282.22, 282.22, 282.22, 282.22, 135, 0.0
2021-05-18 14:27:00, 282.64, 282.65, 282.54, 282.54, 457, 0.0
2021-05-18 14:32:00, 282.585, 282.62, 282.56, 282.56, 323, 0.0
2021-05-18 14:37:00, 282.765, 282.765, 282.765, 282.765, 216, 0.0
2021-05-18 14:39:00, 282.74, 282.74, 282.74, 282.74, 100, 0.0
2021-05-18 14:40:00, 282.88, 282.88, 282.77, 282.77, 308, 0.0
2021-05-18 14:41:00, 282.79, 282.8, 282.79, 282.8, 303, 0.0
2021-05-18 14:45:00, 282.78, 282.78, 282.78, 282.78, 252, 0.0
2021-05-18 14:46:00, 282.6, 282.6, 282.6, 282.6, 106, 0.0
2021-05-18 14:47:00, 282.2, 282.2, 282.2, 282.2, 122, 0.0
2021-05-18 14:51:00, 281.7, 281.7, 281.7, 281.7, 141, 0.0
2021-05-18 14:52:00, 281.65, 281.65, 281.65, 281.65, 323, 0.0
2021-05-18 14:53:00, 281.58, 281.58, 281.58, 281.58, 546, 0.0
2021-05-18 14:55:00, 281.55, 281.61, 281.46, 281.46, 482, 0.0
2021-05-18 14:57:00, 281.41, 281.46, 281.41, 281.46, 568, 0.0
2021-05-18 14:58:00, 281.48, 281.51, 281.29, 281.34, 589, 0.0
2021-05-18 14:59:00, 281.35, 281.35, 281.17, 281.17, 511, 0.0
2021-05-19 08:30:00, 278.56, 278.56, 278.56, 278.56, 289, 0.0
2021-05-19 08:34:00, 277.575, 277.575, 277.575, 277.575, 100, 0.0
2021-05-19 08:35:00, 277.57, 277.57, 277.56, 277.56, 342, 0.0
2021-05-19 08:38:00, 276.78, 276.78, 276.78, 276.78, 105, 0.0
2021-05-19 08:44:00, 277.91, 277.91, 277.91, 277.91, 133, 0.0
2021-05-19 08:45:00, 278.3, 278.3, 278.3, 278.3, 134, 0.0
2021-05-19 08:51:00, 277.51, 277.51, 277.51, 277.51, 110, 0.0
2021-05-19 08:52:00, 277.39, 277.39, 277.39, 277.39, 208, 0.0
2021-05-19 08:53:00, 277.68, 277.68, 277.34, 277.34, 254, 0.0
2021-05-19 08:54:00, 277.65, 277.65, 277.65, 277.65, 150, 0.0
2021-05-19 08:55:00, 277.29, 277.5, 277.29, 277.5, 330, 0.0
2021-05-19 08:57:00, 277.71, 277.71, 277.71, 277.71, 100, 0.0
2021-05-19 09:01:00, 277.99, 277.99, 277.95, 277.95, 433, 0.0
2021-05-19 09:03:00, 277.74, 277.74, 277.74, 277.74, 133, 0.0
2021-05-19 09:04:00, 277.26, 277.26, 276.75, 276.75, 440, 0.0
2021-05-19 09:23:00, 277.1, 277.1, 277.1, 277.1, 137, 0.0
2021-05-19 09:25:00, 277.11, 277.11, 277.11, 277.11, 164, 0.0
2021-05-19 09:26:00, 277.13, 277.13, 277.13, 277.13, 118, 0.0
2021-05-19 09:33:00, 276.83, 276.83, 276.82, 276.82, 233, 0.0
2021-05-19 09:36:00, 277.03, 277.03, 277.03, 277.03, 211, 0.0
2021-05-19 09:41:00, 276.61, 276.61, 276.61, 276.61, 133, 0.0
2021-05-19 09:43:00, 276.65, 276.65, 276.65, 276.65, 200, 0.0
2021-05-19 09:46:00, 277.07, 277.07, 277.07, 277.07, 100, 0.0
2021-05-19 09:48:00, 277.41, 277.41, 277.41, 277.41, 100, 0.0
2021-05-19 09:54:00, 278.34, 278.34, 278.34, 278.34, 138, 0.0
2021-05-19 09:56:00, 278.05, 278.05, 278.05, 278.05, 102, 0.0
2021-05-19 09:59:00, 278.18, 278.18, 278.18, 278.18, 286, 0.0
2021-05-19 10:08:00, 279.14, 279.14, 279.14, 279.14, 168, 0.0
2021-05-19 10:12:00, 279.73, 280, 279.73, 280, 229, 0.0
2021-05-19 10:13:00, 280.23, 280.23, 280.23, 280.23, 146, 0.0
2021-05-19 10:14:00, 280.28, 280.28, 280.28, 280.28, 110, 0.0
2021-05-19 10:15:00, 280.26, 280.26, 280.26, 280.26, 255, 0.0
2021-05-19 10:17:00, 279.56, 279.56, 279.56, 279.56, 137, 0.0
2021-05-19 10:21:00, 280.26, 280.26, 280.26, 280.26, 243, 0.0
2021-05-19 10:35:00, 279.93, 279.93, 279.92, 279.92, 233, 0.0
2021-05-19 10:36:00, 279.8, 279.8, 279.8, 279.8, 100, 0.0
2021-05-19 10:39:00, 279.63, 279.63, 279.63, 279.63, 100, 0.0
2021-05-19 10:43:00, 279.25, 279.25, 279.25, 279.25, 102, 0.0
2021-05-19 10:44:00, 279.67, 279.67, 279.67, 279.67, 133, 0.0
2021-05-19 10:49:00, 279.68, 279.68, 279.68, 279.68, 163, 0.0
2021-05-19 10:58:00, 279.53, 279.53, 279.53, 279.53, 207, 0.0
2021-05-19 11:06:00, 280, 280, 280, 280, 200, 0.0
2021-05-19 11:18:00, 279.97, 279.97, 279.97, 279.97, 133, 0.0
2021-05-19 11:21:00, 280.225, 280.225, 280.225, 280.225, 100, 0.0
2021-05-19 11:22:00, 280.32, 280.32, 280.32, 280.32, 100, 0.0
2021-05-19 11:23:00, 280.56, 280.56, 280.56, 280.56, 100, 0.0
2021-05-19 11:25:00, 280.62, 280.62, 280.62, 280.62, 100, 0.0
2021-05-19 11:27:00, 280.515, 280.515, 280.515, 280.515, 101, 0.0
2021-05-19 11:40:00, 280.11, 280.11, 280.11, 280.11, 202, 0.0
2021-05-19 11:43:00, 280.34, 280.34, 280.34, 280.34, 133, 0.0
2021-05-19 11:52:00, 279.65, 279.65, 279.65, 279.65, 133, 0.0
2021-05-19 11:58:00, 280.49, 280.49, 280.49, 280.49, 101, 0.0
2021-05-19 12:02:00, 280.7, 280.7, 280.69, 280.69, 243, 0.0
2021-05-19 12:06:00, 280.85, 280.85, 280.85, 280.85, 109, 0.0
2021-05-19 12:09:00, 280.73, 280.73, 280.73, 280.73, 102, 0.0
2021-05-19 12:10:00, 280.725, 280.725, 280.725, 280.725, 213, 0.0
2021-05-19 12:11:00, 281, 281, 281, 281, 105, 0.0
2021-05-19 12:12:00, 280.96, 280.96, 280.96, 280.96, 105, 0.0
2021-05-19 12:26:00, 280.42, 280.42, 280.42, 280.42, 100, 0.0
2021-05-19 12:37:00, 279.79, 279.79, 279.78, 279.78, 220, 0.0
2021-05-19 12:40:00, 279.97, 279.97, 279.97, 279.97, 100, 0.0
2021-05-19 12:43:00, 279.87, 279.87, 279.87, 279.87, 188, 0.0
2021-05-19 12:44:00, 280.24, 280.24, 280.24, 280.24, 100, 0.0
2021-05-19 12:45:00, 280.22, 280.22, 280.22, 280.22, 168, 0.0
2021-05-19 12:46:00, 280.1, 280.1, 280.1, 280.1, 106, 0.0
2021-05-19 13:00:00, 280.25, 280.25, 280.25, 280.25, 132, 0.0
2021-05-19 13:02:00, 280.66, 280.66, 280.66, 280.66, 104, 0.0
2021-05-19 13:04:00, 280.46, 280.46, 280.46, 280.46, 123, 0.0
2021-05-19 13:09:00, 279.63, 279.63, 279.58, 279.58, 427, 0.0
2021-05-19 13:10:00, 279.47, 279.47, 279.43, 279.43, 320, 0.0
2021-05-19 13:14:00, 279.26, 279.26, 279.26, 279.26, 274, 0.0
2021-05-19 13:17:00, 279.25, 279.33, 279.25, 279.33, 204, 0.0
2021-05-19 13:21:00, 280.61, 280.61, 280.61, 280.61, 100, 0.0
2021-05-19 13:23:00, 280.99, 281.54, 280.99, 281.54, 571, 0.0
2021-05-19 13:30:00, 281.18, 281.19, 281.18, 281.19, 225, 0.0
2021-05-19 13:32:00, 281.42, 281.42, 281.42, 281.42, 125, 0.0
2021-05-19 13:36:00, 281.1, 281.1, 281.1, 281.1, 130, 0.0
2021-05-19 13:43:00, 280.38, 280.38, 280.38, 280.38, 201, 0.0
2021-05-19 13:45:00, 280.38, 280.38, 280.38, 280.38, 238, 0.0
2021-05-19 13:51:00, 280.08, 280.08, 280.05, 280.05, 246, 0.0
2021-05-19 14:06:00, 280.26, 280.26, 280.26, 280.26, 155, 0.0
2021-05-19 14:07:00, 280.55, 280.55, 280.55, 280.55, 200, 0.0
2021-05-19 14:09:00, 280.55, 280.55, 280.55, 280.55, 110, 0.0
2021-05-19 14:24:00, 281.17, 281.68, 280.77, 280.77, 689, 0.0
2021-05-19 14:27:00, 281.21, 281.21, 281.21, 281.21, 120, 0.0
2021-05-19 14:39:00, 281.19, 281.19, 281.19, 281.19, 145, 0.0
2021-05-19 14:40:00, 281.085, 281.12, 281.085, 281.12, 292, 0.0
2021-05-19 14:41:00, 281.025, 281.05, 280.99, 280.99, 482, 0.0
2021-05-19 14:44:00, 280.94, 280.94, 280.94, 280.94, 139, 0.0
2021-05-19 14:45:00, 280.93, 280.93, 280.93, 280.93, 118, 0.0
2021-05-19 14:49:00, 280.32, 280.51, 280.32, 280.51, 378, 0.0
2021-05-19 14:50:00, 280.83, 280.9, 280.83, 280.85, 477, 0.0
2021-05-19 14:51:00, 281.18, 281.18, 281.18, 281.18, 153, 0.0
2021-05-19 14:52:00, 281.18, 281.18, 281.18, 281.18, 158, 0.0
2021-05-19 14:53:00, 281.14, 281.14, 281.09, 281.09, 223, 0.0
2021-05-19 14:55:00, 281.68, 281.68, 281.68, 281.68, 244, 0.0
2021-05-19 14:56:00, 281.61, 281.61, 281.61, 281.61, 397, 0.0
2021-05-19 14:57:00, 281.36, 281.36, 281.35, 281.36, 555, 0.0
2021-05-19 14:58:00, 281.53, 281.53, 281.53, 281.53, 417, 0.0
2021-05-19 14:59:00, 281.675, 281.76, 281.6, 281.76, 582, 0.0
2021-05-20 08:30:00, 280.88, 280.88, 280.88, 280.88, 104, 0.0
2021-05-20 08:31:00, 280.865, 280.865, 280.865, 280.865, 100, 0.0
2021-05-20 08:32:00, 280.76, 281.45, 280.76, 281.45, 300, 0.0
2021-05-20 08:37:00, 282.29, 282.29, 282.27, 282.27, 200, 0.0
2021-05-20 08:38:00, 282.345, 282.345, 282.345, 282.345, 100, 0.0
2021-05-20 08:39:00, 282.57, 282.605, 282.49, 282.49, 506, 0.0
2021-05-20 08:40:00, 282.99, 282.99, 282.99, 282.99, 289, 0.0
2021-05-20 08:42:00, 283.21, 283.21, 283.115, 283.115, 311, 0.0
2021-05-20 08:44:00, 283.595, 283.595, 283.595, 283.595, 105, 0.0
2021-05-20 08:45:00, 284.09, 284.09, 284.09, 284.09, 179, 0.0
2021-05-20 08:46:00, 284.53, 284.53, 284.37, 284.37, 526, 0.0
2021-05-20 08:47:00, 284.75, 284.75, 284.53, 284.73, 921, 0.0
2021-05-20 08:48:00, 284.86, 284.86, 284.84, 284.84, 244, 0.0
2021-05-20 08:49:00, 284.78, 284.78, 284.78, 284.78, 134, 0.0
2021-05-20 08:51:00, 284.56, 284.56, 284.56, 284.56, 200, 0.0
2021-05-20 08:54:00, 285.08, 285.08, 284.97, 284.97, 239, 0.0
2021-05-20 08:56:00, 285.065, 285.065, 285.065, 285.065, 100, 0.0
2021-05-20 08:57:00, 284.95, 284.95, 284.95, 284.95, 100, 0.0
2021-05-20 08:58:00, 284.9, 284.9, 284.9, 284.9, 164, 0.0
2021-05-20 08:59:00, 284.67, 284.67, 284.67, 284.67, 100, 0.0
2021-05-20 09:00:00, 284.62, 284.62, 284.62, 284.62, 100, 0.0
2021-05-20 09:02:00, 285.485, 285.485, 285.485, 285.485, 137, 0.0
2021-05-20 09:03:00, 285.45, 285.45, 285.45, 285.45, 102, 0.0
2021-05-20 09:05:00, 285.64, 285.64, 285.64, 285.64, 220, 0.0
2021-05-20 09:06:00, 286.05, 286.1, 285.84, 286.1, 566, 0.0
2021-05-20 09:08:00, 285.78, 285.78, 285.78, 285.78, 100, 0.0
2021-05-20 09:09:00, 285.66, 285.66, 285.66, 285.66, 100, 0.0
2021-05-20 09:12:00, 285.27, 285.455, 285.27, 285.455, 214, 0.0
2021-05-20 09:13:00, 285.31, 285.31, 285.31, 285.31, 100, 0.0
2021-05-20 09:14:00, 285.52, 285.54, 285.52, 285.52, 482, 0.0
2021-05-20 09:17:00, 285.58, 285.58, 285.58, 285.58, 101, 0.0
2021-05-20 09:21:00, 285.71, 285.71, 285.71, 285.71, 102, 0.0
2021-05-20 09:22:00, 285.87, 285.87, 285.87, 285.87, 200, 0.0
2021-05-20 09:24:00, 286.11, 286.11, 286.11, 286.11, 100, 0.0
2021-05-20 09:26:00, 286.26, 286.26, 286.26, 286.26, 107, 0.0
2021-05-20 09:27:00, 286.06, 286.06, 286.06, 286.06, 154, 0.0
2021-05-20 09:28:00, 286.045, 286.045, 286.045, 286.045, 100, 0.0
2021-05-20 09:29:00, 286.025, 286.025, 286.025, 286.025, 200, 0.0
2021-05-20 09:31:00, 285.98, 285.98, 285.98, 285.98, 100, 0.0
2021-05-20 09:35:00, 287.05, 287.05, 287.05, 287.05, 381, 0.0
2021-05-20 09:37:00, 287, 287, 287, 287, 100, 0.0
2021-05-20 09:42:00, 287.18, 287.18, 287.18, 287.18, 200, 0.0
2021-05-20 09:44:00, 287.66, 287.66, 287.66, 287.66, 116, 0.0
2021-05-20 09:46:00, 287.86, 287.86, 287.78, 287.78, 435, 0.0
2021-05-20 09:47:00, 287.61, 287.61, 287.61, 287.61, 100, 0.0
2021-05-20 09:50:00, 287.78, 287.9, 287.78, 287.9, 371, 0.0
2021-05-20 09:53:00, 287.74, 287.74, 287.74, 287.74, 100, 0.0
2021-05-20 09:55:00, 287.6, 287.81, 287.6, 287.81, 208, 0.0
2021-05-20 09:57:00, 287.86, 287.86, 287.86, 287.86, 142, 0.0
2021-05-20 09:59:00, 288.14, 288.14, 288.14, 288.14, 133, 0.0
2021-05-20 10:00:00, 288.22, 288.22, 288.22, 288.22, 100, 0.0
2021-05-20 10:01:00, 288.7, 288.7, 288.63, 288.63, 263, 0.0
2021-05-20 10:02:00, 288.58, 288.58, 288.515, 288.515, 233, 0.0
2021-05-20 10:04:00, 288.45, 288.46, 288.43, 288.43, 300, 0.0
2021-05-20 10:05:00, 288.43, 288.43, 288.43, 288.43, 100, 0.0
2021-05-20 10:07:00, 288.18, 288.18, 288.18, 288.18, 100, 0.0
2021-05-20 10:08:00, 288.06, 288.06, 288.05, 288.05, 210, 0.0
2021-05-20 10:09:00, 287.94, 288.28, 287.94, 288.28, 325, 0.0
2021-05-20 10:11:00, 288.11, 288.11, 288.075, 288.075, 200, 0.0
2021-05-20 10:12:00, 288.22, 288.22, 288.22, 288.22, 100, 0.0
2021-05-20 10:13:00, 288.31, 288.31, 288.31, 288.31, 101, 0.0
2021-05-20 10:14:00, 288.26, 288.26, 288.26, 288.26, 136, 0.0
2021-05-20 10:15:00, 288.1, 288.1, 288.1, 288.1, 106, 0.0
2021-05-20 10:16:00, 288.05, 288.05, 287.975, 287.975, 200, 0.0
2021-05-20 10:17:00, 287.95, 287.95, 287.95, 287.95, 299, 0.0
2021-05-20 10:18:00, 287.92, 287.92, 287.92, 287.92, 235, 0.0
2021-05-20 10:20:00, 288.185, 288.185, 288.185, 288.185, 119, 0.0
2021-05-20 10:21:00, 288.29, 288.29, 288.29, 288.29, 100, 0.0
2021-05-20 10:23:00, 288.1, 288.1, 288.065, 288.065, 333, 0.0
2021-05-20 10:24:00, 288.06, 288.06, 288.06, 288.06, 233, 0.0
2021-05-20 10:25:00, 287.87, 287.87, 287.87, 287.87, 105, 0.0
2021-05-20 10:27:00, 288.61, 288.61, 288.56, 288.56, 200, 0.0
2021-05-20 10:30:00, 288.775, 288.87, 288.775, 288.87, 200, 0.0
2021-05-20 10:32:00, 288.92, 288.92, 288.92, 288.92, 102, 0.0
2021-05-20 10:35:00, 288.85, 288.91, 288.85, 288.91, 346, 0.0
2021-05-20 10:36:00, 288.93, 288.93, 288.8, 288.8, 585, 0.0
2021-05-20 10:37:00, 288.98, 289.23, 288.945, 289.23, 401, 0.0
2021-05-20 10:39:00, 289.1, 289.1, 289.1, 289.1, 100, 0.0
2021-05-20 10:41:00, 289.74, 289.84, 289.71, 289.84, 567, 0.0
2021-05-20 10:42:00, 289.7, 289.7, 289.7, 289.7, 366, 0.0
2021-05-20 10:43:00, 289.73, 289.73, 289.73, 289.73, 110, 0.0
2021-05-20 10:44:00, 289.745, 289.745, 289.745, 289.745, 100, 0.0
2021-05-20 10:47:00, 289.99, 289.99, 289.98, 289.98, 301, 0.0
2021-05-20 10:49:00, 290.15, 290.16, 290.15, 290.16, 365, 0.0
2021-05-20 10:51:00, 289.975, 290.11, 289.975, 290.11, 315, 0.0
2021-05-20 10:52:00, 290.07, 290.07, 290.07, 290.07, 119, 0.0
2021-05-20 10:53:00, 290.24, 290.24, 290.24, 290.24, 121, 0.0
2021-05-20 10:55:00, 290.18, 290.36, 290.18, 290.36, 233, 0.0
2021-05-20 10:57:00, 290.17, 290.22, 290.17, 290.22, 272, 0.0
2021-05-20 10:58:00, 289.96, 289.96, 289.96, 289.96, 133, 0.0
2021-05-20 10:59:00, 289.93, 289.93, 289.91, 289.91, 353, 0.0
2021-05-20 11:00:00, 289.98, 289.98, 289.8, 289.8, 399, 0.0
2021-05-20 11:02:00, 289.815, 289.83, 289.79, 289.83, 432, 0.0
2021-05-20 11:03:00, 290.09, 290.09, 290.09, 290.09, 118, 0.0
2021-05-20 11:04:00, 290.03, 290.03, 290.03, 290.03, 144, 0.0
2021-05-20 11:06:00, 289.565, 289.565, 289.565, 289.565, 202, 0.0
2021-05-20 11:08:00, 289.57, 289.57, 289.57, 289.57, 102, 0.0
2021-05-20 11:09:00, 289.605, 289.605, 289.605, 289.605, 100, 0.0
2021-05-20 11:10:00, 289.59, 289.62, 289.59, 289.62, 253, 0.0
2021-05-20 11:12:00, 289.32, 289.32, 289.32, 289.32, 120, 0.0
2021-05-20 11:13:00, 289.25, 289.25, 289.02, 289.02, 301, 0.0
2021-05-20 11:14:00, 289, 289, 289, 289, 100, 0.0
2021-05-20 11:15:00, 288.64, 288.64, 288.41, 288.45, 649, 0.0
2021-05-20 11:16:00, 288.385, 288.385, 288.385, 288.385, 241, 0.0
2021-05-20 11:18:00, 288.515, 288.53, 288.515, 288.53, 201, 0.0
2021-05-20 11:19:00, 288.65, 288.65, 288.65, 288.65, 100, 0.0
2021-05-20 11:21:00, 288.71, 288.71, 288.71, 288.71, 143, 0.0
2021-05-20 11:22:00, 288.7, 288.7, 288.59, 288.59, 465, 0.0
2021-05-20 11:24:00, 288.45, 288.45, 288.39, 288.39, 201, 0.0
2021-05-20 11:26:00, 288.6, 288.72, 288.6, 288.72, 325, 0.0
2021-05-20 11:28:00, 288.6, 288.6, 288.6, 288.6, 103, 0.0
2021-05-20 11:29:00, 288.68, 288.68, 288.68, 288.68, 108, 0.0
2021-05-20 11:33:00, 288.26, 288.26, 288.2, 288.2, 302, 0.0
2021-05-20 11:35:00, 288.04, 288.04, 288.04, 288.04, 100, 0.0
2021-05-20 11:37:00, 287.67, 287.67, 287.39, 287.39, 238, 0.0
2021-05-20 11:39:00, 287.775, 287.775, 287.775, 287.775, 157, 0.0
2021-05-20 11:43:00, 287.745, 287.745, 287.745, 287.745, 100, 0.0
2021-05-20 11:45:00, 287.58, 287.65, 287.58, 287.65, 473, 0.0
2021-05-20 11:47:00, 287.75, 287.75, 287.75, 287.75, 113, 0.0
2021-05-20 11:50:00, 287.695, 287.695, 287.695, 287.695, 100, 0.0
2021-05-20 11:51:00, 287.58, 287.58, 287.58, 287.58, 116, 0.0
2021-05-20 11:52:00, 287.64, 287.64, 287.52, 287.52, 238, 0.0
2021-05-20 11:54:00, 287.48, 287.48, 287.48, 287.48, 102, 0.0
2021-05-20 11:56:00, 287.38, 287.38, 287.38, 287.38, 260, 0.0
2021-05-20 12:00:00, 287.37, 287.37, 287.37, 287.37, 167, 0.0
2021-05-20 12:03:00, 286.98, 286.98, 286.98, 286.98, 110, 0.0
2021-05-20 12:10:00, 286.91, 286.98, 286.91, 286.98, 300, 0.0
2021-05-20 12:11:00, 286.99, 287.09, 286.92, 286.92, 758, 0.0
2021-05-20 12:12:00, 287, 287, 287, 287, 203, 0.0
2021-05-20 12:14:00, 287.6, 287.6, 287.6, 287.6, 100, 0.0
2021-05-20 12:15:00, 287.6, 287.6, 287.6, 287.6, 169, 0.0
2021-05-20 12:16:00, 287.5, 287.5, 287.5, 287.5, 105, 0.0
2021-05-20 12:17:00, 287.39, 287.39, 287.19, 287.19, 695, 0.0
2021-05-20 12:18:00, 287.3, 287.3, 287.3, 287.3, 170, 0.0
2021-05-20 12:19:00, 287.23, 287.23, 287.2, 287.2, 308, 0.0
2021-05-20 12:20:00, 287.81, 287.81, 287.78, 287.78, 217, 0.0
2021-05-20 12:22:00, 287.68, 287.68, 287.58, 287.58, 731, 0.0
2021-05-20 12:24:00, 287.69, 287.69, 287.69, 287.69, 106, 0.0
2021-05-20 12:26:00, 287.81, 287.81, 287.81, 287.81, 178, 0.0
2021-05-20 12:27:00, 287.8, 287.8, 287.8, 287.8, 135, 0.0
2021-05-20 12:28:00, 287.795, 287.84, 287.54, 287.66, 836, 0.0
2021-05-20 12:29:00, 287.67, 287.67, 287.67, 287.67, 122, 0.0
2021-05-20 12:32:00, 287.78, 287.78, 287.61, 287.62, 632, 0.0
2021-05-20 12:33:00, 287.69, 287.735, 287.68, 287.68, 333, 0.0
2021-05-20 12:34:00, 287.66, 287.66, 287.66, 287.66, 339, 0.0
2021-05-20 12:38:00, 287.46, 287.46, 287.37, 287.37, 263, 0.0
2021-05-20 12:40:00, 287.12, 287.12, 287.12, 287.12, 100, 0.0
2021-05-20 12:43:00, 287.27, 287.27, 287.27, 287.27, 196, 0.0
2021-05-20 12:44:00, 287.28, 287.28, 287.28, 287.28, 275, 0.0
2021-05-20 12:45:00, 287.16, 287.16, 287.16, 287.16, 193, 0.0
2021-05-20 12:46:00, 287.12, 287.12, 287.08, 287.09, 592, 0.0
2021-05-20 12:47:00, 286.82, 286.82, 286.82, 286.82, 115, 0.0
2021-05-20 12:49:00, 286.96, 286.96, 286.96, 286.96, 117, 0.0
2021-05-20 12:50:00, 287, 287, 287, 287, 528, 0.0
2021-05-20 12:51:00, 287.1, 287.1, 287.1, 287.1, 100, 0.0
2021-05-20 12:53:00, 287, 287, 286.94, 287, 488, 0.0
2021-05-20 12:54:00, 286.73, 286.73, 286.73, 286.73, 127, 0.0
2021-05-20 12:56:00, 286.9, 286.9, 286.9, 286.9, 100, 0.0
2021-05-20 12:59:00, 287.01, 287.01, 286.98, 286.98, 245, 0.0
2021-05-20 13:01:00, 286.57, 286.57, 286.4, 286.4, 409, 0.0
2021-05-20 13:02:00, 286.49, 286.52, 286.49, 286.52, 407, 0.0
2021-05-20 13:03:00, 286.655, 286.655, 286.61, 286.61, 340, 0.0
2021-05-20 13:06:00, 286.73, 286.73, 286.73, 286.73, 230, 0.0
2021-05-20 13:07:00, 286.26, 286.26, 286.26, 286.26, 125, 0.0
2021-05-20 13:15:00, 285.69, 285.69, 285.69, 285.69, 110, 0.0
2021-05-20 13:16:00, 285.6, 285.6, 285.6, 285.6, 200, 0.0
2021-05-20 13:18:00, 285.91, 285.91, 285.81, 285.81, 311, 0.0
2021-05-20 13:20:00, 285.58, 285.58, 285.58, 285.58, 114, 0.0
2021-05-20 13:23:00, 285.58, 285.58, 285.54, 285.54, 306, 0.0
2021-05-20 13:25:00, 285.565, 285.565, 285.49, 285.49, 243, 0.0
2021-05-20 13:26:00, 285.55, 285.55, 285.55, 285.55, 131, 0.0
2021-05-20 13:30:00, 285.77, 285.77, 285.76, 285.76, 368, 0.0
2021-05-20 13:33:00, 285.66, 285.66, 285.66, 285.66, 415, 0.0
2021-05-20 13:35:00, 285.49, 285.49, 285.49, 285.49, 130, 0.0
2021-05-20 13:36:00, 285.32, 285.32, 285.32, 285.32, 279, 0.0
2021-05-20 13:38:00, 285.38, 285.38, 285.38, 285.38, 110, 0.0
2021-05-20 13:42:00, 285.39, 285.54, 285.39, 285.54, 433, 0.0
2021-05-20 13:44:00, 285.79, 285.96, 285.78, 285.96, 866, 0.0
2021-05-20 13:45:00, 286.2, 286.2, 286.2, 286.2, 100, 0.0
2021-05-20 13:47:00, 286.36, 286.41, 286.36, 286.41, 436, 0.0
2021-05-20 13:48:00, 286.46, 286.465, 286.3, 286.465, 493, 0.0
2021-05-20 13:49:00, 286.31, 286.31, 286.31, 286.31, 200, 0.0
2021-05-20 13:50:00, 286.32, 286.32, 286.05, 286.19, 795, 0.0
2021-05-20 13:52:00, 286.34, 286.545, 286.34, 286.545, 217, 0.0
2021-05-20 13:53:00, 286.57, 286.57, 286.57, 286.57, 288, 0.0
2021-05-20 13:54:00, 286.46, 286.46, 286.46, 286.46, 297, 0.0
2021-05-20 13:57:00, 286.51, 286.51, 286.49, 286.49, 202, 0.0
2021-05-20 13:58:00, 286.73, 286.73, 286.73, 286.73, 257, 0.0
2021-05-20 13:59:00, 286.66, 286.8, 286.66, 286.8, 204, 0.0
2021-05-20 14:00:00, 286.68, 286.68, 286.57, 286.57, 504, 0.0
2021-05-20 14:01:00, 286.67, 286.67, 286.58, 286.58, 317, 0.0
2021-05-20 14:04:00, 286.93, 286.93, 286.93, 286.93, 128, 0.0
2021-05-20 14:05:00, 286.87, 286.87, 286.87, 286.87, 114, 0.0
2021-05-20 14:06:00, 286.65, 286.65, 286.65, 286.65, 106, 0.0
2021-05-20 14:09:00, 286.66, 286.66, 286.66, 286.66, 149, 0.0
2021-05-20 14:11:00, 287.26, 287.26, 287.24, 287.24, 229, 0.0
2021-05-20 14:13:00, 287.25, 287.33, 287.25, 287.33, 383, 0.0
2021-05-20 14:14:00, 287.46, 287.46, 287.46, 287.46, 200, 0.0
2021-05-20 14:15:00, 287.36, 287.36, 287.26, 287.26, 341, 0.0
2021-05-20 14:19:00, 287.46, 287.54, 287.46, 287.54, 430, 0.0
2021-05-20 14:21:00, 287.43, 287.43, 287.43, 287.43, 110, 0.0
2021-05-20 14:22:00, 287.59, 287.59, 287.52, 287.52, 382, 0.0
2021-05-20 14:24:00, 287.78, 287.8, 287.78, 287.8, 565, 0.0
2021-05-20 14:28:00, 288.145, 288.145, 288.08, 288.08, 247, 0.0
2021-05-20 14:29:00, 288.11, 288.19, 288.11, 288.17, 596, 0.0
2021-05-20 14:31:00, 287.96, 287.99, 287.96, 287.99, 277, 0.0
2021-05-20 14:34:00, 287.77, 287.77, 287.7, 287.7, 392, 0.0
2021-05-20 14:35:00, 287.765, 287.94, 287.765, 287.94, 259, 0.0
2021-05-20 14:36:00, 287.83, 287.83, 287.83, 287.83, 103, 0.0
2021-05-20 14:37:00, 287.755, 287.755, 287.755, 287.755, 351, 0.0
2021-05-20 14:38:00, 287.42, 287.42, 287.42, 287.42, 104, 0.0
2021-05-20 14:39:00, 287.45, 287.45, 287.45, 287.45, 298, 0.0
2021-05-20 14:40:00, 287.3, 287.3, 287.3, 287.3, 241, 0.0
2021-05-20 14:42:00, 287.07, 287.165, 287.07, 287.165, 311, 0.0
2021-05-20 14:44:00, 287.14, 287.14, 287.1, 287.1, 227, 0.0
2021-05-20 14:45:00, 287.225, 287.225, 287.12, 287.12, 558, 0.0
2021-05-20 14:46:00, 287.1, 287.13, 287.1, 287.13, 444, 0.0
2021-05-20 14:47:00, 286.925, 287.04, 286.925, 286.94, 956, 0.0
2021-05-20 14:48:00, 287.095, 287.095, 287.095, 287.095, 238, 0.0
2021-05-20 14:49:00, 286.91, 286.91, 286.91, 286.91, 141, 0.0
2021-05-20 14:50:00, 286.66, 286.66, 286.47, 286.47, 708, 0.0
2021-05-20 14:51:00, 286.4, 286.4, 286.39, 286.39, 565, 0.0
2021-05-20 14:52:00, 286.47, 286.665, 286.47, 286.665, 459, 0.0
2021-05-20 14:53:00, 286.7, 286.7, 286.3, 286.3, 669, 0.0
2021-05-20 14:54:00, 286.24, 286.24, 286.24, 286.24, 702, 0.0
2021-05-20 14:56:00, 286.39, 286.54, 286.37, 286.54, 985, 0.0
2021-05-20 14:57:00, 286.43, 286.43, 286.42, 286.43, 658, 0.0
2021-05-20 14:58:00, 286.7, 286.7, 286.51, 286.51, 485, 0.0
2021-05-20 14:59:00, 286.45, 286.535, 286.38, 286.38, 939, 0.0
2021-05-21 08:30:00, 287.945, 287.95, 287.945, 287.95, 375, 0.0
2021-05-21 08:31:00, 288.28, 288.28, 288.28, 288.28, 253, 0.0
2021-05-21 08:32:00, 289.52, 289.52, 289.52, 289.52, 175, 0.0
2021-05-21 08:36:00, 288.37, 288.37, 288.37, 288.37, 236, 0.0
2021-05-21 08:39:00, 288.49, 288.49, 288.49, 288.49, 280, 0.0
2021-05-21 08:42:00, 288.99, 288.99, 288.99, 288.99, 134, 0.0
2021-05-21 08:45:00, 288.52, 288.52, 288.52, 288.52, 378, 0.0
2021-05-21 08:48:00, 289.19, 289.19, 289.19, 289.19, 121, 0.0
2021-05-21 08:54:00, 289.24, 289.24, 289.24, 289.24, 115, 0.0
2021-05-21 08:56:00, 289.35, 289.6, 289.35, 289.6, 265, 0.0
2021-05-21 08:57:00, 289.71, 289.71, 289.71, 289.71, 101, 0.0
2021-05-21 08:58:00, 289.65, 289.65, 289.65, 289.65, 107, 0.0
2021-05-21 09:04:00, 289.07, 289.07, 289.07, 289.07, 100, 0.0
2021-05-21 09:05:00, 288.69, 288.69, 288.39, 288.39, 201, 0.0
2021-05-21 09:08:00, 288.19, 288.4, 288.19, 288.4, 249, 0.0
2021-05-21 09:10:00, 288.03, 288.03, 288.03, 288.03, 102, 0.0
2021-05-21 09:12:00, 287.75, 287.75, 287.75, 287.75, 200, 0.0
2021-05-21 09:15:00, 287.57, 287.57, 287.57, 287.57, 100, 0.0
2021-05-21 09:16:00, 288.05, 288.05, 288.035, 288.035, 217, 0.0
2021-05-21 09:18:00, 287.98, 287.98, 287.98, 287.98, 136, 0.0
2021-05-21 09:20:00, 288.07, 288.07, 288.07, 288.07, 116, 0.0
2021-05-21 09:23:00, 288.09, 288.09, 288.06, 288.06, 200, 0.0
2021-05-21 09:24:00, 287.96, 287.99, 287.96, 287.99, 300, 0.0
2021-05-21 09:29:00, 288.13, 288.13, 288.1, 288.1, 200, 0.0
2021-05-21 09:32:00, 288.1, 288.1, 288.1, 288.1, 232, 0.0
2021-05-21 09:35:00, 288.095, 288.095, 288.095, 288.095, 258, 0.0
2021-05-21 09:36:00, 287.81, 287.81, 287.625, 287.625, 208, 0.0
2021-05-21 09:46:00, 287.53, 287.55, 287.53, 287.55, 216, 0.0
2021-05-21 09:47:00, 287.77, 287.77, 287.77, 287.77, 100, 0.0
2021-05-21 09:53:00, 287.48, 287.48, 287.48, 287.48, 101, 0.0
2021-05-21 09:56:00, 287.82, 287.82, 287.62, 287.62, 300, 0.0
2021-05-21 10:00:00, 288.1, 288.1, 288.1, 288.1, 103, 0.0
2021-05-21 10:01:00, 288.08, 288.08, 288.08, 288.08, 108, 0.0
2021-05-21 10:03:00, 287.4, 287.4, 287.4, 287.4, 104, 0.0
2021-05-21 10:13:00, 288.09, 288.09, 288.09, 288.09, 100, 0.0
2021-05-21 10:14:00, 287.92, 287.92, 287.92, 287.92, 210, 0.0
2021-05-21 10:15:00, 288.05, 288.05, 288.05, 288.05, 101, 0.0
2021-05-21 10:18:00, 288.34, 288.34, 288.34, 288.34, 100, 0.0
2021-05-21 10:19:00, 288.36, 288.36, 288.36, 288.36, 104, 0.0
2021-05-21 10:23:00, 288.81, 288.81, 288.81, 288.81, 105, 0.0
2021-05-21 10:24:00, 288.97, 288.97, 288.97, 288.97, 126, 0.0
2021-05-21 10:26:00, 288.77, 288.77, 288.77, 288.77, 121, 0.0
2021-05-21 10:27:00, 288.35, 288.35, 288.35, 288.35, 212, 0.0
2021-05-21 10:29:00, 288.12, 288.12, 288.12, 288.12, 100, 0.0
2021-05-21 10:30:00, 288.29, 288.29, 288.29, 288.29, 110, 0.0
2021-05-21 10:34:00, 288.9, 288.9, 288.74, 288.74, 409, 0.0
2021-05-21 10:36:00, 288.51, 288.65, 288.51, 288.65, 307, 0.0
2021-05-21 10:37:00, 288.38, 288.38, 288.13, 288.13, 301, 0.0
2021-05-21 10:44:00, 288.09, 288.09, 288.09, 288.09, 149, 0.0
2021-05-21 10:46:00, 288, 288, 287.98, 287.98, 233, 0.0
2021-05-21 10:47:00, 287.79, 287.79, 287.79, 287.79, 101, 0.0
2021-05-21 10:49:00, 287.74, 287.74, 287.74, 287.74, 160, 0.0
2021-05-21 10:52:00, 287.74, 287.82, 287.615, 287.615, 371, 0.0
2021-05-21 10:53:00, 287.56, 287.56, 287.54, 287.54, 203, 0.0
2021-05-21 10:55:00, 287.335, 287.335, 287.05, 287.05, 235, 0.0
2021-05-21 10:56:00, 286.95, 286.95, 286.95, 286.95, 415, 0.0
2021-05-21 10:57:00, 286.86, 286.86, 286.86, 286.86, 100, 0.0
2021-05-21 10:58:00, 287.01, 287.01, 286.98, 286.98, 233, 0.0
2021-05-21 10:59:00, 286.87, 286.87, 286.87, 286.87, 213, 0.0
2021-05-21 11:07:00, 286.97, 286.97, 286.97, 286.97, 134, 0.0
2021-05-21 11:08:00, 286.45, 286.45, 286.45, 286.45, 294, 0.0
2021-05-21 11:11:00, 286.19, 286.19, 286.19, 286.19, 295, 0.0
2021-05-21 11:12:00, 285.94, 285.94, 285.82, 285.82, 411, 0.0
2021-05-21 11:14:00, 286.1, 286.1, 286.1, 286.1, 291, 0.0
2021-05-21 11:21:00, 286.18, 286.18, 286.18, 286.18, 115, 0.0
2021-05-21 11:28:00, 286.21, 286.21, 286.21, 286.21, 100, 0.0
2021-05-21 11:34:00, 286.15, 286.15, 286.15, 286.15, 133, 0.0
2021-05-21 11:36:00, 286.15, 286.16, 286.15, 286.16, 416, 0.0
2021-05-21 11:40:00, 285.98, 285.98, 285.965, 285.965, 200, 0.0
2021-05-21 11:41:00, 285.48, 285.48, 285.23, 285.46, 1364, 0.0
2021-05-21 11:48:00, 285.36, 285.36, 285.2, 285.2, 400, 0.0
2021-05-21 11:50:00, 285.29, 285.29, 285.29, 285.29, 133, 0.0
2021-05-21 11:51:00, 285.16, 285.16, 284.83, 284.83, 347, 0.0
2021-05-21 11:53:00, 284.84, 284.84, 284.84, 284.84, 208, 0.0
2021-05-21 11:55:00, 284.14, 284.14, 284.14, 284.14, 101, 0.0
2021-05-21 11:56:00, 284.33, 284.33, 284.33, 284.33, 288, 0.0
2021-05-21 11:57:00, 284.13, 284.44, 284.13, 284.44, 618, 0.0
2021-05-21 11:58:00, 284.76, 284.76, 284.76, 284.76, 199, 0.0
2021-05-21 11:59:00, 284.51, 284.51, 284.51, 284.51, 102, 0.0
2021-05-21 12:00:00, 284.48, 284.48, 284.48, 284.48, 100, 0.0
2021-05-21 12:03:00, 284.7, 284.7, 284.5, 284.5, 300, 0.0
2021-05-21 12:07:00, 285.13, 285.13, 285.13, 285.13, 100, 0.0
2021-05-21 12:09:00, 284.99, 284.99, 284.99, 284.99, 100, 0.0
2021-05-21 12:14:00, 284.77, 284.77, 284.77, 284.77, 200, 0.0
2021-05-21 12:15:00, 284.69, 284.7, 284.69, 284.7, 372, 0.0
2021-05-21 12:24:00, 284.68, 284.68, 284.68, 284.68, 240, 0.0
2021-05-21 12:25:00, 284.46, 284.46, 284.46, 284.46, 192, 0.0
2021-05-21 12:28:00, 284.53, 284.53, 284.53, 284.53, 104, 0.0
2021-05-21 12:29:00, 284.23, 284.23, 284.23, 284.23, 297, 0.0
2021-05-21 12:31:00, 284.23, 284.23, 284.23, 284.23, 111, 0.0
2021-05-21 12:33:00, 284.41, 284.41, 284.41, 284.41, 330, 0.0
2021-05-21 12:39:00, 284.46, 284.46, 284.46, 284.46, 174, 0.0
2021-05-21 12:41:00, 284.39, 284.39, 284.39, 284.39, 125, 0.0
2021-05-21 12:44:00, 284.23, 284.23, 284.23, 284.23, 107, 0.0
2021-05-21 12:47:00, 283.97, 283.97, 283.97, 283.97, 172, 0.0
2021-05-21 12:48:00, 283.87, 283.87, 283.87, 283.87, 131, 0.0
2021-05-21 12:50:00, 283.93, 283.93, 283.93, 283.93, 371, 0.0
2021-05-21 13:15:00, 283.93, 283.93, 283.93, 283.93, 136, 0.0
2021-05-21 13:17:00, 284.07, 284.07, 284.07, 284.07, 100, 0.0
2021-05-21 13:20:00, 284.19, 284.26, 284.19, 284.26, 350, 0.0
2021-05-21 13:23:00, 284.6, 284.6, 284.6, 284.6, 138, 0.0
2021-05-21 13:26:00, 284.61, 284.61, 284.61, 284.61, 100, 0.0
2021-05-21 13:31:00, 284.3, 284.3, 284.3, 284.3, 111, 0.0
2021-05-21 13:32:00, 284.24, 284.24, 284.24, 284.24, 202, 0.0
2021-05-21 13:36:00, 283.93, 283.93, 283.93, 283.93, 204, 0.0
2021-05-21 13:37:00, 283.97, 283.97, 283.97, 283.97, 114, 0.0
2021-05-21 13:38:00, 283.78, 283.78, 283.78, 283.78, 140, 0.0
2021-05-21 13:41:00, 283.57, 283.57, 283.57, 283.57, 296, 0.0
2021-05-21 13:42:00, 283.89, 283.89, 283.89, 283.89, 303, 0.0
2021-05-21 13:49:00, 283.9, 283.9, 283.9, 283.9, 132, 0.0
2021-05-21 13:54:00, 283.93, 284.05, 283.93, 284.05, 233, 0.0
2021-05-21 14:06:00, 284.04, 284.1, 284.04, 284.1, 306, 0.0
2021-05-21 14:11:00, 284.14, 284.19, 284.14, 284.19, 495, 0.0
2021-05-21 14:18:00, 284.21, 284.21, 284.21, 284.21, 117, 0.0
2021-05-21 14:19:00, 284.09, 284.09, 284.09, 284.09, 134, 0.0
2021-05-21 14:20:00, 283.86, 284.07, 283.86, 284.07, 228, 0.0
2021-05-21 14:28:00, 284.56, 284.86, 284.56, 284.78, 871, 0.0
2021-05-21 14:30:00, 284.9, 284.91, 284.9, 284.91, 202, 0.0
2021-05-21 14:31:00, 284.89, 285.08, 284.89, 284.93, 929, 0.0
2021-05-21 14:34:00, 285.13, 285.13, 285.08, 285.08, 607, 0.0
2021-05-21 14:35:00, 285.14, 285.14, 285.14, 285.14, 116, 0.0
2021-05-21 14:36:00, 285.22, 285.22, 285.22, 285.22, 102, 0.0
2021-05-21 14:39:00, 284.88, 284.88, 284.88, 284.88, 330, 0.0
2021-05-21 14:40:00, 284.63, 284.71, 284.63, 284.71, 575, 0.0
2021-05-21 14:42:00, 284.39, 284.4, 284.39, 284.4, 636, 0.0
2021-05-21 14:45:00, 283.84, 283.95, 283.84, 283.9, 518, 0.0
2021-05-21 14:47:00, 283.86, 283.86, 283.79, 283.79, 442, 0.0
2021-05-21 14:48:00, 283.31, 283.31, 283.31, 283.31, 265, 0.0
2021-05-21 14:49:00, 283.31, 283.38, 283.28, 283.38, 665, 0.0
2021-05-21 14:50:00, 283.3, 283.61, 283.3, 283.53, 1072, 0.0
2021-05-21 14:51:00, 283.55, 283.55, 283.55, 283.55, 164, 0.0
2021-05-21 14:52:00, 283.59, 283.9, 283.46, 283.9, 854, 0.0
2021-05-21 14:53:00, 283.91, 283.92, 283.84, 283.84, 347, 0.0
2021-05-21 14:54:00, 283.52, 283.52, 283.1, 283.1, 823, 0.0
2021-05-21 14:55:00, 283.27, 283.5, 283.23, 283.23, 1164, 0.0
2021-05-21 14:56:00, 283.33, 283.33, 282.85, 282.86, 781, 0.0
2021-05-21 14:57:00, 282.935, 283.04, 282.935, 282.99, 943, 0.0
2021-05-21 14:58:00, 283.13, 283.13, 283.075, 283.08, 637, 0.0
2021-05-21 14:59:00, 283.36, 283.62, 283.36, 283.38, 930, 0.0
2021-05-24 08:30:00, 285.41, 285.41, 284.16, 284.31, 691, 0.0
2021-05-24 08:31:00, 285.115, 285.7, 285.115, 285.59, 433, 0.0
2021-05-24 08:34:00, 286.7, 286.7, 286.7, 286.7, 433, 0.0
2021-05-24 08:38:00, 286.72, 286.82, 286.72, 286.82, 235, 0.0
2021-05-24 08:40:00, 285.98, 285.98, 285.98, 285.98, 101, 0.0
2021-05-24 08:41:00, 285.24, 286, 285.24, 286, 578, 0.0
2021-05-24 08:44:00, 285.41, 285.41, 285.41, 285.41, 135, 0.0
2021-05-24 08:52:00, 284.97, 284.97, 284.88, 284.88, 356, 0.0
2021-05-24 08:53:00, 285.06, 285.07, 285.05, 285.07, 719, 0.0
2021-05-24 08:55:00, 284.96, 284.96, 284.96, 284.96, 105, 0.0
2021-05-24 09:01:00, 284.77, 284.77, 284.71, 284.71, 207, 0.0
2021-05-24 09:05:00, 284.455, 284.53, 284.455, 284.53, 613, 0.0
2021-05-24 09:08:00, 284.035, 284.035, 284, 284, 317, 0.0
2021-05-24 09:15:00, 283.83, 283.9, 283.83, 283.9, 522, 0.0
2021-05-24 09:16:00, 284.2, 284.27, 284.2, 284.27, 240, 0.0
2021-05-24 09:17:00, 284.42, 284.42, 284.42, 284.42, 101, 0.0
2021-05-24 09:22:00, 285.21, 285.21, 285.21, 285.21, 159, 0.0
2021-05-24 09:31:00, 284.95, 284.95, 284.74, 284.74, 202, 0.0
2021-05-24 09:38:00, 284.66, 284.66, 284.58, 284.58, 202, 0.0
2021-05-24 09:40:00, 284.38, 284.38, 284.38, 284.38, 133, 0.0
2021-05-24 09:41:00, 284.43, 284.49, 284.43, 284.49, 284, 0.0
2021-05-24 09:45:00, 284.26, 284.26, 284.26, 284.26, 111, 0.0
2021-05-24 09:46:00, 284.36, 284.36, 284.36, 284.36, 101, 0.0
2021-05-24 09:47:00, 284.42, 284.42, 284.42, 284.42, 226, 0.0
2021-05-24 09:51:00, 284.31, 284.31, 284.24, 284.24, 791, 0.0
2021-05-24 09:54:00, 284.08, 284.08, 284.08, 284.08, 105, 0.0
2021-05-24 09:55:00, 284.14, 284.14, 284.12, 284.12, 207, 0.0
2021-05-24 09:56:00, 284.08, 284.08, 284.08, 284.08, 112, 0.0
2021-05-24 09:57:00, 284.11, 284.115, 284.11, 284.115, 202, 0.0
2021-05-24 10:03:00, 284.12, 284.12, 284.12, 284.12, 103, 0.0
2021-05-24 10:06:00, 283.85, 283.88, 283.85, 283.88, 201, 0.0
2021-05-24 10:07:00, 283.99, 283.99, 283.99, 283.99, 101, 0.0
2021-05-24 10:13:00, 284.02, 284.02, 284.02, 284.02, 103, 0.0
2021-05-24 10:17:00, 284.015, 284.015, 284.015, 284.015, 206, 0.0
2021-05-24 10:18:00, 284.1, 284.1, 284.1, 284.1, 106, 0.0
2021-05-24 10:19:00, 284.375, 284.375, 284.375, 284.375, 121, 0.0
2021-05-24 10:27:00, 284.41, 284.41, 284.41, 284.41, 121, 0.0
2021-05-24 10:32:00, 284.6, 284.6, 284.6, 284.6, 100, 0.0
2021-05-24 10:34:00, 284.59, 284.59, 284.58, 284.58, 201, 0.0
2021-05-24 10:37:00, 283.93, 283.93, 283.93, 283.93, 143, 0.0
2021-05-24 10:41:00, 283.91, 283.91, 283.91, 283.91, 108, 0.0
2021-05-24 10:43:00, 283.895, 283.895, 283.895, 283.895, 100, 0.0
2021-05-24 10:48:00, 283.79, 283.79, 283.79, 283.79, 107, 0.0
2021-05-24 10:49:00, 283.64, 283.64, 283.64, 283.64, 213, 0.0
2021-05-24 10:55:00, 283.53, 283.53, 283.53, 283.53, 143, 0.0
2021-05-24 10:56:00, 283.52, 283.55, 283.52, 283.55, 235, 0.0
2021-05-24 11:02:00, 283.46, 283.46, 283.46, 283.46, 100, 0.0
2021-05-24 11:05:00, 283.02, 283.02, 283.02, 283.02, 133, 0.0
2021-05-24 11:08:00, 282.875, 282.875, 282.875, 282.875, 125, 0.0
2021-05-24 11:10:00, 282.68, 282.68, 282.68, 282.68, 142, 0.0
2021-05-24 11:25:00, 282.2, 282.2, 282.18, 282.18, 300, 0.0
2021-05-24 11:26:00, 282.12, 282.12, 282.12, 282.12, 234, 0.0
2021-05-24 11:28:00, 281.76, 281.76, 281.76, 281.76, 133, 0.0
2021-05-24 11:29:00, 281.78, 281.78, 281.78, 281.78, 102, 0.0
2021-05-24 11:31:00, 282, 282, 282, 282, 348, 0.0
2021-05-24 11:32:00, 281.73, 281.73, 281.73, 281.73, 264, 0.0
2021-05-24 11:36:00, 281.92, 281.92, 281.84, 281.84, 342, 0.0
2021-05-24 11:37:00, 281.8, 281.8, 281.8, 281.8, 101, 0.0
2021-05-24 11:42:00, 281.73, 281.73, 281.73, 281.73, 101, 0.0
2021-05-24 11:43:00, 281.61, 281.61, 281.61, 281.61, 161, 0.0
2021-05-24 11:45:00, 281.455, 281.54, 281.455, 281.54, 205, 0.0
2021-05-24 11:47:00, 281.45, 281.45, 281.45, 281.45, 128, 0.0
2021-05-24 11:51:00, 281.38, 281.38, 281.38, 281.38, 102, 0.0
2021-05-24 11:55:00, 281.29, 281.29, 281.29, 281.29, 115, 0.0
2021-05-24 12:00:00, 281.13, 281.13, 281.13, 281.13, 238, 0.0
2021-05-24 12:02:00, 281.14, 281.14, 281.14, 281.14, 200, 0.0
2021-05-24 12:04:00, 281.145, 281.145, 281.145, 281.145, 1005, 0.0
2021-05-24 12:06:00, 281.05, 281.05, 280.98, 280.98, 477, 0.0
2021-05-24 12:08:00, 281.09, 281.09, 281.09, 281.09, 100, 0.0
2021-05-24 12:09:00, 281.18, 281.18, 281.04, 281.04, 314, 0.0
2021-05-24 12:10:00, 281.08, 281.08, 281.08, 281.08, 102, 0.0
2021-05-24 12:14:00, 280.66, 280.66, 280.66, 280.66, 114, 0.0
2021-05-24 12:16:00, 280.61, 280.61, 280.61, 280.61, 100, 0.0
2021-05-24 12:18:00, 280.465, 280.48, 280.24, 280.24, 3170, 0.0
2021-05-24 12:19:00, 280.16, 280.325, 280.16, 280.27, 5338, 0.0
2021-05-24 12:20:00, 280.36, 280.36, 280.36, 280.36, 206, 0.0
2021-05-24 12:21:00, 280.38, 280.38, 280.38, 280.38, 353, 0.0
2021-05-24 12:22:00, 280.4, 280.4, 280.4, 280.4, 205, 0.0
2021-05-24 12:23:00, 280.35, 280.35, 280.35, 280.35, 102, 0.0
2021-05-24 12:26:00, 280.44, 280.44, 280.38, 280.38, 885, 0.0
2021-05-24 12:29:00, 280.38, 280.38, 280.38, 280.38, 201, 0.0
2021-05-24 12:31:00, 280.4, 280.4, 280.335, 280.335, 488, 0.0
2021-05-24 12:32:00, 280.39, 280.43, 280.39, 280.43, 202, 0.0
2021-05-24 12:34:00, 280.415, 280.47, 280.22, 280.22, 666, 0.0
2021-05-24 12:35:00, 280.24, 280.24, 280.24, 280.24, 152, 0.0
2021-05-24 12:37:00, 280.24, 280.24, 280.16, 280.16, 210, 0.0
2021-05-24 12:38:00, 280.14, 280.14, 280.14, 280.14, 205, 0.0
2021-05-24 12:39:00, 280.16, 280.16, 280.16, 280.16, 104, 0.0
2021-05-24 12:40:00, 280.2, 280.2, 280.2, 280.2, 106, 0.0
2021-05-24 12:41:00, 280.165, 280.21, 280.165, 280.21, 208, 0.0
2021-05-24 12:42:00, 280.135, 280.135, 280.135, 280.135, 303, 0.0
2021-05-24 12:43:00, 280.19, 280.205, 280.19, 280.205, 403, 0.0
2021-05-24 12:44:00, 280.15, 280.15, 280.03, 280.04, 610, 0.0
2021-05-24 12:45:00, 280.11, 280.11, 280.1, 280.1, 203, 0.0
2021-05-24 12:46:00, 279.91, 279.91, 279.91, 279.91, 212, 0.0
2021-05-24 12:47:00, 280.04, 280.12, 280.04, 280.12, 415, 0.0
2021-05-24 12:48:00, 280.09, 280.09, 279.93, 279.93, 303, 0.0
2021-05-24 12:51:00, 280, 280, 280, 280, 100, 0.0
2021-05-24 12:52:00, 279.94, 279.94, 279.93, 279.93, 200, 0.0
2021-05-24 12:54:00, 279.88, 279.88, 279.88, 279.88, 121, 0.0
2021-05-24 12:55:00, 279.79, 279.79, 279.79, 279.79, 128, 0.0
2021-05-24 12:56:00, 279.76, 279.76, 279.76, 279.76, 100, 0.0
2021-05-24 12:57:00, 279.74, 279.74, 279.74, 279.74, 104, 0.0
2021-05-24 12:58:00, 279.665, 279.665, 279.52, 279.53, 799, 0.0
2021-05-24 12:59:00, 279.52, 279.52, 279.52, 279.52, 415, 0.0
2021-05-24 13:01:00, 279.52, 279.575, 279.52, 279.54, 341, 0.0
2021-05-24 13:05:00, 279.34, 279.34, 279.32, 279.32, 219, 0.0
2021-05-24 13:07:00, 279.23, 279.23, 279.23, 279.23, 110, 0.0
2021-05-24 13:08:00, 278.9, 279.035, 278.9, 279.035, 221, 0.0
2021-05-24 13:09:00, 279.06, 279.06, 279.06, 279.06, 385, 0.0
2021-05-24 13:10:00, 279.4, 279.4, 279.35, 279.35, 214, 0.0
2021-05-24 13:11:00, 279.41, 279.41, 279.34, 279.35, 345, 0.0
2021-05-24 13:12:00, 279.4, 279.4, 279.4, 279.4, 100, 0.0
2021-05-24 13:13:00, 279.49, 279.49, 279.49, 279.49, 111, 0.0
2021-05-24 13:14:00, 279.53, 279.64, 279.53, 279.64, 456, 0.0
2021-05-24 13:18:00, 279.22, 279.22, 278.75, 278.75, 409, 0.0
2021-05-24 13:19:00, 278.93, 278.93, 278.905, 278.905, 211, 0.0
2021-05-24 13:21:00, 278.84, 278.84, 278.84, 278.84, 102, 0.0
2021-05-24 13:24:00, 278.47, 278.47, 278.47, 278.47, 118, 0.0
2021-05-24 13:25:00, 278.4, 278.48, 278.4, 278.48, 637, 0.0
2021-05-24 13:30:00, 278.35, 278.35, 278.31, 278.31, 525, 0.0
2021-05-24 13:31:00, 278.28, 278.28, 278.28, 278.28, 176, 0.0
2021-05-24 13:32:00, 278.29, 278.29, 278.29, 278.29, 100, 0.0
2021-05-24 13:34:00, 278.31, 278.31, 278.31, 278.31, 103, 0.0
2021-05-24 13:35:00, 278.25, 278.25, 278.25, 278.25, 100, 0.0
2021-05-24 13:36:00, 278.19, 278.19, 278.13, 278.13, 429, 0.0
2021-05-24 13:38:00, 278.295, 278.295, 278.17, 278.17, 249, 0.0
2021-05-24 13:39:00, 278.04, 278.04, 278.04, 278.04, 103, 0.0
2021-05-24 13:41:00, 278.075, 278.075, 278.075, 278.075, 201, 0.0
2021-05-24 13:42:00, 278.03, 278.03, 278.03, 278.03, 167, 0.0
2021-05-24 13:52:00, 278.43, 278.43, 278.43, 278.43, 131, 0.0
2021-05-24 13:57:00, 278.82, 278.83, 278.82, 278.83, 204, 0.0
2021-05-24 14:02:00, 279.06, 279.06, 279.06, 279.06, 221, 0.0
2021-05-24 14:13:00, 279.41, 279.41, 279.3, 279.32, 570, 0.0
2021-05-24 14:14:00, 279.525, 279.525, 279.47, 279.47, 200, 0.0
2021-05-24 14:17:00, 279.61, 279.61, 279.61, 279.61, 214, 0.0
2021-05-24 14:18:00, 279.58, 279.58, 279.58, 279.58, 255, 0.0
2021-05-24 14:19:00, 279.6, 279.6, 279.6, 279.6, 128, 0.0
2021-05-24 14:21:00, 279.65, 279.68, 279.65, 279.68, 442, 0.0
2021-05-24 14:23:00, 279.775, 279.775, 279.775, 279.775, 102, 0.0
2021-05-24 14:26:00, 279.83, 279.91, 279.83, 279.91, 227, 0.0
2021-05-24 14:27:00, 279.425, 279.425, 279.425, 279.425, 134, 0.0
2021-05-24 14:28:00, 279.4, 279.4, 279.33, 279.33, 378, 0.0
2021-05-24 14:29:00, 279.34, 279.34, 279.34, 279.34, 162, 0.0
2021-05-24 14:31:00, 279.19, 279.19, 279.04, 279.04, 345, 0.0
2021-05-24 14:33:00, 279.08, 279.08, 279.08, 279.08, 337, 0.0
2021-05-24 14:34:00, 279.12, 279.12, 279.12, 279.12, 130, 0.0
2021-05-24 14:36:00, 279.155, 279.155, 279.155, 279.155, 105, 0.0
2021-05-24 14:41:00, 279.35, 279.35, 279.35, 279.35, 123, 0.0
2021-05-24 14:42:00, 279.435, 279.46, 279.435, 279.46, 328, 0.0
2021-05-24 14:44:00, 279.64, 279.64, 279.64, 279.64, 156, 0.0
2021-05-24 14:45:00, 279.87, 279.87, 279.71, 279.71, 845, 0.0
2021-05-24 14:46:00, 279.83, 279.84, 279.83, 279.84, 202, 0.0
2021-05-24 14:49:00, 279.495, 279.64, 279.495, 279.55, 923, 0.0
2021-05-24 14:50:00, 279.34, 279.37, 279.34, 279.35, 663, 0.0
2021-05-24 14:51:00, 279.29, 279.29, 279.29, 279.29, 189, 0.0
2021-05-24 14:52:00, 279.44, 279.44, 279.41, 279.41, 300, 0.0
2021-05-24 14:53:00, 279.48, 279.48, 279.48, 279.48, 139, 0.0
2021-05-24 14:54:00, 279.39, 279.42, 279.39, 279.42, 241, 0.0
2021-05-24 14:55:00, 279.17, 279.17, 279.14, 279.14, 453, 0.0
2021-05-24 14:56:00, 279.11, 279.11, 279, 279, 257, 0.0
2021-05-24 14:57:00, 279.09, 279.09, 279.02, 279.03, 519, 0.0
2021-05-25 08:30:00, 279.09, 279.735, 279.09, 279.735, 349, 0.0
2021-05-25 08:31:00, 278.42, 278.42, 278.42, 278.42, 330, 0.0
2021-05-25 08:32:00, 278.68, 278.68, 278.68, 278.68, 100, 0.0
2021-05-25 08:34:00, 278.04, 278.04, 277.77, 277.77, 223, 0.0
2021-05-25 08:35:00, 277.73, 277.87, 277.64, 277.87, 573, 0.0
2021-05-25 08:36:00, 277.66, 277.75, 277.66, 277.75, 215, 0.0
2021-05-25 08:37:00, 277.57, 277.73, 277.55, 277.73, 637, 0.0
2021-05-25 08:38:00, 278.02, 278.02, 278.02, 278.02, 161, 0.0
2021-05-25 08:39:00, 277.35, 277.35, 277.35, 277.35, 219, 0.0
2021-05-25 08:42:00, 277.63, 277.8, 277.63, 277.8, 243, 0.0
2021-05-25 08:47:00, 276.99, 276.99, 276.22, 276.45, 567, 0.0
2021-05-25 08:49:00, 276.15, 276.15, 276.15, 276.15, 545, 0.0
2021-05-25 08:51:00, 275.97, 275.97, 275.88, 275.88, 659, 0.0
2021-05-25 08:52:00, 275.97, 275.97, 275.97, 275.97, 377, 0.0
2021-05-25 08:54:00, 276.01, 276.15, 276.01, 276.13, 407, 0.0
2021-05-25 08:55:00, 276.02, 276.02, 276.02, 276.02, 192, 0.0
2021-05-25 08:57:00, 276.54, 276.58, 276.205, 276.205, 612, 0.0
2021-05-25 09:01:00, 275.97, 275.97, 275.97, 275.97, 245, 0.0
2021-05-25 09:03:00, 275.48, 275.48, 275.48, 275.48, 100, 0.0
2021-05-25 09:04:00, 275.42, 275.42, 275.42, 275.42, 101, 0.0
2021-05-25 09:06:00, 275, 275, 275, 275, 130, 0.0
2021-05-25 09:07:00, 275.25, 275.25, 275.25, 275.25, 238, 0.0
2021-05-25 09:11:00, 275.41, 275.41, 275.41, 275.41, 219, 0.0
2021-05-25 09:12:00, 275.64, 275.655, 275.64, 275.655, 761, 0.0
2021-05-25 09:13:00, 275.38, 275.38, 275.38, 275.38, 101, 0.0
2021-05-25 09:14:00, 275.665, 275.665, 275.665, 275.665, 378, 0.0
2021-05-25 09:15:00, 275.515, 275.74, 275.515, 275.74, 359, 0.0
2021-05-25 09:22:00, 276.2, 276.22, 275.795, 275.795, 588, 0.0
2021-05-25 09:28:00, 275.72, 275.77, 275.72, 275.77, 342, 0.0
2021-05-25 09:30:00, 275.9, 276.02, 275.9, 276.02, 210, 0.0
2021-05-25 09:33:00, 275.27, 275.27, 275.27, 275.27, 100, 0.0
2021-05-25 09:35:00, 275.09, 275.09, 275.02, 275.02, 228, 0.0
2021-05-25 09:36:00, 275, 275, 275, 275, 295, 0.0
2021-05-25 09:37:00, 275.18, 275.18, 275.18, 275.18, 346, 0.0
2021-05-25 09:40:00, 276.05, 276.05, 276.05, 276.05, 101, 0.0
2021-05-25 09:41:00, 275.91, 275.91, 275.73, 275.73, 200, 0.0
2021-05-25 09:43:00, 275.99, 275.99, 275.99, 275.99, 198, 0.0
2021-05-25 09:44:00, 276.025, 276.025, 276.025, 276.025, 104, 0.0
2021-05-25 09:45:00, 275.91, 275.91, 275.91, 275.91, 100, 0.0
2021-05-25 09:50:00, 275.64, 275.64, 275.58, 275.58, 253, 0.0
2021-05-25 09:52:00, 275.89, 275.89, 275.89, 275.89, 134, 0.0
2021-05-25 09:54:00, 275.79, 275.79, 275.79, 275.79, 136, 0.0
2021-05-25 09:57:00, 275.54, 275.54, 275.54, 275.54, 100, 0.0
2021-05-25 10:03:00, 275.03, 275.03, 275.03, 275.03, 141, 0.0
2021-05-25 10:13:00, 275.18, 275.18, 275.18, 275.18, 201, 0.0
2021-05-25 10:16:00, 274.98, 274.98, 274.95, 274.95, 234, 0.0
2021-05-25 10:17:00, 274.82, 274.84, 274.82, 274.84, 219, 0.0
2021-05-25 10:18:00, 274.81, 274.81, 274.79, 274.79, 200, 0.0
2021-05-25 10:22:00, 274.66, 274.66, 274.66, 274.66, 321, 0.0
2021-05-25 10:27:00, 274.73, 274.73, 274.73, 274.73, 220, 0.0
2021-05-25 10:30:00, 275.07, 275.07, 275.07, 275.07, 102, 0.0
2021-05-25 10:32:00, 274.95, 274.95, 274.95, 274.95, 100, 0.0
2021-05-25 10:34:00, 274.74, 274.84, 274.74, 274.84, 235, 0.0
2021-05-25 10:36:00, 274.61, 274.61, 274.61, 274.61, 286, 0.0
2021-05-25 10:37:00, 274.99, 274.99, 274.97, 274.97, 221, 0.0
2021-05-25 10:39:00, 275.27, 275.27, 275.07, 275.07, 288, 0.0
2021-05-25 10:40:00, 274.875, 274.875, 274.875, 274.875, 200, 0.0
2021-05-25 10:41:00, 274.76, 274.795, 274.76, 274.795, 233, 0.0
2021-05-25 10:43:00, 274.86, 274.86, 274.86, 274.86, 166, 0.0
2021-05-25 10:49:00, 275.06, 275.09, 275.06, 275.09, 211, 0.0
2021-05-25 10:50:00, 275.14, 275.14, 275.14, 275.14, 116, 0.0
2021-05-25 10:51:00, 274.82, 274.82, 274.82, 274.82, 144, 0.0
2021-05-25 11:01:00, 275.1, 275.1, 275.1, 275.1, 128, 0.0
2021-05-25 11:02:00, 275.115, 275.115, 275.115, 275.115, 102, 0.0
2021-05-25 11:04:00, 275.11, 275.11, 275.11, 275.11, 253, 0.0
2021-05-25 11:10:00, 274.82, 274.82, 274.82, 274.82, 103, 0.0
2021-05-25 11:12:00, 274.545, 274.545, 274.545, 274.545, 100, 0.0
2021-05-25 11:16:00, 274.73, 274.73, 274.73, 274.73, 151, 0.0
2021-05-25 11:18:00, 274.64, 274.64, 274.64, 274.64, 100, 0.0
2021-05-25 11:22:00, 274.69, 274.69, 274.69, 274.69, 118, 0.0
2021-05-25 11:23:00, 274.69, 274.73, 274.69, 274.73, 225, 0.0
2021-05-25 11:29:00, 274.49, 274.49, 274.49, 274.49, 133, 0.0
2021-05-25 11:30:00, 274.44, 274.44, 274.44, 274.44, 200, 0.0
2021-05-25 11:31:00, 274.53, 274.53, 274.53, 274.53, 120, 0.0
2021-05-25 11:32:00, 274.57, 274.57, 274.49, 274.49, 260, 0.0
2021-05-25 11:37:00, 274.46, 274.46, 274.46, 274.46, 115, 0.0
2021-05-25 11:40:00, 274.58, 274.58, 274.58, 274.58, 165, 0.0
2021-05-25 11:41:00, 274.49, 274.49, 274.49, 274.49, 215, 0.0
2021-05-25 11:42:00, 274.59, 274.59, 274.59, 274.59, 321, 0.0
2021-05-25 11:43:00, 274.96, 274.98, 274.94, 274.98, 306, 0.0
2021-05-25 11:44:00, 275.05, 275.05, 275.05, 275.05, 108, 0.0
2021-05-25 11:45:00, 275.24, 275.24, 275.24, 275.24, 117, 0.0
2021-05-25 11:52:00, 275.06, 275.06, 275.06, 275.06, 110, 0.0
2021-05-25 11:54:00, 274.75, 274.775, 274.75, 274.77, 595, 0.0
2021-05-25 11:55:00, 274.7, 274.71, 274.7, 274.71, 200, 0.0
2021-05-25 11:57:00, 274.64, 274.64, 274.64, 274.64, 280, 0.0
2021-05-25 12:00:00, 274.37, 274.37, 274.37, 274.37, 105, 0.0
2021-05-25 12:01:00, 274.14, 274.14, 274.14, 274.14, 274, 0.0
2021-05-25 12:03:00, 273.965, 273.965, 273.965, 273.965, 203, 0.0
2021-05-25 12:04:00, 274.01, 274.01, 274.01, 274.01, 101, 0.0
2021-05-25 12:05:00, 273.94, 273.94, 273.94, 273.94, 100, 0.0
2021-05-25 12:06:00, 273.925, 273.925, 273.925, 273.925, 320, 0.0
2021-05-25 12:08:00, 274.09, 274.09, 274.09, 274.09, 100, 0.0
2021-05-25 12:09:00, 274, 274, 274, 274, 100, 0.0
2021-05-25 12:12:00, 274.06, 274.06, 274.06, 274.06, 137, 0.0
2021-05-25 12:15:00, 274.57, 274.57, 274.515, 274.515, 406, 0.0
2021-05-25 12:16:00, 274.54, 274.54, 274.54, 274.54, 112, 0.0
2021-05-25 12:17:00, 274.61, 274.61, 274.54, 274.54, 543, 0.0
2021-05-25 12:19:00, 274.7, 274.7, 274.61, 274.61, 300, 0.0
2021-05-25 12:20:00, 274.52, 274.52, 274.52, 274.52, 101, 0.0
2021-05-25 12:21:00, 274.555, 274.555, 274.555, 274.555, 101, 0.0
2021-05-25 12:28:00, 274.19, 274.19, 274.19, 274.19, 100, 0.0
2021-05-25 12:33:00, 274.3, 274.3, 274.23, 274.23, 467, 0.0
2021-05-25 12:34:00, 274.16, 274.16, 273.88, 273.88, 358, 0.0
2021-05-25 12:36:00, 273.655, 273.74, 273.65, 273.74, 2955, 0.0
2021-05-25 12:37:00, 273.58, 273.76, 273.575, 273.67, 1848, 0.0
2021-05-25 12:39:00, 273.765, 273.8, 273.66, 273.685, 1018, 0.0
2021-05-25 12:40:00, 273.8, 273.8, 273.8, 273.8, 101, 0.0
2021-05-25 12:41:00, 273.555, 273.68, 273.555, 273.68, 652, 0.0
2021-05-25 12:42:00, 273.73, 273.73, 273.72, 273.72, 223, 0.0
2021-05-25 12:43:00, 273.86, 273.86, 273.86, 273.86, 166, 0.0
2021-05-25 12:48:00, 273.82, 273.82, 273.82, 273.82, 100, 0.0
2021-05-25 12:52:00, 273.84, 273.84, 273.84, 273.84, 203, 0.0
2021-05-25 12:55:00, 273.89, 273.89, 273.89, 273.89, 112, 0.0
2021-05-25 13:02:00, 273.53, 273.54, 273.53, 273.54, 252, 0.0
2021-05-25 13:03:00, 273.74, 273.74, 273.74, 273.74, 117, 0.0
2021-05-25 13:04:00, 273.61, 273.61, 273.61, 273.61, 133, 0.0
2021-05-25 13:06:00, 273.74, 273.85, 273.74, 273.85, 213, 0.0
2021-05-25 13:08:00, 273.75, 273.75, 273.75, 273.75, 158, 0.0
2021-05-25 13:18:00, 273.94, 273.94, 273.94, 273.94, 220, 0.0
2021-05-25 13:19:00, 273.92, 273.92, 273.92, 273.92, 100, 0.0
2021-05-25 13:26:00, 273.89, 273.89, 273.855, 273.855, 200, 0.0
2021-05-25 13:27:00, 273.9, 273.9, 273.9, 273.9, 233, 0.0
2021-05-25 13:28:00, 273.9, 273.9, 273.9, 273.9, 113, 0.0
2021-05-25 13:31:00, 274.41, 274.41, 274.41, 274.41, 100, 0.0
2021-05-25 13:35:00, 274.355, 274.355, 274.355, 274.355, 101, 0.0
2021-05-25 13:45:00, 274.3, 274.3, 274.23, 274.23, 201, 0.0
2021-05-25 13:48:00, 274.27, 274.27, 274.27, 274.27, 101, 0.0
2021-05-25 13:49:00, 274.27, 274.27, 274.27, 274.27, 100, 0.0
2021-05-25 13:50:00, 274.27, 274.27, 274.27, 274.27, 111, 0.0
2021-05-25 13:52:00, 274.15, 274.15, 274.13, 274.13, 200, 0.0
2021-05-25 13:55:00, 273.93, 273.93, 273.91, 273.91, 225, 0.0
2021-05-25 13:56:00, 274.01, 274.01, 274.01, 274.01, 228, 0.0
2021-05-25 13:59:00, 274.06, 274.06, 274.06, 274.06, 114, 0.0
2021-05-25 14:02:00, 273.79, 273.79, 273.79, 273.79, 255, 0.0
2021-05-25 14:03:00, 273.6, 273.6, 273.59, 273.59, 200, 0.0
2021-05-25 14:04:00, 273.55, 273.55, 273.55, 273.55, 105, 0.0
2021-05-25 14:10:00, 273.74, 273.75, 273.74, 273.75, 200, 0.0
2021-05-25 14:11:00, 273.73, 273.73, 273.73, 273.73, 156, 0.0
2021-05-25 14:14:00, 273.84, 273.84, 273.84, 273.84, 108, 0.0
2021-05-25 14:15:00, 273.78, 273.78, 273.78, 273.78, 101, 0.0
2021-05-25 14:18:00, 273.67, 273.74, 273.67, 273.74, 201, 0.0
2021-05-25 14:19:00, 273.67, 273.67, 273.67, 273.67, 194, 0.0
2021-05-25 14:24:00, 273.99, 274.105, 273.99, 274.105, 619, 0.0
2021-05-25 14:25:00, 274.18, 274.18, 274.12, 274.12, 307, 0.0
2021-05-25 14:26:00, 274.185, 274.265, 274.185, 274.265, 468, 0.0
2021-05-25 14:28:00, 273.98, 274.02, 273.98, 274.02, 313, 0.0
2021-05-25 14:30:00, 274.17, 274.38, 274.17, 274.38, 712, 0.0
2021-05-25 14:31:00, 274.55, 274.65, 274.55, 274.65, 307, 0.0
2021-05-25 14:32:00, 274.65, 274.65, 274.65, 274.65, 110, 0.0
2021-05-25 14:33:00, 274.64, 274.64, 274.64, 274.64, 336, 0.0
2021-05-25 14:34:00, 274.535, 274.56, 274.52, 274.56, 413, 0.0
2021-05-25 14:35:00, 274.68, 274.68, 274.68, 274.68, 102, 0.0
2021-05-25 14:36:00, 274.705, 274.705, 274.66, 274.7, 455, 0.0
2021-05-25 14:38:00, 274.715, 274.9, 274.715, 274.84, 661, 0.0
2021-05-25 14:39:00, 274.84, 274.84, 274.82, 274.82, 266, 0.0
2021-05-25 14:40:00, 274.8, 274.8, 274.72, 274.73, 331, 0.0
2021-05-25 14:41:00, 274.82, 274.865, 274.8, 274.865, 653, 0.0
2021-05-25 14:42:00, 274.84, 274.85, 274.71, 274.71, 400, 0.0
2021-05-25 14:45:00, 274.22, 274.22, 274.18, 274.18, 374, 0.0
2021-05-25 14:46:00, 274.16, 274.35, 274.15, 274.35, 817, 0.0
2021-05-25 14:47:00, 274.24, 274.29, 274.24, 274.29, 411, 0.0
2021-05-25 14:48:00, 274.34, 274.34, 274.125, 274.16, 593, 0.0
2021-05-25 14:49:00, 274.19, 274.19, 274.18, 274.18, 314, 0.0
2021-05-25 14:50:00, 273.89, 273.89, 273.765, 273.765, 517, 0.0
2021-05-25 14:51:00, 273.53, 273.605, 273.53, 273.605, 480, 0.0
2021-05-25 14:52:00, 273.41, 273.5, 273.41, 273.49, 1149, 0.0
2021-05-25 14:53:00, 273.46, 273.59, 273.46, 273.59, 797, 0.0
2021-05-25 14:54:00, 273.4, 273.4, 273.195, 273.195, 1418, 0.0
2021-05-25 14:55:00, 273.3, 273.47, 273.3, 273.47, 1099, 0.0
2021-05-25 14:56:00, 273.345, 273.42, 273.3, 273.325, 1834, 0.0
2021-05-25 14:57:00, 273.335, 273.525, 273.335, 273.41, 2005, 0.0
2021-05-25 14:58:00, 273.535, 273.58, 273.475, 273.56, 1301, 0.0
2021-05-25 14:59:00, 273.62, 273.69, 273.54, 273.55, 1841, 0.0
2021-05-26 08:30:00, 273.3, 273.85, 273.3, 273.85, 301, 0.0
2021-05-26 08:31:00, 272.78, 272.78, 272.78, 272.78, 133, 0.0
2021-05-26 08:33:00, 273.3, 273.3, 273.3, 273.3, 100, 0.0
2021-05-26 08:34:00, 273.675, 273.675, 273.675, 273.675, 200, 0.0
2021-05-26 08:36:00, 272.94, 272.95, 272.94, 272.95, 261, 0.0
2021-05-26 08:38:00, 271.78, 271.78, 271.78, 271.78, 203, 0.0
2021-05-26 08:42:00, 270.99, 271.35, 270.99, 271.35, 549, 0.0
2021-05-26 08:43:00, 271.49, 271.49, 271.49, 271.49, 333, 0.0
2021-05-26 08:46:00, 270.82, 270.82, 270.82, 270.82, 129, 0.0
2021-05-26 08:47:00, 270.86, 271.11, 270.86, 271.11, 437, 0.0
2021-05-26 08:48:00, 270.58, 270.58, 270.395, 270.395, 359, 0.0
2021-05-26 08:49:00, 270.38, 270.38, 270.36, 270.36, 233, 0.0
2021-05-26 08:50:00, 270.25, 270.25, 270.25, 270.25, 187, 0.0
2021-05-26 08:51:00, 271.16, 271.16, 271.16, 271.16, 214, 0.0
2021-05-26 08:52:00, 272.14, 272.14, 272.1, 272.1, 335, 0.0
2021-05-26 08:53:00, 272.72, 273.84, 272, 272.34, 3469, 0.0
2021-05-26 08:54:00, 272.55, 272.56, 272.55, 272.56, 295, 0.0
2021-05-26 08:55:00, 271.59, 271.61, 271.59, 271.6, 368, 0.0
2021-05-26 08:56:00, 271.13, 271.13, 271.13, 271.13, 110, 0.0
2021-05-26 08:57:00, 271.09, 271.72, 271.09, 271.72, 1163, 0.0
2021-05-26 08:58:00, 271.35, 271.545, 271.35, 271.545, 444, 0.0
2021-05-26 08:59:00, 270.67, 270.67, 270.67, 270.67, 133, 0.0
2021-05-26 09:00:00, 270.63, 270.73, 270.35, 270.73, 804, 0.0
2021-05-26 09:03:00, 270.59, 270.59, 270.4, 270.45, 404, 0.0
2021-05-26 09:05:00, 269.54, 269.54, 269.49, 269.53, 504, 0.0
2021-05-26 09:06:00, 269.62, 269.62, 269.62, 269.62, 344, 0.0
2021-05-26 09:07:00, 269.8, 269.87, 269.66, 269.66, 489, 0.0
2021-05-26 09:10:00, 269.7, 269.77, 269.7, 269.77, 370, 0.0
2021-05-26 09:11:00, 269.9, 270.09, 269.9, 270.09, 200, 0.0
2021-05-26 09:12:00, 270.1, 270.1, 270.1, 270.1, 102, 0.0
2021-05-26 09:14:00, 269.735, 269.735, 269.73, 269.73, 538, 0.0
2021-05-26 09:15:00, 270.14, 270.2, 270.14, 270.2, 533, 0.0
2021-05-26 09:17:00, 270.055, 270.055, 270.055, 270.055, 123, 0.0
2021-05-26 09:20:00, 270.45, 270.46, 270.45, 270.46, 291, 0.0
2021-05-26 09:25:00, 270.66, 270.68, 270.64, 270.68, 533, 0.0
2021-05-26 09:26:00, 270.63, 270.63, 270.63, 270.63, 115, 0.0
2021-05-26 09:27:00, 270.69, 270.69, 270.69, 270.69, 511, 0.0
2021-05-26 09:30:00, 270.65, 270.65, 270.65, 270.65, 136, 0.0
2021-05-26 09:31:00, 270.65, 270.68, 270.65, 270.68, 285, 0.0
2021-05-26 09:32:00, 270.65, 270.65, 270.65, 270.65, 100, 0.0
2021-05-26 09:34:00, 270.35, 270.35, 270.35, 270.35, 104, 0.0
2021-05-26 09:35:00, 270.48, 270.48, 270.46, 270.46, 250, 0.0
2021-05-26 09:37:00, 269.94, 269.95, 269.94, 269.95, 471, 0.0
2021-05-26 09:38:00, 270.33, 270.46, 270.33, 270.46, 404, 0.0
2021-05-26 09:40:00, 270.57, 270.57, 270.57, 270.57, 100, 0.0
2021-05-26 09:44:00, 270.055, 270.055, 270.055, 270.055, 102, 0.0
2021-05-26 09:49:00, 270.44, 270.44, 270.44, 270.44, 100, 0.0
2021-05-26 09:50:00, 270.6, 270.6, 270.6, 270.6, 346, 0.0
2021-05-26 09:53:00, 270.78, 270.79, 270.7, 270.79, 786, 0.0
2021-05-26 09:54:00, 270.83, 271.045, 270.83, 271.045, 458, 0.0
2021-05-26 09:55:00, 270.93, 270.93, 270.93, 270.93, 104, 0.0
2021-05-26 09:57:00, 271.04, 271.14, 271.03, 271.14, 650, 0.0
2021-05-26 10:00:00, 271.29, 271.55, 271.29, 271.37, 937, 0.0
2021-05-26 10:04:00, 271.2, 271.22, 271.2, 271.22, 253, 0.0
2021-05-26 10:05:00, 271.195, 271.23, 271.195, 271.23, 413, 0.0
2021-05-26 10:06:00, 271.1, 271.1, 271.1, 271.1, 228, 0.0
2021-05-26 10:07:00, 271.16, 271.16, 271.11, 271.11, 250, 0.0
2021-05-26 10:09:00, 271.19, 271.19, 271.19, 271.19, 366, 0.0
2021-05-26 10:10:00, 270.91, 270.91, 270.91, 270.91, 200, 0.0
2021-05-26 10:12:00, 270.23, 270.525, 270.23, 270.525, 360, 0.0
2021-05-26 10:13:00, 270.37, 270.37, 270.37, 270.37, 104, 0.0
2021-05-26 10:14:00, 270.57, 270.57, 270.33, 270.5, 557, 0.0
2021-05-26 10:15:00, 270.51, 270.51, 270.51, 270.51, 158, 0.0
2021-05-26 10:18:00, 270.63, 270.63, 270.48, 270.48, 453, 0.0
2021-05-26 10:26:00, 270.565, 270.565, 270.565, 270.565, 295, 0.0
2021-05-26 10:31:00, 269.81, 269.81, 269.81, 269.81, 135, 0.0
2021-05-26 10:32:00, 269.85, 270.27, 269.85, 270.27, 468, 0.0
2021-05-26 10:34:00, 270.1, 270.1, 270.1, 270.1, 271, 0.0
2021-05-26 10:41:00, 270.2, 270.2, 270.19, 270.19, 205, 0.0
2021-05-26 10:44:00, 269.65, 269.65, 269.65, 269.65, 100, 0.0
