Date, Open, High, Low, Close, Volume, Open Interest
2021-04-27 10:45:00, 368.69, 369.24, 368.4, 369.24, 1238, 0.0
2021-04-27 11:00:00, 369.42, 369.58, 369.33, 369.45, 2220, 0.0
2021-04-27 11:15:00, 369.58, 369.63, 369.46, 369.63, 2040, 0.0
2021-04-27 11:30:00, 369.75, 370.43, 369.75, 370.43, 1526, 0.0
2021-04-27 11:45:00, 370.37, 370.37, 369.88, 369.88, 2215, 0.0
2021-04-27 12:00:00, 370.02, 370.16, 369.63, 369.96, 2619, 0.0
2021-04-27 12:15:00, 370.23, 370.28, 369.9, 370.1, 2066, 0.0
2021-04-27 12:30:00, 370.12, 370.38, 370.12, 370.38, 664, 0.0
2021-04-27 12:45:00, 370.33, 370.48, 370.22, 370.3, 4572, 0.0
2021-04-27 13:00:00, 370.03, 370.6, 370.01, 370.405, 1052, 0.0
2021-04-27 13:15:00, 370.51, 370.51, 370.03, 370.03, 1086, 0.0
2021-04-27 13:30:00, 369.875, 370.285, 369.875, 370.285, 1105, 0.0
2021-04-27 13:45:00, 370.31, 370.85, 370.29, 370.85, 2510, 0.0
2021-04-27 14:00:00, 370.81, 370.94, 370.03, 370.19, 3979, 0.0
2021-04-27 14:15:00, 370.16, 370.725, 370.16, 370.575, 1702, 0.0
2021-04-27 14:30:00, 370.61, 370.82, 370.415, 370.6, 3678, 0.0
2021-04-27 14:45:00, 370.63, 370.87, 370.19, 370.19, 12774, 0.0
2021-04-28 08:30:00, 369.155, 369.23, 368.28, 368.68, 5041, 0.0
2021-04-28 08:45:00, 368.75, 370.09, 368.75, 369.69, 4243, 0.0
2021-04-28 09:00:00, 369.81, 369.81, 368.88, 369.065, 2929, 0.0
2021-04-28 09:15:00, 369.06, 369.1, 368.44, 369.01, 1503, 0.0
2021-04-28 09:30:00, 369.23, 369.23, 368.9, 368.9, 512, 0.0
2021-04-28 09:45:00, 368.79, 369.1, 368.79, 369.1, 424, 0.0
2021-04-28 10:00:00, 369.39, 369.5, 369.14, 369.5, 883, 0.0
2021-04-28 10:15:00, 370.04, 370.17, 369.86, 369.86, 856, 0.0
2021-04-28 10:30:00, 369.08, 369.245, 369.08, 369.245, 302, 0.0
2021-04-28 10:45:00, 369.165, 369.21, 368.625, 368.625, 1191, 0.0
2021-04-28 11:00:00, 368.91, 369.31, 368.84, 369.31, 1297, 0.0
2021-04-28 11:15:00, 369.48, 369.635, 369.48, 369.52, 493, 0.0
2021-04-28 11:30:00, 369.37, 369.39, 369.17, 369.19, 851, 0.0
2021-04-28 11:45:00, 369.35, 369.35, 369.35, 369.35, 100, 0.0
2021-04-28 12:00:00, 369.225, 369.225, 369.005, 369.005, 566, 0.0
2021-04-28 12:15:00, 369.345, 369.38, 369.345, 369.38, 220, 0.0
2021-04-28 12:30:00, 369.16, 369.16, 369.16, 369.16, 115, 0.0
2021-04-28 12:45:00, 369.07, 369.1, 368.975, 368.975, 324, 0.0
2021-04-28 13:00:00, 369.305, 369.44, 368.72, 368.72, 1609, 0.0
2021-04-28 13:15:00, 369.11, 369.71, 369.11, 369.52, 2588, 0.0
2021-04-28 13:30:00, 369.63, 370.33, 369.55, 370.3, 1421, 0.0
2021-04-28 13:45:00, 370.24, 370.28, 370.025, 370.035, 976, 0.0
2021-04-28 14:00:00, 369.9, 369.9, 368.79, 369.15, 1245, 0.0
2021-04-28 14:15:00, 369.09, 369.63, 369.03, 369.6, 1787, 0.0
2021-04-28 14:30:00, 369.54, 369.76, 369.38, 369.67, 1382, 0.0
2021-04-28 14:45:00, 369.73, 369.83, 369.27, 369.65, 6791, 0.0
2021-04-29 08:30:00, 368.97, 371.46, 368.82, 371.37, 5361, 0.0
2021-04-29 08:45:00, 371.51, 372.17, 371.32, 371.39, 2699, 0.0
2021-04-29 09:00:00, 371.35, 371.6, 371.02, 371.24, 3741, 0.0
2021-04-29 09:15:00, 371.27, 371.27, 370.555, 370.63, 1667, 0.0
2021-04-29 09:30:00, 370.58, 371.21, 370.58, 371.2, 905, 0.0
2021-04-29 09:45:00, 371.47, 371.99, 371.47, 371.78, 1369, 0.0
2021-04-29 10:00:00, 371.56, 371.93, 371.56, 371.78, 607, 0.0
2021-04-29 10:15:00, 371.56, 372, 371.56, 371.945, 1325, 0.0
2021-04-29 10:30:00, 372, 372.42, 371.93, 372.03, 1511, 0.0
2021-04-29 10:45:00, 372.19, 372.26, 371.9, 371.99, 1896, 0.0
2021-04-29 11:00:00, 372.01, 372.37, 371.91, 371.98, 983, 0.0
2021-04-29 11:15:00, 371.92, 372.33, 371.91, 372.15, 2054, 0.0
2021-04-29 11:30:00, 372.32, 372.82, 372.32, 372.82, 1246, 0.0
2021-04-29 11:45:00, 372.84, 372.84, 372.465, 372.64, 1609, 0.0
2021-04-29 12:00:00, 372.87, 373.18, 372.8, 373.14, 2446, 0.0
2021-04-29 12:15:00, 373.255, 373.53, 373.08, 373.38, 2376, 0.0
2021-04-29 12:30:00, 373.37, 373.37, 373.12, 373.24, 2541, 0.0
2021-04-29 12:45:00, 373.2, 373.35, 373.2, 373.27, 1043, 0.0
2021-04-29 13:00:00, 373.23, 373.62, 373.23, 373.58, 1385, 0.0
2021-04-29 13:15:00, 373.575, 374.08, 373.575, 374.08, 2436, 0.0
2021-04-29 13:30:00, 374.24, 374.45, 374.24, 374.45, 888, 0.0
2021-04-29 13:45:00, 374.58, 374.7, 374, 374.02, 1586, 0.0
2021-04-29 14:00:00, 374.1, 374.27, 373.89, 374.045, 3413, 0.0
2021-04-29 14:15:00, 374.04, 374.22, 373.67, 373.72, 2658, 0.0
2021-04-29 14:30:00, 373.775, 373.97, 373.49, 373.58, 5402, 0.0
2021-04-29 14:45:00, 373.6, 373.93, 373.39, 373.515, 15107, 0.0
2021-04-30 08:30:00, 372.995, 373.225, 372.75, 372.76, 1114, 0.0
2021-04-30 08:45:00, 372.27, 372.27, 371.43, 371.43, 1792, 0.0
2021-04-30 09:00:00, 371.7, 371.88, 371.54, 371.54, 807, 0.0
2021-04-30 09:15:00, 371.77, 373.08, 371.77, 373.06, 2124, 0.0
2021-04-30 09:30:00, 373.02, 373.08, 372.99, 373, 677, 0.0
2021-04-30 09:45:00, 372.78, 372.78, 372.72, 372.72, 569, 0.0
2021-04-30 10:00:00, 372.42, 372.42, 372.28, 372.28, 638, 0.0
2021-04-30 10:15:00, 372.11, 372.11, 371.62, 371.7, 1699, 0.0
2021-04-30 10:30:00, 371.55, 371.55, 371.505, 371.505, 271, 0.0
2021-04-30 10:45:00, 372.53, 372.73, 372.455, 372.615, 1435, 0.0
2021-04-30 11:00:00, 372.67, 373.03, 372.67, 373.01, 1128, 0.0
2021-04-30 11:15:00, 372.79, 373.1, 372.79, 373.1, 413, 0.0
2021-04-30 11:30:00, 373.2, 373.22, 372.94, 373.2, 2604, 0.0
2021-04-30 11:45:00, 373.23, 373.32, 373.18, 373.18, 794, 0.0
2021-04-30 12:00:00, 373.21, 373.295, 373.19, 373.19, 1527, 0.0
2021-04-30 12:15:00, 373.32, 373.45, 373.22, 373.45, 1528, 0.0
2021-04-30 12:30:00, 373.5, 373.59, 373.47, 373.59, 679, 0.0
2021-04-30 12:45:00, 373.575, 373.575, 373.015, 373.16, 1326, 0.0
2021-04-30 13:00:00, 373.32, 373.32, 372.975, 373.21, 1501, 0.0
2021-04-30 13:15:00, 373.12, 373.59, 373.12, 373.59, 1290, 0.0
2021-04-30 13:30:00, 373.73, 373.73, 373.495, 373.575, 2010, 0.0
2021-04-30 13:45:00, 373.555, 373.91, 373.34, 373.91, 4083, 0.0
2021-04-30 14:00:00, 373.82, 374.08, 373.39, 373.545, 3763, 0.0
2021-04-30 14:15:00, 373.55, 373.95, 373.41, 373.87, 5008, 0.0
2021-04-30 14:30:00, 373.84, 373.98, 373.25, 373.25, 3504, 0.0
2021-04-30 14:45:00, 372.97, 373.59, 372.04, 372.25, 17133, 0.0
2021-05-03 08:30:00, 373.79, 374.68, 373.79, 374.54, 5718, 0.0
2021-05-03 08:45:00, 374.84, 376.97, 374.775, 376.64, 9503, 0.0
2021-05-03 09:00:00, 376.39, 376.39, 375.75, 376.33, 2122, 0.0
2021-05-03 09:15:00, 376.77, 377.68, 376.77, 377.68, 2630, 0.0
2021-05-03 09:30:00, 377.66, 378.53, 377.6, 378.135, 2888, 0.0
2021-05-03 09:45:00, 378.26, 378.26, 377.61, 377.665, 6381, 0.0
2021-05-03 10:00:00, 377.83, 378.1, 377.66, 377.955, 3987, 0.0
2021-05-03 10:15:00, 377.92, 378.37, 377.9, 378.37, 3413, 0.0
2021-05-03 10:30:00, 378.45, 378.45, 377.99, 378.34, 1095, 0.0
2021-05-03 10:45:00, 378.32, 378.39, 378.03, 378.32, 1435, 0.0
2021-05-03 11:00:00, 378.12, 378.18, 377.9, 377.95, 1978, 0.0
2021-05-03 11:15:00, 377.74, 377.82, 377.62, 377.82, 2430, 0.0
2021-05-03 11:30:00, 377.8, 377.805, 377.7, 377.71, 1625, 0.0
2021-05-03 11:45:00, 377.67, 377.98, 377.385, 377.97, 2172, 0.0
2021-05-03 12:00:00, 378.13, 378.13, 377.83, 377.92, 1501, 0.0
2021-05-03 12:15:00, 378.045, 378.28, 378.045, 378.25, 2308, 0.0
2021-05-03 12:30:00, 378.24, 378.49, 378.21, 378.29, 1385, 0.0
2021-05-03 12:45:00, 378.41, 378.43, 378.28, 378.42, 717, 0.0
2021-05-03 13:00:00, 378.49, 378.49, 378.245, 378.245, 927, 0.0
2021-05-03 13:15:00, 378.25, 378.42, 378.195, 378.42, 7140, 0.0
2021-05-03 13:30:00, 378.59, 378.64, 378.2, 378.37, 816, 0.0
2021-05-03 13:45:00, 378.44, 379, 378.44, 379, 2448, 0.0
2021-05-03 14:00:00, 378.99, 378.99, 378.635, 378.67, 2969, 0.0
2021-05-03 14:15:00, 378.665, 378.95, 378.665, 378.8, 3487, 0.0
2021-05-03 14:30:00, 378.795, 379.14, 378.73, 378.97, 6817, 0.0
2021-05-03 14:45:00, 378.99, 379.44, 378.71, 379.38, 43753, 0.0
2021-05-04 08:30:00, 379.06, 379.06, 376.22, 377.36, 6465, 0.0
2021-05-04 08:45:00, 377.27, 378.55, 377.27, 378.55, 2588, 0.0
2021-05-04 09:00:00, 378.26, 378.32, 377.77, 378.3, 2457, 0.0
2021-05-04 09:15:00, 378.62, 378.74, 377.73, 378.12, 2757, 0.0
2021-05-04 09:30:00, 378.01, 378.01, 375.93, 375.93, 4156, 0.0
2021-05-04 09:45:00, 375.8, 376.75, 375.8, 376.54, 2537, 0.0
2021-05-04 10:00:00, 376.75, 376.88, 376.42, 376.42, 1287, 0.0
2021-05-04 10:15:00, 376.15, 377.11, 375.85, 377.11, 3691, 0.0
2021-05-04 10:30:00, 377.21, 377.24, 376.76, 376.9, 1816, 0.0
2021-05-04 10:45:00, 376.83, 376.89, 376.2, 376.25, 4058, 0.0
2021-05-04 11:00:00, 376.1, 376.43, 375.96, 376.02, 5348, 0.0
2021-05-04 11:15:00, 376.06, 376.61, 376.06, 376.3, 4120, 0.0
2021-05-04 11:30:00, 376.25, 376.26, 375.87, 376.08, 2154, 0.0
2021-05-04 11:45:00, 375.85, 375.87, 375.55, 375.55, 809, 0.0
2021-05-04 12:00:00, 375.48, 375.48, 375.38, 375.38, 646, 0.0
2021-05-04 12:15:00, 375.47, 375.47, 375, 375.2, 2565, 0.0
2021-05-04 12:30:00, 375.47, 375.47, 374.71, 374.87, 1668, 0.0
2021-05-04 12:45:00, 374.75, 374.75, 374.11, 374.7, 1360, 0.0
2021-05-04 13:00:00, 374.67, 374.79, 374.305, 374.4, 1140, 0.0
2021-05-04 13:15:00, 374.5, 374.5, 374.03, 374.03, 1199, 0.0
2021-05-04 13:30:00, 374.1, 374.68, 374.09, 374.535, 1424, 0.0
2021-05-04 13:45:00, 374.47, 374.47, 374.18, 374.27, 813, 0.0
2021-05-04 14:00:00, 374.13, 374.31, 374.13, 374.31, 955, 0.0
2021-05-04 14:15:00, 374.25, 374.25, 373.99, 373.99, 1161, 0.0
2021-05-04 14:30:00, 374.17, 374.73, 374.09, 374.24, 2538, 0.0
2021-05-04 14:45:00, 374.09, 375.27, 374.08, 375.23, 9124, 0.0
2021-05-05 08:30:00, 376.19, 377.295, 376.19, 376.48, 6341, 0.0
2021-05-05 08:45:00, 376.4, 377.08, 376.37, 376.93, 3602, 0.0
2021-05-05 09:00:00, 376.295, 376.35, 375.435, 375.435, 3750, 0.0
2021-05-05 09:15:00, 375.405, 375.51, 374.77, 375.51, 4897, 0.0
2021-05-05 09:30:00, 375.68, 375.92, 374.52, 374.52, 1442, 0.0
2021-05-05 09:45:00, 374.5, 374.91, 373.85, 373.87, 3895, 0.0
2021-05-05 10:00:00, 373.945, 374.22, 373.945, 374.22, 4398, 0.0
2021-05-05 10:15:00, 374.06, 374.325, 373.83, 374, 5794, 0.0
2021-05-05 10:30:00, 373.86, 374.89, 373.86, 374.72, 3505, 0.0
2021-05-05 10:45:00, 374.805, 375.26, 374.8, 374.84, 2967, 0.0
2021-05-05 11:00:00, 374.83, 374.83, 374.1, 374.125, 1667, 0.0
2021-05-05 11:15:00, 374.46, 374.97, 374.46, 374.57, 1885, 0.0
2021-05-05 11:30:00, 374.45, 374.45, 373.805, 373.88, 1822, 0.0
2021-05-05 11:45:00, 373.9, 373.975, 373.56, 373.57, 4827, 0.0
2021-05-05 12:00:00, 373.64, 373.72, 373.5, 373.63, 2863, 0.0
2021-05-05 12:15:00, 373.59, 374.05, 373.38, 373.645, 2662, 0.0
2021-05-05 12:30:00, 373.655, 373.845, 373.555, 373.63, 1185, 0.0
2021-05-05 12:45:00, 373.46, 373.535, 373.19, 373.21, 2838, 0.0
2021-05-05 13:00:00, 373.45, 373.45, 372.96, 373.12, 3078, 0.0
2021-05-05 13:15:00, 373.35, 373.45, 373.05, 373.45, 2888, 0.0
2021-05-05 13:30:00, 373.565, 373.995, 373.565, 373.59, 1131, 0.0
2021-05-05 13:45:00, 373.58, 374.04, 373.58, 373.71, 1584, 0.0
2021-05-05 14:00:00, 373.85, 374.27, 373.83, 374.17, 2685, 0.0
2021-05-05 14:15:00, 374.02, 374.1, 373.37, 373.37, 2533, 0.0
2021-05-05 14:30:00, 373.32, 373.61, 373.22, 373.385, 3221, 0.0
2021-05-05 14:45:00, 373.48, 373.48, 372.21, 372.21, 9240, 0.0
2021-05-06 08:30:00, 373.49, 377.19, 373.45, 376.93, 9205, 0.0
2021-05-06 08:45:00, 376.83, 377.68, 376.51, 377.47, 7949, 0.0
2021-05-06 09:00:00, 377.85, 379.1, 377.85, 379.1, 3804, 0.0
2021-05-06 09:15:00, 378.48, 379.55, 378.4, 379.24, 4863, 0.0
2021-05-06 09:30:00, 379.15, 379.795, 378.91, 379.34, 2563, 0.0
2021-05-06 09:45:00, 379.37, 379.665, 378.15, 378.39, 3457, 0.0
2021-05-06 10:00:00, 378.42, 379.14, 378.42, 379.11, 4617, 0.0
2021-05-06 10:15:00, 379.145, 380.03, 379.14, 379.97, 5950, 0.0
2021-05-06 10:30:00, 380.04, 380.94, 380, 380.7, 4723, 0.0
2021-05-06 10:45:00, 380.86, 381.14, 380.6, 380.8, 2406, 0.0
2021-05-06 11:00:00, 380.78, 381.17, 380.78, 381.14, 3353, 0.0
2021-05-06 11:15:00, 381.2, 381.2, 380.775, 381.1, 9357, 0.0
2021-05-06 11:30:00, 381.45, 381.75, 381.16, 381.58, 962, 0.0
2021-05-06 11:45:00, 381.43, 381.52, 381.4, 381.52, 1014, 0.0
2021-05-06 12:00:00, 381.05, 381.09, 380.82, 380.82, 2895, 0.0
2021-05-06 12:15:00, 380.55, 380.75, 380.49, 380.75, 982, 0.0
2021-05-06 12:30:00, 380.69, 381.21, 380.69, 381.2, 2926, 0.0
2021-05-06 12:45:00, 381.15, 381.5, 381.04, 381.23, 3041, 0.0
2021-05-06 13:00:00, 380.86, 381.45, 380.84, 380.935, 2349, 0.0
2021-05-06 13:15:00, 381.25, 381.66, 381.21, 381.42, 4065, 0.0
2021-05-06 13:30:00, 381.41, 381.73, 381.41, 381.51, 3029, 0.0
2021-05-06 13:45:00, 381.485, 381.9, 381.485, 381.9, 1181, 0.0
2021-05-06 14:00:00, 381.79, 381.79, 381.01, 381.01, 12451, 0.0
2021-05-06 14:15:00, 380.97, 381.325, 380.93, 381.22, 3350, 0.0
2021-05-06 14:30:00, 381.04, 381.8, 380.98, 381.52, 7476, 0.0
2021-05-06 14:45:00, 381.565, 382.93, 381.18, 382.87, 37639, 0.0
2021-05-07 08:30:00, 382.6, 385.33, 382.56, 384.93, 9650, 0.0
2021-05-07 08:45:00, 385.01, 386.2, 384.63, 385.615, 7266, 0.0
2021-05-07 09:00:00, 385.54, 386.31, 385.32, 385.96, 3939, 0.0
2021-05-07 09:15:00, 385.94, 386.35, 385.65, 385.74, 2878, 0.0
2021-05-07 09:30:00, 385.68, 385.68, 384.04, 384.04, 1814, 0.0
2021-05-07 09:45:00, 383.91, 383.91, 383.24, 383.49, 1420, 0.0
2021-05-07 10:00:00, 383.68, 385.31, 383.68, 385.255, 1531, 0.0
2021-05-07 10:15:00, 385.22, 385.71, 385.22, 385.29, 1074, 0.0
2021-05-07 10:30:00, 386.02, 386.235, 385.55, 386.235, 3682, 0.0
2021-05-07 10:45:00, 386.17, 386.17, 385.24, 385.51, 1689, 0.0
2021-05-07 11:00:00, 385.42, 385.81, 385.16, 385.16, 1420, 0.0
2021-05-07 11:15:00, 385.345, 385.345, 384.91, 384.91, 1360, 0.0
2021-05-07 11:30:00, 384.81, 384.855, 383.78, 384.02, 3551, 0.0
2021-05-07 11:45:00, 384.02, 384.29, 384.02, 384.1, 1992, 0.0
2021-05-07 12:00:00, 384, 384, 383.7, 383.82, 1461, 0.0
2021-05-07 12:15:00, 383.82, 384.41, 383.82, 384.23, 2297, 0.0
2021-05-07 12:30:00, 384.5, 384.63, 384.28, 384.63, 763, 0.0
2021-05-07 12:45:00, 384.69, 384.69, 384.565, 384.65, 756, 0.0
2021-05-07 13:00:00, 384.54, 385.08, 384.45, 385.08, 467, 0.0
2021-05-07 13:15:00, 385.085, 385.19, 384.92, 385.19, 1902, 0.0
2021-05-07 13:30:00, 385.09, 385.09, 384.71, 385, 1436, 0.0
2021-05-07 13:45:00, 385.03, 385.36, 384.8, 385.2, 1246, 0.0
2021-05-07 14:00:00, 385.2, 385.23, 384.81, 384.89, 2016, 0.0
2021-05-07 14:15:00, 385.15, 385.32, 384.94, 385, 2314, 0.0
2021-05-07 14:30:00, 384.945, 385.485, 384.945, 385.285, 3178, 0.0
2021-05-07 14:45:00, 384.71, 385.13, 384.18, 384.28, 14960, 0.0
2021-05-10 08:30:00, 384.83, 385.2, 383.6, 384.61, 6705, 0.0
2021-05-10 08:45:00, 384.77, 385.47, 383.72, 385.39, 4262, 0.0
2021-05-10 09:00:00, 385.185, 385.185, 383.55, 384.055, 6352, 0.0
2021-05-10 09:15:00, 384.275, 384.275, 383.51, 383.91, 2332, 0.0
2021-05-10 09:30:00, 383.81, 385.35, 383.81, 385.14, 3481, 0.0
2021-05-10 09:45:00, 384.75, 385.33, 384.72, 384.75, 2433, 0.0
2021-05-10 10:00:00, 384.605, 386.345, 384.605, 386.345, 3663, 0.0
2021-05-10 10:15:00, 386.3, 387.06, 386.29, 386.9, 3094, 0.0
2021-05-10 10:30:00, 386.86, 387.04, 386.75, 386.78, 1397, 0.0
2021-05-10 10:45:00, 386.785, 387.73, 386.785, 387.73, 2672, 0.0
2021-05-10 11:00:00, 387.79, 387.835, 387.24, 387.24, 2578, 0.0
2021-05-10 11:15:00, 386.95, 387.04, 386.78, 387.04, 1303, 0.0
2021-05-10 11:30:00, 386.785, 386.8, 386.22, 386.22, 1851, 0.0
2021-05-10 11:45:00, 385.81, 385.81, 385.41, 385.41, 863, 0.0
2021-05-10 12:00:00, 385.29, 385.33, 385.29, 385.33, 233, 0.0
2021-05-10 12:15:00, 385.34, 385.43, 384.84, 384.87, 2103, 0.0
2021-05-10 12:30:00, 385.05, 385.29, 384.87, 384.97, 2030, 0.0
2021-05-10 12:45:00, 385.23, 385.49, 385.05, 385.05, 1746, 0.0
2021-05-10 13:00:00, 385.08, 385.08, 384.5, 384.5, 3444, 0.0
2021-05-10 13:15:00, 384.12, 384.18, 383.65, 383.68, 3491, 0.0
2021-05-10 13:30:00, 383.51, 383.69, 383.41, 383.59, 3567, 0.0
2021-05-10 13:45:00, 383.64, 383.64, 383.02, 383.27, 2442, 0.0
2021-05-10 14:00:00, 383.28, 383.54, 383.095, 383.35, 3147, 0.0
2021-05-10 14:15:00, 383.21, 383.43, 382.975, 383.405, 3510, 0.0
2021-05-10 14:30:00, 383.36, 383.6, 383.19, 383.55, 4082, 0.0
2021-05-10 14:45:00, 383.55, 383.7, 381.31, 381.43, 18438, 0.0
2021-05-11 08:30:00, 379.2, 380.14, 377.52, 379.63, 12770, 0.0
2021-05-11 08:45:00, 379.98, 380.33, 378.08, 378.98, 7565, 0.0
2021-05-11 09:00:00, 379.36, 380.8, 379.27, 380.8, 5154, 0.0
2021-05-11 09:15:00, 380.69, 380.695, 379.58, 380.29, 5128, 0.0
2021-05-11 09:30:00, 380.11, 380.24, 378.15, 378.43, 5854, 0.0
2021-05-11 09:45:00, 378.27, 379.43, 377.84, 379.14, 4451, 0.0
2021-05-11 10:00:00, 379.11, 379.11, 377.8, 377.81, 4371, 0.0
2021-05-11 10:15:00, 378.22, 379.69, 377.93, 379.69, 4852, 0.0
2021-05-11 10:30:00, 379.86, 379.86, 378.105, 378.15, 5246, 0.0
2021-05-11 10:45:00, 378.35, 378.38, 377.76, 378.38, 2499, 0.0
2021-05-11 11:00:00, 378.29, 378.33, 377.65, 377.73, 7041, 0.0
2021-05-11 11:15:00, 377.97, 378.015, 377.1, 377.1, 2627, 0.0
2021-05-11 11:30:00, 377.19, 377.46, 376.82, 376.82, 1669, 0.0
2021-05-11 11:45:00, 376.81, 376.815, 376.09, 376.64, 1265, 0.0
2021-05-11 12:00:00, 376.645, 376.645, 376.15, 376.27, 3018, 0.0
2021-05-11 12:15:00, 376.47, 376.635, 376.16, 376.635, 763, 0.0
2021-05-11 12:30:00, 376.94, 377.6, 376.92, 377.58, 1629, 0.0
2021-05-11 12:45:00, 377.93, 377.93, 377.26, 377.29, 3041, 0.0
2021-05-11 13:00:00, 377.36, 377.36, 376.79, 376.79, 2077, 0.0
2021-05-11 13:15:00, 377.18, 378.17, 377.18, 378.17, 1733, 0.0
2021-05-11 13:30:00, 378.17, 378.18, 377.06, 377.4, 3788, 0.0
2021-05-11 13:45:00, 377.55, 377.72, 377.23, 377.53, 4008, 0.0
2021-05-11 14:00:00, 377.64, 377.91, 377.57, 377.72, 1298, 0.0
2021-05-11 14:15:00, 377.5, 378.7, 377.5, 378.03, 3399, 0.0
2021-05-11 14:30:00, 378.18, 378.18, 377.16, 377.77, 7043, 0.0
2021-05-11 14:45:00, 377.465, 378.53, 377.37, 378.41, 24724, 0.0
2021-05-12 08:30:00, 375.74, 376.33, 374.27, 374.47, 6138, 0.0
2021-05-12 08:45:00, 374.32, 374.54, 373.12, 373.8, 5366, 0.0
2021-05-12 09:00:00, 373.84, 373.84, 372.18, 372.76, 4070, 0.0
2021-05-12 09:15:00, 372.685, 373.8, 372.49, 373.51, 3720, 0.0
2021-05-12 09:30:00, 373.12, 373.12, 371.395, 371.49, 3737, 0.0
2021-05-12 09:45:00, 371.68, 372.63, 371.65, 372.41, 3646, 0.0
2021-05-12 10:00:00, 372.405, 372.92, 372.1, 372.59, 9098, 0.0
2021-05-12 10:15:00, 373.02, 373.49, 372.64, 373.49, 2276, 0.0
2021-05-12 10:30:00, 373.22, 373.51, 372.7, 373.51, 4173, 0.0
2021-05-12 10:45:00, 373.65, 373.65, 372.56, 372.605, 9842, 0.0
2021-05-12 11:00:00, 372.66, 373.39, 372.66, 372.86, 3850, 0.0
2021-05-12 11:15:00, 372.83, 373.62, 372.83, 373.59, 2878, 0.0
2021-05-12 11:30:00, 373.49, 373.49, 372.95, 373.02, 1628, 0.0
2021-05-12 11:45:00, 372.965, 373.71, 372.965, 373.71, 1748, 0.0
2021-05-12 12:00:00, 373.79, 374.45, 373.79, 374.32, 1546, 0.0
2021-05-12 12:15:00, 374.15, 374.15, 373.61, 373.895, 4001, 0.0
2021-05-12 12:30:00, 373.78, 373.78, 373.15, 373.165, 4464, 0.0
2021-05-12 12:45:00, 373.34, 373.52, 373.225, 373.35, 5242, 0.0
2021-05-12 13:00:00, 372.99, 372.99, 372.36, 372.36, 1554, 0.0
2021-05-12 13:15:00, 372.315, 372.315, 371.76, 372.14, 2722, 0.0
2021-05-12 13:30:00, 372.15, 373.36, 372.15, 373.33, 3192, 0.0
2021-05-12 13:45:00, 373.18, 373.71, 373.18, 373.42, 3856, 0.0
2021-05-12 14:00:00, 373.035, 373.42, 373.035, 373.22, 3334, 0.0
2021-05-12 14:15:00, 373.16, 373.25, 372.3, 372.43, 10233, 0.0
2021-05-12 14:30:00, 372.47, 373.03, 372.215, 372.97, 6447, 0.0
2021-05-12 14:45:00, 372.895, 373.11, 372.01, 372.205, 25732, 0.0
2021-05-13 08:30:00, 373.39, 373.6, 372.1, 373.6, 9752, 0.0
2021-05-13 08:45:00, 373.35, 374.205, 373.17, 373.59, 9875, 0.0
2021-05-13 09:00:00, 373.89, 376.35, 373.85, 376.35, 8157, 0.0
2021-05-13 09:15:00, 376.4, 377.63, 376.345, 377.63, 4739, 0.0
2021-05-13 09:30:00, 377.73, 377.73, 376.96, 377.34, 2985, 0.0
2021-05-13 09:45:00, 377.82, 378.945, 377.82, 378.945, 5555, 0.0
2021-05-13 10:00:00, 378.57, 378.655, 377.7, 377.73, 3111, 0.0
2021-05-13 10:15:00, 377.795, 377.795, 377.26, 377.69, 3917, 0.0
2021-05-13 10:30:00, 377.675, 378.665, 377.55, 378.45, 2872, 0.0
2021-05-13 10:45:00, 378.55, 379.21, 378.37, 379.07, 3482, 0.0
2021-05-13 11:00:00, 379.335, 380.03, 379.265, 379.83, 2315, 0.0
2021-05-13 11:15:00, 380, 380.105, 379.68, 380.06, 4654, 0.0
2021-05-13 11:30:00, 380.17, 380.6, 380.17, 380.585, 3228, 0.0
2021-05-13 11:45:00, 380.65, 380.74, 379.535, 379.64, 8208, 0.0
2021-05-13 12:00:00, 379.76, 379.765, 379.05, 379.555, 4319, 0.0
2021-05-13 12:15:00, 379.51, 379.51, 378.56, 378.86, 2950, 0.0
2021-05-13 12:30:00, 378.775, 379.255, 378.515, 379.19, 4814, 0.0
2021-05-13 12:45:00, 379.35, 379.84, 379.225, 379.5, 4801, 0.0
2021-05-13 13:00:00, 379.57, 380.83, 379.565, 380.83, 2555, 0.0
2021-05-13 13:15:00, 380.855, 381.245, 380.74, 381.01, 5557, 0.0
2021-05-13 13:30:00, 381.04, 381.11, 380.49, 380.49, 1025, 0.0
2021-05-13 13:45:00, 380.51, 380.85, 380.36, 380.645, 1251, 0.0
2021-05-13 14:00:00, 380.77, 380.85, 380.33, 380.47, 1562, 0.0
2021-05-13 14:15:00, 380.61, 381.07, 380.455, 380.865, 5624, 0.0
2021-05-13 14:30:00, 381.07, 381.25, 380.615, 381.08, 5495, 0.0
2021-05-13 14:45:00, 380.83, 380.95, 379.46, 379.53, 17675, 0.0
2021-05-14 08:30:00, 381.655, 382.56, 380.54, 382.56, 6179, 0.0
2021-05-14 08:45:00, 382.695, 383.61, 382.665, 383.54, 4483, 0.0
2021-05-14 09:00:00, 383.62, 383.62, 381.855, 382.77, 6328, 0.0
2021-05-14 09:15:00, 382.98, 383.95, 382.98, 383.925, 2306, 0.0
2021-05-14 09:30:00, 383.08, 383.94, 383, 383.67, 5520, 0.0
2021-05-14 09:45:00, 383.77, 384.95, 383.55, 384.86, 7888, 0.0
2021-05-14 10:00:00, 384.755, 385.46, 384.72, 385.26, 11693, 0.0
2021-05-14 10:15:00, 385.25, 385.82, 384.87, 385.7, 5137, 0.0
2021-05-14 10:30:00, 385.595, 385.65, 385.345, 385.54, 6374, 0.0
2021-05-14 10:45:00, 385.585, 385.585, 384.91, 384.91, 2697, 0.0
2021-05-14 11:00:00, 384.95, 385.13, 384.51, 384.95, 4091, 0.0
2021-05-14 11:15:00, 385.03, 385.27, 385.03, 385.27, 3270, 0.0
2021-05-14 11:30:00, 385.24, 385.355, 385.01, 385.19, 3879, 0.0
2021-05-14 11:45:00, 385.11, 385.4, 385.11, 385.37, 3507, 0.0
2021-05-14 12:00:00, 385.325, 385.725, 385.325, 385.455, 4319, 0.0
2021-05-14 12:15:00, 385.26, 385.345, 384.985, 384.985, 2003, 0.0
2021-05-14 12:30:00, 384.85, 385.34, 384.85, 385.31, 3798, 0.0
2021-05-14 12:45:00, 385.33, 385.415, 385.14, 385.155, 3135, 0.0
2021-05-14 13:00:00, 385.03, 385.03, 384.54, 384.54, 1801, 0.0
2021-05-14 13:15:00, 384.45, 384.45, 383.935, 383.96, 1157, 0.0
2021-05-14 13:30:00, 384, 384.6, 384, 384.6, 4552, 0.0
2021-05-14 13:45:00, 384.645, 385.15, 384.645, 385.08, 3499, 0.0
2021-05-14 14:00:00, 385.08, 385.18, 384.6, 384.94, 5285, 0.0
2021-05-14 14:15:00, 384.96, 385.18, 384.84, 384.915, 3277, 0.0
2021-05-14 14:30:00, 385.02, 385.02, 384.14, 384.27, 6744, 0.0
2021-05-14 14:45:00, 384.135, 385.03, 384.045, 384.37, 23395, 0.0
2021-05-17 08:30:00, 385.01, 386.08, 384.45, 385.86, 6276, 0.0
2021-05-17 08:45:00, 385.98, 386.655, 385.44, 386.425, 5628, 0.0
2021-05-17 09:00:00, 386.41, 386.41, 384.98, 384.98, 3937, 0.0
2021-05-17 09:15:00, 385.32, 386.46, 385.32, 385.98, 2818, 0.0
2021-05-17 09:30:00, 386, 386.38, 384.98, 384.98, 4129, 0.0
2021-05-17 09:45:00, 384.28, 384.85, 383.84, 384.04, 3102, 0.0
2021-05-17 10:00:00, 384.12, 384.36, 383.37, 383.535, 1274, 0.0
2021-05-17 10:15:00, 383.54, 384.31, 383.33, 383.33, 1921, 0.0
2021-05-17 10:30:00, 383.19, 383.64, 382.935, 383.64, 2057, 0.0
2021-05-17 10:45:00, 383.765, 383.98, 383.74, 383.98, 2165, 0.0
2021-05-17 11:00:00, 384.18, 384.41, 384.04, 384.41, 2869, 0.0
2021-05-17 11:15:00, 384.43, 384.73, 384.43, 384.625, 2326, 0.0
2021-05-17 11:30:00, 384.62, 384.89, 384.62, 384.78, 1786, 0.0
2021-05-17 11:45:00, 384.74, 384.77, 384.51, 384.51, 787, 0.0
2021-05-17 12:00:00, 384.55, 384.55, 384.18, 384.33, 916, 0.0
2021-05-17 12:15:00, 384.42, 384.69, 384.3, 384.67, 2137, 0.0
2021-05-17 12:30:00, 384.59, 384.75, 384.31, 384.31, 2097, 0.0
2021-05-17 12:45:00, 384.6, 384.88, 384.12, 384.61, 4169, 0.0
2021-05-17 13:00:00, 384.48, 385.02, 384.48, 384.845, 2840, 0.0
2021-05-17 13:15:00, 385.03, 385.23, 384.925, 385.23, 3515, 0.0
2021-05-17 13:30:00, 385.2, 385.2, 384.42, 384.46, 2267, 0.0
2021-05-17 13:45:00, 384.38, 384.9, 384.38, 384.9, 3741, 0.0
2021-05-17 14:00:00, 384.99, 385.2, 384.85, 385.05, 5273, 0.0
2021-05-17 14:15:00, 384.96, 384.99, 384.33, 384.46, 4943, 0.0
2021-05-17 14:30:00, 384.41, 384.52, 384.02, 384.375, 8160, 0.0
2021-05-17 14:45:00, 384.34, 384.6, 383.7, 383.75, 47546, 0.0
2021-05-18 08:30:00, 386.9, 389.44, 386.655, 387.5, 10617, 0.0
2021-05-18 08:45:00, 387.46, 387.46, 384.935, 385.135, 7617, 0.0
2021-05-18 09:00:00, 385.125, 385.8, 384.51, 385.555, 6671, 0.0
2021-05-18 09:15:00, 385.58, 386.305, 385.5, 385.65, 4645, 0.0
2021-05-18 09:30:00, 386.115, 386.53, 385.74, 386.33, 3762, 0.0
2021-05-18 09:45:00, 386.34, 386.34, 385.08, 385.08, 4675, 0.0
2021-05-18 10:00:00, 385.18, 386.02, 385.18, 385.57, 2395, 0.0
2021-05-18 10:15:00, 385.36, 385.525, 384.88, 384.99, 2454, 0.0
2021-05-18 10:30:00, 384.95, 385.555, 384.79, 385.38, 2688, 0.0
2021-05-18 10:45:00, 385.29, 385.55, 385.16, 385.3, 3050, 0.0
2021-05-18 11:00:00, 385.31, 385.725, 385.3, 385.725, 3889, 0.0
2021-05-18 11:15:00, 385.695, 385.695, 384.92, 384.92, 1651, 0.0
2021-05-18 11:30:00, 384.66, 384.89, 384.505, 384.75, 3301, 0.0
2021-05-18 11:45:00, 384.69, 385.01, 384.63, 384.7, 2197, 0.0
2021-05-18 12:00:00, 384.86, 385.08, 384.26, 384.51, 12222, 0.0
2021-05-18 12:15:00, 384.5, 384.51, 383.8, 384.08, 2771, 0.0
2021-05-18 12:30:00, 384.22, 384.52, 384.22, 384.31, 3627, 0.0
2021-05-18 12:45:00, 384.07, 384.22, 384, 384.1, 830, 0.0
2021-05-18 13:00:00, 384.71, 384.79, 384.45, 384.79, 1594, 0.0
2021-05-18 13:15:00, 384.775, 384.775, 384.41, 384.53, 2594, 0.0
2021-05-18 13:30:00, 384.58, 384.625, 384.16, 384.19, 3838, 0.0
2021-05-18 13:45:00, 383.81, 384.35, 383.81, 384.33, 2943, 0.0
2021-05-18 14:00:00, 384.45, 384.57, 384.29, 384.29, 1124, 0.0
2021-05-18 14:15:00, 384.14, 384.63, 384.14, 384.61, 2454, 0.0
2021-05-18 14:30:00, 384.68, 384.83, 384.64, 384.64, 1880, 0.0
2021-05-18 14:45:00, 384.49, 384.49, 382.79, 382.79, 14569, 0.0
2021-05-19 08:30:00, 377.02, 381.54, 376.8, 381.39, 6843, 0.0
2021-05-19 08:45:00, 381.31, 381.34, 379.58, 381.15, 4053, 0.0
2021-05-19 09:00:00, 380.57, 380.79, 379.62, 379.62, 1629, 0.0
2021-05-19 09:15:00, 379.13, 379.27, 378.46, 378.82, 1886, 0.0
2021-05-19 09:30:00, 378.9, 379.18, 378.08, 378.08, 1842, 0.0
2021-05-19 09:45:00, 378.43, 379.71, 378.36, 378.36, 2183, 0.0
2021-05-19 10:00:00, 378.3, 379.47, 378.295, 379.47, 3442, 0.0
2021-05-19 10:15:00, 379.26, 379.76, 379.13, 379.76, 1260, 0.0
2021-05-19 10:30:00, 379.595, 379.595, 378.73, 378.73, 1091, 0.0
2021-05-19 10:45:00, 379.4, 379.59, 379.4, 379.59, 309, 0.0
2021-05-19 11:00:00, 379.405, 380.365, 379.405, 380.13, 1280, 0.0
2021-05-19 11:15:00, 379.95, 380.06, 379.69, 379.83, 989, 0.0
2021-05-19 11:30:00, 379.76, 380.36, 379.76, 380.36, 1098, 0.0
2021-05-19 11:45:00, 380.07, 380.07, 380.07, 380.07, 221, 0.0
2021-05-19 12:00:00, 380.335, 380.79, 380.335, 380.79, 880, 0.0
2021-05-19 12:15:00, 380.4, 380.41, 380.21, 380.28, 837, 0.0
2021-05-19 12:30:00, 380.46, 380.46, 379.5, 379.66, 1251, 0.0
2021-05-19 12:45:00, 379.73, 379.84, 379.71, 379.84, 658, 0.0
2021-05-19 13:00:00, 378.45, 378.72, 378.36, 378.47, 966, 0.0
2021-05-19 13:15:00, 378.52, 380.245, 378.52, 380.06, 1288, 0.0
2021-05-19 13:30:00, 379.94, 380.23, 378.6, 378.61, 1563, 0.0
2021-05-19 13:45:00, 378.6, 378.73, 378.34, 378.35, 2342, 0.0
2021-05-19 14:00:00, 378.46, 378.59, 378.09, 378.56, 2364, 0.0
2021-05-19 14:15:00, 378.53, 379.2, 378.53, 379.2, 2183, 0.0
2021-05-19 14:30:00, 378.915, 378.915, 378.355, 378.63, 3642, 0.0
2021-05-19 14:45:00, 378.54, 379.625, 378.475, 379.58, 11595, 0.0
2021-05-20 08:30:00, 379.43, 380.57, 378.5, 379.39, 5742, 0.0
2021-05-20 08:45:00, 379.56, 380.78, 379.56, 380.51, 4185, 0.0
2021-05-20 09:00:00, 380.41, 380.72, 379.95, 380.05, 1966, 0.0
2021-05-20 09:15:00, 380.12, 380.78, 380.12, 380.78, 1878, 0.0
2021-05-20 09:30:00, 380.93, 381.825, 380.93, 380.98, 1290, 0.0
2021-05-20 09:45:00, 381.04, 381.78, 381.04, 381.78, 1272, 0.0
2021-05-20 10:00:00, 382.14, 382.44, 381.6, 382.32, 801, 0.0
2021-05-20 10:15:00, 382.32, 382.35, 381.58, 382.14, 1266, 0.0
2021-05-20 10:30:00, 382.33, 383.715, 382.33, 383.715, 1153, 0.0
2021-05-20 10:45:00, 383.82, 383.82, 382.79, 382.79, 676, 0.0
2021-05-20 11:00:00, 382.745, 383.45, 382.745, 383.235, 1097, 0.0
2021-05-20 11:15:00, 383.19, 383.875, 383.185, 383.71, 1070, 0.0
2021-05-20 11:30:00, 383.96, 384.08, 383.635, 383.88, 978, 0.0
2021-05-20 11:45:00, 383.95, 384.25, 383.95, 384.25, 203, 0.0
2021-05-20 12:00:00, 384.44, 384.49, 383.74, 383.94, 1697, 0.0
2021-05-20 12:15:00, 384.14, 384.33, 383.95, 384.015, 1391, 0.0
2021-05-20 12:30:00, 383.7, 383.7, 383.42, 383.465, 1431, 0.0
2021-05-20 12:45:00, 382.72, 383.495, 382.7, 383.495, 904, 0.0
2021-05-20 13:00:00, 383.19, 383.395, 383.16, 383.16, 3515, 0.0
2021-05-20 13:15:00, 383.34, 383.34, 383.035, 383.3, 2278, 0.0
2021-05-20 13:30:00, 383.3, 383.48, 382.79, 383.48, 3288, 0.0
2021-05-20 13:45:00, 383.3, 383.45, 383.16, 383.26, 5765, 0.0
2021-05-20 14:00:00, 383.2, 383.37, 383.03, 383.33, 4251, 0.0
2021-05-20 14:15:00, 383.54, 384.305, 383.5, 384.25, 7164, 0.0
2021-05-20 14:30:00, 384.26, 384.26, 383.26, 383.33, 8241, 0.0
2021-05-20 14:45:00, 383.41, 383.75, 382.9, 383.4, 22126, 0.0
2021-05-21 08:30:00, 383.9, 384.95, 383.61, 383.63, 2261, 0.0
2021-05-21 08:45:00, 383.25, 383.52, 383.25, 383.52, 512, 0.0
2021-05-21 09:00:00, 382.75, 382.75, 382.49, 382.49, 399, 0.0
2021-05-21 09:15:00, 382.5, 383.045, 382.28, 382.74, 3300, 0.0
2021-05-21 09:30:00, 382.58, 383.45, 382.58, 383.45, 1632, 0.0
2021-05-21 09:45:00, 383.425, 383.49, 382.79, 382.79, 3806, 0.0
2021-05-21 10:00:00, 383.085, 383.295, 382.375, 383.075, 3836, 0.0
2021-05-21 10:15:00, 383.05, 383.18, 382.43, 382.43, 2890, 0.0
2021-05-21 10:30:00, 382.59, 382.935, 382.31, 382.31, 2628, 0.0
2021-05-21 10:45:00, 382.34, 382.5, 381.9, 381.9, 2200, 0.0
2021-05-21 11:00:00, 382.11, 382.13, 381.315, 381.49, 2979, 0.0
2021-05-21 11:15:00, 381.36, 381.54, 381.25, 381.32, 1575, 0.0
2021-05-21 11:30:00, 381.68, 381.68, 381.4, 381.58, 1567, 0.0
2021-05-21 11:45:00, 381.34, 381.48, 381.2, 381.45, 965, 0.0
2021-05-21 12:00:00, 381.65, 381.78, 381.54, 381.71, 1586, 0.0
2021-05-21 12:15:00, 381.85, 382.07, 381.85, 382, 637, 0.0
2021-05-21 12:30:00, 382.275, 382.49, 382.275, 382.39, 1754, 0.0
2021-05-21 12:45:00, 382.75, 382.98, 382.67, 382.68, 964, 0.0
2021-05-21 13:00:00, 382.57, 382.85, 382.45, 382.48, 2221, 0.0
2021-05-21 13:15:00, 382.21, 382.21, 381.52, 381.58, 1477, 0.0
2021-05-21 13:30:00, 381.59, 381.59, 380.805, 381.17, 1780, 0.0
2021-05-21 13:45:00, 381.5, 381.5, 381.32, 381.32, 876, 0.0
2021-05-21 14:00:00, 381.31, 381.49, 381.28, 381.49, 434, 0.0
2021-05-21 14:15:00, 381.42, 381.86, 381.42, 381.86, 1745, 0.0
2021-05-21 14:30:00, 381.68, 381.68, 381.19, 381.39, 5138, 0.0
2021-05-21 14:45:00, 381.33, 381.48, 380.59, 380.66, 19404, 0.0
2021-05-24 08:30:00, 383.82, 384.96, 383.67, 383.67, 3708, 0.0
2021-05-24 08:45:00, 383.5, 383.595, 381.91, 382.67, 3153, 0.0
2021-05-24 09:00:00, 382.77, 383.6, 382.725, 383.53, 2231, 0.0
2021-05-24 09:15:00, 383.555, 384.05, 383.36, 383.385, 6114, 0.0
2021-05-24 09:30:00, 383.385, 384.3, 383.385, 384.3, 2184, 0.0
2021-05-24 09:45:00, 384.4, 385.28, 384.4, 385.28, 1395, 0.0
2021-05-24 10:00:00, 385.39, 385.39, 385.39, 385.39, 100, 0.0
2021-05-24 10:15:00, 385.68, 385.68, 385.15, 385.15, 1382, 0.0
2021-05-24 10:30:00, 385.39, 385.5, 385.36, 385.36, 350, 0.0
2021-05-24 10:45:00, 385.455, 385.48, 384.8, 384.96, 1673, 0.0
2021-05-24 11:00:00, 384.93, 385.09, 384.93, 385, 461, 0.0
2021-05-24 11:15:00, 385.07, 385.09, 384.96, 384.96, 1152, 0.0
2021-05-24 11:30:00, 385.05, 385.3, 385.05, 385.26, 946, 0.0
2021-05-24 11:45:00, 385.15, 385.15, 384.62, 384.95, 1725, 0.0
2021-05-24 12:00:00, 384.83, 384.83, 384.68, 384.795, 764, 0.0
2021-05-24 12:15:00, 384.69, 384.84, 384.535, 384.745, 3352, 0.0
2021-05-24 12:30:00, 384.775, 384.97, 384.58, 384.85, 4216, 0.0
2021-05-24 12:45:00, 384.69, 384.73, 384.3, 384.3, 1439, 0.0
2021-05-24 13:00:00, 384.45, 384.63, 384.33, 384.63, 2151, 0.0
2021-05-24 13:15:00, 384.59, 384.825, 384.57, 384.82, 2471, 0.0
2021-05-24 13:30:00, 384.73, 384.97, 384.69, 384.97, 560, 0.0
2021-05-24 13:45:00, 384.88, 384.88, 384.5, 384.61, 1359, 0.0
2021-05-24 14:00:00, 384.64, 384.805, 384.55, 384.68, 1351, 0.0
2021-05-24 14:15:00, 384.79, 384.82, 384.44, 384.53, 2407, 0.0
2021-05-24 14:30:00, 384.47, 384.61, 384.23, 384.41, 3349, 0.0
2021-05-24 14:45:00, 384.41, 384.47, 383.23, 383.39, 8972, 0.0
2021-05-25 08:30:00, 383.63, 384.66, 382.435, 382.66, 2162, 0.0
2021-05-25 08:45:00, 382.4, 384.04, 382.07, 383.98, 2559, 0.0
2021-05-25 09:00:00, 383.33, 383.79, 383.33, 383.66, 1047, 0.0
2021-05-25 09:15:00, 383.39, 383.39, 383.11, 383.11, 1455, 0.0
2021-05-25 09:30:00, 383.08, 383.115, 382.77, 382.77, 1894, 0.0
2021-05-25 09:45:00, 383.25, 383.54, 383.145, 383.41, 2522, 0.0
2021-05-25 10:00:00, 383.575, 384.055, 383.55, 384.055, 1251, 0.0
2021-05-25 10:15:00, 384.14, 384.81, 384.14, 384.39, 952, 0.0
2021-05-25 10:30:00, 384.55, 384.66, 384.06, 384.66, 1170, 0.0
2021-05-25 10:45:00, 384.58, 384.58, 384.17, 384.35, 921, 0.0
2021-05-25 11:00:00, 384.45, 384.78, 384.4, 384.69, 1323, 0.0
2021-05-25 11:15:00, 384.905, 385.07, 384.56, 384.66, 1683, 0.0
2021-05-25 11:30:00, 385.18, 385.38, 385.14, 385.38, 545, 0.0
2021-05-25 11:45:00, 385.38, 385.65, 385.37, 385.44, 1602, 0.0
2021-05-25 12:00:00, 385.31, 385.31, 384.67, 384.93, 1624, 0.0
2021-05-25 12:15:00, 384.91, 385.19, 384.91, 385.06, 1433, 0.0
2021-05-25 12:30:00, 384.67, 384.67, 384.36, 384.46, 964, 0.0
2021-05-25 12:45:00, 384.55, 384.63, 384.38, 384.44, 763, 0.0
2021-05-25 13:00:00, 384.77, 384.93, 384.77, 384.93, 248, 0.0
2021-05-25 13:15:00, 384.705, 384.97, 384.65, 384.65, 979, 0.0
2021-05-25 13:30:00, 385.07, 385.07, 384.74, 384.98, 867, 0.0
2021-05-25 13:45:00, 385.02, 385.255, 385.02, 385.255, 1239, 0.0
2021-05-25 14:00:00, 384.99, 385.1, 384.94, 384.96, 840, 0.0
2021-05-25 14:15:00, 384.86, 385.25, 384.85, 385.25, 1288, 0.0
2021-05-25 14:30:00, 385.29, 385.355, 384.91, 385.195, 1862, 0.0
2021-05-25 14:45:00, 385.485, 385.49, 385.15, 385.49, 6422, 0.0
2021-05-26 08:30:00, 385.89, 387.34, 385.78, 386.85, 7996, 0.0
2021-05-26 08:45:00, 387.07, 387.19, 385.1, 385.12, 4439, 0.0
2021-05-26 09:00:00, 385.25, 386.17, 385.25, 386.08, 4086, 0.0
2021-05-26 09:15:00, 386.1, 386.63, 386.05, 386.05, 3995, 0.0
2021-05-26 09:30:00, 385.89, 386.35, 385.85, 385.87, 3447, 0.0
2021-05-26 09:45:00, 385.9, 386.16, 385.68, 385.9, 2509, 0.0
2021-05-26 10:00:00, 385.97, 386.45, 385.97, 386.3, 2140, 0.0
2021-05-26 10:15:00, 386.265, 386.35, 385.91, 386.07, 2562, 0.0
2021-05-26 10:30:00, 385.9, 385.98, 385.7, 385.915, 1878, 0.0
