Date, Open, High, Low, Close, Volume, Open Interest
2021-05-20 14:55:00, 147.28, 147.28, 147.27, 147.27, 958, 0.0
2021-05-20 14:56:00, 147.17, 147.19, 147.17, 147.19, 1192, 0.0
2021-05-20 14:57:00, 147.18, 147.18, 147.17, 147.18, 1277, 0.0
2021-05-20 14:58:00, 147.15, 147.17, 147.13, 147.13, 2306, 0.0
2021-05-20 14:59:00, 147.16, 147.22, 147.16, 147.22, 2342, 0.0
2021-05-21 08:30:00, 147.84, 147.84, 147.5, 147.67, 1079, 0.0
2021-05-21 08:31:00, 147.68, 147.92, 147.68, 147.92, 403, 0.0
2021-05-21 08:32:00, 148.12, 148.12, 147.95, 147.95, 1173, 0.0
2021-05-21 08:33:00, 148.04, 148.2, 148.02, 148.11, 1200, 0.0
2021-05-21 08:34:00, 148.12, 148.12, 148.015, 148.015, 719, 0.0
2021-05-21 08:35:00, 148.08, 148.08, 148.08, 148.08, 104, 0.0
2021-05-21 08:36:00, 148.11, 148.11, 148.06, 148.06, 271, 0.0
2021-05-21 08:37:00, 148.13, 148.13, 147.99, 147.99, 838, 0.0
2021-05-21 08:38:00, 148.05, 148.19, 148.05, 148.13, 1000, 0.0
2021-05-21 08:39:00, 148.15, 148.15, 147.965, 147.965, 467, 0.0
2021-05-21 08:40:00, 148.07, 148.07, 147.85, 147.85, 536, 0.0
2021-05-21 08:41:00, 147.73, 147.73, 147.6, 147.6, 400, 0.0
2021-05-21 08:42:00, 147.53, 147.59, 147.53, 147.59, 541, 0.0
2021-05-21 08:43:00, 147.455, 147.51, 147.455, 147.51, 400, 0.0
2021-05-21 08:44:00, 147.5, 147.5, 147.49, 147.49, 265, 0.0
2021-05-21 08:45:00, 147.55, 147.55, 147.525, 147.525, 300, 0.0
2021-05-21 08:46:00, 147.51, 147.51, 147.51, 147.51, 164, 0.0
2021-05-21 08:47:00, 147.39, 147.55, 147.39, 147.55, 401, 0.0
2021-05-21 08:48:00, 147.54, 147.54, 147.54, 147.54, 105, 0.0
2021-05-21 08:49:00, 147.41, 147.49, 147.41, 147.49, 200, 0.0
2021-05-21 08:50:00, 147.36, 147.36, 147.36, 147.36, 459, 0.0
2021-05-21 08:51:00, 147.42, 147.5, 147.42, 147.5, 403, 0.0
2021-05-21 08:52:00, 147.48, 147.53, 147.48, 147.505, 365, 0.0
2021-05-21 08:53:00, 147.505, 147.505, 147.505, 147.505, 122, 0.0
2021-05-21 08:54:00, 147.49, 147.49, 147.49, 147.49, 200, 0.0
2021-05-21 08:55:00, 147.35, 147.35, 147.35, 147.35, 100, 0.0
2021-05-21 08:56:00, 147.52, 147.54, 147.46, 147.54, 500, 0.0
2021-05-21 08:57:00, 147.58, 147.58, 147.58, 147.58, 113, 0.0
2021-05-21 08:58:00, 147.46, 147.46, 147.46, 147.46, 206, 0.0
2021-05-21 08:59:00, 147.44, 147.495, 147.44, 147.495, 321, 0.0
2021-05-21 09:00:00, 147.435, 147.435, 147.34, 147.34, 520, 0.0
2021-05-21 09:01:00, 147.18, 147.19, 147.17, 147.17, 303, 0.0
2021-05-21 09:02:00, 147.26, 147.26, 147.17, 147.17, 568, 0.0
2021-05-21 09:04:00, 147.32, 147.32, 147.32, 147.32, 200, 0.0
2021-05-21 09:06:00, 147.36, 147.4, 147.36, 147.4, 768, 0.0
2021-05-21 09:07:00, 147.32, 147.42, 147.32, 147.37, 708, 0.0
2021-05-21 09:08:00, 147.36, 147.36, 147.36, 147.36, 170, 0.0
2021-05-21 09:09:00, 147.38, 147.38, 146.98, 147.02, 1706, 0.0
2021-05-21 09:10:00, 147.1, 147.25, 147.1, 147.25, 445, 0.0
2021-05-21 09:11:00, 147.25, 147.28, 147.21, 147.21, 300, 0.0
2021-05-21 09:12:00, 147.09, 147.09, 147.04, 147.04, 646, 0.0
2021-05-21 09:13:00, 147.06, 147.07, 147.02, 147.03, 689, 0.0
2021-05-21 09:14:00, 147.08, 147.17, 147.08, 147.14, 851, 0.0
2021-05-21 09:15:00, 147.43, 147.49, 147.43, 147.46, 502, 0.0
2021-05-21 09:16:00, 147.36, 147.36, 147.36, 147.36, 186, 0.0
2021-05-21 09:17:00, 147.38, 147.54, 147.38, 147.54, 374, 0.0
2021-05-21 09:18:00, 147.59, 147.59, 147.48, 147.48, 376, 0.0
2021-05-21 09:19:00, 147.55, 147.57, 147.55, 147.57, 1000, 0.0
2021-05-21 09:20:00, 147.525, 147.55, 147.52, 147.55, 934, 0.0
2021-05-21 09:21:00, 147.51, 147.51, 147.33, 147.33, 506, 0.0
2021-05-21 09:22:00, 147.38, 147.38, 147.34, 147.37, 797, 0.0
2021-05-21 09:23:00, 147.35, 147.35, 147.32, 147.32, 415, 0.0
2021-05-21 09:24:00, 147.29, 147.31, 147.28, 147.31, 450, 0.0
2021-05-21 09:25:00, 147.5, 147.5, 147.5, 147.5, 100, 0.0
2021-05-21 09:26:00, 147.53, 147.55, 147.53, 147.55, 600, 0.0
2021-05-21 09:27:00, 147.52, 147.55, 147.52, 147.55, 501, 0.0
2021-05-21 09:29:00, 147.61, 147.625, 147.52, 147.52, 1654, 0.0
2021-05-21 09:30:00, 147.49, 147.56, 147.49, 147.53, 559, 0.0
2021-05-21 09:31:00, 147.52, 147.52, 147.52, 147.52, 317, 0.0
2021-05-21 09:32:00, 147.53, 147.53, 147.53, 147.53, 169, 0.0
2021-05-21 09:33:00, 147.49, 147.495, 147.46, 147.48, 502, 0.0
2021-05-21 09:34:00, 147.49, 147.49, 147.49, 147.49, 300, 0.0
2021-05-21 09:35:00, 147.44, 147.44, 147.35, 147.35, 302, 0.0
2021-05-21 09:36:00, 147.41, 147.41, 147.4, 147.4, 255, 0.0
2021-05-21 09:37:00, 147.46, 147.47, 147.46, 147.47, 513, 0.0
2021-05-21 09:38:00, 147.48, 147.48, 147.48, 147.48, 220, 0.0
2021-05-21 09:39:00, 147.48, 147.48, 147.47, 147.47, 399, 0.0
2021-05-21 09:40:00, 147.57, 147.57, 147.54, 147.54, 279, 0.0
2021-05-21 09:41:00, 147.55, 147.55, 147.55, 147.55, 100, 0.0
2021-05-21 09:42:00, 147.52, 147.52, 147.51, 147.51, 200, 0.0
2021-05-21 09:47:00, 147.57, 147.57, 147.57, 147.57, 100, 0.0
2021-05-21 09:48:00, 147.61, 147.61, 147.61, 147.61, 100, 0.0
2021-05-21 09:49:00, 147.62, 147.63, 147.62, 147.62, 571, 0.0
2021-05-21 09:50:00, 147.58, 147.6, 147.58, 147.6, 536, 0.0
2021-05-21 09:51:00, 147.51, 147.51, 147.39, 147.39, 972, 0.0
2021-05-21 09:52:00, 147.335, 147.335, 147.33, 147.33, 201, 0.0
2021-05-21 09:53:00, 147.35, 147.35, 147.33, 147.33, 930, 0.0
2021-05-21 09:54:00, 147.3, 147.31, 147.3, 147.31, 436, 0.0
2021-05-21 09:56:00, 147.32, 147.32, 147.28, 147.29, 486, 0.0
2021-05-21 09:57:00, 147.31, 147.31, 147.31, 147.31, 180, 0.0
2021-05-21 09:58:00, 147.14, 147.14, 147.14, 147.14, 144, 0.0
2021-05-21 09:59:00, 147.185, 147.22, 147.185, 147.2, 400, 0.0
2021-05-21 10:00:00, 147.25, 147.28, 147.25, 147.28, 459, 0.0
2021-05-21 10:01:00, 147.28, 147.28, 147.15, 147.15, 406, 0.0
2021-05-21 10:02:00, 147.065, 147.065, 147.065, 147.065, 151, 0.0
2021-05-21 10:03:00, 147.015, 147.02, 147.015, 147.02, 534, 0.0
2021-05-21 10:04:00, 147.03, 147.03, 147.03, 147.03, 193, 0.0
2021-05-21 10:05:00, 146.99, 147.04, 146.99, 147.04, 550, 0.0
2021-05-21 10:06:00, 147.12, 147.12, 147.12, 147.12, 200, 0.0
2021-05-21 10:07:00, 147.09, 147.09, 147.09, 147.09, 400, 0.0
2021-05-21 10:08:00, 147.135, 147.135, 147.135, 147.135, 100, 0.0
2021-05-21 10:09:00, 147.1, 147.1, 147.095, 147.095, 200, 0.0
2021-05-21 10:10:00, 147.04, 147.05, 147.04, 147.04, 680, 0.0
2021-05-21 10:11:00, 147.07, 147.11, 147.07, 147.11, 557, 0.0
2021-05-21 10:12:00, 147.135, 147.135, 147.135, 147.135, 102, 0.0
2021-05-21 10:14:00, 147.14, 147.14, 147.05, 147.07, 734, 0.0
2021-05-21 10:15:00, 147.08, 147.08, 147.065, 147.065, 409, 0.0
2021-05-21 10:16:00, 147.12, 147.12, 147.09, 147.09, 206, 0.0
2021-05-21 10:18:00, 147.09, 147.09, 147.09, 147.09, 365, 0.0
2021-05-21 10:20:00, 147.25, 147.25, 147.25, 147.25, 101, 0.0
2021-05-21 10:21:00, 147.25, 147.25, 147.25, 147.25, 100, 0.0
2021-05-21 10:24:00, 147.27, 147.31, 147.27, 147.31, 452, 0.0
2021-05-21 10:25:00, 147.35, 147.35, 147.35, 147.35, 234, 0.0
2021-05-21 10:26:00, 147.32, 147.32, 147.32, 147.32, 103, 0.0
2021-05-21 10:27:00, 147.23, 147.23, 147.22, 147.22, 455, 0.0
2021-05-21 10:28:00, 147.19, 147.19, 147.17, 147.17, 317, 0.0
2021-05-21 10:29:00, 147.14, 147.16, 147.12, 147.16, 485, 0.0
2021-05-21 10:30:00, 147.14, 147.14, 147.11, 147.11, 294, 0.0
2021-05-21 10:31:00, 147.15, 147.15, 147.15, 147.15, 135, 0.0
2021-05-21 10:32:00, 147.14, 147.17, 147.14, 147.17, 418, 0.0
2021-05-21 10:33:00, 147.18, 147.185, 147.15, 147.185, 1789, 0.0
2021-05-21 10:34:00, 147.18, 147.18, 147.16, 147.16, 409, 0.0
2021-05-21 10:35:00, 147.15, 147.15, 147.15, 147.15, 198, 0.0
2021-05-21 10:36:00, 147.07, 147.07, 147.04, 147.04, 406, 0.0
2021-05-21 10:37:00, 147.03, 147.03, 146.98, 146.98, 694, 0.0
2021-05-21 10:38:00, 146.965, 146.965, 146.96, 146.96, 525, 0.0
2021-05-21 10:39:00, 146.97, 146.97, 146.945, 146.945, 384, 0.0
2021-05-21 10:40:00, 146.93, 146.945, 146.92, 146.94, 933, 0.0
2021-05-21 10:41:00, 146.95, 146.95, 146.95, 146.95, 600, 0.0
2021-05-21 10:42:00, 146.93, 146.93, 146.93, 146.93, 336, 0.0
2021-05-21 10:43:00, 146.9, 146.9, 146.9, 146.9, 197, 0.0
2021-05-21 10:44:00, 146.92, 146.92, 146.92, 146.92, 356, 0.0
2021-05-21 10:45:00, 146.86, 146.86, 146.82, 146.84, 700, 0.0
2021-05-21 10:47:00, 146.94, 146.95, 146.94, 146.95, 372, 0.0
2021-05-21 10:49:00, 146.98, 146.98, 146.94, 146.94, 290, 0.0
2021-05-21 10:50:00, 146.94, 146.95, 146.94, 146.95, 424, 0.0
2021-05-21 10:52:00, 146.99, 146.99, 146.95, 146.95, 300, 0.0
2021-05-21 10:53:00, 146.93, 146.94, 146.93, 146.94, 311, 0.0
2021-05-21 10:54:00, 146.92, 146.93, 146.905, 146.905, 613, 0.0
2021-05-21 10:55:00, 146.86, 146.87, 146.86, 146.87, 582, 0.0
2021-05-21 10:56:00, 146.8, 146.8, 146.8, 146.8, 346, 0.0
2021-05-21 10:57:00, 146.78, 146.78, 146.78, 146.78, 274, 0.0
2021-05-21 10:58:00, 146.76, 146.76, 146.76, 146.76, 310, 0.0
2021-05-21 11:00:00, 146.81, 146.81, 146.8, 146.8, 534, 0.0
2021-05-21 11:01:00, 146.79, 146.79, 146.79, 146.79, 168, 0.0
2021-05-21 11:02:00, 146.76, 146.77, 146.76, 146.77, 618, 0.0
2021-05-21 11:04:00, 146.8, 146.805, 146.8, 146.8, 572, 0.0
2021-05-21 11:06:00, 146.82, 146.82, 146.82, 146.82, 527, 0.0
2021-05-21 11:07:00, 146.78, 146.79, 146.78, 146.79, 549, 0.0
2021-05-21 11:08:00, 146.78, 146.78, 146.77, 146.77, 700, 0.0
2021-05-21 11:09:00, 146.69, 146.71, 146.63, 146.66, 966, 0.0
2021-05-21 11:10:00, 146.65, 146.66, 146.65, 146.66, 370, 0.0
2021-05-21 11:11:00, 146.63, 146.63, 146.63, 146.63, 613, 0.0
2021-05-21 11:12:00, 146.66, 146.66, 146.66, 146.66, 353, 0.0
2021-05-21 11:13:00, 146.69, 146.72, 146.69, 146.72, 403, 0.0
2021-05-21 11:14:00, 146.73, 146.76, 146.73, 146.76, 363, 0.0
2021-05-21 11:15:00, 146.75, 146.75, 146.74, 146.74, 300, 0.0
2021-05-21 11:16:00, 146.7, 146.7, 146.7, 146.7, 480, 0.0
2021-05-21 11:18:00, 146.77, 146.77, 146.76, 146.76, 300, 0.0
2021-05-21 11:20:00, 146.79, 146.79, 146.79, 146.79, 300, 0.0
2021-05-21 11:22:00, 146.75, 146.79, 146.75, 146.75, 520, 0.0
2021-05-21 11:24:00, 146.72, 146.73, 146.72, 146.73, 668, 0.0
2021-05-21 11:25:00, 146.78, 146.78, 146.78, 146.78, 100, 0.0
2021-05-21 11:26:00, 146.73, 146.73, 146.73, 146.73, 100, 0.0
2021-05-21 11:27:00, 146.69, 146.69, 146.69, 146.69, 274, 0.0
2021-05-21 11:28:00, 146.69, 146.69, 146.68, 146.68, 307, 0.0
2021-05-21 11:29:00, 146.72, 146.72, 146.72, 146.72, 112, 0.0
2021-05-21 11:30:00, 146.82, 146.82, 146.82, 146.82, 107, 0.0
2021-05-21 11:31:00, 146.81, 146.81, 146.71, 146.74, 705, 0.0
2021-05-21 11:32:00, 146.76, 146.76, 146.76, 146.76, 300, 0.0
2021-05-21 11:34:00, 146.78, 146.78, 146.78, 146.78, 107, 0.0
2021-05-21 11:36:00, 146.8, 146.8, 146.8, 146.8, 100, 0.0
2021-05-21 11:38:00, 146.79, 146.79, 146.79, 146.79, 107, 0.0
2021-05-21 11:41:00, 146.77, 146.77, 146.77, 146.77, 214, 0.0
2021-05-21 11:42:00, 146.78, 146.78, 146.78, 146.78, 195, 0.0
2021-05-21 11:43:00, 146.73, 146.74, 146.73, 146.74, 403, 0.0
2021-05-21 11:44:00, 146.76, 146.76, 146.72, 146.72, 300, 0.0
2021-05-21 11:45:00, 146.72, 146.72, 146.72, 146.72, 516, 0.0
2021-05-21 11:46:00, 146.64, 146.64, 146.625, 146.64, 416, 0.0
2021-05-21 11:47:00, 146.625, 146.625, 146.6, 146.6, 387, 0.0
2021-05-21 11:48:00, 146.67, 146.67, 146.67, 146.67, 400, 0.0
2021-05-21 11:49:00, 146.61, 146.61, 146.61, 146.61, 201, 0.0
2021-05-21 11:50:00, 146.62, 146.62, 146.62, 146.62, 239, 0.0
2021-05-21 11:51:00, 146.67, 146.675, 146.67, 146.675, 251, 0.0
2021-05-21 11:52:00, 146.64, 146.64, 146.64, 146.64, 100, 0.0
2021-05-21 11:53:00, 146.58, 146.59, 146.57, 146.57, 729, 0.0
2021-05-21 11:54:00, 146.6, 146.6, 146.6, 146.6, 300, 0.0
2021-05-21 11:55:00, 146.53, 146.53, 146.53, 146.53, 229, 0.0
2021-05-21 11:56:00, 146.56, 146.56, 146.56, 146.56, 157, 0.0
2021-05-21 11:58:00, 146.575, 146.6, 146.575, 146.6, 401, 0.0
2021-05-21 11:59:00, 146.63, 146.63, 146.63, 146.63, 100, 0.0
2021-05-21 12:02:00, 146.68, 146.69, 146.68, 146.69, 300, 0.0
2021-05-21 12:04:00, 146.72, 146.74, 146.72, 146.74, 434, 0.0
2021-05-21 12:07:00, 146.8, 146.8, 146.8, 146.8, 200, 0.0
2021-05-21 12:08:00, 146.77, 146.77, 146.77, 146.77, 300, 0.0
2021-05-21 12:11:00, 146.71, 146.71, 146.71, 146.71, 108, 0.0
2021-05-21 12:12:00, 146.67, 146.67, 146.64, 146.64, 416, 0.0
2021-05-21 12:15:00, 146.72, 146.72, 146.72, 146.72, 302, 0.0
2021-05-21 12:16:00, 146.71, 146.71, 146.71, 146.71, 105, 0.0
2021-05-21 12:17:00, 146.71, 146.71, 146.68, 146.68, 400, 0.0
2021-05-21 12:18:00, 146.7, 146.7, 146.7, 146.7, 220, 0.0
2021-05-21 12:22:00, 146.68, 146.68, 146.68, 146.68, 198, 0.0
2021-05-21 12:25:00, 146.745, 146.745, 146.73, 146.73, 200, 0.0
2021-05-21 12:29:00, 146.8, 146.8, 146.8, 146.8, 168, 0.0
2021-05-21 12:30:00, 146.81, 146.82, 146.81, 146.82, 413, 0.0
2021-05-21 12:31:00, 146.87, 146.87, 146.87, 146.87, 101, 0.0
2021-05-21 12:33:00, 146.89, 146.89, 146.85, 146.85, 500, 0.0
2021-05-21 12:34:00, 146.85, 146.85, 146.85, 146.85, 325, 0.0
2021-05-21 12:35:00, 146.87, 146.87, 146.85, 146.85, 903, 0.0
2021-05-21 12:36:00, 146.83, 146.83, 146.83, 146.83, 100, 0.0
2021-05-21 12:41:00, 146.88, 146.885, 146.88, 146.88, 400, 0.0
2021-05-21 12:42:00, 146.84, 146.84, 146.84, 146.84, 208, 0.0
2021-05-21 12:44:00, 146.89, 146.89, 146.89, 146.89, 101, 0.0
2021-05-21 12:46:00, 146.925, 146.925, 146.925, 146.925, 101, 0.0
2021-05-21 12:47:00, 146.93, 146.93, 146.9, 146.9, 200, 0.0
2021-05-21 12:48:00, 146.92, 146.92, 146.92, 146.92, 100, 0.0
2021-05-21 12:51:00, 146.96, 146.96, 146.96, 146.96, 200, 0.0
2021-05-21 12:52:00, 146.96, 146.96, 146.95, 146.95, 220, 0.0
2021-05-21 12:53:00, 146.96, 146.96, 146.96, 146.96, 103, 0.0
2021-05-21 12:56:00, 146.91, 146.935, 146.91, 146.935, 300, 0.0
2021-05-21 12:59:00, 146.87, 146.87, 146.87, 146.87, 216, 0.0
2021-05-21 13:00:00, 146.83, 146.835, 146.83, 146.835, 201, 0.0
2021-05-21 13:01:00, 146.83, 146.83, 146.83, 146.83, 104, 0.0
2021-05-21 13:02:00, 146.855, 146.855, 146.855, 146.855, 100, 0.0
2021-05-21 13:03:00, 146.9, 146.9, 146.89, 146.89, 300, 0.0
2021-05-21 13:04:00, 146.93, 146.93, 146.92, 146.92, 500, 0.0
2021-05-21 13:05:00, 146.91, 146.91, 146.91, 146.91, 400, 0.0
2021-05-21 13:06:00, 146.97, 146.97, 146.905, 146.905, 1476, 0.0
2021-05-21 13:07:00, 146.91, 146.96, 146.91, 146.96, 320, 0.0
2021-05-21 13:08:00, 147.01, 147.01, 147.01, 147.01, 337, 0.0
2021-05-21 13:11:00, 146.97, 146.98, 146.97, 146.98, 310, 0.0
2021-05-21 13:12:00, 146.97, 146.97, 146.95, 146.95, 258, 0.0
2021-05-21 13:15:00, 146.92, 146.92, 146.92, 146.92, 101, 0.0
2021-05-21 13:16:00, 146.88, 146.88, 146.88, 146.88, 100, 0.0
2021-05-21 13:18:00, 146.88, 146.88, 146.88, 146.88, 105, 0.0
2021-05-21 13:19:00, 146.88, 146.89, 146.88, 146.89, 203, 0.0
2021-05-21 13:20:00, 146.83, 146.85, 146.83, 146.85, 359, 0.0
2021-05-21 13:21:00, 146.84, 146.84, 146.84, 146.84, 104, 0.0
2021-05-21 13:22:00, 146.825, 146.83, 146.825, 146.83, 303, 0.0
2021-05-21 13:23:00, 146.825, 146.86, 146.825, 146.86, 400, 0.0
2021-05-21 13:24:00, 146.87, 146.89, 146.87, 146.89, 340, 0.0
2021-05-21 13:25:00, 146.87, 146.87, 146.87, 146.87, 105, 0.0
2021-05-21 13:26:00, 146.82, 146.82, 146.81, 146.81, 200, 0.0
2021-05-21 13:27:00, 146.82, 146.82, 146.82, 146.82, 301, 0.0
2021-05-21 13:28:00, 146.84, 146.845, 146.83, 146.845, 403, 0.0
2021-05-21 13:29:00, 146.84, 146.84, 146.84, 146.84, 200, 0.0
2021-05-21 13:30:00, 146.85, 146.87, 146.85, 146.87, 203, 0.0
2021-05-21 13:31:00, 146.9, 146.9, 146.9, 146.9, 106, 0.0
2021-05-21 13:32:00, 146.92, 146.92, 146.9, 146.9, 600, 0.0
2021-05-21 13:33:00, 146.88, 146.88, 146.84, 146.84, 305, 0.0
2021-05-21 13:34:00, 146.8, 146.8, 146.8, 146.8, 104, 0.0
2021-05-21 13:35:00, 146.8, 146.8, 146.8, 146.8, 201, 0.0
2021-05-21 13:36:00, 146.82, 146.86, 146.82, 146.835, 700, 0.0
2021-05-21 13:37:00, 146.83, 146.88, 146.83, 146.88, 569, 0.0
2021-05-21 13:38:00, 146.845, 146.845, 146.71, 146.71, 951, 0.0
2021-05-21 13:39:00, 146.67, 146.68, 146.67, 146.68, 519, 0.0
2021-05-21 13:40:00, 146.72, 146.72, 146.64, 146.64, 1471, 0.0
2021-05-21 13:41:00, 146.7, 146.75, 146.7, 146.75, 518, 0.0
2021-05-21 13:44:00, 146.67, 146.69, 146.67, 146.69, 380, 0.0
2021-05-21 13:46:00, 146.78, 146.78, 146.78, 146.78, 234, 0.0
2021-05-21 13:47:00, 146.7, 146.7, 146.7, 146.7, 143, 0.0
2021-05-21 13:48:00, 146.67, 146.67, 146.67, 146.67, 103, 0.0
2021-05-21 13:49:00, 146.685, 146.69, 146.685, 146.69, 398, 0.0
2021-05-21 13:50:00, 146.695, 146.73, 146.69, 146.73, 430, 0.0
2021-05-21 13:51:00, 146.75, 146.75, 146.75, 146.75, 151, 0.0
2021-05-21 13:52:00, 146.77, 146.8, 146.76, 146.76, 403, 0.0
2021-05-21 13:53:00, 146.805, 146.805, 146.805, 146.805, 105, 0.0
2021-05-21 13:54:00, 146.8, 146.8, 146.8, 146.8, 245, 0.0
2021-05-21 13:55:00, 146.87, 146.87, 146.87, 146.87, 100, 0.0
2021-05-21 13:57:00, 146.915, 146.915, 146.85, 146.85, 223, 0.0
2021-05-21 13:58:00, 146.83, 146.83, 146.83, 146.83, 112, 0.0
2021-05-21 14:00:00, 146.86, 146.86, 146.84, 146.84, 499, 0.0
2021-05-21 14:01:00, 146.84, 146.845, 146.84, 146.84, 600, 0.0
2021-05-21 14:03:00, 146.82, 146.82, 146.81, 146.82, 1300, 0.0
2021-05-21 14:04:00, 146.82, 146.82, 146.795, 146.795, 303, 0.0
2021-05-21 14:05:00, 146.86, 146.91, 146.86, 146.91, 400, 0.0
2021-05-21 14:06:00, 146.89, 146.89, 146.89, 146.89, 145, 0.0
2021-05-21 14:07:00, 146.91, 146.91, 146.91, 146.91, 100, 0.0
2021-05-21 14:08:00, 146.92, 146.92, 146.92, 146.92, 200, 0.0
2021-05-21 14:09:00, 146.92, 146.92, 146.91, 146.91, 411, 0.0
2021-05-21 14:10:00, 146.91, 146.935, 146.91, 146.935, 262, 0.0
2021-05-21 14:11:00, 146.97, 146.98, 146.97, 146.97, 599, 0.0
2021-05-21 14:12:00, 147, 147, 147, 147, 184, 0.0
2021-05-21 14:13:00, 147.02, 147.02, 147.02, 147.02, 201, 0.0
2021-05-21 14:15:00, 147.03, 147.04, 147.03, 147.04, 206, 0.0
2021-05-21 14:17:00, 147.04, 147.04, 147.04, 147.04, 200, 0.0
2021-05-21 14:18:00, 146.99, 146.99, 146.99, 146.99, 180, 0.0
2021-05-21 14:19:00, 147.04, 147.05, 147.04, 147.05, 300, 0.0
2021-05-21 14:20:00, 147.04, 147.14, 147.04, 147.14, 300, 0.0
2021-05-21 14:21:00, 147.12, 147.12, 147.12, 147.12, 200, 0.0
2021-05-21 14:22:00, 147.125, 147.155, 147.125, 147.155, 271, 0.0
2021-05-21 14:23:00, 147.18, 147.21, 147.18, 147.21, 430, 0.0
2021-05-21 14:24:00, 147.185, 147.185, 147.18, 147.18, 210, 0.0
2021-05-21 14:25:00, 147.13, 147.13, 147.13, 147.13, 101, 0.0
2021-05-21 14:26:00, 147.1, 147.1, 147.1, 147.1, 204, 0.0
2021-05-21 14:27:00, 147.12, 147.12, 147.12, 147.12, 100, 0.0
2021-05-21 14:28:00, 147.11, 147.11, 147.11, 147.11, 116, 0.0
2021-05-21 14:29:00, 147.1, 147.1, 147.06, 147.06, 301, 0.0
2021-05-21 14:30:00, 147.04, 147.06, 147.04, 147.06, 292, 0.0
2021-05-21 14:32:00, 147.07, 147.07, 147.04, 147.04, 502, 0.0
2021-05-21 14:33:00, 147.04, 147.04, 147.04, 147.04, 103, 0.0
2021-05-21 14:34:00, 147.02, 147.03, 147.01, 147.03, 507, 0.0
2021-05-21 14:35:00, 147.07, 147.1, 147.07, 147.1, 312, 0.0
2021-05-21 14:36:00, 147.08, 147.09, 147.08, 147.09, 270, 0.0
2021-05-21 14:37:00, 147.06, 147.09, 147.06, 147.09, 402, 0.0
2021-05-21 14:39:00, 146.955, 146.99, 146.955, 146.99, 444, 0.0
2021-05-21 14:40:00, 146.95, 146.99, 146.95, 146.99, 700, 0.0
2021-05-21 14:41:00, 146.99, 146.99, 146.93, 146.93, 300, 0.0
2021-05-21 14:42:00, 146.9, 146.925, 146.9, 146.925, 618, 0.0
2021-05-21 14:43:00, 146.92, 146.94, 146.92, 146.94, 666, 0.0
2021-05-21 14:44:00, 146.96, 146.96, 146.91, 146.91, 431, 0.0
2021-05-21 14:45:00, 146.875, 146.88, 146.85, 146.85, 396, 0.0
2021-05-21 14:46:00, 146.85, 146.85, 146.85, 146.85, 201, 0.0
2021-05-21 14:47:00, 146.86, 146.86, 146.84, 146.84, 500, 0.0
2021-05-21 14:48:00, 146.87, 146.875, 146.87, 146.87, 1298, 0.0
2021-05-21 14:49:00, 146.96, 147.05, 146.96, 147.05, 1222, 0.0
2021-05-21 14:50:00, 147.08, 147.08, 146.98, 147.08, 2532, 0.0
2021-05-21 14:51:00, 147.06, 147.06, 146.95, 146.95, 1419, 0.0
2021-05-21 14:52:00, 147.04, 147.07, 147.03, 147.07, 1809, 0.0
2021-05-21 14:53:00, 147.09, 147.18, 147.09, 147.16, 776, 0.0
2021-05-21 14:54:00, 147.15, 147.15, 147.04, 147.07, 1712, 0.0
2021-05-21 14:55:00, 147.005, 147.01, 147, 147.01, 317, 0.0
2021-05-21 14:56:00, 146.97, 146.98, 146.95, 146.95, 951, 0.0
2021-05-21 14:57:00, 146.98, 146.98, 146.91, 146.98, 1368, 0.0
2021-05-21 14:58:00, 146.96, 147, 146.96, 147, 1199, 0.0
2021-05-21 14:59:00, 147, 147.11, 146.99, 147.11, 924, 0.0
2021-05-24 08:30:00, 147.595, 147.81, 147.56, 147.81, 1233, 0.0
2021-05-24 08:31:00, 147.79, 147.81, 147.76, 147.81, 711, 0.0
2021-05-24 08:32:00, 147.85, 148.045, 147.84, 148.045, 320, 0.0
2021-05-24 08:33:00, 147.97, 147.97, 147.75, 147.82, 656, 0.0
2021-05-24 08:34:00, 147.89, 147.89, 147.775, 147.775, 421, 0.0
2021-05-24 08:35:00, 147.77, 147.78, 147.7, 147.78, 500, 0.0
2021-05-24 08:36:00, 147.83, 147.83, 147.83, 147.83, 104, 0.0
2021-05-24 08:38:00, 147.59, 147.63, 147.59, 147.63, 318, 0.0
2021-05-24 08:40:00, 147.89, 147.9, 147.79, 147.79, 805, 0.0
2021-05-24 08:41:00, 147.81, 147.81, 147.595, 147.61, 860, 0.0
2021-05-24 08:42:00, 147.54, 147.54, 147.44, 147.44, 398, 0.0
2021-05-24 08:43:00, 147.42, 147.42, 147.42, 147.42, 254, 0.0
2021-05-24 08:44:00, 147.355, 147.355, 147.3, 147.3, 564, 0.0
2021-05-24 08:45:00, 147.39, 147.39, 147.33, 147.33, 320, 0.0
2021-05-24 08:46:00, 147.4, 147.42, 147.36, 147.36, 700, 0.0
2021-05-24 08:47:00, 147.21, 147.21, 147.21, 147.21, 117, 0.0
2021-05-24 08:48:00, 147.18, 147.18, 147.18, 147.18, 196, 0.0
2021-05-24 08:49:00, 147.17, 147.17, 147.14, 147.14, 477, 0.0
2021-05-24 08:50:00, 147.05, 147.05, 147.01, 147.01, 295, 0.0
2021-05-24 08:51:00, 147.16, 147.16, 147.16, 147.16, 300, 0.0
2021-05-24 08:52:00, 147.15, 147.15, 147.1, 147.1, 500, 0.0
2021-05-24 08:54:00, 147.24, 147.24, 147.24, 147.24, 250, 0.0
2021-05-24 08:59:00, 147.4, 147.4, 147.4, 147.4, 102, 0.0
2021-05-24 09:00:00, 147.41, 147.41, 147.35, 147.35, 617, 0.0
2021-05-24 09:01:00, 147.38, 147.43, 147.38, 147.41, 558, 0.0
2021-05-24 09:02:00, 147.43, 147.43, 147.41, 147.42, 300, 0.0
2021-05-24 09:03:00, 147.39, 147.39, 147.39, 147.39, 216, 0.0
2021-05-24 09:04:00, 147.57, 147.57, 147.57, 147.57, 117, 0.0
2021-05-24 09:05:00, 147.56, 147.62, 147.56, 147.62, 200, 0.0
2021-05-24 09:06:00, 147.63, 147.71, 147.63, 147.71, 350, 0.0
2021-05-24 09:09:00, 147.66, 147.74, 147.66, 147.74, 303, 0.0
2021-05-24 09:10:00, 147.66, 147.66, 147.58, 147.58, 385, 0.0
2021-05-24 09:11:00, 147.58, 147.58, 147.58, 147.58, 100, 0.0
2021-05-24 09:13:00, 147.67, 147.77, 147.67, 147.77, 514, 0.0
2021-05-24 09:14:00, 147.73, 147.73, 147.68, 147.68, 806, 0.0
2021-05-24 09:15:00, 147.7, 147.82, 147.7, 147.82, 1000, 0.0
2021-05-24 09:16:00, 147.82, 147.82, 147.66, 147.66, 500, 0.0
2021-05-24 09:17:00, 147.72, 147.775, 147.72, 147.765, 768, 0.0
2021-05-24 09:18:00, 147.735, 147.74, 147.735, 147.74, 800, 0.0
2021-05-24 09:19:00, 147.835, 147.85, 147.8, 147.84, 811, 0.0
2021-05-24 09:20:00, 147.87, 147.87, 147.84, 147.86, 518, 0.0
2021-05-24 09:21:00, 147.82, 147.96, 147.82, 147.96, 300, 0.0
2021-05-24 09:22:00, 147.87, 147.96, 147.87, 147.96, 800, 0.0
2021-05-24 09:23:00, 147.95, 147.96, 147.94, 147.95, 687, 0.0
2021-05-24 09:24:00, 147.95, 147.98, 147.91, 147.91, 600, 0.0
2021-05-24 09:25:00, 147.93, 147.99, 147.93, 147.93, 400, 0.0
2021-05-24 09:26:00, 147.82, 147.82, 147.82, 147.82, 301, 0.0
2021-05-24 09:27:00, 147.94, 147.94, 147.93, 147.94, 471, 0.0
2021-05-24 09:28:00, 148, 148.015, 147.94, 147.94, 574, 0.0
2021-05-24 09:30:00, 147.98, 148.03, 147.98, 147.99, 1190, 0.0
2021-05-24 09:31:00, 147.97, 148.03, 147.97, 148.03, 438, 0.0
2021-05-24 09:32:00, 148.05, 148.07, 148.05, 148.05, 824, 0.0
2021-05-24 09:33:00, 147.96, 147.99, 147.96, 147.99, 357, 0.0
2021-05-24 09:34:00, 147.95, 147.99, 147.95, 147.99, 562, 0.0
2021-05-24 09:35:00, 147.98, 148.01, 147.97, 147.97, 420, 0.0
2021-05-24 09:36:00, 147.98, 147.98, 147.94, 147.94, 706, 0.0
2021-05-24 09:37:00, 147.93, 147.96, 147.89, 147.89, 900, 0.0
2021-05-24 09:38:00, 147.875, 147.9, 147.875, 147.88, 600, 0.0
2021-05-24 09:39:00, 147.8, 147.8, 147.73, 147.75, 605, 0.0
2021-05-24 09:40:00, 147.765, 147.895, 147.765, 147.88, 886, 0.0
2021-05-24 09:41:00, 147.96, 147.96, 147.96, 147.96, 474, 0.0
2021-05-24 09:42:00, 148.01, 148.01, 148.01, 148.01, 150, 0.0
2021-05-24 09:43:00, 148.03, 148.03, 148.02, 148.02, 450, 0.0
2021-05-24 09:44:00, 148.06, 148.06, 148.06, 148.06, 118, 0.0
2021-05-24 09:45:00, 148.09, 148.09, 148.09, 148.09, 235, 0.0
2021-05-24 09:46:00, 148.13, 148.18, 148.13, 148.18, 386, 0.0
2021-05-24 09:47:00, 148.2, 148.2, 148.14, 148.14, 569, 0.0
2021-05-24 09:49:00, 148.225, 148.28, 148.225, 148.28, 700, 0.0
2021-05-24 09:50:00, 148.28, 148.28, 148.27, 148.27, 351, 0.0
2021-05-24 09:51:00, 148.28, 148.285, 148.28, 148.285, 485, 0.0
2021-05-24 09:53:00, 148.275, 148.275, 148.25, 148.25, 426, 0.0
2021-05-24 09:54:00, 148.26, 148.27, 148.19, 148.19, 673, 0.0
2021-05-24 09:55:00, 148.25, 148.25, 148.22, 148.23, 719, 0.0
2021-05-24 09:56:00, 148.25, 148.3, 148.25, 148.29, 709, 0.0
2021-05-24 09:57:00, 148.35, 148.35, 148.295, 148.3, 813, 0.0
2021-05-24 09:58:00, 148.27, 148.27, 148.27, 148.27, 257, 0.0
2021-05-24 09:59:00, 148.27, 148.31, 148.27, 148.31, 500, 0.0
2021-05-24 10:00:00, 148.15, 148.15, 148.15, 148.15, 200, 0.0
2021-05-24 10:01:00, 148.17, 148.17, 148.15, 148.15, 218, 0.0
2021-05-24 10:02:00, 148.19, 148.19, 148.13, 148.13, 281, 0.0
2021-05-24 10:04:00, 148.04, 148.05, 148.04, 148.05, 478, 0.0
2021-05-24 10:05:00, 147.96, 147.96, 147.96, 147.96, 224, 0.0
2021-05-24 10:07:00, 147.98, 147.98, 147.98, 147.98, 176, 0.0
2021-05-24 10:13:00, 147.88, 147.88, 147.86, 147.86, 411, 0.0
2021-05-24 10:14:00, 147.83, 147.83, 147.74, 147.74, 400, 0.0
2021-05-24 10:15:00, 147.79, 147.8, 147.79, 147.8, 414, 0.0
2021-05-24 10:16:00, 147.81, 147.81, 147.79, 147.79, 221, 0.0
2021-05-24 10:17:00, 147.85, 147.85, 147.85, 147.85, 289, 0.0
2021-05-24 10:18:00, 147.875, 147.875, 147.85, 147.85, 213, 0.0
2021-05-24 10:20:00, 147.85, 147.85, 147.85, 147.85, 195, 0.0
2021-05-24 10:22:00, 147.91, 147.91, 147.91, 147.91, 101, 0.0
2021-05-24 10:23:00, 147.94, 147.94, 147.94, 147.94, 191, 0.0
2021-05-24 10:24:00, 147.9, 147.9, 147.9, 147.9, 170, 0.0
2021-05-24 10:25:00, 147.88, 147.89, 147.88, 147.89, 350, 0.0
2021-05-24 10:28:00, 147.98, 147.98, 147.96, 147.96, 443, 0.0
2021-05-24 10:30:00, 147.92, 147.92, 147.92, 147.92, 400, 0.0
2021-05-24 10:31:00, 147.93, 147.93, 147.93, 147.93, 200, 0.0
2021-05-24 10:32:00, 147.84, 147.84, 147.84, 147.84, 100, 0.0
2021-05-24 10:33:00, 147.87, 147.87, 147.87, 147.87, 172, 0.0
2021-05-24 10:34:00, 147.82, 147.82, 147.82, 147.82, 101, 0.0
2021-05-24 10:35:00, 147.805, 147.805, 147.805, 147.805, 100, 0.0
2021-05-24 10:36:00, 147.79, 147.79, 147.78, 147.79, 463, 0.0
2021-05-24 10:37:00, 147.83, 147.83, 147.83, 147.83, 385, 0.0
2021-05-24 10:39:00, 147.72, 147.72, 147.72, 147.72, 300, 0.0
2021-05-24 10:40:00, 147.8, 147.8, 147.8, 147.8, 103, 0.0
2021-05-24 10:45:00, 147.86, 147.86, 147.85, 147.85, 350, 0.0
2021-05-24 10:46:00, 147.9, 147.9, 147.9, 147.9, 100, 0.0
2021-05-24 10:47:00, 147.87, 147.87, 147.87, 147.87, 112, 0.0
2021-05-24 10:49:00, 147.77, 147.77, 147.77, 147.77, 100, 0.0
2021-05-24 10:50:00, 147.7, 147.7, 147.7, 147.7, 100, 0.0
2021-05-24 10:51:00, 147.72, 147.72, 147.72, 147.72, 100, 0.0
2021-05-24 10:52:00, 147.795, 147.81, 147.72, 147.75, 720, 0.0
2021-05-24 10:53:00, 147.78, 147.78, 147.78, 147.78, 382, 0.0
2021-05-24 10:56:00, 147.78, 147.78, 147.78, 147.78, 184, 0.0
2021-05-24 10:57:00, 147.76, 147.76, 147.76, 147.76, 112, 0.0
2021-05-24 11:00:00, 147.74, 147.75, 147.72, 147.75, 600, 0.0
2021-05-24 11:04:00, 147.79, 147.79, 147.79, 147.79, 200, 0.0
2021-05-24 11:06:00, 147.77, 147.77, 147.77, 147.77, 301, 0.0
2021-05-24 11:09:00, 147.73, 147.73, 147.73, 147.73, 105, 0.0
2021-05-24 11:10:00, 147.7, 147.7, 147.7, 147.7, 404, 0.0
2021-05-24 11:12:00, 147.74, 147.74, 147.74, 147.74, 260, 0.0
2021-05-24 11:14:00, 147.76, 147.8, 147.76, 147.8, 401, 0.0
2021-05-24 11:16:00, 147.77, 147.77, 147.77, 147.77, 100, 0.0
2021-05-24 11:17:00, 147.76, 147.76, 147.76, 147.76, 200, 0.0
2021-05-24 11:18:00, 147.75, 147.75, 147.75, 147.75, 101, 0.0
2021-05-24 11:19:00, 147.77, 147.77, 147.77, 147.77, 301, 0.0
2021-05-24 11:21:00, 147.79, 147.79, 147.79, 147.79, 607, 0.0
2021-05-24 11:25:00, 147.85, 147.85, 147.85, 147.85, 102, 0.0
2021-05-24 11:26:00, 147.9, 147.9, 147.9, 147.9, 109, 0.0
2021-05-24 11:27:00, 147.9, 147.91, 147.9, 147.91, 395, 0.0
2021-05-24 11:28:00, 147.92, 147.92, 147.92, 147.92, 149, 0.0
2021-05-24 11:29:00, 147.94, 147.94, 147.93, 147.93, 200, 0.0
2021-05-24 11:30:00, 147.93, 147.93, 147.93, 147.93, 100, 0.0
2021-05-24 11:31:00, 147.94, 147.94, 147.94, 147.94, 200, 0.0
2021-05-24 11:32:00, 147.96, 147.96, 147.96, 147.96, 110, 0.0
2021-05-24 11:34:00, 147.97, 147.97, 147.97, 147.97, 101, 0.0
2021-05-24 11:36:00, 147.99, 147.99, 147.99, 147.99, 100, 0.0
2021-05-24 11:38:00, 148.04, 148.05, 148.04, 148.05, 500, 0.0
2021-05-24 11:41:00, 148.035, 148.035, 148.035, 148.035, 200, 0.0
2021-05-24 11:42:00, 148.04, 148.05, 148.04, 148.05, 203, 0.0
2021-05-24 11:43:00, 148.07, 148.07, 148.07, 148.07, 100, 0.0
2021-05-24 11:45:00, 148.05, 148.05, 148.05, 148.05, 279, 0.0
2021-05-24 11:46:00, 148.04, 148.05, 148.04, 148.05, 200, 0.0
2021-05-24 11:47:00, 148.055, 148.055, 148.045, 148.045, 200, 0.0
2021-05-24 11:48:00, 148.04, 148.05, 148.04, 148.05, 222, 0.0
2021-05-24 11:49:00, 148.06, 148.06, 148.06, 148.06, 300, 0.0
2021-05-24 11:51:00, 148.18, 148.18, 148.18, 148.18, 207, 0.0
2021-05-24 11:54:00, 148.13, 148.14, 148.13, 148.13, 400, 0.0
2021-05-24 11:55:00, 148.14, 148.14, 148.14, 148.14, 275, 0.0
2021-05-24 11:56:00, 148.17, 148.17, 148.17, 148.17, 216, 0.0
2021-05-24 11:57:00, 148.11, 148.11, 148.11, 148.11, 100, 0.0
2021-05-24 11:58:00, 148.12, 148.12, 148.12, 148.12, 100, 0.0
2021-05-24 12:00:00, 148.1, 148.1, 148.1, 148.1, 154, 0.0
2021-05-24 12:01:00, 148.07, 148.07, 148.07, 148.07, 160, 0.0
2021-05-24 12:02:00, 148.06, 148.06, 148.05, 148.05, 500, 0.0
2021-05-24 12:05:00, 148.06, 148.06, 148.06, 148.06, 100, 0.0
2021-05-24 12:06:00, 148.05, 148.05, 148.05, 148.05, 210, 0.0
2021-05-24 12:07:00, 148.02, 148.03, 148.02, 148.03, 200, 0.0
2021-05-24 12:08:00, 148.03, 148.03, 148.01, 148.01, 301, 0.0
2021-05-24 12:09:00, 148.03, 148.03, 148.03, 148.03, 200, 0.0
2021-05-24 12:10:00, 148.01, 148.01, 148.01, 148.01, 101, 0.0
2021-05-24 12:11:00, 147.99, 147.99, 147.99, 147.99, 100, 0.0
2021-05-24 12:12:00, 147.99, 147.99, 147.99, 147.99, 150, 0.0
2021-05-24 12:14:00, 148.01, 148.01, 148.01, 148.01, 300, 0.0
2021-05-24 12:16:00, 148.05, 148.08, 148.05, 148.08, 317, 0.0
2021-05-24 12:19:00, 148.02, 148.02, 148.02, 148.02, 182, 0.0
2021-05-24 12:20:00, 148.03, 148.03, 148.03, 148.03, 148, 0.0
2021-05-24 12:21:00, 148.025, 148.025, 148.025, 148.025, 124, 0.0
2021-05-24 12:22:00, 148.07, 148.07, 148.07, 148.07, 100, 0.0
2021-05-24 12:23:00, 148.035, 148.035, 148.035, 148.035, 200, 0.0
2021-05-24 12:25:00, 148.02, 148.02, 148.02, 148.02, 301, 0.0
2021-05-24 12:26:00, 147.99, 147.99, 147.99, 147.99, 100, 0.0
2021-05-24 12:27:00, 147.99, 147.99, 147.99, 147.99, 100, 0.0
2021-05-24 12:29:00, 147.98, 147.99, 147.98, 147.99, 251, 0.0
2021-05-24 12:30:00, 148.04, 148.04, 148.04, 148.04, 199, 0.0
2021-05-24 12:34:00, 147.99, 148.005, 147.99, 148.005, 438, 0.0
2021-05-24 12:36:00, 148.025, 148.025, 148.02, 148.02, 469, 0.0
2021-05-24 12:38:00, 147.97, 147.97, 147.96, 147.96, 351, 0.0
2021-05-24 12:40:00, 147.97, 147.97, 147.97, 147.97, 177, 0.0
2021-05-24 12:42:00, 147.86, 147.86, 147.86, 147.86, 466, 0.0
2021-05-24 12:43:00, 147.9, 147.9, 147.9, 147.9, 100, 0.0
2021-05-24 12:45:00, 147.89, 147.89, 147.89, 147.89, 101, 0.0
2021-05-24 12:48:00, 147.9, 147.91, 147.9, 147.91, 301, 0.0
2021-05-24 12:51:00, 147.92, 147.92, 147.92, 147.92, 152, 0.0
2021-05-24 12:53:00, 147.9, 147.9, 147.9, 147.9, 302, 0.0
2021-05-24 12:54:00, 147.88, 147.88, 147.88, 147.88, 271, 0.0
2021-05-24 12:59:00, 147.96, 147.96, 147.96, 147.96, 224, 0.0
2021-05-24 13:00:00, 147.96, 147.97, 147.96, 147.97, 211, 0.0
2021-05-24 13:02:00, 148.025, 148.025, 148.025, 148.025, 142, 0.0
2021-05-24 13:05:00, 148.045, 148.045, 148.045, 148.045, 161, 0.0
2021-05-24 13:06:00, 148.08, 148.08, 148.08, 148.08, 246, 0.0
2021-05-24 13:08:00, 148, 148, 147.98, 147.98, 220, 0.0
2021-05-24 13:10:00, 148.02, 148.02, 148.02, 148.02, 100, 0.0
2021-05-24 13:12:00, 148.065, 148.065, 148.065, 148.065, 100, 0.0
2021-05-24 13:14:00, 148.1, 148.1, 148.095, 148.095, 276, 0.0
2021-05-24 13:15:00, 148.105, 148.105, 148.105, 148.105, 103, 0.0
2021-05-24 13:18:00, 148.15, 148.15, 148.15, 148.15, 103, 0.0
2021-05-24 13:19:00, 148.12, 148.13, 148.12, 148.13, 290, 0.0
2021-05-24 13:20:00, 148.15, 148.16, 148.15, 148.16, 200, 0.0
2021-05-24 13:21:00, 148.145, 148.15, 148.145, 148.15, 401, 0.0
2021-05-24 13:23:00, 148.09, 148.09, 148.04, 148.04, 263, 0.0
2021-05-24 13:25:00, 148.075, 148.075, 148.05, 148.05, 200, 0.0
2021-05-24 13:26:00, 148.09, 148.09, 148.06, 148.06, 703, 0.0
2021-05-24 13:27:00, 148.05, 148.05, 148.05, 148.05, 245, 0.0
2021-05-24 13:29:00, 148.02, 148.02, 148.02, 148.02, 150, 0.0
2021-05-24 13:30:00, 148.01, 148.01, 148.01, 148.01, 235, 0.0
2021-05-24 13:31:00, 148.05, 148.09, 148.05, 148.09, 499, 0.0
2021-05-24 13:32:00, 148.07, 148.07, 148.07, 148.07, 101, 0.0
2021-05-24 13:33:00, 148.06, 148.06, 148.05, 148.05, 810, 0.0
2021-05-24 13:34:00, 148.02, 148.02, 148.02, 148.02, 201, 0.0
2021-05-24 13:35:00, 148.03, 148.04, 148.03, 148.03, 577, 0.0
2021-05-24 13:36:00, 148.04, 148.04, 148.04, 148.04, 100, 0.0
2021-05-24 13:37:00, 148.03, 148.04, 148.03, 148.04, 581, 0.0
2021-05-24 13:38:00, 148.03, 148.05, 148.03, 148.05, 400, 0.0
2021-05-24 13:40:00, 148.1, 148.115, 148.1, 148.115, 608, 0.0
2021-05-24 13:41:00, 148.15, 148.17, 148.15, 148.17, 900, 0.0
2021-05-24 13:42:00, 148.19, 148.2, 148.19, 148.2, 402, 0.0
2021-05-24 13:43:00, 148.22, 148.22, 148.22, 148.22, 376, 0.0
2021-05-24 13:44:00, 148.22, 148.22, 148.22, 148.22, 209, 0.0
2021-05-24 13:45:00, 148.23, 148.23, 148.13, 148.14, 608, 0.0
2021-05-24 13:46:00, 148.15, 148.15, 148.05, 148.06, 601, 0.0
2021-05-24 13:47:00, 148.04, 148.04, 148.04, 148.04, 193, 0.0
2021-05-24 13:48:00, 148.04, 148.04, 148.04, 148.04, 249, 0.0
2021-05-24 13:50:00, 148.01, 148.01, 147.985, 147.985, 468, 0.0
2021-05-24 13:51:00, 147.98, 148, 147.98, 147.99, 603, 0.0
2021-05-24 13:52:00, 147.99, 147.99, 147.99, 147.99, 101, 0.0
2021-05-24 13:54:00, 147.99, 147.99, 147.95, 147.95, 308, 0.0
2021-05-24 13:56:00, 148, 148, 147.94, 147.94, 394, 0.0
2021-05-24 13:58:00, 147.92, 147.92, 147.92, 147.92, 168, 0.0
2021-05-24 13:59:00, 147.91, 147.91, 147.89, 147.89, 208, 0.0
2021-05-24 14:04:00, 147.895, 147.895, 147.895, 147.895, 209, 0.0
2021-05-24 14:05:00, 147.91, 147.91, 147.91, 147.91, 360, 0.0
2021-05-24 14:06:00, 147.96, 147.96, 147.945, 147.945, 297, 0.0
2021-05-24 14:08:00, 147.97, 147.97, 147.97, 147.97, 132, 0.0
2021-05-24 14:09:00, 147.97, 147.97, 147.97, 147.97, 264, 0.0
2021-05-24 14:11:00, 147.98, 147.98, 147.98, 147.98, 196, 0.0
2021-05-24 14:12:00, 147.93, 147.93, 147.93, 147.93, 301, 0.0
2021-05-24 14:13:00, 147.89, 147.89, 147.89, 147.89, 197, 0.0
2021-05-24 14:14:00, 147.92, 147.92, 147.91, 147.91, 316, 0.0
2021-05-24 14:15:00, 147.88, 147.88, 147.88, 147.88, 203, 0.0
2021-05-24 14:16:00, 147.89, 147.92, 147.89, 147.92, 513, 0.0
2021-05-24 14:19:00, 147.91, 147.91, 147.91, 147.91, 275, 0.0
2021-05-24 14:20:00, 147.96, 147.97, 147.96, 147.97, 432, 0.0
2021-05-24 14:22:00, 147.95, 147.98, 147.95, 147.98, 348, 0.0
2021-05-24 14:23:00, 147.96, 147.96, 147.96, 147.96, 223, 0.0
2021-05-24 14:24:00, 147.99, 147.99, 147.99, 147.99, 220, 0.0
2021-05-24 14:26:00, 147.99, 147.99, 147.99, 147.99, 119, 0.0
2021-05-24 14:27:00, 147.955, 147.955, 147.925, 147.925, 400, 0.0
2021-05-24 14:29:00, 147.89, 147.89, 147.89, 147.89, 309, 0.0
2021-05-24 14:30:00, 147.845, 147.845, 147.84, 147.84, 300, 0.0
2021-05-24 14:32:00, 147.84, 147.84, 147.83, 147.83, 303, 0.0
2021-05-24 14:33:00, 147.84, 147.87, 147.83, 147.87, 555, 0.0
2021-05-24 14:34:00, 147.88, 147.935, 147.88, 147.935, 249, 0.0
2021-05-24 14:35:00, 147.94, 147.95, 147.93, 147.95, 404, 0.0
2021-05-24 14:36:00, 147.97, 147.985, 147.97, 147.975, 800, 0.0
2021-05-24 14:37:00, 148.005, 148.01, 147.97, 148.01, 705, 0.0
2021-05-24 14:38:00, 147.99, 147.99, 147.96, 147.98, 640, 0.0
2021-05-24 14:39:00, 147.93, 147.93, 147.9, 147.9, 259, 0.0
2021-05-24 14:40:00, 147.9, 147.91, 147.89, 147.89, 1359, 0.0
2021-05-24 14:41:00, 147.88, 147.88, 147.87, 147.88, 373, 0.0
2021-05-24 14:42:00, 147.87, 147.87, 147.835, 147.835, 435, 0.0
2021-05-24 14:43:00, 147.83, 147.83, 147.83, 147.83, 131, 0.0
2021-05-24 14:44:00, 147.81, 147.84, 147.81, 147.84, 346, 0.0
2021-05-24 14:45:00, 147.835, 147.835, 147.795, 147.805, 1351, 0.0
2021-05-24 14:46:00, 147.84, 147.86, 147.84, 147.86, 801, 0.0
2021-05-24 14:47:00, 147.87, 147.87, 147.85, 147.86, 473, 0.0
2021-05-24 14:48:00, 147.855, 147.88, 147.85, 147.88, 506, 0.0
2021-05-24 14:49:00, 147.89, 147.9, 147.885, 147.885, 708, 0.0
2021-05-24 14:50:00, 147.88, 148.03, 147.87, 148.03, 3282, 0.0
2021-05-24 14:51:00, 147.99, 147.99, 147.885, 147.9, 1346, 0.0
2021-05-24 14:52:00, 147.91, 147.925, 147.9, 147.925, 911, 0.0
2021-05-24 14:53:00, 147.985, 147.985, 147.93, 147.97, 974, 0.0
2021-05-24 14:54:00, 147.97, 148.04, 147.95, 147.99, 1868, 0.0
2021-05-24 14:55:00, 147.96, 147.96, 147.865, 147.865, 1193, 0.0
2021-05-24 14:56:00, 147.855, 147.89, 147.81, 147.82, 1301, 0.0
2021-05-24 14:57:00, 147.82, 147.835, 147.82, 147.83, 1738, 0.0
2021-05-24 14:58:00, 147.82, 147.835, 147.8, 147.8, 2114, 0.0
2021-05-24 14:59:00, 147.79, 147.86, 147.775, 147.86, 1384, 0.0
2021-05-25 08:30:00, 147.865, 148.03, 147.83, 148.03, 749, 0.0
2021-05-25 08:31:00, 148.05, 148.05, 148.02, 148.02, 412, 0.0
2021-05-25 08:32:00, 147.75, 147.75, 147.655, 147.67, 549, 0.0
2021-05-25 08:33:00, 147.71, 147.88, 147.71, 147.88, 1094, 0.0
2021-05-25 08:34:00, 148.02, 148.07, 147.79, 147.79, 964, 0.0
2021-05-25 08:35:00, 147.865, 147.865, 147.69, 147.69, 1986, 0.0
2021-05-25 08:36:00, 147.76, 147.81, 147.705, 147.76, 719, 0.0
2021-05-25 08:37:00, 147.5, 147.5, 147.5, 147.5, 450, 0.0
2021-05-25 08:38:00, 147.4, 147.4, 147.25, 147.25, 607, 0.0
2021-05-25 08:39:00, 147.08, 147.08, 147.065, 147.065, 200, 0.0
2021-05-25 08:40:00, 147.11, 147.14, 147.04, 147.14, 334, 0.0
2021-05-25 08:41:00, 147.17, 147.17, 147.05, 147.05, 436, 0.0
2021-05-25 08:42:00, 147.09, 147.21, 147.09, 147.21, 329, 0.0
2021-05-25 08:43:00, 147.1, 147.1, 147.1, 147.1, 115, 0.0
2021-05-25 08:44:00, 147.12, 147.12, 147.03, 147.05, 612, 0.0
2021-05-25 08:45:00, 147.28, 147.28, 147.24, 147.24, 335, 0.0
2021-05-25 08:46:00, 147.175, 147.175, 147.175, 147.175, 287, 0.0
2021-05-25 08:47:00, 147.12, 147.12, 147.12, 147.12, 173, 0.0
2021-05-25 08:48:00, 147.12, 147.12, 147.06, 147.06, 400, 0.0
2021-05-25 08:50:00, 147.09, 147.14, 147.09, 147.13, 590, 0.0
2021-05-25 08:51:00, 147.105, 147.39, 147.105, 147.35, 1000, 0.0
2021-05-25 08:52:00, 147.4, 147.57, 147.4, 147.57, 400, 0.0
2021-05-25 08:53:00, 147.56, 147.72, 147.56, 147.72, 920, 0.0
2021-05-25 08:54:00, 147.75, 147.86, 147.75, 147.86, 708, 0.0
2021-05-25 08:55:00, 147.83, 147.83, 147.83, 147.83, 411, 0.0
2021-05-25 08:56:00, 147.86, 148, 147.86, 147.95, 529, 0.0
2021-05-25 08:57:00, 147.97, 147.98, 147.97, 147.98, 211, 0.0
2021-05-25 08:58:00, 148.03, 148.12, 148.03, 148.12, 704, 0.0
2021-05-25 08:59:00, 148.09, 148.1, 148.09, 148.1, 418, 0.0
2021-05-25 09:00:00, 148.03, 148.03, 147.89, 147.89, 4979, 0.0
2021-05-25 09:01:00, 147.86, 147.87, 147.775, 147.87, 1239, 0.0
2021-05-25 09:02:00, 148.06, 148.08, 147.98, 147.98, 801, 0.0
2021-05-25 09:03:00, 148.02, 148.09, 148.01, 148.09, 364, 0.0
2021-05-25 09:04:00, 148.1, 148.1, 147.955, 147.955, 600, 0.0
2021-05-25 09:05:00, 148.055, 148.075, 148.055, 148.075, 350, 0.0
2021-05-25 09:06:00, 148.07, 148.07, 148.07, 148.07, 399, 0.0
2021-05-25 09:07:00, 148.07, 148.07, 148.07, 148.07, 260, 0.0
2021-05-25 09:08:00, 147.955, 147.955, 147.955, 147.955, 127, 0.0
2021-05-25 09:09:00, 147.92, 147.92, 147.9, 147.92, 585, 0.0
2021-05-25 09:10:00, 147.88, 147.88, 147.82, 147.825, 400, 0.0
2021-05-25 09:11:00, 147.73, 147.75, 147.73, 147.75, 587, 0.0
2021-05-25 09:12:00, 147.77, 147.77, 147.76, 147.76, 330, 0.0
2021-05-25 09:14:00, 147.72, 147.72, 147.72, 147.72, 148, 0.0
2021-05-25 09:15:00, 147.63, 147.63, 147.59, 147.61, 475, 0.0
2021-05-25 09:16:00, 147.71, 147.71, 147.71, 147.71, 200, 0.0
2021-05-25 09:17:00, 147.66, 147.66, 147.66, 147.66, 900, 0.0
2021-05-25 09:18:00, 147.665, 147.68, 147.655, 147.67, 2477, 0.0
2021-05-25 09:19:00, 147.725, 147.735, 147.63, 147.66, 3597, 0.0
2021-05-25 09:20:00, 147.63, 147.735, 147.63, 147.735, 1743, 0.0
2021-05-25 09:21:00, 147.765, 147.8, 147.74, 147.78, 13323, 0.0
2021-05-25 09:22:00, 147.755, 147.78, 147.715, 147.72, 1825, 0.0
2021-05-25 09:23:00, 147.75, 147.84, 147.75, 147.76, 2084, 0.0
2021-05-25 09:24:00, 147.81, 147.81, 147.81, 147.81, 206, 0.0
2021-05-25 09:25:00, 147.68, 147.68, 147.635, 147.65, 1505, 0.0
2021-05-25 09:26:00, 147.62, 147.65, 147.62, 147.65, 463, 0.0
2021-05-25 09:27:00, 147.595, 147.595, 147.595, 147.595, 366, 0.0
2021-05-25 09:28:00, 147.54, 147.54, 147.54, 147.54, 226, 0.0
2021-05-25 09:29:00, 147.48, 147.48, 147.44, 147.44, 695, 0.0
2021-05-25 09:30:00, 147.42, 147.43, 147.42, 147.43, 300, 0.0
2021-05-25 09:32:00, 147.46, 147.51, 147.46, 147.51, 489, 0.0
2021-05-25 09:33:00, 147.54, 147.57, 147.54, 147.57, 526, 0.0
2021-05-25 09:34:00, 147.53, 147.53, 147.53, 147.53, 120, 0.0
2021-05-25 09:37:00, 147.47, 147.47, 147.45, 147.45, 294, 0.0
2021-05-25 09:40:00, 147.37, 147.37, 147.37, 147.37, 234, 0.0
2021-05-25 09:41:00, 147.35, 147.35, 147.35, 147.35, 200, 0.0
2021-05-25 09:42:00, 147.39, 147.39, 147.39, 147.39, 110, 0.0
2021-05-25 09:43:00, 147.34, 147.34, 147.335, 147.335, 202, 0.0
2021-05-25 09:44:00, 147.39, 147.39, 147.39, 147.39, 263, 0.0
2021-05-25 09:46:00, 147.39, 147.39, 147.345, 147.35, 600, 0.0
2021-05-25 09:47:00, 147.29, 147.29, 147.29, 147.29, 111, 0.0
2021-05-25 09:50:00, 147.27, 147.27, 147.26, 147.26, 200, 0.0
2021-05-25 09:51:00, 147.24, 147.24, 147.17, 147.17, 313, 0.0
2021-05-25 09:52:00, 147.14, 147.14, 147.11, 147.11, 467, 0.0
2021-05-25 09:53:00, 147.16, 147.16, 147.16, 147.16, 100, 0.0
2021-05-25 09:54:00, 147.18, 147.18, 147.18, 147.18, 400, 0.0
2021-05-25 09:55:00, 147.15, 147.23, 147.15, 147.22, 696, 0.0
2021-05-25 09:56:00, 147.23, 147.23, 147.22, 147.22, 762, 0.0
2021-05-25 09:57:00, 147.15, 147.15, 147.14, 147.14, 230, 0.0
2021-05-25 09:58:00, 147.25, 147.25, 147.25, 147.25, 545, 0.0
2021-05-25 09:59:00, 147.3, 147.3, 147.26, 147.26, 200, 0.0
2021-05-25 10:01:00, 147.28, 147.34, 147.28, 147.34, 300, 0.0
2021-05-25 10:02:00, 147.33, 147.33, 147.33, 147.33, 280, 0.0
2021-05-25 10:04:00, 147.43, 147.52, 147.43, 147.52, 610, 0.0
2021-05-25 10:05:00, 147.54, 147.55, 147.54, 147.55, 504, 0.0
2021-05-25 10:06:00, 147.49, 147.49, 147.49, 147.49, 108, 0.0
2021-05-25 10:08:00, 147.42, 147.45, 147.42, 147.45, 202, 0.0
2021-05-25 10:10:00, 147.52, 147.52, 147.52, 147.52, 103, 0.0
2021-05-25 10:11:00, 147.66, 147.66, 147.66, 147.66, 305, 0.0
2021-05-25 10:12:00, 147.685, 147.685, 147.685, 147.685, 137, 0.0
2021-05-25 10:14:00, 147.6, 147.6, 147.6, 147.6, 100, 0.0
2021-05-25 10:15:00, 147.62, 147.62, 147.62, 147.62, 302, 0.0
2021-05-25 10:16:00, 147.69, 147.71, 147.69, 147.71, 500, 0.0
2021-05-25 10:17:00, 147.76, 147.76, 147.76, 147.76, 124, 0.0
2021-05-25 10:18:00, 147.725, 147.725, 147.69, 147.69, 300, 0.0
2021-05-25 10:19:00, 147.72, 147.81, 147.72, 147.81, 500, 0.0
2021-05-25 10:20:00, 147.78, 147.78, 147.78, 147.78, 135, 0.0
2021-05-25 10:21:00, 147.88, 147.88, 147.88, 147.88, 126, 0.0
2021-05-25 10:22:00, 147.8, 147.8, 147.8, 147.8, 200, 0.0
2021-05-25 10:24:00, 147.7, 147.7, 147.675, 147.675, 200, 0.0
2021-05-25 10:25:00, 147.74, 147.74, 147.7, 147.7, 300, 0.0
2021-05-25 10:26:00, 147.71, 147.74, 147.71, 147.74, 401, 0.0
2021-05-25 10:28:00, 147.75, 147.76, 147.75, 147.76, 500, 0.0
2021-05-25 10:29:00, 147.8, 147.8, 147.8, 147.8, 141, 0.0
2021-05-25 10:30:00, 147.78, 147.8, 147.78, 147.8, 200, 0.0
2021-05-25 10:31:00, 147.75, 147.755, 147.75, 147.755, 329, 0.0
2021-05-25 10:32:00, 147.77, 147.77, 147.77, 147.77, 354, 0.0
2021-05-25 10:33:00, 147.89, 147.89, 147.89, 147.89, 238, 0.0
2021-05-25 10:36:00, 147.86, 147.86, 147.86, 147.86, 502, 0.0
2021-05-25 10:40:00, 147.85, 147.85, 147.8, 147.8, 500, 0.0
2021-05-25 10:41:00, 147.77, 147.77, 147.74, 147.74, 300, 0.0
2021-05-25 10:42:00, 147.73, 147.74, 147.71, 147.71, 500, 0.0
2021-05-25 10:43:00, 147.72, 147.72, 147.72, 147.72, 305, 0.0
2021-05-25 10:44:00, 147.605, 147.605, 147.605, 147.605, 192, 0.0
2021-05-25 10:45:00, 147.59, 147.59, 147.59, 147.59, 300, 0.0
2021-05-25 10:46:00, 147.6, 147.64, 147.6, 147.64, 263, 0.0
2021-05-25 10:48:00, 147.72, 147.72, 147.72, 147.72, 300, 0.0
2021-05-25 10:49:00, 147.65, 147.65, 147.65, 147.65, 151, 0.0
2021-05-25 10:51:00, 147.63, 147.63, 147.6, 147.6, 500, 0.0
2021-05-25 10:52:00, 147.57, 147.57, 147.57, 147.57, 113, 0.0
2021-05-25 10:53:00, 147.61, 147.61, 147.61, 147.61, 319, 0.0
2021-05-25 10:55:00, 147.58, 147.58, 147.58, 147.58, 383, 0.0
2021-05-25 10:58:00, 147.59, 147.59, 147.56, 147.56, 200, 0.0
2021-05-25 11:00:00, 147.55, 147.55, 147.53, 147.53, 389, 0.0
2021-05-25 11:01:00, 147.535, 147.535, 147.535, 147.535, 100, 0.0
2021-05-25 11:07:00, 147.54, 147.54, 147.54, 147.54, 136, 0.0
2021-05-25 11:09:00, 147.56, 147.58, 147.56, 147.58, 401, 0.0
2021-05-25 11:10:00, 147.61, 147.61, 147.61, 147.61, 471, 0.0
2021-05-25 11:11:00, 147.66, 147.66, 147.66, 147.66, 142, 0.0
2021-05-25 11:14:00, 147.71, 147.71, 147.71, 147.71, 221, 0.0
2021-05-25 11:15:00, 147.71, 147.755, 147.71, 147.755, 200, 0.0
2021-05-25 11:17:00, 147.755, 147.76, 147.755, 147.76, 242, 0.0
2021-05-25 11:18:00, 147.83, 147.85, 147.83, 147.85, 312, 0.0
2021-05-25 11:21:00, 147.86, 147.87, 147.86, 147.87, 340, 0.0
2021-05-25 11:22:00, 147.89, 147.94, 147.89, 147.94, 378, 0.0
2021-05-25 11:23:00, 147.93, 147.93, 147.93, 147.93, 100, 0.0
2021-05-25 11:24:00, 147.98, 147.98, 147.98, 147.98, 225, 0.0
2021-05-25 11:26:00, 148.02, 148.02, 147.975, 147.975, 201, 0.0
2021-05-25 11:29:00, 147.91, 147.91, 147.91, 147.91, 189, 0.0
2021-05-25 11:30:00, 147.91, 147.91, 147.91, 147.91, 200, 0.0
2021-05-25 11:31:00, 147.93, 147.93, 147.93, 147.93, 259, 0.0
2021-05-25 11:33:00, 147.93, 147.93, 147.93, 147.93, 101, 0.0
2021-05-25 11:35:00, 147.92, 147.92, 147.92, 147.92, 312, 0.0
2021-05-25 11:36:00, 147.92, 147.92, 147.92, 147.92, 300, 0.0
2021-05-25 11:43:00, 147.96, 147.96, 147.95, 147.95, 420, 0.0
2021-05-25 11:44:00, 147.97, 147.97, 147.97, 147.97, 100, 0.0
2021-05-25 11:45:00, 147.93, 147.93, 147.93, 147.93, 200, 0.0
2021-05-25 11:49:00, 147.9, 147.9, 147.9, 147.9, 179, 0.0
2021-05-25 11:50:00, 147.95, 147.95, 147.92, 147.92, 300, 0.0
2021-05-25 11:51:00, 147.94, 147.94, 147.94, 147.94, 115, 0.0
2021-05-25 11:52:00, 147.94, 147.94, 147.94, 147.94, 328, 0.0
2021-05-25 11:53:00, 147.89, 147.9, 147.89, 147.9, 200, 0.0
2021-05-25 11:55:00, 147.92, 147.92, 147.92, 147.92, 100, 0.0
2021-05-25 11:57:00, 147.97, 147.97, 147.95, 147.95, 327, 0.0
2021-05-25 12:00:00, 147.89, 147.89, 147.89, 147.89, 100, 0.0
2021-05-25 12:01:00, 147.83, 147.85, 147.83, 147.83, 1387, 0.0
2021-05-25 12:02:00, 147.78, 147.78, 147.78, 147.78, 198, 0.0
2021-05-25 12:03:00, 147.73, 147.73, 147.73, 147.73, 200, 0.0
2021-05-25 12:04:00, 147.69, 147.69, 147.68, 147.68, 203, 0.0
2021-05-25 12:05:00, 147.68, 147.68, 147.65, 147.65, 316, 0.0
2021-05-25 12:08:00, 147.65, 147.65, 147.65, 147.65, 101, 0.0
2021-05-25 12:09:00, 147.64, 147.64, 147.64, 147.64, 100, 0.0
2021-05-25 12:10:00, 147.68, 147.68, 147.68, 147.68, 309, 0.0
2021-05-25 12:11:00, 147.72, 147.72, 147.72, 147.72, 201, 0.0
2021-05-25 12:13:00, 147.78, 147.78, 147.78, 147.78, 100, 0.0
2021-05-25 12:15:00, 147.76, 147.76, 147.75, 147.75, 411, 0.0
2021-05-25 12:16:00, 147.77, 147.83, 147.77, 147.83, 688, 0.0
2021-05-25 12:18:00, 147.81, 147.815, 147.81, 147.815, 221, 0.0
2021-05-25 12:19:00, 147.815, 147.815, 147.81, 147.81, 500, 0.0
2021-05-25 12:20:00, 147.76, 147.78, 147.76, 147.78, 401, 0.0
2021-05-25 12:22:00, 147.76, 147.76, 147.76, 147.76, 500, 0.0
2021-05-25 12:23:00, 147.695, 147.71, 147.695, 147.71, 251, 0.0
2021-05-25 12:24:00, 147.7, 147.7, 147.7, 147.7, 799, 0.0
2021-05-25 12:25:00, 147.76, 147.77, 147.76, 147.77, 200, 0.0
2021-05-25 12:27:00, 147.78, 147.78, 147.78, 147.78, 100, 0.0
2021-05-25 12:28:00, 147.785, 147.785, 147.785, 147.785, 145, 0.0
2021-05-25 12:30:00, 147.85, 147.87, 147.85, 147.87, 300, 0.0
2021-05-25 12:31:00, 147.87, 147.87, 147.87, 147.87, 200, 0.0
2021-05-25 12:32:00, 147.89, 147.89, 147.89, 147.89, 100, 0.0
2021-05-25 12:33:00, 147.86, 147.86, 147.86, 147.86, 301, 0.0
2021-05-25 12:34:00, 147.85, 147.85, 147.85, 147.85, 214, 0.0
2021-05-25 12:36:00, 147.83, 147.84, 147.8, 147.84, 600, 0.0
2021-05-25 12:37:00, 147.85, 147.85, 147.85, 147.85, 410, 0.0
2021-05-25 12:39:00, 147.77, 147.77, 147.77, 147.77, 137, 0.0
2021-05-25 12:40:00, 147.82, 147.84, 147.82, 147.84, 207, 0.0
2021-05-25 12:41:00, 147.78, 147.78, 147.71, 147.71, 300, 0.0
2021-05-25 12:42:00, 147.74, 147.74, 147.74, 147.74, 115, 0.0
2021-05-25 12:44:00, 147.74, 147.74, 147.74, 147.74, 326, 0.0
2021-05-25 12:46:00, 147.7, 147.7, 147.7, 147.7, 300, 0.0
2021-05-25 12:49:00, 147.69, 147.69, 147.68, 147.68, 200, 0.0
2021-05-25 12:50:00, 147.68, 147.68, 147.68, 147.68, 100, 0.0
2021-05-25 12:52:00, 147.72, 147.72, 147.72, 147.72, 222, 0.0
2021-05-25 12:53:00, 147.78, 147.78, 147.78, 147.78, 141, 0.0
2021-05-25 12:54:00, 147.74, 147.76, 147.74, 147.76, 279, 0.0
2021-05-25 12:56:00, 147.69, 147.69, 147.69, 147.69, 300, 0.0
2021-05-25 12:57:00, 147.65, 147.65, 147.65, 147.65, 102, 0.0
2021-05-25 12:58:00, 147.67, 147.67, 147.67, 147.67, 139, 0.0
2021-05-25 12:59:00, 147.64, 147.64, 147.64, 147.64, 300, 0.0
2021-05-25 13:01:00, 147.64, 147.64, 147.64, 147.64, 106, 0.0
2021-05-25 13:02:00, 147.635, 147.635, 147.635, 147.635, 200, 0.0
2021-05-25 13:04:00, 147.675, 147.675, 147.66, 147.66, 500, 0.0
2021-05-25 13:05:00, 147.71, 147.72, 147.71, 147.72, 200, 0.0
2021-05-25 13:06:00, 147.72, 147.72, 147.72, 147.72, 100, 0.0
2021-05-25 13:07:00, 147.75, 147.8, 147.75, 147.78, 300, 0.0
2021-05-25 13:09:00, 147.74, 147.74, 147.74, 147.74, 310, 0.0
2021-05-25 13:10:00, 147.78, 147.78, 147.78, 147.78, 100, 0.0
2021-05-25 13:11:00, 147.77, 147.77, 147.76, 147.76, 200, 0.0
2021-05-25 13:12:00, 147.76, 147.76, 147.75, 147.75, 401, 0.0
2021-05-25 13:13:00, 147.81, 147.81, 147.81, 147.81, 329, 0.0
2021-05-25 13:14:00, 147.76, 147.76, 147.76, 147.76, 100, 0.0
2021-05-25 13:15:00, 147.75, 147.75, 147.75, 147.75, 500, 0.0
2021-05-25 13:17:00, 147.73, 147.73, 147.73, 147.73, 100, 0.0
2021-05-25 13:18:00, 147.685, 147.73, 147.68, 147.73, 400, 0.0
2021-05-25 13:19:00, 147.74, 147.74, 147.73, 147.73, 240, 0.0
2021-05-25 13:20:00, 147.71, 147.71, 147.71, 147.71, 100, 0.0
2021-05-25 13:21:00, 147.725, 147.725, 147.725, 147.725, 110, 0.0
2021-05-25 13:22:00, 147.74, 147.74, 147.73, 147.73, 538, 0.0
2021-05-25 13:24:00, 147.65, 147.65, 147.64, 147.64, 701, 0.0
2021-05-25 13:25:00, 147.67, 147.67, 147.67, 147.67, 100, 0.0
2021-05-25 13:26:00, 147.71, 147.71, 147.71, 147.71, 126, 0.0
2021-05-25 13:29:00, 147.72, 147.72, 147.72, 147.72, 100, 0.0
2021-05-25 13:30:00, 147.77, 147.77, 147.77, 147.77, 202, 0.0
2021-05-25 13:31:00, 147.83, 147.84, 147.83, 147.84, 474, 0.0
2021-05-25 13:33:00, 147.775, 147.775, 147.775, 147.775, 201, 0.0
2021-05-25 13:34:00, 147.8, 147.8, 147.785, 147.785, 204, 0.0
2021-05-25 13:36:00, 147.77, 147.81, 147.77, 147.81, 322, 0.0
2021-05-25 13:38:00, 147.81, 147.81, 147.81, 147.81, 100, 0.0
2021-05-25 13:44:00, 147.9, 147.92, 147.89, 147.89, 614, 0.0
2021-05-25 13:45:00, 147.89, 147.89, 147.89, 147.89, 177, 0.0
2021-05-25 13:46:00, 147.88, 147.88, 147.86, 147.86, 200, 0.0
2021-05-25 13:48:00, 147.87, 147.87, 147.87, 147.87, 103, 0.0
2021-05-25 13:50:00, 147.9, 147.95, 147.9, 147.95, 321, 0.0
2021-05-25 13:51:00, 148.01, 148.01, 148.01, 148.01, 200, 0.0
2021-05-25 13:52:00, 147.99, 147.99, 147.99, 147.99, 168, 0.0
2021-05-25 13:55:00, 148.015, 148.015, 148.015, 148.015, 100, 0.0
2021-05-25 13:56:00, 148.03, 148.03, 148.03, 148.03, 100, 0.0
2021-05-25 13:57:00, 148.085, 148.085, 148.085, 148.085, 104, 0.0
2021-05-25 13:59:00, 148.09, 148.09, 148.09, 148.09, 102, 0.0
2021-05-25 14:01:00, 147.98, 147.98, 147.97, 147.97, 359, 0.0
2021-05-25 14:02:00, 147.92, 147.94, 147.92, 147.94, 500, 0.0
2021-05-25 14:03:00, 147.87, 147.88, 147.87, 147.88, 202, 0.0
2021-05-25 14:04:00, 147.93, 147.93, 147.93, 147.93, 456, 0.0
2021-05-25 14:05:00, 147.985, 147.985, 147.985, 147.985, 118, 0.0
2021-05-25 14:06:00, 148.015, 148.03, 148.015, 148.03, 212, 0.0
2021-05-25 14:08:00, 148.06, 148.06, 148.06, 148.06, 301, 0.0
2021-05-25 14:09:00, 148.06, 148.06, 148.06, 148.06, 118, 0.0
2021-05-25 14:10:00, 148.07, 148.07, 148.07, 148.07, 200, 0.0
2021-05-25 14:11:00, 148.075, 148.075, 148.075, 148.075, 103, 0.0
2021-05-25 14:12:00, 148.1, 148.1, 148.1, 148.1, 114, 0.0
2021-05-25 14:14:00, 148.15, 148.15, 148.15, 148.15, 141, 0.0
2021-05-25 14:15:00, 148.165, 148.165, 148.165, 148.165, 223, 0.0
2021-05-25 14:17:00, 148.105, 148.105, 148.08, 148.08, 598, 0.0
2021-05-25 14:18:00, 148.09, 148.09, 148.09, 148.09, 133, 0.0
2021-05-25 14:19:00, 148.07, 148.1, 148.07, 148.1, 700, 0.0
2021-05-25 14:20:00, 148.12, 148.12, 148.09, 148.09, 379, 0.0
2021-05-25 14:21:00, 148.08, 148.155, 148.08, 148.155, 219, 0.0
2021-05-25 14:22:00, 148.19, 148.19, 148.19, 148.19, 599, 0.0
2021-05-25 14:24:00, 148.22, 148.22, 148.22, 148.22, 117, 0.0
2021-05-25 14:25:00, 148.225, 148.265, 148.225, 148.26, 441, 0.0
2021-05-25 14:27:00, 148.305, 148.305, 148.295, 148.295, 500, 0.0
2021-05-25 14:28:00, 148.285, 148.305, 148.285, 148.305, 302, 0.0
2021-05-25 14:29:00, 148.305, 148.305, 148.28, 148.28, 677, 0.0
2021-05-25 14:31:00, 148.28, 148.285, 148.27, 148.285, 589, 0.0
2021-05-25 14:32:00, 148.26, 148.26, 148.2, 148.2, 812, 0.0
2021-05-25 14:33:00, 148.18, 148.18, 148.14, 148.14, 500, 0.0
2021-05-25 14:34:00, 148.14, 148.14, 148.14, 148.14, 103, 0.0
2021-05-25 14:35:00, 148.18, 148.19, 148.17, 148.19, 833, 0.0
2021-05-25 14:36:00, 148.18, 148.18, 148.16, 148.165, 421, 0.0
2021-05-25 14:37:00, 148.205, 148.205, 148.205, 148.205, 182, 0.0
2021-05-25 14:39:00, 148.23, 148.23, 148.23, 148.23, 201, 0.0
2021-05-25 14:40:00, 148.17, 148.17, 148.13, 148.13, 503, 0.0
2021-05-25 14:41:00, 148.13, 148.15, 148.12, 148.15, 709, 0.0
2021-05-25 14:43:00, 148.11, 148.12, 148.11, 148.12, 510, 0.0
2021-05-25 14:44:00, 148.11, 148.11, 148.11, 148.11, 205, 0.0
2021-05-25 14:46:00, 148.17, 148.175, 148.17, 148.175, 321, 0.0
2021-05-25 14:47:00, 148.23, 148.23, 148.22, 148.22, 497, 0.0
2021-05-25 14:48:00, 148.13, 148.13, 148.13, 148.13, 836, 0.0
2021-05-25 14:49:00, 148.14, 148.14, 148.14, 148.14, 514, 0.0
2021-05-25 14:50:00, 148.13, 148.155, 148.125, 148.13, 1101, 0.0
2021-05-25 14:51:00, 148.13, 148.16, 148.13, 148.16, 969, 0.0
2021-05-25 14:52:00, 148.15, 148.22, 148.15, 148.15, 1389, 0.0
2021-05-25 14:53:00, 148.165, 148.17, 148.15, 148.17, 1930, 0.0
2021-05-25 14:54:00, 148.2, 148.2, 148.13, 148.14, 1636, 0.0
2021-05-25 14:55:00, 148.135, 148.23, 148.135, 148.22, 1816, 0.0
2021-05-25 14:56:00, 148.2, 148.23, 148.15, 148.23, 775, 0.0
2021-05-25 14:57:00, 148.23, 148.34, 148.225, 148.32, 2659, 0.0
2021-05-25 14:58:00, 148.28, 148.31, 148.28, 148.31, 1710, 0.0
2021-05-25 14:59:00, 148.33, 148.37, 148.3, 148.33, 4430, 0.0
2021-05-26 08:30:00, 148.11, 148.39, 148.11, 148.285, 1085, 0.0
2021-05-26 08:31:00, 148.28, 148.315, 148.15, 148.16, 606, 0.0
2021-05-26 08:32:00, 148.08, 148.3, 148.08, 148.21, 1200, 0.0
2021-05-26 08:33:00, 148.09, 148.15, 148.09, 148.15, 815, 0.0
2021-05-26 08:34:00, 148, 148.05, 147.855, 147.88, 822, 0.0
2021-05-26 08:36:00, 148.04, 148.04, 147.92, 147.92, 349, 0.0
2021-05-26 08:37:00, 147.91, 147.91, 147.91, 147.91, 374, 0.0
2021-05-26 08:38:00, 147.83, 147.83, 147.75, 147.75, 638, 0.0
2021-05-26 08:39:00, 147.74, 147.83, 147.74, 147.83, 435, 0.0
2021-05-26 08:40:00, 147.9, 147.9, 147.885, 147.885, 551, 0.0
2021-05-26 08:41:00, 147.87, 147.87, 147.87, 147.87, 242, 0.0
2021-05-26 08:43:00, 147.89, 147.89, 147.89, 147.89, 272, 0.0
2021-05-26 08:44:00, 147.77, 147.77, 147.77, 147.77, 105, 0.0
2021-05-26 08:45:00, 147.84, 147.9, 147.84, 147.87, 557, 0.0
2021-05-26 08:46:00, 147.92, 147.92, 147.89, 147.89, 2004, 0.0
2021-05-26 08:47:00, 147.885, 147.885, 147.84, 147.84, 300, 0.0
2021-05-26 08:48:00, 147.89, 147.9, 147.86, 147.9, 1204, 0.0
2021-05-26 08:49:00, 147.84, 147.84, 147.84, 147.84, 301, 0.0
2021-05-26 08:50:00, 147.885, 147.885, 147.885, 147.885, 210, 0.0
2021-05-26 08:51:00, 147.85, 147.85, 147.85, 147.85, 225, 0.0
2021-05-26 08:52:00, 148.02, 148.02, 148.02, 148.02, 272, 0.0
2021-05-26 08:54:00, 147.81, 147.81, 147.81, 147.81, 114, 0.0
2021-05-26 08:55:00, 147.87, 147.87, 147.79, 147.81, 672, 0.0
2021-05-26 08:56:00, 147.79, 147.79, 147.74, 147.74, 531, 0.0
2021-05-26 08:57:00, 147.77, 147.77, 147.72, 147.74, 600, 0.0
2021-05-26 08:58:00, 147.77, 147.77, 147.75, 147.75, 400, 0.0
2021-05-26 08:59:00, 147.87, 148, 147.87, 148, 901, 0.0
2021-05-26 09:00:00, 148.01, 148.01, 148.01, 148.01, 337, 0.0
2021-05-26 09:01:00, 148.03, 148.03, 148.02, 148.02, 239, 0.0
2021-05-26 09:02:00, 148.06, 148.06, 148.06, 148.06, 307, 0.0
2021-05-26 09:03:00, 148.06, 148.06, 148.015, 148.015, 400, 0.0
2021-05-26 09:04:00, 148.16, 148.18, 148.05, 148.05, 616, 0.0
2021-05-26 09:05:00, 147.89, 147.96, 147.89, 147.96, 300, 0.0
2021-05-26 09:06:00, 147.965, 148.01, 147.96, 147.96, 1000, 0.0
2021-05-26 09:07:00, 147.99, 147.99, 147.99, 147.99, 201, 0.0
2021-05-26 09:08:00, 148.01, 148.08, 148.01, 148.075, 612, 0.0
2021-05-26 09:09:00, 148.05, 148.08, 148.05, 148.08, 919, 0.0
2021-05-26 09:10:00, 148.02, 148.11, 148.02, 148.06, 800, 0.0
2021-05-26 09:11:00, 148.05, 148.05, 148.05, 148.05, 100, 0.0
2021-05-26 09:12:00, 148.09, 148.155, 148.09, 148.15, 309, 0.0
2021-05-26 09:13:00, 148.13, 148.13, 148.13, 148.13, 234, 0.0
2021-05-26 09:14:00, 148.035, 148.035, 148.035, 148.035, 105, 0.0
2021-05-26 09:15:00, 148.06, 148.06, 148.06, 148.06, 438, 0.0
2021-05-26 09:16:00, 148.065, 148.065, 148.065, 148.065, 102, 0.0
2021-05-26 09:17:00, 148.03, 148.1, 148.03, 148.1, 313, 0.0
2021-05-26 09:18:00, 148.13, 148.205, 148.13, 148.205, 222, 0.0
2021-05-26 09:19:00, 148.22, 148.22, 148.22, 148.22, 299, 0.0
2021-05-26 09:20:00, 148.2, 148.27, 148.2, 148.23, 903, 0.0
2021-05-26 09:21:00, 148.22, 148.24, 148.22, 148.24, 200, 0.0
2021-05-26 09:23:00, 148.16, 148.16, 148.16, 148.16, 200, 0.0
2021-05-26 09:24:00, 148.165, 148.165, 148.165, 148.165, 100, 0.0
2021-05-26 09:25:00, 148.25, 148.25, 148.22, 148.225, 450, 0.0
2021-05-26 09:26:00, 148.23, 148.23, 148.23, 148.23, 113, 0.0
2021-05-26 09:27:00, 148.21, 148.21, 148.21, 148.21, 100, 0.0
2021-05-26 09:29:00, 148.145, 148.17, 148.09, 148.09, 700, 0.0
2021-05-26 09:30:00, 148.11, 148.19, 148.11, 148.19, 599, 0.0
2021-05-26 09:31:00, 148.24, 148.24, 148.23, 148.23, 402, 0.0
2021-05-26 09:32:00, 148.21, 148.21, 148.21, 148.21, 201, 0.0
2021-05-26 09:34:00, 148.21, 148.21, 148.21, 148.21, 102, 0.0
2021-05-26 09:35:00, 148.14, 148.15, 148.14, 148.15, 401, 0.0
2021-05-26 09:36:00, 148.2, 148.2, 148.19, 148.19, 400, 0.0
2021-05-26 09:37:00, 148.12, 148.16, 148.12, 148.145, 600, 0.0
2021-05-26 09:39:00, 148.15, 148.15, 148.1, 148.1, 601, 0.0
2021-05-26 09:40:00, 148.09, 148.09, 148.06, 148.06, 1058, 0.0
2021-05-26 09:41:00, 148.05, 148.1, 148.05, 148.1, 213, 0.0
2021-05-26 09:42:00, 148.07, 148.08, 148.07, 148.08, 352, 0.0
2021-05-26 09:43:00, 148.14, 148.14, 148.14, 148.14, 101, 0.0
2021-05-26 09:44:00, 148.18, 148.2, 148.15, 148.15, 787, 0.0
2021-05-26 09:45:00, 148.17, 148.17, 148.17, 148.17, 107, 0.0
2021-05-26 09:46:00, 148.11, 148.11, 148.11, 148.11, 100, 0.0
2021-05-26 09:47:00, 148.12, 148.12, 148.12, 148.12, 122, 0.0
2021-05-26 09:49:00, 148.08, 148.08, 148.08, 148.08, 102, 0.0
2021-05-26 09:50:00, 148.16, 148.16, 148.16, 148.16, 200, 0.0
2021-05-26 09:51:00, 148.16, 148.16, 148.16, 148.16, 303, 0.0
2021-05-26 09:52:00, 148.15, 148.27, 148.14, 148.27, 2795, 0.0
2021-05-26 09:53:00, 148.26, 148.28, 148.25, 148.28, 2154, 0.0
2021-05-26 09:54:00, 148.31, 148.32, 148.31, 148.32, 253, 0.0
2021-05-26 09:55:00, 148.37, 148.39, 148.36, 148.36, 610, 0.0
2021-05-26 09:57:00, 148.26, 148.26, 148.22, 148.22, 200, 0.0
2021-05-26 09:58:00, 148.32, 148.32, 148.31, 148.31, 209, 0.0
2021-05-26 10:00:00, 148.37, 148.42, 148.37, 148.42, 598, 0.0
2021-05-26 10:01:00, 148.465, 148.51, 148.465, 148.51, 306, 0.0
2021-05-26 10:02:00, 148.57, 148.57, 148.535, 148.545, 527, 0.0
2021-05-26 10:03:00, 148.52, 148.52, 148.51, 148.51, 602, 0.0
2021-05-26 10:05:00, 148.53, 148.55, 148.53, 148.55, 241, 0.0
2021-05-26 10:06:00, 148.64, 148.64, 148.55, 148.55, 1053, 0.0
2021-05-26 10:07:00, 148.66, 148.66, 148.66, 148.66, 100, 0.0
2021-05-26 10:08:00, 148.66, 148.66, 148.6, 148.6, 700, 0.0
2021-05-26 10:09:00, 148.63, 148.65, 148.63, 148.65, 420, 0.0
2021-05-26 10:10:00, 148.64, 148.65, 148.64, 148.65, 355, 0.0
2021-05-26 10:11:00, 148.61, 148.61, 148.57, 148.57, 279, 0.0
2021-05-26 10:12:00, 148.49, 148.56, 148.49, 148.56, 339, 0.0
2021-05-26 10:13:00, 148.52, 148.52, 148.52, 148.52, 202, 0.0
2021-05-26 10:16:00, 148.5, 148.5, 148.5, 148.5, 100, 0.0
2021-05-26 10:19:00, 148.375, 148.4, 148.375, 148.4, 2101, 0.0
2021-05-26 10:20:00, 148.4, 148.4, 148.4, 148.4, 132, 0.0
2021-05-26 10:21:00, 148.38, 148.41, 148.38, 148.405, 401, 0.0
2021-05-26 10:22:00, 148.4, 148.4, 148.4, 148.4, 117, 0.0
2021-05-26 10:23:00, 148.45, 148.45, 148.44, 148.44, 280, 0.0
2021-05-26 10:25:00, 148.48, 148.48, 148.475, 148.475, 425, 0.0
2021-05-26 10:26:00, 148.5, 148.51, 148.5, 148.51, 465, 0.0
2021-05-26 10:27:00, 148.51, 148.51, 148.46, 148.46, 435, 0.0
2021-05-26 10:28:00, 148.47, 148.47, 148.47, 148.47, 185, 0.0
2021-05-26 10:30:00, 148.45, 148.45, 148.41, 148.41, 484, 0.0
2021-05-26 10:31:00, 148.375, 148.375, 148.375, 148.375, 211, 0.0
2021-05-26 10:32:00, 148.39, 148.41, 148.39, 148.41, 301, 0.0
2021-05-26 10:33:00, 148.38, 148.38, 148.36, 148.36, 470, 0.0
2021-05-26 10:36:00, 148.35, 148.35, 148.3, 148.32, 600, 0.0
2021-05-26 10:37:00, 148.33, 148.33, 148.33, 148.33, 164, 0.0
2021-05-26 10:39:00, 148.33, 148.33, 148.33, 148.33, 101, 0.0
2021-05-26 10:40:00, 148.27, 148.27, 148.27, 148.27, 301, 0.0
2021-05-26 10:41:00, 148.25, 148.26, 148.25, 148.26, 300, 0.0
2021-05-26 10:42:00, 148.25, 148.25, 148.25, 148.25, 300, 0.0
2021-05-26 10:43:00, 148.25, 148.25, 148.25, 148.25, 224, 0.0
