Date, Open, High, Low, Close, Volume, Open Interest
2021-05-10 09:30:00, 564.06, 565.1, 564.06, 564.095, 2305, 0.0
2021-05-10 09:35:00, 564.68, 565.4, 564.575, 564.575, 1309, 0.0
2021-05-10 09:40:00, 565.77, 565.77, 565.77, 565.77, 106, 0.0
2021-05-10 09:45:00, 566.825, 566.825, 566.825, 566.825, 101, 0.0
2021-05-10 09:50:00, 566.58, 566.58, 566.58, 566.58, 100, 0.0
2021-05-10 09:55:00, 566.61, 566.61, 566.61, 566.61, 101, 0.0
2021-05-10 10:00:00, 566.75, 567.05, 566.75, 567.05, 200, 0.0
2021-05-10 10:05:00, 567.47, 567.47, 567.23, 567.23, 443, 0.0
2021-05-10 10:10:00, 567.54, 567.58, 566.475, 566.83, 1888, 0.0
2021-05-10 10:15:00, 567.36, 568.27, 567.36, 568.27, 208, 0.0
2021-05-10 10:20:00, 568.47, 568.47, 567.84, 567.84, 566, 0.0
2021-05-10 10:30:00, 568.23, 568.23, 567.985, 567.985, 300, 0.0
2021-05-10 10:35:00, 568.495, 568.495, 568.495, 568.495, 100, 0.0
2021-05-10 10:50:00, 567.63, 567.63, 567.63, 567.63, 102, 0.0
2021-05-10 11:05:00, 567.545, 567.545, 567.545, 567.545, 206, 0.0
2021-05-10 11:20:00, 567.565, 567.565, 567.565, 567.565, 171, 0.0
2021-05-10 11:25:00, 566.79, 566.79, 566.79, 566.79, 100, 0.0
2021-05-10 11:30:00, 566.59, 566.59, 566.59, 566.59, 128, 0.0
2021-05-10 11:40:00, 566.88, 566.88, 566.88, 566.88, 118, 0.0
2021-05-10 11:50:00, 567.44, 567.44, 567.44, 567.44, 223, 0.0
2021-05-10 11:55:00, 567.105, 567.105, 566.65, 566.65, 210, 0.0
2021-05-10 12:00:00, 567.65, 567.65, 567.65, 567.65, 100, 0.0
2021-05-10 12:10:00, 567.3, 567.3, 567.3, 567.3, 138, 0.0
2021-05-10 12:25:00, 567.34, 567.5, 567.34, 567.5, 380, 0.0
2021-05-10 12:50:00, 567.525, 567.525, 567.4, 567.4, 238, 0.0
2021-05-10 12:55:00, 566.66, 566.66, 566.66, 566.66, 133, 0.0
2021-05-10 13:00:00, 566.79, 566.79, 566.79, 566.79, 196, 0.0
2021-05-10 13:05:00, 567.18, 567.18, 567.18, 567.18, 233, 0.0
2021-05-10 13:10:00, 567.56, 567.56, 567.56, 567.56, 105, 0.0
2021-05-10 13:20:00, 565.92, 565.92, 565.92, 565.92, 105, 0.0
2021-05-10 13:25:00, 565.41, 565.41, 565.41, 565.41, 203, 0.0
2021-05-10 13:30:00, 565.38, 565.38, 565.38, 565.38, 134, 0.0
2021-05-10 13:35:00, 564.825, 564.825, 564.445, 564.74, 603, 0.0
2021-05-10 13:40:00, 564.17, 564.17, 564.13, 564.13, 248, 0.0
2021-05-10 13:55:00, 563.59, 564.21, 563.59, 564.21, 358, 0.0
2021-05-10 14:05:00, 564.14, 564.14, 564.14, 564.14, 158, 0.0
2021-05-10 14:10:00, 564.4, 564.51, 564.4, 564.51, 244, 0.0
2021-05-10 14:15:00, 563.7, 563.7, 563.7, 563.7, 105, 0.0
2021-05-10 14:20:00, 563.94, 563.94, 563.85, 563.85, 301, 0.0
2021-05-10 14:25:00, 563.82, 564.22, 563.82, 564.22, 200, 0.0
2021-05-10 14:30:00, 564.12, 564.78, 564.12, 564.51, 702, 0.0
2021-05-10 14:35:00, 564.545, 564.545, 564.33, 564.45, 626, 0.0
2021-05-10 14:40:00, 564.94, 564.94, 564.94, 564.94, 292, 0.0
2021-05-10 14:45:00, 563.37, 563.37, 563.37, 563.37, 100, 0.0
2021-05-10 14:50:00, 562.72, 562.92, 562.72, 562.92, 648, 0.0
2021-05-10 14:55:00, 562.99, 563.38, 562.49, 562.91, 2698, 0.0
2021-05-11 08:30:00, 563.67, 563.98, 562.31, 562.31, 950, 0.0
2021-05-11 08:35:00, 562.31, 562.46, 562.15, 562.15, 659, 0.0
2021-05-11 08:45:00, 559.32, 559.32, 558.74, 558.74, 279, 0.0
2021-05-11 08:50:00, 558.755, 558.95, 558.3, 558.38, 872, 0.0
2021-05-11 08:55:00, 558.85, 559.13, 558.65, 558.92, 406, 0.0
2021-05-11 09:00:00, 560.04, 560.52, 559.87, 560.47, 884, 0.0
2021-05-11 09:05:00, 558.99, 559.14, 558.99, 559.14, 218, 0.0
2021-05-11 09:10:00, 557.875, 557.875, 557.875, 557.875, 205, 0.0
2021-05-11 09:20:00, 557.7, 557.7, 557.7, 557.7, 100, 0.0
2021-05-11 09:35:00, 554.99, 554.99, 554.99, 554.99, 270, 0.0
2021-05-11 09:40:00, 554.67, 554.67, 554.04, 554.04, 208, 0.0
2021-05-11 09:45:00, 552.91, 553.26, 552.91, 553.26, 268, 0.0
2021-05-11 09:50:00, 552.57, 552.82, 551.94, 552.18, 1865, 0.0
2021-05-11 09:55:00, 553.545, 553.9, 553.545, 553.59, 540, 0.0
2021-05-11 10:05:00, 552.69, 552.9, 552.64, 552.9, 605, 0.0
2021-05-11 10:10:00, 551.6, 551.6, 551.6, 551.6, 100, 0.0
2021-05-11 10:15:00, 551.575, 551.99, 551.575, 551.99, 451, 0.0
2021-05-11 10:20:00, 552.965, 553.07, 552.965, 553.07, 301, 0.0
2021-05-11 10:25:00, 553.3, 553.795, 553.24, 553.795, 408, 0.0
2021-05-11 10:30:00, 555.12, 555.62, 555.03, 555.62, 466, 0.0
2021-05-11 10:35:00, 555.73, 555.73, 555.73, 555.73, 269, 0.0
2021-05-11 10:40:00, 556.72, 556.99, 556.72, 556.99, 448, 0.0
2021-05-11 10:45:00, 555.64, 555.64, 555.64, 555.64, 106, 0.0
2021-05-11 10:50:00, 555.795, 556.065, 555.555, 555.81, 892, 0.0
2021-05-11 10:55:00, 556.42, 556.42, 555.9, 555.9, 713, 0.0
2021-05-11 11:00:00, 555.91, 556.67, 555.91, 556.29, 867, 0.0
2021-05-11 11:05:00, 556.03, 556.13, 555.625, 555.625, 424, 0.0
2021-05-11 11:10:00, 555.28, 555.28, 555.28, 555.28, 115, 0.0
2021-05-11 11:15:00, 556.245, 556.295, 555.835, 555.835, 1916, 0.0
2021-05-11 11:20:00, 555.84, 555.84, 555.84, 555.84, 345, 0.0
2021-05-11 11:25:00, 554.665, 555.33, 554.64, 554.92, 644, 0.0
2021-05-11 11:30:00, 555.08, 555.08, 554.43, 554.43, 626, 0.0
2021-05-11 11:35:00, 554.56, 555.12, 554.56, 555.12, 502, 0.0
2021-05-11 11:40:00, 554.96, 555.2, 554.22, 554.22, 1008, 0.0
2021-05-11 11:45:00, 554.16, 554.16, 554.16, 554.16, 107, 0.0
2021-05-11 11:50:00, 554.135, 554.21, 554, 554, 302, 0.0
2021-05-11 11:55:00, 553.53, 553.94, 553.53, 553.82, 395, 0.0
2021-05-11 12:00:00, 554.06, 554.41, 554.06, 554.41, 532, 0.0
2021-05-11 12:10:00, 554.58, 554.865, 554.58, 554.865, 803, 0.0
2021-05-11 12:15:00, 554.19, 554.19, 554.19, 554.19, 300, 0.0
2021-05-11 12:20:00, 554.55, 554.55, 554.55, 554.55, 100, 0.0
2021-05-11 12:25:00, 554.665, 555.06, 554.665, 555.06, 1065, 0.0
2021-05-11 12:30:00, 555.35, 555.35, 554.76, 554.76, 221, 0.0
2021-05-11 12:35:00, 554.97, 555.36, 554.97, 555.36, 421, 0.0
2021-05-11 12:40:00, 555.63, 556.04, 555.63, 555.83, 615, 0.0
2021-05-11 12:45:00, 556.37, 556.83, 556.265, 556.715, 1912, 0.0
2021-05-11 12:50:00, 556.28, 556.28, 555.74, 555.74, 1326, 0.0
2021-05-11 12:55:00, 556.65, 556.65, 556.62, 556.62, 390, 0.0
2021-05-11 13:00:00, 556.025, 556.07, 555.865, 555.865, 314, 0.0
2021-05-11 13:05:00, 555.745, 555.905, 555.66, 555.905, 420, 0.0
2021-05-11 13:10:00, 555.84, 555.84, 555.84, 555.84, 135, 0.0
2021-05-11 13:15:00, 555.27, 555.27, 555.27, 555.27, 110, 0.0
2021-05-11 13:20:00, 555.65, 555.65, 555.65, 555.65, 172, 0.0
2021-05-11 13:25:00, 555.87, 555.87, 555.87, 555.87, 123, 0.0
2021-05-11 13:30:00, 556.13, 556.23, 555.27, 555.27, 603, 0.0
2021-05-11 13:35:00, 555.91, 556, 555.91, 556, 271, 0.0
2021-05-11 13:40:00, 555.76, 555.76, 555.76, 555.76, 104, 0.0
2021-05-11 13:45:00, 556.25, 556.25, 555.69, 555.69, 216, 0.0
2021-05-11 13:50:00, 556.68, 557.16, 556.53, 556.9, 1052, 0.0
2021-05-11 13:55:00, 556.93, 557.155, 556.93, 557.03, 576, 0.0
2021-05-11 14:00:00, 557.25, 557.67, 557.25, 557.67, 388, 0.0
2021-05-11 14:10:00, 557.54, 558.1, 557.38, 557.96, 1964, 0.0
2021-05-11 14:15:00, 558.65, 558.79, 558.65, 558.79, 584, 0.0
2021-05-11 14:20:00, 558.67, 558.67, 558.15, 558.15, 307, 0.0
2021-05-11 14:25:00, 558.57, 558.57, 558.57, 558.57, 101, 0.0
2021-05-11 14:30:00, 557.405, 557.405, 557.24, 557.24, 225, 0.0
2021-05-11 14:35:00, 557.095, 557.29, 556.78, 556.78, 809, 0.0
2021-05-11 14:40:00, 556.54, 556.89, 556.54, 556.89, 202, 0.0
2021-05-11 14:45:00, 557.9, 558.975, 557.81, 558.975, 1650, 0.0
2021-05-11 14:50:00, 560.1, 560.38, 559.44, 560.27, 4790, 0.0
2021-05-11 14:55:00, 560.53, 561.13, 559.86, 559.86, 8435, 0.0
2021-05-12 08:30:00, 558.71, 559.01, 557.79, 558.7, 753, 0.0
2021-05-12 08:35:00, 559.32, 559.32, 559.32, 559.32, 400, 0.0
2021-05-12 08:40:00, 560.15, 560.325, 559.17, 559.17, 336, 0.0
2021-05-12 08:45:00, 558.86, 558.86, 558.33, 558.33, 201, 0.0
2021-05-12 08:50:00, 558.11, 560.09, 558.11, 560.09, 372, 0.0
2021-05-12 08:55:00, 559.59, 559.61, 559.26, 559.61, 535, 0.0
2021-05-12 09:00:00, 559.32, 559.32, 557.76, 557.76, 257, 0.0
2021-05-12 09:05:00, 557.98, 557.98, 557.19, 557.19, 469, 0.0
2021-05-12 09:10:00, 558.16, 558.16, 558.16, 558.16, 104, 0.0
2021-05-12 09:15:00, 558.85, 558.85, 558.85, 558.85, 101, 0.0
2021-05-12 09:20:00, 560.8, 560.8, 560.8, 560.8, 101, 0.0
2021-05-12 09:25:00, 561.1, 561.445, 560.76, 560.76, 548, 0.0
2021-05-12 09:30:00, 560.97, 561.04, 560.32, 560.32, 360, 0.0
2021-05-12 09:35:00, 558.165, 558.165, 558.165, 558.165, 129, 0.0
2021-05-12 09:40:00, 555.51, 556.1, 555.51, 555.95, 533, 0.0
2021-05-12 09:45:00, 555.94, 555.94, 555.81, 555.81, 206, 0.0
2021-05-12 09:50:00, 555.84, 555.84, 555.21, 555.29, 600, 0.0
2021-05-12 09:55:00, 554.83, 555.04, 554.75, 554.86, 1162, 0.0
2021-05-12 10:00:00, 555.26, 557.12, 555.26, 557.12, 385, 0.0
2021-05-12 10:05:00, 557.21, 557.27, 555.925, 555.925, 483, 0.0
2021-05-12 10:10:00, 556.45, 556.45, 555.83, 555.83, 1942, 0.0
2021-05-12 10:15:00, 556.075, 556.11, 556.075, 556.11, 424, 0.0
2021-05-12 10:20:00, 556.23, 556.23, 556.23, 556.23, 119, 0.0
2021-05-12 10:25:00, 555.83, 555.83, 555.83, 555.83, 100, 0.0
2021-05-12 10:30:00, 556.91, 556.96, 556.91, 556.96, 299, 0.0
2021-05-12 10:35:00, 555.77, 555.93, 555.77, 555.93, 377, 0.0
2021-05-12 10:40:00, 556.88, 557.29, 556.88, 557.29, 206, 0.0
2021-05-12 10:55:00, 554.85, 554.85, 554.85, 554.85, 106, 0.0
2021-05-12 11:00:00, 553.69, 553.69, 553.4, 553.4, 303, 0.0
2021-05-12 11:05:00, 554.3, 554.3, 554.3, 554.3, 162, 0.0
2021-05-12 11:10:00, 553.57, 553.75, 553.27, 553.27, 302, 0.0
2021-05-12 11:15:00, 553.42, 554.47, 553.395, 554.47, 713, 0.0
2021-05-12 11:20:00, 554.61, 554.97, 554.52, 554.67, 657, 0.0
2021-05-12 11:25:00, 554.475, 554.475, 554.215, 554.215, 343, 0.0
2021-05-12 11:30:00, 554.055, 554.715, 554.055, 554.15, 556, 0.0
2021-05-12 11:35:00, 553.94, 554.04, 553.94, 554.04, 200, 0.0
2021-05-12 11:45:00, 552.71, 552.73, 552.49, 552.49, 342, 0.0
2021-05-12 12:05:00, 553.11, 553.11, 553.11, 553.11, 237, 0.0
2021-05-12 12:10:00, 552.62, 552.76, 552.62, 552.76, 322, 0.0
2021-05-12 12:25:00, 551.02, 551.02, 551.02, 551.02, 100, 0.0
2021-05-12 12:30:00, 551.22, 551.22, 550.83, 550.83, 324, 0.0
2021-05-12 12:35:00, 550.89, 551.72, 550.89, 551.72, 841, 0.0
2021-05-12 12:40:00, 551.16, 551.16, 551.16, 551.16, 105, 0.0
2021-05-12 12:50:00, 550.78, 550.78, 550.78, 550.78, 100, 0.0
2021-05-12 12:55:00, 551.37, 551.37, 551.37, 551.37, 210, 0.0
2021-05-12 13:00:00, 551.7, 551.74, 551.4, 551.62, 401, 0.0
2021-05-12 13:05:00, 551.22, 551.22, 551.22, 551.22, 184, 0.0
2021-05-12 13:10:00, 551.65, 551.65, 551.65, 551.65, 117, 0.0
2021-05-12 13:20:00, 550.49, 550.49, 550.49, 550.49, 140, 0.0
2021-05-12 13:30:00, 550.83, 551.57, 550.83, 551.385, 564, 0.0
2021-05-12 13:35:00, 550.97, 551.225, 550.97, 551.225, 267, 0.0
2021-05-12 13:40:00, 551.16, 551.16, 551.16, 551.16, 280, 0.0
2021-05-12 13:45:00, 550.8, 550.8, 550.8, 550.8, 103, 0.0
2021-05-12 13:50:00, 551.19, 551.22, 551.02, 551.09, 536, 0.0
2021-05-12 13:55:00, 550.99, 550.99, 550.99, 550.99, 103, 0.0
2021-05-12 14:00:00, 550.9, 551.06, 550.74, 550.74, 916, 0.0
2021-05-12 14:05:00, 550.98, 551.13, 550.98, 551.13, 329, 0.0
2021-05-12 14:10:00, 550.27, 550.27, 549.985, 549.985, 454, 0.0
2021-05-12 14:15:00, 550.8, 550.8, 550.44, 550.49, 648, 0.0
2021-05-12 14:20:00, 549.67, 549.67, 549.23, 549.23, 403, 0.0
2021-05-12 14:25:00, 549.6, 549.67, 549.19, 549.19, 695, 0.0
2021-05-12 14:30:00, 548.69, 549.53, 548.07, 548.95, 2257, 0.0
2021-05-12 14:35:00, 548.82, 549.1, 548.82, 549.1, 510, 0.0
2021-05-12 14:40:00, 548.76, 548.78, 548.4, 548.7, 848, 0.0
2021-05-12 14:45:00, 548.73, 549.05, 548.455, 548.455, 1615, 0.0
2021-05-12 14:50:00, 547.64, 548.09, 547.385, 547.385, 3114, 0.0
2021-05-12 14:55:00, 547.5, 548.89, 547.5, 548.74, 4702, 0.0
2021-05-13 08:30:00, 551.06, 551.06, 551.06, 551.06, 100, 0.0
2021-05-13 08:35:00, 549.39, 549.69, 548.54, 548.54, 484, 0.0
2021-05-13 08:40:00, 549.57, 549.57, 549.57, 549.57, 203, 0.0
2021-05-13 08:45:00, 550.39, 552.44, 550.39, 551.63, 1045, 0.0
2021-05-13 08:50:00, 552.82, 552.82, 552, 552, 402, 0.0
2021-05-13 08:55:00, 551.31, 551.8, 550.84, 550.84, 5525, 0.0
2021-05-13 09:00:00, 551.32, 551.815, 551.32, 551.815, 307, 0.0
2021-05-13 09:05:00, 551.835, 551.835, 551.03, 551.03, 306, 0.0
2021-05-13 09:10:00, 551.49, 552.48, 551.34, 552.18, 641, 0.0
2021-05-13 09:15:00, 552.19, 553.74, 552.12, 553.67, 667, 0.0
2021-05-13 09:20:00, 553.5, 553.5, 553.4, 553.4, 414, 0.0
2021-05-13 09:35:00, 553.97, 554.495, 553.97, 554.24, 451, 0.0
2021-05-13 09:40:00, 554.42, 554.47, 554.24, 554.24, 306, 0.0
2021-05-13 09:45:00, 554.38, 554.39, 554.38, 554.39, 317, 0.0
2021-05-13 09:50:00, 553.52, 553.52, 553.52, 553.52, 131, 0.0
2021-05-13 09:55:00, 555.195, 555.28, 555.195, 555.28, 4732, 0.0
2021-05-13 10:00:00, 555.45, 555.93, 555.2, 555.93, 508, 0.0
2021-05-13 10:05:00, 556.19, 556.19, 555.95, 555.95, 306, 0.0
2021-05-13 10:10:00, 554.17, 554.17, 554.17, 554.17, 154, 0.0
2021-05-13 10:25:00, 554.97, 554.97, 554.97, 554.97, 106, 0.0
2021-05-13 10:30:00, 554.4, 554.4, 554.22, 554.22, 293, 0.0
2021-05-13 10:35:00, 555.29, 555.29, 555.25, 555.25, 567, 0.0
2021-05-13 10:50:00, 555.06, 555.12, 555.06, 555.12, 567, 0.0
2021-05-13 10:55:00, 555.16, 555.16, 555.14, 555.14, 253, 0.0
2021-05-13 11:05:00, 554.44, 554.79, 554.4, 554.79, 658, 0.0
2021-05-13 11:15:00, 555.85, 556.19, 555.68, 556.19, 779, 0.0
2021-05-13 11:20:00, 555.53, 555.53, 555.53, 555.53, 123, 0.0
2021-05-13 11:25:00, 555.55, 555.63, 555.55, 555.63, 420, 0.0
2021-05-13 11:30:00, 555.69, 555.69, 555.69, 555.69, 286, 0.0
2021-05-13 11:35:00, 555.625, 555.625, 555.625, 555.625, 206, 0.0
2021-05-13 11:40:00, 555.51, 555.63, 555.51, 555.63, 403, 0.0
2021-05-13 11:45:00, 555.77, 555.95, 555.745, 555.78, 650, 0.0
2021-05-13 11:50:00, 555.77, 555.77, 555.35, 555.35, 372, 0.0
2021-05-13 11:55:00, 556.05, 556.055, 556.05, 556.055, 215, 0.0
2021-05-13 12:05:00, 555.63, 555.63, 555.57, 555.57, 382, 0.0
2021-05-13 12:10:00, 555.925, 555.94, 555.87, 555.87, 348, 0.0
2021-05-13 12:15:00, 555.68, 555.68, 555.68, 555.68, 100, 0.0
2021-05-13 12:30:00, 554.66, 554.66, 554.5, 554.5, 351, 0.0
2021-05-13 12:35:00, 553.68, 554.09, 553.68, 554.09, 501, 0.0
2021-05-13 12:50:00, 554.57, 554.61, 554.57, 554.61, 200, 0.0
2021-05-13 12:55:00, 554.34, 554.68, 554.34, 554.68, 201, 0.0
2021-05-13 13:05:00, 555.49, 555.65, 555.49, 555.65, 213, 0.0
2021-05-13 13:10:00, 555.83, 556.09, 555.83, 556.09, 574, 0.0
2021-05-13 13:15:00, 555.705, 556.1, 555.705, 556.1, 238, 0.0
2021-05-13 13:20:00, 556.18, 556.55, 556.14, 556.55, 623, 0.0
2021-05-13 13:25:00, 557.91, 557.91, 557.91, 557.91, 133, 0.0
2021-05-13 13:30:00, 557.73, 557.73, 557.73, 557.73, 104, 0.0
2021-05-13 13:45:00, 556.53, 556.53, 556.53, 556.53, 304, 0.0
2021-05-13 13:55:00, 556.57, 556.57, 556.27, 556.44, 908, 0.0
2021-05-13 14:00:00, 556.84, 556.84, 556.63, 556.63, 450, 0.0
2021-05-13 14:05:00, 556.6, 556.6, 556.6, 556.6, 100, 0.0
2021-05-13 14:10:00, 556.08, 556.08, 555.99, 555.99, 419, 0.0
2021-05-13 14:20:00, 555.89, 555.89, 555.89, 555.89, 148, 0.0
2021-05-13 14:25:00, 556.09, 556.19, 556.09, 556.19, 233, 0.0
2021-05-13 14:30:00, 556.14, 556.17, 556.14, 556.14, 434, 0.0
2021-05-13 14:35:00, 556.015, 556.015, 555.41, 555.41, 974, 0.0
2021-05-13 14:40:00, 555.015, 555.61, 555.015, 555.61, 761, 0.0
2021-05-13 14:45:00, 555.27, 555.635, 555.27, 555.41, 870, 0.0
2021-05-13 14:50:00, 555.37, 555.8, 554.93, 555.01, 2194, 0.0
2021-05-13 14:55:00, 555.02, 555.02, 554.39, 554.78, 3751, 0.0
2021-05-14 08:30:00, 554.32, 554.32, 553.51, 553.51, 248, 0.0
2021-05-14 08:40:00, 555.37, 555.37, 555.37, 555.37, 122, 0.0
2021-05-14 08:45:00, 555.79, 555.79, 555.79, 555.79, 143, 0.0
2021-05-14 08:50:00, 556.17, 556.17, 555.81, 555.81, 472, 0.0
2021-05-14 08:55:00, 555.26, 555.26, 554.7, 554.7, 256, 0.0
2021-05-14 09:00:00, 554.28, 554.28, 554.28, 554.28, 100, 0.0
2021-05-14 09:10:00, 552.49, 552.49, 552.24, 552.24, 404, 0.0
2021-05-14 09:15:00, 552.99, 553.02, 552.99, 553.02, 200, 0.0
2021-05-14 09:25:00, 551.67, 551.8, 551.67, 551.8, 278, 0.0
2021-05-14 09:30:00, 550.3, 550.3, 550.3, 550.3, 194, 0.0
2021-05-14 09:35:00, 550.47, 550.5, 550.45, 550.45, 433, 0.0
2021-05-14 09:45:00, 550.68, 550.68, 550.68, 550.68, 146, 0.0
2021-05-14 09:50:00, 551.71, 551.71, 551.71, 551.71, 130, 0.0
2021-05-14 10:00:00, 553.28, 553.28, 553.2, 553.2, 394, 0.0
2021-05-14 10:05:00, 553.67, 553.67, 553.67, 553.67, 127, 0.0
2021-05-14 10:10:00, 553.3, 553.3, 553.3, 553.3, 100, 0.0
2021-05-14 10:25:00, 554.12, 554.12, 553.975, 553.975, 316, 0.0
2021-05-14 10:40:00, 554.625, 554.625, 554.625, 554.625, 125, 0.0
2021-05-14 10:45:00, 553.585, 553.585, 553.585, 553.585, 123, 0.0
2021-05-14 10:50:00, 553.39, 553.39, 553.39, 553.39, 103, 0.0
2021-05-14 10:55:00, 553.85, 553.85, 553.85, 553.85, 135, 0.0
2021-05-14 11:10:00, 552.59, 553.64, 552.59, 553.57, 621, 0.0
2021-05-14 11:15:00, 553.05, 553.05, 552.3, 552.3, 2954, 0.0
2021-05-14 11:20:00, 552.245, 552.3, 552.24, 552.24, 2385, 0.0
2021-05-14 11:25:00, 552.22, 552.43, 552.04, 552.14, 5164, 0.0
2021-05-14 11:30:00, 551.905, 552.49, 551.905, 552.33, 7263, 0.0
2021-05-14 11:35:00, 552.155, 552.695, 552.11, 552.45, 12922, 0.0
2021-05-14 11:40:00, 551.975, 551.975, 551.28, 551.28, 3029, 0.0
2021-05-14 11:45:00, 551.43, 551.52, 550.875, 550.875, 2483, 0.0
2021-05-14 11:50:00, 550.47, 551.03, 550.43, 550.845, 5139, 0.0
2021-05-14 11:55:00, 551.26, 551.26, 551.26, 551.26, 154, 0.0
2021-05-14 12:00:00, 551.115, 552.34, 551.115, 552.34, 1881, 0.0
2021-05-14 12:05:00, 552.49, 552.52, 552.49, 552.52, 200, 0.0
2021-05-14 12:10:00, 552.14, 552.58, 551.94, 552.07, 2663, 0.0
2021-05-14 12:15:00, 552.09, 552.55, 551.87, 552.55, 2628, 0.0
2021-05-14 12:20:00, 552, 552.15, 552, 552.15, 1105, 0.0
2021-05-14 12:30:00, 551.95, 552.21, 551.89, 552.19, 1633, 0.0
2021-05-14 12:35:00, 552.215, 552.215, 551.985, 551.985, 210, 0.0
2021-05-14 12:40:00, 551.765, 552.51, 551.765, 552.51, 1515, 0.0
2021-05-14 12:45:00, 552.53, 552.63, 552.53, 552.63, 1100, 0.0
2021-05-14 12:50:00, 552.74, 552.74, 552.55, 552.55, 3082, 0.0
2021-05-14 13:00:00, 552.46, 552.46, 552.46, 552.46, 131, 0.0
2021-05-14 13:05:00, 552.49, 552.67, 552.49, 552.57, 393, 0.0
2021-05-14 13:10:00, 552.8, 552.8, 552.69, 552.69, 1511, 0.0
2021-05-14 13:15:00, 552.185, 552.55, 552.075, 552.41, 1608, 0.0
2021-05-14 13:20:00, 552.705, 552.705, 552.45, 552.45, 425, 0.0
2021-05-14 13:25:00, 552.16, 552.16, 552.045, 552.045, 422, 0.0
2021-05-14 13:30:00, 552.555, 552.555, 552.34, 552.34, 229, 0.0
2021-05-14 13:35:00, 552.49, 552.78, 552.49, 552.78, 322, 0.0
2021-05-14 13:40:00, 552.5, 552.56, 552.5, 552.56, 1187, 0.0
2021-05-14 13:45:00, 552.48, 552.6, 552.48, 552.54, 4519, 0.0
2021-05-14 13:50:00, 552.655, 553.375, 552.655, 553.2, 1782, 0.0
2021-05-14 13:55:00, 552.96, 552.96, 552.5, 552.5, 2742, 0.0
2021-05-14 14:00:00, 552.615, 552.67, 552.195, 552.45, 583, 0.0
2021-05-14 14:05:00, 552.41, 552.41, 552.41, 552.41, 215, 0.0
2021-05-14 14:10:00, 552.7, 552.7, 552.34, 552.34, 1283, 0.0
2021-05-14 14:15:00, 552.59, 552.85, 552.32, 552.85, 793, 0.0
2021-05-14 14:20:00, 552.83, 552.855, 552.54, 552.63, 2598, 0.0
2021-05-14 14:25:00, 552.74, 552.9, 552.74, 552.845, 2558, 0.0
2021-05-14 14:30:00, 552.63, 552.78, 552.63, 552.78, 374, 0.0
2021-05-14 14:35:00, 552.79, 552.81, 552.79, 552.81, 433, 0.0
2021-05-14 14:40:00, 553.38, 554.08, 553.005, 553.645, 7300, 0.0
2021-05-14 14:45:00, 553.98, 553.98, 553.79, 553.79, 1178, 0.0
2021-05-14 14:50:00, 553.56, 554.405, 553.56, 554.07, 1284, 0.0
2021-05-14 14:55:00, 553.79, 554.04, 553.635, 553.635, 3974, 0.0
2021-05-17 08:30:00, 555.35, 556.73, 555.35, 556.73, 489, 0.0
2021-05-17 08:35:00, 556.72, 556.72, 556.72, 556.72, 108, 0.0
2021-05-17 08:40:00, 553.58, 553.58, 553.58, 553.58, 100, 0.0
2021-05-17 08:45:00, 553.75, 553.75, 552.57, 552.57, 338, 0.0
2021-05-17 08:50:00, 551.99, 551.99, 551.93, 551.93, 200, 0.0
2021-05-17 08:55:00, 552.65, 552.65, 552.65, 552.65, 109, 0.0
2021-05-17 09:00:00, 552.6, 553.42, 552.6, 553.42, 540, 0.0
2021-05-17 09:05:00, 554.555, 554.555, 553.74, 553.74, 254, 0.0
2021-05-17 09:10:00, 553.6, 553.6, 552.74, 553.14, 475, 0.0
2021-05-17 09:15:00, 552.72, 553.38, 552.6, 553.38, 719, 0.0
2021-05-17 09:20:00, 554.31, 554.31, 554.27, 554.27, 307, 0.0
2021-05-17 09:25:00, 554.23, 554.23, 553.3, 553.3, 347, 0.0
2021-05-17 09:40:00, 553.27, 553.27, 552.65, 552.65, 303, 0.0
2021-05-17 09:45:00, 552.22, 552.22, 551.995, 551.995, 373, 0.0
2021-05-17 09:50:00, 552.2, 552.55, 552.2, 552.55, 604, 0.0
2021-05-17 09:55:00, 553.25, 553.25, 553.25, 553.25, 100, 0.0
2021-05-17 10:00:00, 553.47, 553.58, 553.47, 553.58, 237, 0.0
2021-05-17 10:05:00, 554.12, 554.12, 554.12, 554.12, 163, 0.0
2021-05-17 10:10:00, 552.57, 552.57, 552.57, 552.57, 108, 0.0
2021-05-17 10:15:00, 552.96, 552.96, 552.95, 552.95, 334, 0.0
2021-05-17 10:20:00, 553.33, 553.33, 553.33, 553.33, 101, 0.0
2021-05-17 10:25:00, 553.17, 553.17, 552.61, 552.61, 338, 0.0
2021-05-17 10:30:00, 552.95, 552.95, 552.95, 552.95, 106, 0.0
2021-05-17 10:35:00, 553.31, 553.31, 553.31, 553.31, 100, 0.0
2021-05-17 10:45:00, 553.43, 553.43, 553.43, 553.43, 100, 0.0
2021-05-17 10:50:00, 553.46, 554, 553.26, 554, 367, 0.0
2021-05-17 11:00:00, 554.175, 554.175, 553.8, 553.8, 306, 0.0
2021-05-17 11:05:00, 553.745, 554.09, 553.745, 554.09, 303, 0.0
2021-05-17 11:15:00, 554.58, 554.74, 554.105, 554.105, 608, 0.0
2021-05-17 11:20:00, 554.04, 554.04, 553.52, 553.52, 436, 0.0
2021-05-17 11:30:00, 554.135, 554.145, 553.74, 553.74, 402, 0.0
2021-05-17 11:35:00, 554.125, 554.125, 554.125, 554.125, 100, 0.0
2021-05-17 11:40:00, 554, 554, 554, 554, 100, 0.0
2021-05-17 11:45:00, 554.035, 554.22, 553.98, 553.99, 504, 0.0
2021-05-17 11:50:00, 553.98, 553.98, 553.98, 553.98, 194, 0.0
2021-05-17 11:55:00, 554.1, 554.11, 554, 554, 600, 0.0
2021-05-17 12:00:00, 553.88, 553.88, 553.88, 553.88, 100, 0.0
2021-05-17 12:15:00, 554.04, 554.04, 554.04, 554.04, 100, 0.0
2021-05-17 12:25:00, 554.13, 554.13, 553.5, 553.5, 1094, 0.0
2021-05-17 12:30:00, 553.15, 553.15, 553.15, 553.15, 348, 0.0
2021-05-17 12:35:00, 553.22, 553.22, 553.22, 553.22, 339, 0.0
2021-05-17 12:40:00, 553.165, 553.165, 553.165, 553.165, 350, 0.0
2021-05-17 12:45:00, 553.635, 553.635, 553.31, 553.31, 501, 0.0
2021-05-17 12:50:00, 553.19, 553.19, 553.19, 553.19, 100, 0.0
2021-05-17 12:55:00, 552.97, 553.08, 552.8, 552.8, 328, 0.0
2021-05-17 13:00:00, 553.055, 553.08, 553.055, 553.08, 300, 0.0
2021-05-17 13:10:00, 552.73, 552.845, 552.73, 552.845, 528, 0.0
2021-05-17 13:15:00, 553.02, 553.02, 553.02, 553.02, 100, 0.0
2021-05-17 13:20:00, 552.715, 552.715, 552.715, 552.715, 202, 0.0
2021-05-17 13:25:00, 553.08, 553.38, 553.08, 553.38, 313, 0.0
2021-05-17 13:30:00, 553.575, 553.575, 553.575, 553.575, 101, 0.0
2021-05-17 13:35:00, 553.37, 553.37, 552.69, 552.69, 489, 0.0
2021-05-17 13:45:00, 553.04, 553.04, 553.02, 553.02, 311, 0.0
2021-05-17 13:50:00, 553.12, 553.12, 553.12, 553.12, 296, 0.0
2021-05-17 13:55:00, 553.175, 553.175, 553.175, 553.175, 102, 0.0
2021-05-17 14:00:00, 553.515, 553.515, 553.29, 553.29, 318, 0.0
2021-05-17 14:05:00, 553.21, 553.235, 553.06, 553.19, 937, 0.0
2021-05-17 14:10:00, 553.285, 553.47, 553.285, 553.435, 557, 0.0
2021-05-17 14:15:00, 553.385, 553.385, 553.32, 553.32, 231, 0.0
2021-05-17 14:20:00, 552.95, 553.16, 552.95, 553.16, 559, 0.0
2021-05-17 14:25:00, 553.085, 553.12, 552.94, 553.12, 840, 0.0
2021-05-17 14:30:00, 552.96, 552.96, 552.94, 552.94, 431, 0.0
2021-05-17 14:35:00, 553.065, 553.23, 553.05, 553.19, 615, 0.0
2021-05-17 14:40:00, 553.42, 553.42, 553.14, 553.18, 1087, 0.0
2021-05-17 14:45:00, 553.52, 553.6, 553.5, 553.56, 735, 0.0
2021-05-17 14:50:00, 553.09, 553.11, 552.82, 553.105, 1934, 0.0
2021-05-17 14:55:00, 553.005, 553.8, 552.87, 553.37, 3613, 0.0
2021-05-18 08:30:00, 556, 556.23, 555.16, 556.23, 893, 0.0
2021-05-18 08:40:00, 552.46, 553.23, 552.46, 553.23, 296, 0.0
2021-05-18 08:45:00, 552.07, 552.07, 550.53, 550.53, 246, 0.0
2021-05-18 08:50:00, 550.26, 550.85, 550.26, 550.85, 284, 0.0
2021-05-18 09:00:00, 548.83, 548.83, 548.83, 548.83, 131, 0.0
2021-05-18 09:05:00, 549.36, 549.36, 549.36, 549.36, 103, 0.0
2021-05-18 09:15:00, 548.925, 549.29, 548.925, 549.15, 541, 0.0
2021-05-18 09:20:00, 549.03, 549.1, 549.03, 549.1, 203, 0.0
2021-05-18 09:25:00, 549.4, 550.185, 549.4, 549.79, 749, 0.0
2021-05-18 09:30:00, 549.575, 549.575, 548.36, 548.47, 418, 0.0
2021-05-18 09:35:00, 548.39, 548.39, 547.345, 547.345, 341, 0.0
2021-05-18 09:40:00, 547.32, 547.32, 547.09, 547.11, 400, 0.0
2021-05-18 09:45:00, 547.225, 547.84, 547.225, 547.84, 266, 0.0
2021-05-18 09:55:00, 548.215, 548.245, 547.88, 547.88, 312, 0.0
2021-05-18 10:00:00, 548.6, 548.95, 548.6, 548.95, 211, 0.0
2021-05-18 10:10:00, 548.34, 548.34, 547.91, 547.91, 333, 0.0
2021-05-18 10:15:00, 547.53, 547.53, 546.865, 547.44, 1979, 0.0
2021-05-18 10:20:00, 547.56, 547.56, 547.2, 547.2, 441, 0.0
2021-05-18 10:30:00, 547.3, 547.3, 547.23, 547.23, 300, 0.0
2021-05-18 10:50:00, 547.79, 547.79, 547.75, 547.75, 310, 0.0
2021-05-18 11:00:00, 547.62, 547.62, 547.62, 547.62, 133, 0.0
2021-05-18 11:10:00, 547.55, 547.55, 546.96, 546.96, 446, 0.0
2021-05-18 11:15:00, 547.37, 547.37, 547.105, 547.22, 663, 0.0
2021-05-18 11:20:00, 547.48, 547.63, 547.48, 547.63, 592, 0.0
2021-05-18 11:25:00, 547.09, 547.09, 547.09, 547.09, 110, 0.0
2021-05-18 11:30:00, 547.085, 547.085, 547.085, 547.085, 104, 0.0
2021-05-18 11:35:00, 546.94, 547.09, 546.82, 546.82, 418, 0.0
2021-05-18 11:40:00, 546.72, 546.72, 546.72, 546.72, 107, 0.0
2021-05-18 11:45:00, 547.15, 548.29, 547.15, 548.29, 804, 0.0
2021-05-18 11:50:00, 548.29, 548.29, 548.29, 548.29, 202, 0.0
2021-05-18 12:00:00, 547.55, 547.55, 547.55, 547.55, 200, 0.0
2021-05-18 12:10:00, 547.28, 547.28, 547.28, 547.28, 101, 0.0
2021-05-18 12:15:00, 547.6, 547.6, 547.14, 547.14, 314, 0.0
2021-05-18 12:20:00, 547.3, 547.3, 547.3, 547.3, 102, 0.0
2021-05-18 12:30:00, 547.62, 547.62, 547.62, 547.62, 101, 0.0
2021-05-18 12:35:00, 547.85, 547.85, 547.52, 547.71, 547, 0.0
2021-05-18 12:40:00, 547.74, 547.8, 547.74, 547.8, 820, 0.0
2021-05-18 12:50:00, 548.17, 548.17, 547.82, 547.82, 427, 0.0
2021-05-18 12:55:00, 547.7, 547.7, 547.7, 547.7, 103, 0.0
2021-05-18 13:00:00, 547.71, 547.71, 547.4, 547.41, 4410, 0.0
2021-05-18 13:05:00, 547.575, 548.46, 547.28, 548.46, 3915, 0.0
2021-05-18 13:10:00, 548.57, 548.64, 548.42, 548.5, 705, 0.0
2021-05-18 13:15:00, 548.65, 549.31, 548.65, 549.27, 401, 0.0
2021-05-18 13:20:00, 548.84, 548.84, 548.34, 548.34, 562, 0.0
2021-05-18 13:25:00, 548.46, 548.46, 548.46, 548.46, 107, 0.0
2021-05-18 13:40:00, 548.04, 548.04, 548.04, 548.04, 109, 0.0
2021-05-18 13:45:00, 547.56, 548.275, 547.28, 548.275, 846, 0.0
2021-05-18 13:50:00, 548.08, 548.08, 548.08, 548.08, 201, 0.0
2021-05-18 13:55:00, 548.15, 548.15, 548.07, 548.07, 507, 0.0
2021-05-18 14:00:00, 548.23, 548.23, 548.23, 548.23, 107, 0.0
2021-05-18 14:05:00, 548.56, 549.03, 548.56, 548.91, 786, 0.0
2021-05-18 14:10:00, 549.035, 549.36, 549.035, 549.36, 932, 0.0
2021-05-18 14:15:00, 549.21, 549.54, 548.77, 549.36, 1624, 0.0
2021-05-18 14:20:00, 549.6, 550.57, 549.57, 550.52, 1424, 0.0
2021-05-18 14:25:00, 550.215, 550.35, 549.62, 550.35, 1348, 0.0
2021-05-18 14:30:00, 549.93, 549.93, 549.44, 549.46, 634, 0.0
2021-05-18 14:35:00, 549.76, 550.43, 549.63, 550.43, 819, 0.0
2021-05-18 14:40:00, 550.24, 550.87, 550.24, 550.26, 891, 0.0
2021-05-18 14:50:00, 549.1, 549.1, 548.42, 548.42, 694, 0.0
2021-05-18 14:55:00, 548.52, 548.52, 548.3, 548.31, 1829, 0.0
2021-05-19 08:30:00, 544.01, 544.46, 541.92, 542.21, 1252, 0.0
2021-05-19 08:35:00, 543.73, 543.73, 542.21, 542.21, 731, 0.0
2021-05-19 08:40:00, 540.61, 540.61, 539.4, 540.19, 912, 0.0
2021-05-19 08:45:00, 540.91, 540.91, 539.08, 539.08, 300, 0.0
2021-05-19 08:50:00, 538.25, 539.28, 538.18, 539.28, 319, 0.0
2021-05-19 08:55:00, 540.96, 543.02, 540.96, 541.95, 562, 0.0
2021-05-19 09:00:00, 543.24, 543.24, 542.01, 542.01, 403, 0.0
2021-05-19 09:05:00, 542.73, 542.73, 540.56, 540.56, 342, 0.0
2021-05-19 09:10:00, 538.07, 538.59, 538.07, 538.59, 200, 0.0
2021-05-19 09:15:00, 537.78, 537.78, 537.78, 537.78, 124, 0.0
2021-05-19 09:20:00, 539.2, 539.2, 537.345, 537.345, 339, 0.0
2021-05-19 09:25:00, 537.08, 537.08, 537.08, 537.08, 130, 0.0
2021-05-19 09:30:00, 537.8, 537.8, 537.435, 537.435, 433, 0.0
2021-05-19 09:35:00, 537.46, 537.85, 537.37, 537.85, 309, 0.0
2021-05-19 09:40:00, 538.11, 538.11, 538.11, 538.11, 105, 0.0
2021-05-19 09:45:00, 537.12, 537.12, 536.74, 536.84, 436, 0.0
2021-05-19 09:50:00, 537.38, 538.375, 537.38, 538.375, 308, 0.0
2021-05-19 09:55:00, 538.12, 538.12, 537.7, 537.77, 840, 0.0
2021-05-19 10:00:00, 537.17, 537.46, 537.04, 537.22, 731, 0.0
2021-05-19 10:05:00, 537.6, 537.6, 537.6, 537.6, 137, 0.0
2021-05-19 10:10:00, 538.54, 538.55, 538.54, 538.55, 306, 0.0
2021-05-19 10:15:00, 538.82, 539.16, 538.22, 539.16, 2012, 0.0
2021-05-19 10:20:00, 539.135, 539.47, 538.66, 538.87, 1452, 0.0
2021-05-19 10:25:00, 538.825, 539.73, 538.74, 539.73, 2502, 0.0
2021-05-19 10:30:00, 539.02, 539.02, 539.02, 539.02, 100, 0.0
2021-05-19 10:35:00, 539.03, 539.03, 538.29, 538.29, 451, 0.0
2021-05-19 10:40:00, 537.83, 538.11, 537.83, 538.01, 405, 0.0
2021-05-19 10:45:00, 537.89, 537.89, 537.89, 537.89, 186, 0.0
2021-05-19 10:50:00, 538.09, 538.2, 538.09, 538.2, 214, 0.0
2021-05-19 10:55:00, 538.45, 538.45, 537.89, 537.89, 528, 0.0
2021-05-19 11:05:00, 539.21, 539.21, 539.21, 539.21, 100, 0.0
2021-05-19 11:10:00, 538.99, 539, 538.345, 538.345, 310, 0.0
2021-05-19 11:15:00, 538.53, 538.53, 538.53, 538.53, 120, 0.0
2021-05-19 11:20:00, 539.15, 539.15, 539.09, 539.09, 303, 0.0
2021-05-19 11:25:00, 538.94, 539.015, 538.94, 539.015, 300, 0.0
2021-05-19 11:30:00, 540.3, 540.3, 539.97, 539.97, 346, 0.0
2021-05-19 11:35:00, 540.42, 540.62, 540.42, 540.62, 203, 0.0
2021-05-19 11:40:00, 540.07, 540.07, 540.07, 540.07, 204, 0.0
2021-05-19 11:45:00, 540.71, 540.81, 540.58, 540.81, 317, 0.0
2021-05-19 11:50:00, 541.44, 542.205, 541.44, 542.205, 371, 0.0
2021-05-19 12:10:00, 542.57, 542.75, 542.57, 542.75, 270, 0.0
2021-05-19 12:25:00, 543.26, 543.26, 543.26, 543.26, 103, 0.0
2021-05-19 12:30:00, 542.31, 542.31, 542.31, 542.31, 100, 0.0
2021-05-19 12:35:00, 541.85, 541.85, 541.85, 541.85, 158, 0.0
2021-05-19 12:40:00, 541.68, 541.68, 541.66, 541.66, 306, 0.0
2021-05-19 12:50:00, 542.05, 542.05, 542.05, 542.05, 106, 0.0
2021-05-19 13:05:00, 541.72, 541.72, 541.72, 541.72, 100, 0.0
2021-05-19 13:10:00, 540.89, 541.12, 540.89, 540.96, 314, 0.0
2021-05-19 13:35:00, 541.03, 541.03, 540.2, 540.2, 343, 0.0
2021-05-19 13:40:00, 540.37, 540.37, 539.885, 539.885, 632, 0.0
2021-05-19 13:45:00, 539.92, 539.92, 539.52, 539.52, 332, 0.0
2021-05-19 13:50:00, 539.35, 539.43, 539.35, 539.43, 310, 0.0
2021-05-19 13:55:00, 539.84, 539.84, 539.84, 539.84, 102, 0.0
2021-05-19 14:00:00, 539.34, 539.34, 539.3, 539.3, 240, 0.0
2021-05-19 14:05:00, 538.62, 538.62, 538.62, 538.62, 125, 0.0
2021-05-19 14:10:00, 539.09, 539.09, 538.79, 538.79, 304, 0.0
2021-05-19 14:20:00, 539.12, 539.66, 539.07, 539.66, 310, 0.0
2021-05-19 14:25:00, 539.69, 540, 539.69, 540, 398, 0.0
2021-05-19 14:30:00, 538.675, 538.79, 538.675, 538.79, 622, 0.0
2021-05-19 14:35:00, 539.07, 539.33, 539.07, 539.33, 413, 0.0
2021-05-19 14:40:00, 539.15, 539.415, 539.15, 539.415, 241, 0.0
2021-05-19 14:45:00, 538.985, 539.01, 538.89, 538.89, 562, 0.0
2021-05-19 14:50:00, 539.59, 541.41, 539.59, 541.41, 909, 0.0
2021-05-19 14:55:00, 541.37, 542.58, 541.37, 542.58, 2053, 0.0
2021-05-20 08:35:00, 543.405, 544.1, 543.405, 544.1, 365, 0.0
2021-05-20 08:40:00, 543.12, 543.12, 542.87, 542.87, 219, 0.0
2021-05-20 08:45:00, 543.48, 543.48, 543.48, 543.48, 105, 0.0
2021-05-20 08:50:00, 542.73, 542.77, 542.38, 542.77, 332, 0.0
2021-05-20 08:55:00, 545.02, 545.59, 544.89, 544.89, 300, 0.0
2021-05-20 09:00:00, 544.12, 544.12, 543.51, 543.51, 200, 0.0
2021-05-20 09:05:00, 544.37, 544.37, 543.7, 543.7, 442, 0.0
2021-05-20 09:10:00, 543.98, 544.62, 543.98, 544.62, 209, 0.0
2021-05-20 09:15:00, 544.675, 545.055, 544.675, 544.78, 547, 0.0
2021-05-20 09:25:00, 545.08, 545.08, 545.08, 545.08, 200, 0.0
2021-05-20 09:35:00, 546.54, 546.58, 546.54, 546.58, 310, 0.0
2021-05-20 09:40:00, 547.84, 547.84, 547.35, 547.35, 274, 0.0
2021-05-20 09:45:00, 547.15, 547.79, 547.15, 547.45, 351, 0.0
2021-05-20 09:50:00, 547.225, 547.225, 546.67, 546.67, 603, 0.0
2021-05-20 09:55:00, 545.905, 545.905, 545.905, 545.905, 121, 0.0
2021-05-20 10:00:00, 547.905, 547.905, 546.56, 546.56, 452, 0.0
2021-05-20 10:05:00, 546.78, 546.78, 546.685, 546.685, 215, 0.0
2021-05-20 10:10:00, 546.94, 547.27, 546.94, 547.13, 361, 0.0
2021-05-20 10:15:00, 547.36, 548, 547.36, 547.93, 717, 0.0
2021-05-20 10:20:00, 548.52, 548.52, 547.82, 547.82, 400, 0.0
2021-05-20 10:25:00, 549.14, 549.14, 548.85, 548.85, 214, 0.0
2021-05-20 10:30:00, 549.79, 549.87, 549.79, 549.845, 497, 0.0
2021-05-20 10:35:00, 549.34, 549.34, 549.34, 549.34, 100, 0.0
2021-05-20 10:45:00, 549.6, 549.78, 549.455, 549.5, 536, 0.0
2021-05-20 10:50:00, 549.37, 549.37, 549.37, 549.37, 105, 0.0
2021-05-20 10:55:00, 549.365, 549.96, 549.365, 549.76, 608, 0.0
2021-05-20 11:00:00, 549.425, 549.425, 549.235, 549.235, 306, 0.0
2021-05-20 11:05:00, 549.56, 549.56, 549.56, 549.56, 196, 0.0
2021-05-20 11:15:00, 549.52, 549.52, 549.395, 549.425, 616, 0.0
2021-05-20 11:25:00, 548.53, 549.15, 548.53, 548.87, 466, 0.0
2021-05-20 11:35:00, 549.84, 549.84, 549.17, 549.17, 531, 0.0
2021-05-20 11:50:00, 550.04, 550.15, 550.04, 550.15, 201, 0.0
2021-05-20 12:00:00, 550.12, 550.25, 550.1, 550.1, 301, 0.0
2021-05-20 12:05:00, 550.23, 550.23, 550.23, 550.23, 120, 0.0
2021-05-20 12:10:00, 550.99, 550.99, 550.99, 550.99, 110, 0.0
2021-05-20 12:15:00, 550.53, 550.53, 550.19, 550.19, 240, 0.0
2021-05-20 12:20:00, 550.105, 550.39, 550.105, 550.32, 548, 0.0
2021-05-20 12:25:00, 549.76, 549.76, 549.665, 549.665, 307, 0.0
2021-05-20 12:35:00, 549.51, 549.635, 549.51, 549.635, 319, 0.0
2021-05-20 12:55:00, 548.515, 548.515, 548.515, 548.515, 100, 0.0
2021-05-20 13:00:00, 549.1, 549.1, 549.1, 549.1, 101, 0.0
2021-05-20 13:10:00, 549.47, 549.47, 549.47, 549.47, 105, 0.0
2021-05-20 13:25:00, 548.485, 548.485, 548.485, 548.485, 112, 0.0
2021-05-20 13:30:00, 549.04, 549.04, 549.04, 549.04, 229, 0.0
2021-05-20 13:35:00, 548.31, 548.38, 548.31, 548.38, 206, 0.0
2021-05-20 13:40:00, 548.66, 548.66, 548.66, 548.66, 118, 0.0
2021-05-20 13:45:00, 548.64, 548.64, 548.41, 548.41, 210, 0.0
2021-05-20 14:00:00, 548.38, 548.5, 548.38, 548.5, 322, 0.0
2021-05-20 14:05:00, 547.67, 547.67, 547.67, 547.67, 100, 0.0
2021-05-20 14:10:00, 548.205, 548.205, 548.205, 548.205, 124, 0.0
2021-05-20 14:20:00, 548.16, 548.16, 548.16, 548.16, 126, 0.0
2021-05-20 14:25:00, 549.37, 549.38, 549.255, 549.255, 657, 0.0
2021-05-20 14:30:00, 548.96, 548.96, 548.535, 548.535, 506, 0.0
2021-05-20 14:40:00, 547.2, 547.2, 547.2, 547.2, 520, 0.0
2021-05-20 14:45:00, 547.05, 547.05, 546.665, 546.665, 325, 0.0
2021-05-20 14:50:00, 546.66, 546.775, 546.64, 546.77, 1184, 0.0
2021-05-20 14:55:00, 546.61, 546.63, 546.33, 546.51, 1306, 0.0
2021-05-21 08:30:00, 547.41, 548.67, 547.41, 548.23, 572, 0.0
2021-05-21 08:40:00, 551.58, 551.58, 550.68, 551.14, 402, 0.0
2021-05-21 08:45:00, 550.86, 550.86, 550.23, 550.23, 548, 0.0
2021-05-21 08:50:00, 549.285, 549.6, 549.165, 549.6, 303, 0.0
2021-05-21 08:55:00, 549.24, 549.24, 549.24, 549.24, 110, 0.0
2021-05-21 09:00:00, 546.81, 546.855, 546.725, 546.855, 300, 0.0
2021-05-21 09:05:00, 546.78, 546.78, 546.59, 546.59, 300, 0.0
2021-05-21 09:10:00, 545.2, 545.36, 545.2, 545.36, 330, 0.0
2021-05-21 09:15:00, 545.37, 546.44, 545.37, 546.44, 525, 0.0
2021-05-21 09:25:00, 545.26, 545.26, 545.26, 545.26, 141, 0.0
2021-05-21 09:30:00, 546.12, 546.12, 546.12, 546.12, 100, 0.0
2021-05-21 09:35:00, 546.35, 546.46, 546.06, 546.46, 1134, 0.0
2021-05-21 09:40:00, 546.68, 547.05, 546.68, 547.05, 236, 0.0
2021-05-21 09:45:00, 546.43, 546.43, 546.43, 546.43, 125, 0.0
2021-05-21 09:50:00, 546.57, 546.57, 546.57, 546.57, 100, 0.0
2021-05-21 09:55:00, 546.015, 546.22, 546.015, 546.22, 272, 0.0
2021-05-21 10:00:00, 546.27, 546.27, 545.45, 545.45, 238, 0.0
2021-05-21 10:05:00, 545.07, 545.07, 545.07, 545.07, 108, 0.0
2021-05-21 10:10:00, 545.435, 545.74, 545.435, 545.74, 514, 0.0
2021-05-21 10:15:00, 545.495, 545.95, 545.495, 545.95, 615, 0.0
2021-05-21 10:20:00, 546.955, 546.96, 546.865, 546.865, 307, 0.0
2021-05-21 10:25:00, 546.565, 546.7, 546.14, 546.14, 444, 0.0
2021-05-21 10:30:00, 545.945, 545.945, 545.945, 545.945, 140, 0.0
2021-05-21 10:35:00, 545.345, 545.345, 545.345, 545.345, 119, 0.0
2021-05-21 10:40:00, 545.03, 545.03, 545.03, 545.03, 100, 0.0
2021-05-21 10:45:00, 544.72, 544.72, 543.99, 543.99, 749, 0.0
2021-05-21 10:50:00, 543.945, 543.945, 543.73, 543.73, 311, 0.0
2021-05-21 10:55:00, 543.66, 543.66, 542.93, 542.93, 281, 0.0
2021-05-21 11:00:00, 543.02, 543.25, 542.71, 542.99, 711, 0.0
2021-05-21 11:05:00, 543.265, 543.36, 542.62, 542.63, 533, 0.0
2021-05-21 11:10:00, 541.99, 542.285, 541.99, 542.285, 227, 0.0
2021-05-21 11:15:00, 542.64, 543.145, 542.64, 543.145, 541, 0.0
2021-05-21 11:25:00, 542.7, 542.7, 542.41, 542.45, 413, 0.0
2021-05-21 11:30:00, 542.98, 542.98, 542.485, 542.485, 324, 0.0
2021-05-21 11:40:00, 542.58, 542.73, 542.58, 542.73, 313, 0.0
2021-05-21 11:45:00, 542.5, 542.5, 542.5, 542.5, 129, 0.0
2021-05-21 11:50:00, 542.43, 542.43, 542.22, 542.22, 330, 0.0
2021-05-21 11:55:00, 542.25, 542.58, 542.25, 542.58, 646, 0.0
2021-05-21 12:00:00, 542.58, 542.58, 542.58, 542.58, 100, 0.0
2021-05-21 12:10:00, 542.965, 542.965, 542.89, 542.89, 200, 0.0
2021-05-21 12:20:00, 543.21, 543.21, 543.21, 543.21, 103, 0.0
2021-05-21 12:30:00, 543.32, 543.39, 543.24, 543.39, 357, 0.0
2021-05-21 12:35:00, 543.705, 543.705, 543.705, 543.705, 111, 0.0
2021-05-21 12:40:00, 544.285, 544.285, 544.285, 544.285, 112, 0.0
2021-05-21 12:45:00, 543.76, 543.76, 543.76, 543.76, 100, 0.0
2021-05-21 13:00:00, 543.645, 544.46, 543.645, 544.46, 716, 0.0
2021-05-21 13:05:00, 544.43, 544.44, 544.43, 544.44, 212, 0.0
2021-05-21 13:10:00, 544.14, 544.14, 544.14, 544.14, 113, 0.0
2021-05-21 13:20:00, 543.09, 543.09, 542.64, 542.72, 794, 0.0
2021-05-21 13:25:00, 542.55, 542.55, 542.49, 542.49, 208, 0.0
2021-05-21 13:35:00, 542.15, 542.15, 542.15, 542.15, 242, 0.0
2021-05-21 13:40:00, 543.03, 543.03, 543, 543, 334, 0.0
2021-05-21 13:45:00, 543.07, 543.07, 543.07, 543.07, 100, 0.0
2021-05-21 14:00:00, 542.57, 542.61, 542.57, 542.61, 652, 0.0
2021-05-21 14:05:00, 542.73, 542.73, 542.73, 542.73, 194, 0.0
2021-05-21 14:10:00, 542.5, 543.54, 542.5, 543.54, 376, 0.0
2021-05-21 14:15:00, 543.955, 544.11, 543.95, 544.11, 2170, 0.0
2021-05-21 14:20:00, 543.99, 543.99, 543.925, 543.925, 740, 0.0
2021-05-21 14:25:00, 543.925, 544.93, 543.78, 544.89, 1565, 0.0
2021-05-21 14:30:00, 544.98, 544.98, 544.27, 544.29, 2295, 0.0
2021-05-21 14:35:00, 544.29, 544.9, 544.29, 544.88, 2164, 0.0
2021-05-21 14:40:00, 544.74, 544.98, 544.47, 544.47, 1756, 0.0
2021-05-21 14:45:00, 544.1, 544.29, 543.59, 544.29, 1609, 0.0
2021-05-21 14:50:00, 544.54, 544.955, 543.65, 543.65, 3740, 0.0
2021-05-21 14:55:00, 543.87, 544.365, 543.66, 543.96, 3364, 0.0
2021-05-24 08:30:00, 545.22, 546.015, 545.22, 546.015, 311, 0.0
2021-05-24 08:35:00, 544.91, 544.91, 543.64, 543.64, 344, 0.0
2021-05-24 08:40:00, 543.9, 543.9, 543.12, 543.12, 342, 0.0
2021-05-24 08:50:00, 541.53, 541.53, 541.53, 541.53, 114, 0.0
2021-05-24 08:55:00, 540.65, 542.9, 540.65, 542.9, 872, 0.0
2021-05-24 09:10:00, 543.97, 543.97, 543.04, 543.04, 670, 0.0
2021-05-24 09:15:00, 542.99, 542.99, 542.99, 542.99, 207, 0.0
2021-05-24 09:20:00, 543.91, 543.91, 543.41, 543.41, 321, 0.0
2021-05-24 09:25:00, 542.73, 543.19, 542.73, 543.19, 204, 0.0
2021-05-24 09:30:00, 543.975, 543.975, 543.975, 543.975, 101, 0.0
2021-05-24 09:35:00, 544.24, 544.24, 544.15, 544.15, 665, 0.0
2021-05-24 10:10:00, 543.57, 543.57, 543.57, 543.57, 101, 0.0
2021-05-24 10:15:00, 543.23, 543.755, 543.23, 543.575, 441, 0.0
2021-05-24 10:20:00, 544.04, 544.04, 544.04, 544.04, 106, 0.0
2021-05-24 10:25:00, 543.85, 543.85, 543.48, 543.48, 309, 0.0
2021-05-24 10:35:00, 543.63, 543.63, 543.53, 543.53, 201, 0.0
2021-05-24 10:40:00, 543.15, 543.15, 542.93, 542.955, 433, 0.0
2021-05-24 10:45:00, 543.03, 543.03, 542.59, 542.59, 312, 0.0
2021-05-24 10:50:00, 542.62, 542.62, 542.62, 542.62, 120, 0.0
2021-05-24 11:00:00, 541.99, 541.99, 541.99, 541.99, 101, 0.0
2021-05-24 11:05:00, 542, 542, 542, 542, 200, 0.0
2021-05-24 11:10:00, 541.925, 541.965, 541.925, 541.965, 350, 0.0
2021-05-24 11:20:00, 541.76, 541.77, 541.36, 541.365, 502, 0.0
2021-05-24 11:30:00, 541.355, 541.355, 541.355, 541.355, 100, 0.0
2021-05-24 11:35:00, 541.89, 542, 541.89, 542, 203, 0.0
2021-05-24 11:40:00, 541.68, 541.895, 541.68, 541.765, 455, 0.0
2021-05-24 11:50:00, 541.96, 541.96, 541.96, 541.96, 112, 0.0
2021-05-24 11:55:00, 541.91, 541.91, 541.91, 541.91, 100, 0.0
2021-05-24 12:00:00, 541.91, 541.91, 541.52, 541.66, 510, 0.0
2021-05-24 12:05:00, 541.41, 541.41, 541.41, 541.41, 101, 0.0
2021-05-24 12:10:00, 541.2, 541.2, 541.2, 541.2, 100, 0.0
2021-05-24 12:15:00, 540.94, 540.94, 540.94, 540.94, 101, 0.0
2021-05-24 12:20:00, 540.87, 540.87, 540.87, 540.87, 204, 0.0
2021-05-24 12:25:00, 539.94, 539.95, 539.94, 539.95, 208, 0.0
2021-05-24 12:35:00, 539.85, 539.85, 539.85, 539.85, 186, 0.0
2021-05-24 12:40:00, 539.27, 539.27, 539.27, 539.27, 100, 0.0
2021-05-24 12:45:00, 539.28, 539.29, 539.28, 539.29, 207, 0.0
2021-05-24 12:50:00, 539.22, 539.22, 538.7, 538.7, 440, 0.0
2021-05-24 13:00:00, 539.125, 539.125, 539.125, 539.125, 102, 0.0
2021-05-24 13:05:00, 539.16, 539.31, 539.14, 539.14, 300, 0.0
2021-05-24 13:10:00, 539.165, 539.165, 539.165, 539.165, 100, 0.0
2021-05-24 13:15:00, 539.165, 539.165, 539.16, 539.16, 214, 0.0
2021-05-24 13:20:00, 538.68, 538.68, 538.48, 538.48, 206, 0.0
2021-05-24 13:25:00, 538.66, 538.66, 538.47, 538.47, 209, 0.0
2021-05-24 13:30:00, 538.41, 538.57, 538.41, 538.57, 213, 0.0
2021-05-24 13:35:00, 538.43, 538.43, 538.43, 538.43, 532, 0.0
2021-05-24 13:40:00, 538.47, 538.57, 538.47, 538.57, 339, 0.0
2021-05-24 13:45:00, 538.255, 538.32, 538.255, 538.32, 317, 0.0
2021-05-24 13:55:00, 538.275, 538.275, 538.275, 538.275, 204, 0.0
2021-05-24 14:00:00, 538.4, 538.515, 538.4, 538.41, 850, 0.0
2021-05-24 14:10:00, 538.83, 538.83, 538.47, 538.47, 211, 0.0
2021-05-24 14:15:00, 538.42, 538.42, 538.42, 538.42, 168, 0.0
2021-05-24 14:25:00, 537.95, 537.95, 537.81, 537.81, 204, 0.0
2021-05-24 14:30:00, 537.625, 538.09, 537.625, 538.09, 947, 0.0
2021-05-24 14:35:00, 538.14, 538.14, 538.14, 538.14, 201, 0.0
2021-05-24 14:40:00, 537.58, 537.58, 537.2, 537.2, 821, 0.0
2021-05-24 14:45:00, 537.38, 537.39, 537.37, 537.37, 369, 0.0
2021-05-24 14:50:00, 537.095, 537.3, 537, 537, 464, 0.0
2021-05-24 14:55:00, 536.85, 537.03, 536.68, 537.01, 1992, 0.0
2021-05-25 08:30:00, 536.99, 536.99, 536.9, 536.9, 352, 0.0
2021-05-25 08:35:00, 537.68, 537.81, 537.68, 537.81, 200, 0.0
2021-05-25 08:45:00, 534.45, 534.45, 534.45, 534.45, 100, 0.0
2021-05-25 08:50:00, 534.2, 534.55, 534.2, 534.23, 1841, 0.0
2021-05-25 08:55:00, 534.44, 535.585, 534.44, 535.585, 1258, 0.0
2021-05-25 09:00:00, 535.44, 535.54, 534.78, 534.78, 682, 0.0
2021-05-25 09:05:00, 534.64, 534.65, 534.64, 534.65, 309, 0.0
2021-05-25 09:15:00, 534.19, 535.04, 534.1, 534.88, 814, 0.0
2021-05-25 09:20:00, 534.855, 535.08, 534.855, 535.08, 547, 0.0
2021-05-25 09:25:00, 535.08, 535.08, 534.95, 534.95, 625, 0.0
2021-05-25 09:30:00, 534.9, 534.9, 534.74, 534.74, 218, 0.0
2021-05-25 09:35:00, 534.4, 534.4, 534.39, 534.39, 200, 0.0
2021-05-25 09:50:00, 533.61, 534.27, 533.545, 534.27, 730, 0.0
2021-05-25 09:55:00, 534.245, 534.245, 533.53, 533.66, 668, 0.0
2021-05-25 10:00:00, 533.43, 534.05, 533.43, 533.68, 786, 0.0
2021-05-25 10:05:00, 534.235, 534.235, 533.815, 533.815, 436, 0.0
2021-05-25 10:10:00, 533.73, 533.73, 533.73, 533.73, 124, 0.0
2021-05-25 10:15:00, 532.77, 532.94, 532.4, 532.415, 1301, 0.0
2021-05-25 10:25:00, 532.715, 532.86, 532.53, 532.815, 771, 0.0
2021-05-25 10:30:00, 532.11, 532.11, 531.77, 531.9, 515, 0.0
2021-05-25 10:35:00, 531.54, 532.14, 531.54, 532.14, 436, 0.0
2021-05-25 10:40:00, 532.045, 532.23, 532.03, 532.11, 621, 0.0
2021-05-25 10:45:00, 531.865, 532.27, 531.835, 531.835, 792, 0.0
2021-05-25 10:50:00, 531.79, 532.11, 531.79, 532.11, 1032, 0.0
2021-05-25 10:55:00, 531.71, 532.02, 531.67, 532, 955, 0.0
2021-05-25 11:00:00, 532.27, 532.27, 532.27, 532.27, 124, 0.0
2021-05-25 11:05:00, 532.28, 532.4, 531.98, 532.095, 1035, 0.0
2021-05-25 11:10:00, 532.115, 532.115, 531.75, 531.75, 494, 0.0
2021-05-25 11:15:00, 531.79, 532.35, 531.43, 531.43, 822, 0.0
2021-05-25 11:20:00, 532.03, 532.05, 531.92, 531.99, 713, 0.0
2021-05-25 11:25:00, 531.89, 532.29, 531.89, 532, 1107, 0.0
2021-05-25 11:30:00, 532.08, 532.105, 532.08, 532.105, 401, 0.0
2021-05-25 11:35:00, 532, 532.72, 532, 532.16, 1079, 0.0
2021-05-25 11:40:00, 531.875, 531.875, 531.875, 531.875, 167, 0.0
2021-05-25 11:45:00, 532.15, 532.2, 532.075, 532.08, 681, 0.0
2021-05-25 11:50:00, 532.175, 532.4, 532.02, 532.02, 903, 0.0
2021-05-25 11:55:00, 532, 532.1, 532, 532.03, 301, 0.0
2021-05-25 12:00:00, 531.5, 531.99, 531.5, 531.63, 601, 0.0
2021-05-25 12:05:00, 531.79, 531.79, 531.79, 531.79, 240, 0.0
2021-05-25 12:10:00, 531.67, 532.15, 531.67, 532.15, 690, 0.0
2021-05-25 12:15:00, 532.25, 532.25, 532.25, 532.25, 100, 0.0
2021-05-25 12:20:00, 532.47, 532.7, 532.47, 532.7, 200, 0.0
2021-05-25 12:25:00, 532.65, 533.19, 532.65, 532.75, 791, 0.0
2021-05-25 12:30:00, 532.24, 532.24, 532.135, 532.16, 665, 0.0
2021-05-25 12:35:00, 532.21, 532.21, 532.07, 532.085, 513, 0.0
2021-05-25 12:40:00, 532.11, 532.19, 531.77, 531.99, 1133, 0.0
2021-05-25 12:45:00, 532.14, 532.255, 532.01, 532.255, 710, 0.0
2021-05-25 12:50:00, 532.16, 532.685, 532.16, 532.685, 506, 0.0
2021-05-25 12:55:00, 532.83, 532.83, 532.27, 532.47, 738, 0.0
2021-05-25 13:00:00, 532.78, 533.2, 532.78, 532.94, 559, 0.0
2021-05-25 13:05:00, 533.855, 534.22, 533.855, 533.995, 455, 0.0
2021-05-25 13:10:00, 533.98, 533.98, 533.88, 533.88, 316, 0.0
2021-05-25 13:15:00, 533.98, 534.33, 533.92, 533.92, 617, 0.0
2021-05-25 13:20:00, 534.03, 534.25, 534.03, 534.25, 300, 0.0
2021-05-25 13:25:00, 534.22, 534.7, 534.16, 534.7, 841, 0.0
2021-05-25 13:30:00, 534.69, 535.42, 534.57, 534.99, 827, 0.0
2021-05-25 13:35:00, 535.015, 535.015, 534.655, 534.655, 205, 0.0
2021-05-25 13:40:00, 534.39, 534.48, 534.335, 534.48, 607, 0.0
2021-05-25 13:45:00, 534.55, 534.55, 533.93, 533.93, 200, 0.0
2021-05-25 13:50:00, 534.125, 534.125, 534.125, 534.125, 120, 0.0
2021-05-25 13:55:00, 534.33, 534.65, 534.33, 534.65, 528, 0.0
2021-05-25 14:00:00, 534.77, 534.82, 534.685, 534.685, 851, 0.0
2021-05-25 14:05:00, 534.69, 534.82, 534.69, 534.695, 392, 0.0
2021-05-25 14:10:00, 534.75, 534.83, 534.64, 534.83, 998, 0.0
2021-05-25 14:15:00, 534.44, 534.87, 534.44, 534.87, 836, 0.0
2021-05-25 14:20:00, 534.83, 535.155, 534.83, 535.04, 350, 0.0
2021-05-25 14:25:00, 535.29, 535.29, 534.945, 534.95, 839, 0.0
2021-05-25 14:30:00, 534.955, 534.955, 534.2, 534.2, 659, 0.0
2021-05-25 14:35:00, 534.47, 534.88, 534.47, 534.88, 1898, 0.0
2021-05-25 14:40:00, 534.51, 534.595, 534.18, 534.595, 1513, 0.0
2021-05-25 14:45:00, 534.81, 535.36, 534.81, 535.15, 1241, 0.0
2021-05-25 14:50:00, 534.435, 534.505, 533.91, 533.96, 3860, 0.0
2021-05-25 14:55:00, 534.43, 535.35, 534.43, 535.19, 4796, 0.0
2021-05-26 08:30:00, 535.135, 535.135, 533.74, 533.74, 579, 0.0
2021-05-26 08:35:00, 535.01, 535.01, 535.01, 535.01, 100, 0.0
2021-05-26 08:40:00, 534.145, 534.54, 534.145, 534.54, 289, 0.0
2021-05-26 08:45:00, 533.05, 533.05, 533.05, 533.05, 100, 0.0
2021-05-26 08:50:00, 533.085, 534.34, 533.085, 534.34, 597, 0.0
2021-05-26 08:55:00, 534.24, 534.24, 533.825, 533.825, 275, 0.0
2021-05-26 09:00:00, 534.975, 535.245, 534.93, 535.185, 999, 0.0
2021-05-26 09:05:00, 534.27, 534.27, 533.2, 533.2, 520, 0.0
2021-05-26 09:10:00, 533.33, 533.57, 533, 533, 318, 0.0
2021-05-26 09:15:00, 532.9, 533.44, 532.9, 533.44, 874, 0.0
2021-05-26 09:20:00, 532.985, 533.75, 532.925, 533.44, 705, 0.0
2021-05-26 09:30:00, 532.225, 532.62, 532.18, 532.545, 728, 0.0
2021-05-26 09:35:00, 532.1, 532.6, 532.1, 532.6, 300, 0.0
2021-05-26 09:40:00, 532.56, 532.56, 532.56, 532.56, 200, 0.0
2021-05-26 09:45:00, 532.04, 532.04, 532.04, 532.04, 150, 0.0
2021-05-26 09:50:00, 531.585, 531.585, 530.9, 531.065, 466, 0.0
2021-05-26 09:55:00, 531.03, 531.16, 531.03, 531.16, 200, 0.0
2021-05-26 10:00:00, 531.965, 531.965, 531.965, 531.965, 100, 0.0
2021-05-26 10:05:00, 532.71, 532.77, 532.57, 532.57, 387, 0.0
2021-05-26 10:10:00, 532.08, 532.08, 532.075, 532.075, 399, 0.0
2021-05-26 10:15:00, 530.83, 530.83, 530.83, 530.83, 175, 0.0
2021-05-26 10:20:00, 530.44, 530.44, 530.44, 530.44, 110, 0.0
2021-05-26 10:25:00, 530.565, 530.565, 530.565, 530.565, 100, 0.0
2021-05-26 10:30:00, 530.44, 530.44, 530.44, 530.44, 190, 0.0
2021-05-26 10:35:00, 530.55, 530.55, 530.55, 530.55, 101, 0.0
2021-05-26 10:40:00, 530.26, 530.26, 530.26, 530.26, 190, 0.0
