Date, Open, High, Low, Close, Volume, Open Interest
2021-05-21 09:52:00, 5.98, 5.98, 5.975, 5.975, 600, 0.0
2021-05-21 09:53:00, 5.98, 5.98, 5.975, 5.98, 1101, 0.0
2021-05-21 09:54:00, 5.98, 5.98, 5.975, 5.975, 400, 0.0
2021-05-21 09:55:00, 5.98, 5.98, 5.98, 5.98, 700, 0.0
2021-05-21 09:56:00, 5.98, 5.98, 5.975, 5.975, 700, 0.0
2021-05-21 09:57:00, 5.98, 5.98, 5.98, 5.98, 800, 0.0
2021-05-21 09:58:00, 5.98, 5.98, 5.975, 5.975, 400, 0.0
2021-05-21 09:59:00, 5.98, 5.98, 5.98, 5.98, 1200, 0.0
2021-05-21 10:00:00, 5.98, 5.99, 5.98, 5.99, 6115, 0.0
2021-05-21 10:01:00, 5.985, 5.99, 5.985, 5.99, 600, 0.0
2021-05-21 10:02:00, 5.99, 5.99, 5.985, 5.985, 530, 0.0
2021-05-21 10:03:00, 5.99, 5.99, 5.985, 5.99, 1200, 0.0
2021-05-21 10:04:00, 5.985, 5.99, 5.985, 5.985, 1766, 0.0
2021-05-21 10:05:00, 5.985, 5.985, 5.985, 5.985, 708, 0.0
2021-05-21 10:06:00, 5.99, 5.99, 5.985, 5.985, 600, 0.0
2021-05-21 10:07:00, 5.99, 5.99, 5.985, 5.985, 1414, 0.0
2021-05-21 10:08:00, 5.985, 5.985, 5.985, 5.985, 100, 0.0
2021-05-21 10:09:00, 5.99, 5.99, 5.985, 5.99, 1319, 0.0
2021-05-21 10:10:00, 5.985, 5.99, 5.98, 5.98, 5437, 0.0
2021-05-21 10:11:00, 5.98, 5.98, 5.97, 5.975, 1388, 0.0
2021-05-21 10:12:00, 5.975, 5.975, 5.975, 5.975, 402, 0.0
2021-05-21 10:13:00, 5.975, 5.975, 5.965, 5.965, 2800, 0.0
2021-05-21 10:14:00, 5.965, 5.965, 5.965, 5.965, 540, 0.0
2021-05-21 10:15:00, 5.965, 5.965, 5.965, 5.965, 300, 0.0
2021-05-21 10:16:00, 5.965, 5.965, 5.955, 5.955, 1502, 0.0
2021-05-21 10:17:00, 5.96, 5.965, 5.96, 5.965, 600, 0.0
2021-05-21 10:18:00, 5.965, 5.965, 5.965, 5.965, 200, 0.0
2021-05-21 10:19:00, 5.965, 5.965, 5.965, 5.965, 300, 0.0
2021-05-21 10:20:00, 5.965, 5.965, 5.965, 5.965, 100, 0.0
2021-05-21 10:21:00, 5.965, 5.97, 5.965, 5.97, 1300, 0.0
2021-05-21 10:22:00, 5.97, 5.97, 5.965, 5.97, 2200, 0.0
2021-05-21 10:23:00, 5.97, 5.97, 5.97, 5.97, 1100, 0.0
2021-05-21 10:24:00, 5.97, 5.97, 5.965, 5.965, 1529, 0.0
2021-05-21 10:26:00, 5.965, 5.965, 5.965, 5.965, 293, 0.0
2021-05-21 10:27:00, 5.965, 5.965, 5.955, 5.955, 7507, 0.0
2021-05-21 10:28:00, 5.95, 5.955, 5.95, 5.955, 2200, 0.0
2021-05-21 10:29:00, 5.955, 5.955, 5.94, 5.94, 3646, 0.0
2021-05-21 10:30:00, 5.94, 5.945, 5.94, 5.945, 600, 0.0
2021-05-21 10:31:00, 5.945, 5.945, 5.945, 5.945, 300, 0.0
2021-05-21 10:32:00, 5.945, 5.95, 5.945, 5.95, 7426, 0.0
2021-05-21 10:33:00, 5.95, 5.95, 5.95, 5.95, 3600, 0.0
2021-05-21 10:34:00, 5.945, 5.95, 5.945, 5.95, 900, 0.0
2021-05-21 10:36:00, 5.95, 5.95, 5.95, 5.95, 1929, 0.0
2021-05-21 10:37:00, 5.95, 5.95, 5.95, 5.95, 100, 0.0
2021-05-21 10:38:00, 5.95, 5.95, 5.95, 5.95, 1323, 0.0
2021-05-21 10:39:00, 5.95, 5.95, 5.95, 5.95, 650, 0.0
2021-05-21 10:40:00, 5.945, 5.95, 5.945, 5.95, 500, 0.0
2021-05-21 10:41:00, 5.95, 5.95, 5.95, 5.95, 100, 0.0
2021-05-21 10:42:00, 5.945, 5.945, 5.945, 5.945, 1601, 0.0
2021-05-21 10:43:00, 5.945, 5.945, 5.945, 5.945, 400, 0.0
2021-05-21 10:44:00, 5.945, 5.945, 5.945, 5.945, 500, 0.0
2021-05-21 10:45:00, 5.945, 5.945, 5.94, 5.945, 8010, 0.0
2021-05-21 10:46:00, 5.945, 5.945, 5.945, 5.945, 400, 0.0
2021-05-21 10:47:00, 5.945, 5.945, 5.945, 5.945, 200, 0.0
2021-05-21 10:48:00, 5.945, 5.95, 5.945, 5.95, 562, 0.0
2021-05-21 10:50:00, 5.945, 5.945, 5.945, 5.945, 200, 0.0
2021-05-21 10:51:00, 5.945, 5.945, 5.94, 5.945, 10740, 0.0
2021-05-21 10:52:00, 5.945, 5.945, 5.94, 5.945, 995, 0.0
2021-05-21 10:53:00, 5.945, 5.945, 5.94, 5.94, 1056, 0.0
2021-05-21 10:54:00, 5.935, 5.935, 5.92, 5.92, 6292, 0.0
2021-05-21 10:55:00, 5.925, 5.925, 5.92, 5.925, 700, 0.0
2021-05-21 10:56:00, 5.925, 5.925, 5.925, 5.925, 533, 0.0
2021-05-21 10:57:00, 5.925, 5.925, 5.92, 5.92, 1040, 0.0
2021-05-21 10:58:00, 5.925, 5.925, 5.92, 5.92, 1600, 0.0
2021-05-21 10:59:00, 5.925, 5.925, 5.92, 5.92, 736, 0.0
2021-05-21 11:00:00, 5.925, 5.925, 5.925, 5.925, 500, 0.0
2021-05-21 11:01:00, 5.92, 5.925, 5.92, 5.92, 901, 0.0
2021-05-21 11:02:00, 5.92, 5.925, 5.92, 5.925, 1213, 0.0
2021-05-21 11:03:00, 5.925, 5.925, 5.925, 5.925, 300, 0.0
2021-05-21 11:04:00, 5.925, 5.925, 5.925, 5.925, 300, 0.0
2021-05-21 11:05:00, 5.925, 5.925, 5.925, 5.925, 402, 0.0
2021-05-21 11:06:00, 5.925, 5.925, 5.925, 5.925, 424, 0.0
2021-05-21 11:07:00, 5.925, 5.925, 5.925, 5.925, 728, 0.0
2021-05-21 11:08:00, 5.925, 5.925, 5.92, 5.92, 1374, 0.0
2021-05-21 11:09:00, 5.92, 5.92, 5.91, 5.915, 2181, 0.0
2021-05-21 11:10:00, 5.915, 5.915, 5.915, 5.915, 300, 0.0
2021-05-21 11:11:00, 5.915, 5.915, 5.915, 5.915, 432, 0.0
2021-05-21 11:12:00, 5.915, 5.92, 5.915, 5.92, 3303, 0.0
2021-05-21 11:13:00, 5.93, 5.93, 5.925, 5.925, 368, 0.0
2021-05-21 11:15:00, 5.925, 5.93, 5.925, 5.93, 4300, 0.0
2021-05-21 11:16:00, 5.93, 5.93, 5.93, 5.93, 1600, 0.0
2021-05-21 11:17:00, 5.93, 5.93, 5.93, 5.93, 1000, 0.0
2021-05-21 11:18:00, 5.93, 5.93, 5.93, 5.93, 300, 0.0
2021-05-21 11:19:00, 5.93, 5.93, 5.93, 5.93, 509, 0.0
2021-05-21 11:20:00, 5.93, 5.93, 5.93, 5.93, 1197, 0.0
2021-05-21 11:21:00, 5.925, 5.93, 5.925, 5.93, 310, 0.0
2021-05-21 11:22:00, 5.93, 5.93, 5.93, 5.93, 1800, 0.0
2021-05-21 11:23:00, 5.93, 5.93, 5.93, 5.93, 1600, 0.0
2021-05-21 11:24:00, 5.93, 5.93, 5.925, 5.93, 1175, 0.0
2021-05-21 11:25:00, 5.93, 5.93, 5.925, 5.925, 500, 0.0
2021-05-21 11:27:00, 5.925, 5.93, 5.925, 5.93, 1200, 0.0
2021-05-21 11:29:00, 5.925, 5.93, 5.925, 5.93, 1195, 0.0
2021-05-21 11:30:00, 5.93, 5.93, 5.93, 5.93, 1615, 0.0
2021-05-21 11:31:00, 5.935, 5.935, 5.935, 5.935, 1201, 0.0
2021-05-21 11:32:00, 5.935, 5.935, 5.935, 5.935, 500, 0.0
2021-05-21 11:33:00, 5.935, 5.935, 5.935, 5.935, 500, 0.0
2021-05-21 11:34:00, 5.935, 5.935, 5.93, 5.93, 1409, 0.0
2021-05-21 11:35:00, 5.935, 5.935, 5.935, 5.935, 200, 0.0
2021-05-21 11:36:00, 5.935, 5.94, 5.935, 5.94, 475, 0.0
2021-05-21 11:37:00, 5.94, 5.94, 5.94, 5.94, 270, 0.0
2021-05-21 11:38:00, 5.94, 5.94, 5.94, 5.94, 743, 0.0
2021-05-21 11:40:00, 5.935, 5.935, 5.935, 5.935, 100, 0.0
2021-05-21 11:42:00, 5.935, 5.935, 5.935, 5.935, 200, 0.0
2021-05-21 11:44:00, 5.935, 5.935, 5.93, 5.93, 7567, 0.0
2021-05-21 11:45:00, 5.935, 5.935, 5.935, 5.935, 347, 0.0
2021-05-21 11:46:00, 5.93, 5.93, 5.92, 5.925, 3422, 0.0
2021-05-21 11:47:00, 5.925, 5.925, 5.925, 5.925, 300, 0.0
2021-05-21 11:48:00, 5.925, 5.925, 5.92, 5.925, 401, 0.0
2021-05-21 11:49:00, 5.925, 5.925, 5.925, 5.925, 400, 0.0
2021-05-21 11:50:00, 5.92, 5.925, 5.92, 5.925, 700, 0.0
2021-05-21 11:51:00, 5.925, 5.925, 5.92, 5.925, 400, 0.0
2021-05-21 11:52:00, 5.92, 5.925, 5.92, 5.925, 420, 0.0
2021-05-21 11:53:00, 5.925, 5.925, 5.92, 5.925, 797, 0.0
2021-05-21 11:54:00, 5.925, 5.925, 5.91, 5.915, 1438, 0.0
2021-05-21 11:55:00, 5.915, 5.915, 5.91, 5.915, 500, 0.0
2021-05-21 11:56:00, 5.915, 5.915, 5.915, 5.915, 301, 0.0
2021-05-21 11:57:00, 5.915, 5.915, 5.91, 5.915, 1400, 0.0
2021-05-21 11:58:00, 5.915, 5.915, 5.915, 5.915, 400, 0.0
2021-05-21 11:59:00, 5.915, 5.915, 5.915, 5.915, 300, 0.0
2021-05-21 12:00:00, 5.91, 5.915, 5.91, 5.915, 400, 0.0
2021-05-21 12:01:00, 5.915, 5.915, 5.915, 5.915, 400, 0.0
2021-05-21 12:02:00, 5.915, 5.915, 5.91, 5.915, 500, 0.0
2021-05-21 12:03:00, 5.915, 5.915, 5.915, 5.915, 300, 0.0
2021-05-21 12:04:00, 5.915, 5.915, 5.91, 5.915, 500, 0.0
2021-05-21 12:05:00, 5.915, 5.915, 5.915, 5.915, 2300, 0.0
2021-05-21 12:06:00, 5.915, 5.915, 5.915, 5.915, 400, 0.0
2021-05-21 12:07:00, 5.915, 5.915, 5.915, 5.915, 200, 0.0
2021-05-21 12:08:00, 5.915, 5.915, 5.915, 5.915, 300, 0.0
2021-05-21 12:09:00, 5.915, 5.915, 5.915, 5.915, 600, 0.0
2021-05-21 12:10:00, 5.915, 5.915, 5.915, 5.915, 300, 0.0
2021-05-21 12:11:00, 5.915, 5.915, 5.915, 5.915, 400, 0.0
2021-05-21 12:12:00, 5.915, 5.915, 5.915, 5.915, 300, 0.0
2021-05-21 12:13:00, 5.915, 5.915, 5.915, 5.915, 400, 0.0
2021-05-21 12:14:00, 5.915, 5.915, 5.91, 5.915, 1552, 0.0
2021-05-21 12:15:00, 5.915, 5.915, 5.915, 5.915, 326, 0.0
2021-05-21 12:16:00, 5.915, 5.915, 5.915, 5.915, 300, 0.0
2021-05-21 12:17:00, 5.915, 5.915, 5.915, 5.915, 1400, 0.0
2021-05-21 12:18:00, 5.915, 5.915, 5.915, 5.915, 500, 0.0
2021-05-21 12:19:00, 5.915, 5.915, 5.915, 5.915, 300, 0.0
2021-05-21 12:20:00, 5.915, 5.915, 5.915, 5.915, 600, 0.0
2021-05-21 12:21:00, 5.915, 5.915, 5.91, 5.91, 1676, 0.0
2021-05-21 12:22:00, 5.915, 5.915, 5.915, 5.915, 300, 0.0
2021-05-21 12:23:00, 5.915, 5.915, 5.915, 5.915, 200, 0.0
2021-05-21 12:24:00, 5.915, 5.915, 5.915, 5.915, 300, 0.0
2021-05-21 12:25:00, 5.915, 5.915, 5.915, 5.915, 200, 0.0
2021-05-21 12:26:00, 5.915, 5.915, 5.915, 5.915, 310, 0.0
2021-05-21 12:27:00, 5.915, 5.915, 5.915, 5.915, 600, 0.0
2021-05-21 12:28:00, 5.915, 5.915, 5.915, 5.915, 300, 0.0
2021-05-21 12:29:00, 5.915, 5.915, 5.915, 5.915, 401, 0.0
2021-05-21 12:30:00, 5.915, 5.915, 5.91, 5.91, 6846, 0.0
2021-05-21 12:31:00, 5.915, 5.915, 5.915, 5.915, 221, 0.0
2021-05-21 12:32:00, 5.915, 5.915, 5.915, 5.915, 400, 0.0
2021-05-21 12:33:00, 5.915, 5.915, 5.915, 5.915, 1200, 0.0
2021-05-21 12:34:00, 5.915, 5.915, 5.915, 5.915, 300, 0.0
2021-05-21 12:35:00, 5.915, 5.915, 5.915, 5.915, 300, 0.0
2021-05-21 12:36:00, 5.915, 5.915, 5.91, 5.91, 1400, 0.0
2021-05-21 12:37:00, 5.915, 5.915, 5.915, 5.915, 302, 0.0
2021-05-21 12:38:00, 5.915, 5.915, 5.915, 5.915, 326, 0.0
2021-05-21 12:39:00, 5.915, 5.915, 5.915, 5.915, 426, 0.0
2021-05-21 12:40:00, 5.915, 5.915, 5.91, 5.91, 1553, 0.0
2021-05-21 12:41:00, 5.915, 5.915, 5.915, 5.915, 383, 0.0
2021-05-21 12:42:00, 5.915, 5.915, 5.91, 5.915, 801, 0.0
2021-05-21 12:43:00, 5.915, 5.915, 5.91, 5.91, 1013, 0.0
2021-05-21 12:44:00, 5.91, 5.91, 5.905, 5.905, 5022, 0.0
2021-05-21 12:45:00, 5.905, 5.91, 5.905, 5.905, 9883, 0.0
2021-05-21 12:46:00, 5.905, 5.905, 5.905, 5.905, 1200, 0.0
2021-05-21 12:47:00, 5.91, 5.915, 5.91, 5.915, 700, 0.0
2021-05-21 12:48:00, 5.915, 5.915, 5.915, 5.915, 100, 0.0
2021-05-21 12:49:00, 5.915, 5.915, 5.915, 5.915, 100, 0.0
2021-05-21 12:51:00, 5.915, 5.915, 5.915, 5.915, 200, 0.0
2021-05-21 12:52:00, 5.915, 5.915, 5.915, 5.915, 190, 0.0
2021-05-21 12:53:00, 5.915, 5.915, 5.915, 5.915, 100, 0.0
2021-05-21 12:55:00, 5.915, 5.915, 5.915, 5.915, 300, 0.0
2021-05-21 12:56:00, 5.915, 5.915, 5.915, 5.915, 203, 0.0
2021-05-21 12:57:00, 5.915, 5.915, 5.915, 5.915, 200, 0.0
2021-05-21 12:58:00, 5.915, 5.915, 5.915, 5.915, 1197, 0.0
2021-05-21 12:59:00, 5.92, 5.925, 5.92, 5.925, 2200, 0.0
2021-05-21 13:00:00, 5.925, 5.925, 5.925, 5.925, 100, 0.0
2021-05-21 13:01:00, 5.93, 5.93, 5.93, 5.93, 600, 0.0
2021-05-21 13:04:00, 5.94, 5.94, 5.925, 5.925, 3411, 0.0
2021-05-21 13:05:00, 5.925, 5.93, 5.925, 5.93, 200, 0.0
2021-05-21 13:08:00, 5.93, 5.93, 5.93, 5.93, 900, 0.0
2021-05-21 13:09:00, 5.93, 5.93, 5.93, 5.93, 100, 0.0
2021-05-21 13:11:00, 5.93, 5.93, 5.92, 5.925, 7002, 0.0
2021-05-21 13:12:00, 5.925, 5.925, 5.925, 5.925, 800, 0.0
2021-05-21 13:13:00, 5.925, 5.925, 5.925, 5.925, 300, 0.0
2021-05-21 13:14:00, 5.925, 5.925, 5.925, 5.925, 600, 0.0
2021-05-21 13:15:00, 5.925, 5.925, 5.92, 5.925, 1647, 0.0
2021-05-21 13:16:00, 5.925, 5.925, 5.92, 5.925, 814, 0.0
2021-05-21 13:17:00, 5.925, 5.925, 5.925, 5.925, 338, 0.0
2021-05-21 13:18:00, 5.925, 5.925, 5.92, 5.925, 600, 0.0
2021-05-21 13:19:00, 5.925, 5.925, 5.92, 5.925, 702, 0.0
2021-05-21 13:20:00, 5.92, 5.925, 5.92, 5.925, 1798, 0.0
2021-05-21 13:21:00, 5.925, 5.925, 5.925, 5.925, 300, 0.0
2021-05-21 13:22:00, 5.925, 5.925, 5.925, 5.925, 300, 0.0
2021-05-21 13:24:00, 5.93, 5.93, 5.925, 5.925, 1300, 0.0
2021-05-21 13:28:00, 5.925, 5.925, 5.92, 5.925, 3902, 0.0
2021-05-21 13:29:00, 5.925, 5.925, 5.925, 5.925, 850, 0.0
2021-05-21 13:30:00, 5.925, 5.925, 5.925, 5.925, 400, 0.0
2021-05-21 13:31:00, 5.925, 5.925, 5.925, 5.925, 100, 0.0
2021-05-21 13:32:00, 5.925, 5.925, 5.925, 5.925, 100, 0.0
2021-05-21 13:33:00, 5.925, 5.925, 5.925, 5.925, 200, 0.0
2021-05-21 13:34:00, 5.925, 5.925, 5.925, 5.925, 300, 0.0
2021-05-21 13:35:00, 5.925, 5.925, 5.925, 5.925, 200, 0.0
2021-05-21 13:36:00, 5.925, 5.925, 5.925, 5.925, 100, 0.0
2021-05-21 13:37:00, 5.925, 5.93, 5.925, 5.93, 500, 0.0
2021-05-21 13:38:00, 5.93, 5.93, 5.925, 5.925, 4302, 0.0
2021-05-21 13:39:00, 5.925, 5.925, 5.925, 5.925, 500, 0.0
2021-05-21 13:40:00, 5.925, 5.925, 5.925, 5.925, 600, 0.0
2021-05-21 13:41:00, 5.925, 5.925, 5.925, 5.925, 400, 0.0
2021-05-21 13:42:00, 5.925, 5.925, 5.925, 5.925, 100, 0.0
2021-05-21 13:44:00, 5.925, 5.925, 5.925, 5.925, 600, 0.0
2021-05-21 13:48:00, 5.925, 5.925, 5.925, 5.925, 100, 0.0
2021-05-21 13:49:00, 5.925, 5.925, 5.925, 5.925, 100, 0.0
2021-05-21 13:50:00, 5.925, 5.925, 5.925, 5.925, 400, 0.0
2021-05-21 13:52:00, 5.925, 5.925, 5.925, 5.925, 100, 0.0
2021-05-21 13:53:00, 5.93, 5.93, 5.93, 5.93, 702, 0.0
2021-05-21 13:54:00, 5.925, 5.93, 5.925, 5.93, 1002, 0.0
2021-05-21 13:55:00, 5.93, 5.93, 5.93, 5.93, 700, 0.0
2021-05-21 13:56:00, 5.93, 5.93, 5.93, 5.93, 700, 0.0
2021-05-21 13:57:00, 5.93, 5.93, 5.93, 5.93, 1408, 0.0
2021-05-21 13:58:00, 5.93, 5.93, 5.93, 5.93, 2001, 0.0
2021-05-21 13:59:00, 5.93, 5.93, 5.93, 5.93, 1081, 0.0
2021-05-21 14:00:00, 5.93, 5.93, 5.93, 5.93, 1274, 0.0
2021-05-21 14:01:00, 5.93, 5.93, 5.93, 5.93, 932, 0.0
2021-05-21 14:02:00, 5.93, 5.93, 5.93, 5.93, 1302, 0.0
2021-05-21 14:03:00, 5.93, 5.93, 5.93, 5.93, 403, 0.0
2021-05-21 14:04:00, 5.93, 5.93, 5.925, 5.93, 1012, 0.0
2021-05-21 14:05:00, 5.925, 5.925, 5.925, 5.925, 100, 0.0
2021-05-21 14:06:00, 5.925, 5.925, 5.925, 5.925, 100, 0.0
2021-05-21 14:07:00, 5.93, 5.93, 5.925, 5.925, 1200, 0.0
2021-05-21 14:08:00, 5.93, 5.93, 5.93, 5.93, 5908, 0.0
2021-05-21 14:10:00, 5.93, 5.93, 5.925, 5.925, 400, 0.0
2021-05-21 14:11:00, 5.93, 5.93, 5.93, 5.93, 853, 0.0
2021-05-21 14:12:00, 5.93, 5.93, 5.925, 5.93, 1161, 0.0
2021-05-21 14:13:00, 5.93, 5.93, 5.93, 5.93, 301, 0.0
2021-05-21 14:14:00, 5.93, 5.93, 5.93, 5.93, 3200, 0.0
2021-05-21 14:15:00, 5.93, 5.93, 5.93, 5.93, 2601, 0.0
2021-05-21 14:16:00, 5.93, 5.935, 5.925, 5.935, 3746, 0.0
2021-05-21 14:17:00, 5.93, 5.935, 5.93, 5.93, 1400, 0.0
2021-05-21 14:18:00, 5.925, 5.93, 5.925, 5.925, 5900, 0.0
2021-05-21 14:19:00, 5.93, 5.93, 5.93, 5.93, 100, 0.0
2021-05-21 14:20:00, 5.935, 5.935, 5.935, 5.935, 100, 0.0
2021-05-21 14:21:00, 5.94, 5.94, 5.94, 5.94, 1164, 0.0
2021-05-21 14:22:00, 5.94, 5.94, 5.935, 5.94, 3957, 0.0
2021-05-21 14:23:00, 5.94, 5.95, 5.94, 5.95, 2079, 0.0
2021-05-21 14:24:00, 5.95, 5.95, 5.95, 5.95, 100, 0.0
2021-05-21 14:25:00, 5.945, 5.945, 5.945, 5.945, 300, 0.0
2021-05-21 14:26:00, 5.945, 5.945, 5.945, 5.945, 300, 0.0
2021-05-21 14:27:00, 5.95, 5.95, 5.945, 5.95, 1011, 0.0
2021-05-21 14:28:00, 5.95, 5.95, 5.945, 5.95, 1100, 0.0
2021-05-21 14:29:00, 5.95, 5.95, 5.945, 5.945, 814, 0.0
2021-05-21 14:30:00, 5.95, 5.95, 5.945, 5.95, 5593, 0.0
2021-05-21 14:31:00, 5.95, 5.95, 5.945, 5.95, 4480, 0.0
2021-05-21 14:32:00, 5.945, 5.95, 5.945, 5.95, 2301, 0.0
2021-05-21 14:33:00, 5.95, 5.95, 5.95, 5.95, 100, 0.0
2021-05-21 14:34:00, 5.945, 5.945, 5.945, 5.945, 500, 0.0
2021-05-21 14:35:00, 5.945, 5.945, 5.945, 5.945, 800, 0.0
2021-05-21 14:36:00, 5.945, 5.945, 5.945, 5.945, 1000, 0.0
2021-05-21 14:37:00, 5.945, 5.945, 5.945, 5.945, 500, 0.0
2021-05-21 14:38:00, 5.945, 5.945, 5.945, 5.945, 800, 0.0
2021-05-21 14:39:00, 5.945, 5.945, 5.94, 5.94, 9609, 0.0
2021-05-21 14:40:00, 5.94, 5.945, 5.94, 5.94, 1211, 0.0
2021-05-21 14:41:00, 5.945, 5.945, 5.935, 5.935, 1425, 0.0
2021-05-21 14:42:00, 5.935, 5.935, 5.935, 5.935, 529, 0.0
2021-05-21 14:43:00, 5.935, 5.935, 5.935, 5.935, 1714, 0.0
2021-05-21 14:44:00, 5.935, 5.935, 5.935, 5.935, 670, 0.0
2021-05-21 14:45:00, 5.935, 5.935, 5.935, 5.935, 900, 0.0
2021-05-21 14:46:00, 5.935, 5.935, 5.935, 5.935, 2263, 0.0
2021-05-21 14:47:00, 5.935, 5.935, 5.935, 5.935, 1500, 0.0
2021-05-21 14:48:00, 5.93, 5.93, 5.925, 5.925, 3163, 0.0
2021-05-21 14:49:00, 5.925, 5.925, 5.925, 5.925, 720, 0.0
2021-05-21 14:50:00, 5.92, 5.925, 5.92, 5.925, 4800, 0.0
2021-05-21 14:51:00, 5.925, 5.925, 5.925, 5.925, 1600, 0.0
2021-05-21 14:52:00, 5.925, 5.93, 5.925, 5.925, 1300, 0.0
2021-05-21 14:53:00, 5.925, 5.925, 5.92, 5.925, 9612, 0.0
2021-05-21 14:54:00, 5.925, 5.925, 5.915, 5.915, 5600, 0.0
2021-05-21 14:55:00, 5.915, 5.915, 5.915, 5.915, 300, 0.0
2021-05-21 14:56:00, 5.92, 5.92, 5.92, 5.92, 1828, 0.0
2021-05-21 14:57:00, 5.92, 5.92, 5.915, 5.92, 8544, 0.0
2021-05-21 14:58:00, 5.92, 5.93, 5.92, 5.925, 4125, 0.0
2021-05-21 14:59:00, 5.925, 5.94, 5.925, 5.94, 25335, 0.0
2021-05-24 07:04:00, 6.04, 6.04, 6.04, 6.04, 100, 0.0
2021-05-24 08:30:00, 6.045, 6.05, 6.03, 6.04, 5248, 0.0
2021-05-24 08:31:00, 6.035, 6.035, 6.015, 6.02, 2494, 0.0
2021-05-24 08:32:00, 6.015, 6.015, 5.975, 5.975, 1893, 0.0
2021-05-24 08:33:00, 5.975, 5.99, 5.97, 5.985, 3152, 0.0
2021-05-24 08:34:00, 5.99, 5.99, 5.99, 5.99, 900, 0.0
2021-05-24 08:35:00, 5.99, 5.99, 5.99, 5.99, 475, 0.0
2021-05-24 08:37:00, 5.985, 5.985, 5.985, 5.985, 500, 0.0
2021-05-24 08:38:00, 5.985, 5.99, 5.985, 5.99, 1200, 0.0
2021-05-24 08:39:00, 5.99, 5.99, 5.99, 5.99, 1500, 0.0
2021-05-24 08:40:00, 5.99, 5.99, 5.99, 5.99, 1500, 0.0
2021-05-24 08:41:00, 5.99, 5.995, 5.99, 5.99, 7052, 0.0
2021-05-24 08:44:00, 5.99, 5.99, 5.99, 5.99, 2700, 0.0
2021-05-24 08:45:00, 5.99, 5.99, 5.99, 5.99, 1401, 0.0
2021-05-24 08:46:00, 6, 6, 6, 6, 1101, 0.0
2021-05-24 08:47:00, 5.995, 5.995, 5.995, 5.995, 850, 0.0
2021-05-24 08:48:00, 5.995, 5.995, 5.99, 5.995, 4313, 0.0
2021-05-24 08:49:00, 5.995, 5.995, 5.995, 5.995, 300, 0.0
2021-05-24 08:50:00, 6, 6.01, 5.995, 6.005, 3009, 0.0
2021-05-24 08:52:00, 6.01, 6.015, 6.01, 6.015, 3487, 0.0
2021-05-24 08:53:00, 6.015, 6.015, 6.015, 6.015, 100, 0.0
2021-05-24 08:54:00, 6.015, 6.015, 6.015, 6.015, 200, 0.0
2021-05-24 08:55:00, 6.015, 6.02, 6.015, 6.02, 2138, 0.0
2021-05-24 08:56:00, 6.02, 6.025, 6.02, 6.025, 2568, 0.0
2021-05-24 08:57:00, 6.025, 6.025, 6.02, 6.025, 950, 0.0
2021-05-24 08:58:00, 6.03, 6.035, 6.03, 6.035, 1511, 0.0
2021-05-24 08:59:00, 6.035, 6.035, 6.035, 6.035, 300, 0.0
2021-05-24 09:00:00, 6.04, 6.04, 6.04, 6.04, 1738, 0.0
2021-05-24 09:01:00, 6.035, 6.035, 6.035, 6.035, 200, 0.0
2021-05-24 09:02:00, 6.035, 6.035, 6.03, 6.03, 2000, 0.0
2021-05-24 09:03:00, 6.03, 6.035, 6.03, 6.035, 7500, 0.0
2021-05-24 09:04:00, 6.03, 6.03, 6.03, 6.03, 600, 0.0
2021-05-24 09:05:00, 6.03, 6.03, 6.03, 6.03, 804, 0.0
2021-05-24 09:07:00, 6.04, 6.045, 6.04, 6.045, 4551, 0.0
2021-05-24 09:10:00, 6.045, 6.045, 6.045, 6.045, 500, 0.0
2021-05-24 09:11:00, 6.045, 6.045, 6.04, 6.04, 2900, 0.0
2021-05-24 09:12:00, 6.045, 6.045, 6.04, 6.045, 3303, 0.0
2021-05-24 09:13:00, 6.045, 6.045, 6.045, 6.045, 403, 0.0
2021-05-24 09:14:00, 6.045, 6.045, 6.04, 6.045, 2187, 0.0
2021-05-24 09:15:00, 6.045, 6.045, 6.045, 6.045, 266, 0.0
2021-05-24 09:16:00, 6.05, 6.05, 6.04, 6.04, 6646, 0.0
2021-05-24 09:17:00, 6.045, 6.045, 6.04, 6.045, 5200, 0.0
2021-05-24 09:18:00, 6.045, 6.045, 6.045, 6.045, 200, 0.0
2021-05-24 09:20:00, 6.05, 6.05, 6.05, 6.05, 550, 0.0
2021-05-24 09:21:00, 6.05, 6.06, 6.05, 6.06, 1861, 0.0
2021-05-24 09:22:00, 6.06, 6.06, 6.06, 6.06, 1517, 0.0
2021-05-24 09:24:00, 6.06, 6.06, 6.06, 6.06, 700, 0.0
2021-05-24 09:25:00, 6.06, 6.06, 6.06, 6.06, 511, 0.0
2021-05-24 09:26:00, 6.06, 6.06, 6.06, 6.06, 892, 0.0
2021-05-24 09:27:00, 6.06, 6.06, 6.06, 6.06, 1000, 0.0
2021-05-24 09:28:00, 6.06, 6.06, 6.06, 6.06, 495, 0.0
2021-05-24 09:29:00, 6.06, 6.06, 6.055, 6.06, 1457, 0.0
2021-05-24 09:30:00, 6.06, 6.06, 6.06, 6.06, 863, 0.0
2021-05-24 09:31:00, 6.06, 6.06, 6.06, 6.06, 932, 0.0
2021-05-24 09:32:00, 6.06, 6.06, 6.06, 6.06, 1167, 0.0
2021-05-24 09:33:00, 6.06, 6.07, 6.06, 6.07, 1559, 0.0
2021-05-24 09:34:00, 6.07, 6.07, 6.07, 6.07, 818, 0.0
2021-05-24 09:35:00, 6.07, 6.07, 6.07, 6.07, 751, 0.0
2021-05-24 09:36:00, 6.07, 6.075, 6.07, 6.075, 1106, 0.0
2021-05-24 09:37:00, 6.08, 6.08, 6.08, 6.08, 199, 0.0
2021-05-24 09:43:00, 6.08, 6.08, 6.08, 6.08, 695, 0.0
2021-05-24 09:44:00, 6.08, 6.08, 6.08, 6.08, 5227, 0.0
2021-05-24 09:45:00, 6.08, 6.08, 6.075, 6.075, 1466, 0.0
2021-05-24 09:46:00, 6.075, 6.075, 6.075, 6.075, 400, 0.0
2021-05-24 09:47:00, 6.075, 6.075, 6.075, 6.075, 500, 0.0
2021-05-24 09:48:00, 6.08, 6.08, 6.08, 6.08, 1054, 0.0
2021-05-24 09:49:00, 6.08, 6.08, 6.08, 6.08, 900, 0.0
2021-05-24 09:50:00, 6.08, 6.08, 6.08, 6.08, 814, 0.0
2021-05-24 09:51:00, 6.08, 6.08, 6.08, 6.08, 991, 0.0
2021-05-24 09:52:00, 6.08, 6.08, 6.08, 6.08, 365, 0.0
2021-05-24 09:53:00, 6.08, 6.08, 6.08, 6.08, 361, 0.0
2021-05-24 09:55:00, 6.085, 6.085, 6.07, 6.075, 20979, 0.0
2021-05-24 09:56:00, 6.075, 6.075, 6.075, 6.075, 700, 0.0
2021-05-24 09:57:00, 6.075, 6.075, 6.075, 6.075, 200, 0.0
2021-05-24 09:58:00, 6.075, 6.075, 6.075, 6.075, 200, 0.0
2021-05-24 09:59:00, 6.075, 6.075, 6.075, 6.075, 200, 0.0
2021-05-24 10:00:00, 6.075, 6.075, 6.075, 6.075, 200, 0.0
2021-05-24 10:01:00, 6.075, 6.075, 6.075, 6.075, 500, 0.0
2021-05-24 10:02:00, 6.075, 6.075, 6.075, 6.075, 183, 0.0
2021-05-24 10:04:00, 6.075, 6.075, 6.075, 6.075, 400, 0.0
2021-05-24 10:07:00, 6.075, 6.075, 6.075, 6.075, 951, 0.0
2021-05-24 10:08:00, 6.075, 6.075, 6.075, 6.075, 398, 0.0
2021-05-24 10:09:00, 6.075, 6.075, 6.075, 6.075, 400, 0.0
2021-05-24 10:10:00, 6.075, 6.075, 6.075, 6.075, 500, 0.0
2021-05-24 10:11:00, 6.075, 6.075, 6.075, 6.075, 400, 0.0
2021-05-24 10:12:00, 6.075, 6.075, 6.075, 6.075, 500, 0.0
2021-05-24 10:13:00, 6.075, 6.075, 6.075, 6.075, 130, 0.0
2021-05-24 10:14:00, 6.075, 6.075, 6.075, 6.075, 1830, 0.0
2021-05-24 10:15:00, 6.075, 6.075, 6.075, 6.075, 625, 0.0
2021-05-24 10:16:00, 6.075, 6.075, 6.075, 6.075, 171, 0.0
2021-05-24 10:18:00, 6.08, 6.08, 6.075, 6.08, 2302, 0.0
2021-05-24 10:19:00, 6.075, 6.08, 6.075, 6.08, 969, 0.0
2021-05-24 10:20:00, 6.075, 6.075, 6.075, 6.075, 1497, 0.0
2021-05-24 10:21:00, 6.075, 6.075, 6.075, 6.075, 250, 0.0
2021-05-24 10:22:00, 6.08, 6.08, 6.08, 6.08, 492, 0.0
2021-05-24 10:23:00, 6.075, 6.08, 6.075, 6.075, 700, 0.0
2021-05-24 10:24:00, 6.075, 6.075, 6.07, 6.075, 1179, 0.0
2021-05-24 10:25:00, 6.075, 6.075, 6.075, 6.075, 989, 0.0
2021-05-24 10:26:00, 6.075, 6.075, 6.075, 6.075, 800, 0.0
2021-05-24 10:27:00, 6.075, 6.075, 6.075, 6.075, 2400, 0.0
2021-05-24 10:28:00, 6.075, 6.075, 6.065, 6.07, 2701, 0.0
2021-05-24 10:29:00, 6.065, 6.065, 6.065, 6.065, 346, 0.0
2021-05-24 10:33:00, 6.07, 6.07, 6.07, 6.07, 100, 0.0
2021-05-24 10:34:00, 6.07, 6.07, 6.07, 6.07, 100, 0.0
2021-05-24 10:35:00, 6.075, 6.075, 6.075, 6.075, 321, 0.0
2021-05-24 10:37:00, 6.075, 6.075, 6.075, 6.075, 997, 0.0
2021-05-24 10:39:00, 6.075, 6.075, 6.075, 6.075, 1523, 0.0
2021-05-24 10:40:00, 6.075, 6.075, 6.075, 6.075, 3100, 0.0
2021-05-24 10:42:00, 6.075, 6.075, 6.075, 6.075, 100, 0.0
2021-05-24 10:43:00, 6.075, 6.075, 6.075, 6.075, 200, 0.0
2021-05-24 10:44:00, 6.075, 6.075, 6.075, 6.075, 100, 0.0
2021-05-24 10:50:00, 6.075, 6.075, 6.075, 6.075, 100, 0.0
2021-05-24 10:54:00, 6.08, 6.08, 6.08, 6.08, 1426, 0.0
2021-05-24 10:55:00, 6.08, 6.08, 6.08, 6.08, 763, 0.0
2021-05-24 10:56:00, 6.08, 6.08, 6.08, 6.08, 900, 0.0
2021-05-24 10:57:00, 6.08, 6.08, 6.08, 6.08, 907, 0.0
2021-05-24 10:58:00, 6.08, 6.08, 6.08, 6.08, 626, 0.0
2021-05-24 10:59:00, 6.08, 6.08, 6.08, 6.08, 767, 0.0
2021-05-24 11:00:00, 6.08, 6.08, 6.07, 6.07, 1528, 0.0
2021-05-24 11:01:00, 6.075, 6.075, 6.075, 6.075, 300, 0.0
2021-05-24 11:03:00, 6.075, 6.075, 6.075, 6.075, 1000, 0.0
2021-05-24 11:04:00, 6.075, 6.075, 6.07, 6.07, 5200, 0.0
2021-05-24 11:06:00, 6.065, 6.065, 6.065, 6.065, 100, 0.0
2021-05-24 11:08:00, 6.065, 6.065, 6.065, 6.065, 300, 0.0
2021-05-24 11:09:00, 6.065, 6.065, 6.065, 6.065, 253, 0.0
2021-05-24 11:10:00, 6.065, 6.065, 6.065, 6.065, 100, 0.0
2021-05-24 11:11:00, 6.065, 6.065, 6.065, 6.065, 200, 0.0
2021-05-24 11:12:00, 6.065, 6.065, 6.065, 6.065, 600, 0.0
2021-05-24 11:13:00, 6.065, 6.065, 6.065, 6.065, 308, 0.0
2021-05-24 11:14:00, 6.065, 6.065, 6.065, 6.065, 200, 0.0
2021-05-24 11:15:00, 6.065, 6.065, 6.065, 6.065, 300, 0.0
2021-05-24 11:16:00, 6.065, 6.075, 6.065, 6.075, 7817, 0.0
2021-05-24 11:18:00, 6.08, 6.08, 6.08, 6.08, 762, 0.0
2021-05-24 11:19:00, 6.08, 6.08, 6.08, 6.08, 692, 0.0
2021-05-24 11:20:00, 6.08, 6.08, 6.08, 6.08, 1756, 0.0
2021-05-24 11:21:00, 6.08, 6.08, 6.08, 6.08, 1189, 0.0
2021-05-24 11:22:00, 6.08, 6.08, 6.08, 6.08, 400, 0.0
2021-05-24 11:23:00, 6.08, 6.08, 6.08, 6.08, 2237, 0.0
2021-05-24 11:24:00, 6.08, 6.08, 6.08, 6.08, 400, 0.0
2021-05-24 11:25:00, 6.08, 6.08, 6.08, 6.08, 400, 0.0
2021-05-24 11:26:00, 6.08, 6.08, 6.08, 6.08, 500, 0.0
2021-05-24 11:27:00, 6.08, 6.08, 6.08, 6.08, 1152, 0.0
2021-05-24 11:28:00, 6.08, 6.08, 6.08, 6.08, 418, 0.0
2021-05-24 11:29:00, 6.08, 6.08, 6.08, 6.08, 591, 0.0
2021-05-24 11:30:00, 6.08, 6.08, 6.08, 6.08, 508, 0.0
2021-05-24 11:34:00, 6.08, 6.08, 6.08, 6.08, 206, 0.0
2021-05-24 11:36:00, 6.08, 6.08, 6.08, 6.08, 362, 0.0
2021-05-24 11:37:00, 6.08, 6.08, 6.08, 6.08, 204, 0.0
2021-05-24 11:38:00, 6.075, 6.075, 6.075, 6.075, 662, 0.0
2021-05-24 11:39:00, 6.075, 6.075, 6.075, 6.075, 841, 0.0
2021-05-24 11:40:00, 6.075, 6.08, 6.075, 6.08, 1500, 0.0
2021-05-24 11:41:00, 6.075, 6.08, 6.075, 6.08, 1393, 0.0
2021-05-24 11:42:00, 6.075, 6.08, 6.075, 6.08, 834, 0.0
2021-05-24 11:43:00, 6.075, 6.075, 6.075, 6.075, 1051, 0.0
2021-05-24 11:44:00, 6.08, 6.08, 6.075, 6.075, 5695, 0.0
2021-05-24 11:45:00, 6.075, 6.075, 6.075, 6.075, 2800, 0.0
2021-05-24 11:46:00, 6.075, 6.075, 6.075, 6.075, 3000, 0.0
2021-05-24 11:47:00, 6.075, 6.075, 6.075, 6.075, 300, 0.0
2021-05-24 11:48:00, 6.075, 6.075, 6.075, 6.075, 600, 0.0
2021-05-24 11:49:00, 6.075, 6.075, 6.075, 6.075, 600, 0.0
2021-05-24 11:50:00, 6.075, 6.075, 6.075, 6.075, 600, 0.0
2021-05-24 11:51:00, 6.075, 6.075, 6.075, 6.075, 1500, 0.0
2021-05-24 11:52:00, 6.075, 6.075, 6.075, 6.075, 418, 0.0
2021-05-24 11:53:00, 6.075, 6.075, 6.075, 6.075, 500, 0.0
2021-05-24 11:54:00, 6.075, 6.075, 6.075, 6.075, 200, 0.0
2021-05-24 11:55:00, 6.075, 6.075, 6.075, 6.075, 200, 0.0
2021-05-24 11:56:00, 6.075, 6.075, 6.075, 6.075, 300, 0.0
2021-05-24 11:57:00, 6.075, 6.075, 6.075, 6.075, 1300, 0.0
2021-05-24 11:58:00, 6.075, 6.075, 6.075, 6.075, 900, 0.0
2021-05-24 11:59:00, 6.08, 6.08, 6.075, 6.08, 904, 0.0
2021-05-24 12:00:00, 6.075, 6.08, 6.075, 6.075, 2700, 0.0
2021-05-24 12:01:00, 6.075, 6.075, 6.075, 6.075, 400, 0.0
2021-05-24 12:02:00, 6.075, 6.075, 6.075, 6.075, 798, 0.0
2021-05-24 12:03:00, 6.075, 6.075, 6.075, 6.075, 1919, 0.0
2021-05-24 12:04:00, 6.075, 6.08, 6.075, 6.08, 1017, 0.0
2021-05-24 12:05:00, 6.08, 6.08, 6.075, 6.075, 2549, 0.0
2021-05-24 12:06:00, 6.075, 6.075, 6.075, 6.075, 1100, 0.0
2021-05-24 12:07:00, 6.075, 6.075, 6.075, 6.075, 2600, 0.0
2021-05-24 12:08:00, 6.075, 6.075, 6.075, 6.075, 100, 0.0
2021-05-24 12:09:00, 6.075, 6.075, 6.07, 6.07, 3607, 0.0
2021-05-24 12:10:00, 6.075, 6.075, 6.075, 6.075, 258, 0.0
2021-05-24 12:11:00, 6.07, 6.075, 6.07, 6.075, 16132, 0.0
2021-05-24 12:12:00, 6.075, 6.075, 6.075, 6.075, 300, 0.0
2021-05-24 12:13:00, 6.075, 6.075, 6.075, 6.075, 300, 0.0
2021-05-24 12:14:00, 6.075, 6.075, 6.075, 6.075, 100, 0.0
2021-05-24 12:15:00, 6.075, 6.075, 6.075, 6.075, 400, 0.0
2021-05-24 12:16:00, 6.075, 6.075, 6.075, 6.075, 1799, 0.0
2021-05-24 12:21:00, 6.08, 6.08, 6.08, 6.08, 763, 0.0
2021-05-24 12:22:00, 6.08, 6.09, 6.08, 6.09, 3702, 0.0
2021-05-24 12:23:00, 6.09, 6.09, 6.08, 6.08, 26763, 0.0
2021-05-24 12:25:00, 6.085, 6.085, 6.085, 6.085, 1161, 0.0
2021-05-24 12:27:00, 6.085, 6.085, 6.085, 6.085, 110, 0.0
2021-05-24 12:28:00, 6.085, 6.085, 6.085, 6.085, 200, 0.0
2021-05-24 12:29:00, 6.085, 6.085, 6.085, 6.085, 708, 0.0
2021-05-24 12:30:00, 6.085, 6.085, 6.085, 6.085, 200, 0.0
2021-05-24 12:31:00, 6.085, 6.085, 6.085, 6.085, 600, 0.0
2021-05-24 12:33:00, 6.085, 6.085, 6.085, 6.085, 228, 0.0
2021-05-24 12:34:00, 6.085, 6.085, 6.085, 6.085, 100, 0.0
2021-05-24 12:35:00, 6.085, 6.085, 6.085, 6.085, 100, 0.0
2021-05-24 12:36:00, 6.085, 6.085, 6.085, 6.085, 100, 0.0
2021-05-24 12:37:00, 6.085, 6.085, 6.085, 6.085, 100, 0.0
2021-05-24 12:38:00, 6.09, 6.095, 6.09, 6.095, 3127, 0.0
2021-05-24 12:40:00, 6.095, 6.095, 6.09, 6.095, 21680, 0.0
2021-05-24 12:41:00, 6.09, 6.095, 6.09, 6.095, 9800, 0.0
2021-05-24 12:42:00, 6.095, 6.095, 6.095, 6.095, 100, 0.0
2021-05-24 12:43:00, 6.095, 6.095, 6.095, 6.095, 200, 0.0
2021-05-24 12:44:00, 6.095, 6.095, 6.095, 6.095, 200, 0.0
2021-05-24 12:45:00, 6.095, 6.095, 6.095, 6.095, 100, 0.0
2021-05-24 12:46:00, 6.095, 6.095, 6.095, 6.095, 217, 0.0
2021-05-24 12:47:00, 6.095, 6.095, 6.095, 6.095, 100, 0.0
2021-05-24 12:48:00, 6.095, 6.095, 6.095, 6.095, 200, 0.0
2021-05-24 12:49:00, 6.095, 6.095, 6.095, 6.095, 200, 0.0
2021-05-24 12:50:00, 6.095, 6.095, 6.095, 6.095, 300, 0.0
2021-05-24 12:51:00, 6.095, 6.095, 6.095, 6.095, 379, 0.0
2021-05-24 12:52:00, 6.09, 6.095, 6.09, 6.095, 24240, 0.0
2021-05-24 12:53:00, 6.095, 6.095, 6.09, 6.095, 400, 0.0
2021-05-24 12:54:00, 6.095, 6.095, 6.095, 6.095, 100, 0.0
2021-05-24 12:55:00, 6.095, 6.095, 6.095, 6.095, 600, 0.0
2021-05-24 12:56:00, 6.095, 6.095, 6.095, 6.095, 100, 0.0
2021-05-24 12:57:00, 6.095, 6.095, 6.095, 6.095, 600, 0.0
2021-05-24 12:58:00, 6.095, 6.095, 6.095, 6.095, 870, 0.0
2021-05-24 12:59:00, 6.095, 6.095, 6.095, 6.095, 500, 0.0
2021-05-24 13:00:00, 6.095, 6.095, 6.095, 6.095, 200, 0.0
2021-05-24 13:01:00, 6.095, 6.095, 6.095, 6.095, 630, 0.0
2021-05-24 13:02:00, 6.095, 6.095, 6.095, 6.095, 700, 0.0
2021-05-24 13:03:00, 6.095, 6.095, 6.095, 6.095, 231, 0.0
2021-05-24 13:04:00, 6.095, 6.095, 6.095, 6.095, 200, 0.0
2021-05-24 13:05:00, 6.095, 6.095, 6.095, 6.095, 400, 0.0
2021-05-24 13:06:00, 6.095, 6.095, 6.095, 6.095, 300, 0.0
2021-05-24 13:07:00, 6.095, 6.095, 6.09, 6.09, 300, 0.0
2021-05-24 13:08:00, 6.095, 6.095, 6.095, 6.095, 774, 0.0
2021-05-24 13:09:00, 6.095, 6.095, 6.095, 6.095, 1400, 0.0
2021-05-24 13:10:00, 6.095, 6.095, 6.095, 6.095, 500, 0.0
2021-05-24 13:11:00, 6.095, 6.095, 6.095, 6.095, 200, 0.0
2021-05-24 13:12:00, 6.095, 6.095, 6.095, 6.095, 3032, 0.0
2021-05-24 13:14:00, 6.1, 6.1, 6.1, 6.1, 823, 0.0
2021-05-24 13:15:00, 6.095, 6.1, 6.095, 6.1, 2500, 0.0
2021-05-24 13:16:00, 6.1, 6.1, 6.095, 6.1, 1352, 0.0
2021-05-24 13:17:00, 6.1, 6.1, 6.095, 6.095, 2769, 0.0
2021-05-24 13:18:00, 6.1, 6.1, 6.095, 6.095, 1617, 0.0
2021-05-24 13:19:00, 6.095, 6.095, 6.095, 6.095, 600, 0.0
2021-05-24 13:20:00, 6.1, 6.1, 6.1, 6.1, 2264, 0.0
2021-05-24 13:21:00, 6.095, 6.095, 6.095, 6.095, 616, 0.0
2021-05-24 13:22:00, 6.1, 6.1, 6.1, 6.1, 219, 0.0
2021-05-24 13:23:00, 6.1, 6.1, 6.095, 6.1, 2711, 0.0
2021-05-24 13:24:00, 6.1, 6.1, 6.095, 6.1, 2100, 0.0
2021-05-24 13:25:00, 6.095, 6.1, 6.095, 6.1, 822, 0.0
2021-05-24 13:26:00, 6.1, 6.1, 6.1, 6.1, 693, 0.0
2021-05-24 13:28:00, 6.1, 6.1, 6.1, 6.1, 1658, 0.0
2021-05-24 13:29:00, 6.1, 6.1, 6.1, 6.1, 274, 0.0
2021-05-24 13:30:00, 6.095, 6.095, 6.095, 6.095, 8312, 0.0
2021-05-24 13:31:00, 6.1, 6.1, 6.1, 6.1, 100, 0.0
2021-05-24 13:32:00, 6.1, 6.1, 6.1, 6.1, 698, 0.0
2021-05-24 13:33:00, 6.1, 6.1, 6.095, 6.095, 2699, 0.0
2021-05-24 13:34:00, 6.1, 6.1, 6.095, 6.1, 1353, 0.0
2021-05-24 13:35:00, 6.1, 6.1, 6.1, 6.1, 1780, 0.0
2021-05-24 13:36:00, 6.1, 6.1, 6.1, 6.1, 1400, 0.0
2021-05-24 13:37:00, 6.1, 6.105, 6.1, 6.105, 5614, 0.0
2021-05-24 13:38:00, 6.11, 6.115, 6.105, 6.115, 4921, 0.0
2021-05-24 13:39:00, 6.115, 6.115, 6.115, 6.115, 300, 0.0
2021-05-24 13:40:00, 6.115, 6.115, 6.115, 6.115, 100, 0.0
2021-05-24 13:41:00, 6.115, 6.115, 6.115, 6.115, 300, 0.0
2021-05-24 13:42:00, 6.115, 6.115, 6.115, 6.115, 400, 0.0
2021-05-24 13:43:00, 6.115, 6.115, 6.115, 6.115, 600, 0.0
2021-05-24 13:44:00, 6.115, 6.115, 6.115, 6.115, 600, 0.0
2021-05-24 13:46:00, 6.12, 6.12, 6.12, 6.12, 283, 0.0
2021-05-24 13:49:00, 6.12, 6.12, 6.12, 6.12, 1299, 0.0
2021-05-24 13:52:00, 6.12, 6.12, 6.11, 6.115, 11437, 0.0
2021-05-24 13:53:00, 6.115, 6.115, 6.11, 6.115, 4773, 0.0
2021-05-24 13:54:00, 6.115, 6.115, 6.115, 6.115, 2600, 0.0
2021-05-24 13:55:00, 6.115, 6.115, 6.115, 6.115, 312, 0.0
2021-05-24 13:56:00, 6.115, 6.12, 6.115, 6.12, 4255, 0.0
2021-05-24 13:57:00, 6.13, 6.13, 6.125, 6.125, 4700, 0.0
2021-05-24 13:58:00, 6.125, 6.135, 6.125, 6.135, 1248, 0.0
2021-05-24 13:59:00, 6.13, 6.135, 6.13, 6.135, 612, 0.0
2021-05-24 14:00:00, 6.135, 6.135, 6.135, 6.135, 200, 0.0
2021-05-24 14:01:00, 6.135, 6.135, 6.135, 6.135, 544, 0.0
2021-05-24 14:02:00, 6.14, 6.145, 6.14, 6.145, 2710, 0.0
2021-05-24 14:05:00, 6.145, 6.145, 6.14, 6.145, 10300, 0.0
2021-05-24 14:06:00, 6.145, 6.145, 6.145, 6.145, 1600, 0.0
2021-05-24 14:07:00, 6.14, 6.145, 6.14, 6.145, 7403, 0.0
2021-05-24 14:08:00, 6.145, 6.145, 6.145, 6.145, 100, 0.0
2021-05-24 14:09:00, 6.145, 6.145, 6.145, 6.145, 307, 0.0
2021-05-24 14:10:00, 6.145, 6.145, 6.14, 6.145, 1340, 0.0
2021-05-24 14:11:00, 6.145, 6.145, 6.145, 6.145, 820, 0.0
2021-05-24 14:12:00, 6.15, 6.15, 6.15, 6.15, 1800, 0.0
2021-05-24 14:13:00, 6.15, 6.15, 6.15, 6.15, 700, 0.0
2021-05-24 14:15:00, 6.145, 6.15, 6.145, 6.15, 1800, 0.0
2021-05-24 14:16:00, 6.15, 6.15, 6.15, 6.15, 654, 0.0
2021-05-24 14:17:00, 6.15, 6.155, 6.15, 6.155, 1546, 0.0
2021-05-24 14:18:00, 6.155, 6.155, 6.155, 6.155, 100, 0.0
2021-05-24 14:20:00, 6.155, 6.155, 6.155, 6.155, 261, 0.0
2021-05-24 14:21:00, 6.155, 6.155, 6.155, 6.155, 1892, 0.0
2021-05-24 14:22:00, 6.155, 6.155, 6.155, 6.155, 600, 0.0
2021-05-24 14:23:00, 6.155, 6.155, 6.155, 6.155, 300, 0.0
2021-05-24 14:24:00, 6.15, 6.15, 6.145, 6.145, 5205, 0.0
2021-05-24 14:25:00, 6.145, 6.145, 6.145, 6.145, 100, 0.0
2021-05-24 14:26:00, 6.145, 6.15, 6.145, 6.15, 15541, 0.0
2021-05-24 14:27:00, 6.155, 6.16, 6.155, 6.16, 2800, 0.0
2021-05-24 14:28:00, 6.155, 6.155, 6.155, 6.155, 800, 0.0
2021-05-24 14:29:00, 6.155, 6.155, 6.155, 6.155, 400, 0.0
2021-05-24 14:30:00, 6.155, 6.155, 6.155, 6.155, 400, 0.0
2021-05-24 14:31:00, 6.155, 6.155, 6.155, 6.155, 400, 0.0
2021-05-24 14:32:00, 6.155, 6.155, 6.15, 6.15, 2700, 0.0
2021-05-24 14:33:00, 6.15, 6.155, 6.15, 6.155, 301, 0.0
2021-05-24 14:34:00, 6.155, 6.155, 6.155, 6.155, 300, 0.0
2021-05-24 14:35:00, 6.155, 6.155, 6.155, 6.155, 400, 0.0
2021-05-24 14:36:00, 6.155, 6.155, 6.155, 6.155, 300, 0.0
2021-05-24 14:37:00, 6.15, 6.155, 6.15, 6.155, 200, 0.0
2021-05-24 14:38:00, 6.155, 6.155, 6.155, 6.155, 600, 0.0
2021-05-24 14:39:00, 6.155, 6.155, 6.155, 6.155, 1200, 0.0
2021-05-24 14:40:00, 6.155, 6.155, 6.155, 6.155, 1539, 0.0
2021-05-24 14:41:00, 6.16, 6.165, 6.16, 6.165, 7107, 0.0
2021-05-24 14:42:00, 6.17, 6.17, 6.17, 6.17, 1547, 0.0
2021-05-24 14:43:00, 6.17, 6.17, 6.17, 6.17, 1960, 0.0
2021-05-24 14:44:00, 6.17, 6.175, 6.165, 6.165, 8591, 0.0
2021-05-24 14:45:00, 6.16, 6.165, 6.15, 6.155, 4929, 0.0
2021-05-24 14:46:00, 6.155, 6.16, 6.155, 6.16, 2257, 0.0
2021-05-24 14:47:00, 6.16, 6.16, 6.16, 6.16, 7537, 0.0
2021-05-24 14:48:00, 6.16, 6.16, 6.16, 6.16, 1452, 0.0
2021-05-24 14:49:00, 6.16, 6.16, 6.16, 6.16, 2017, 0.0
2021-05-24 14:50:00, 6.155, 6.155, 6.155, 6.155, 2100, 0.0
2021-05-24 14:51:00, 6.16, 6.16, 6.16, 6.16, 107, 0.0
2021-05-24 14:52:00, 6.16, 6.16, 6.16, 6.16, 4900, 0.0
2021-05-24 14:53:00, 6.16, 6.16, 6.16, 6.16, 15545, 0.0
2021-05-24 14:54:00, 6.16, 6.165, 6.16, 6.165, 5300, 0.0
2021-05-24 14:55:00, 6.165, 6.165, 6.165, 6.165, 600, 0.0
2021-05-24 14:56:00, 6.165, 6.165, 6.145, 6.145, 16300, 0.0
2021-05-24 14:57:00, 6.145, 6.145, 6.135, 6.14, 11700, 0.0
2021-05-24 14:58:00, 6.14, 6.14, 6.135, 6.14, 11285, 0.0
2021-05-24 14:59:00, 6.14, 6.14, 6.135, 6.14, 14468, 0.0
2021-05-25 08:30:00, 6.145, 6.145, 6.14, 6.14, 666, 0.0
2021-05-25 08:31:00, 6.14, 6.14, 6.13, 6.13, 1854, 0.0
2021-05-25 08:32:00, 6.13, 6.13, 6.13, 6.13, 500, 0.0
2021-05-25 08:33:00, 6.13, 6.13, 6.13, 6.13, 400, 0.0
2021-05-25 08:34:00, 6.13, 6.13, 6.13, 6.13, 672, 0.0
2021-05-25 08:35:00, 6.125, 6.125, 6.125, 6.125, 1900, 0.0
2021-05-25 08:36:00, 6.14, 6.14, 6.135, 6.135, 3021, 0.0
2021-05-25 08:37:00, 6.14, 6.14, 6.14, 6.14, 200, 0.0
2021-05-25 08:39:00, 6.14, 6.14, 6.14, 6.14, 104, 0.0
2021-05-25 08:40:00, 6.14, 6.15, 6.14, 6.145, 2711, 0.0
2021-05-25 08:42:00, 6.145, 6.16, 6.14, 6.16, 2212, 0.0
2021-05-25 08:43:00, 6.145, 6.145, 6.145, 6.145, 277, 0.0
2021-05-25 08:45:00, 6.14, 6.14, 6.14, 6.14, 800, 0.0
2021-05-25 08:46:00, 6.135, 6.135, 6.135, 6.135, 100, 0.0
2021-05-25 08:47:00, 6.13, 6.13, 6.12, 6.12, 1427, 0.0
2021-05-25 08:50:00, 6.105, 6.105, 6.105, 6.105, 300, 0.0
2021-05-25 08:51:00, 6.105, 6.105, 6.1, 6.1, 2800, 0.0
2021-05-25 08:52:00, 6.1, 6.1, 6.095, 6.095, 4400, 0.0
2021-05-25 08:53:00, 6.095, 6.105, 6.095, 6.105, 600, 0.0
2021-05-25 08:57:00, 6.1, 6.1, 6.1, 6.1, 4900, 0.0
2021-05-25 08:59:00, 6.095, 6.095, 6.095, 6.095, 1900, 0.0
2021-05-25 09:00:00, 6.095, 6.095, 6.095, 6.095, 200, 0.0
2021-05-25 09:02:00, 6.095, 6.1, 6.095, 6.1, 2014, 0.0
2021-05-25 09:03:00, 6.1, 6.1, 6.1, 6.1, 700, 0.0
2021-05-25 09:05:00, 6.095, 6.1, 6.095, 6.095, 6191, 0.0
2021-05-25 09:07:00, 6.1, 6.1, 6.1, 6.1, 400, 0.0
2021-05-25 09:08:00, 6.11, 6.11, 6.11, 6.11, 639, 0.0
2021-05-25 09:09:00, 6.11, 6.11, 6.105, 6.105, 1426, 0.0
2021-05-25 09:10:00, 6.11, 6.11, 6.095, 6.095, 19018, 0.0
2021-05-25 09:11:00, 6.095, 6.11, 6.095, 6.11, 2000, 0.0
2021-05-25 09:12:00, 6.11, 6.11, 6.105, 6.105, 500, 0.0
2021-05-25 09:13:00, 6.105, 6.105, 6.105, 6.105, 300, 0.0
2021-05-25 09:15:00, 6.105, 6.105, 6.105, 6.105, 600, 0.0
2021-05-25 09:16:00, 6.105, 6.105, 6.105, 6.105, 100, 0.0
2021-05-25 09:17:00, 6.105, 6.105, 6.105, 6.105, 100, 0.0
2021-05-25 09:18:00, 6.1, 6.1, 6.09, 6.09, 800, 0.0
2021-05-25 09:20:00, 6.085, 6.085, 6.085, 6.085, 300, 0.0
2021-05-25 09:21:00, 6.09, 6.09, 6.09, 6.09, 990, 0.0
2021-05-25 09:22:00, 6.09, 6.09, 6.09, 6.09, 800, 0.0
2021-05-25 09:24:00, 6.09, 6.095, 6.09, 6.095, 1700, 0.0
2021-05-25 09:28:00, 6.095, 6.095, 6.095, 6.095, 100, 0.0
2021-05-25 09:30:00, 6.095, 6.1, 6.095, 6.1, 2800, 0.0
2021-05-25 09:31:00, 6.1, 6.1, 6.095, 6.095, 1416, 0.0
2021-05-25 09:32:00, 6.1, 6.1, 6.085, 6.085, 3208, 0.0
2021-05-25 09:33:00, 6.08, 6.08, 6.08, 6.08, 446, 0.0
2021-05-25 09:34:00, 6.085, 6.09, 6.085, 6.09, 1364, 0.0
2021-05-25 09:35:00, 6.085, 6.085, 6.085, 6.085, 362, 0.0
2021-05-25 09:38:00, 6.085, 6.085, 6.08, 6.08, 930, 0.0
2021-05-25 09:39:00, 6.08, 6.08, 6.08, 6.08, 100, 0.0
2021-05-25 09:40:00, 6.08, 6.08, 6.08, 6.08, 500, 0.0
2021-05-25 09:41:00, 6.08, 6.08, 6.08, 6.08, 100, 0.0
2021-05-25 09:42:00, 6.08, 6.08, 6.08, 6.08, 200, 0.0
2021-05-25 09:43:00, 6.08, 6.085, 6.08, 6.085, 571, 0.0
2021-05-25 09:44:00, 6.085, 6.09, 6.085, 6.085, 4029, 0.0
2021-05-25 09:45:00, 6.085, 6.085, 6.085, 6.085, 610, 0.0
2021-05-25 09:46:00, 6.08, 6.085, 6.08, 6.085, 600, 0.0
2021-05-25 09:47:00, 6.08, 6.08, 6.08, 6.08, 100, 0.0
2021-05-25 09:48:00, 6.08, 6.085, 6.08, 6.08, 313, 0.0
2021-05-25 09:49:00, 6.08, 6.08, 6.08, 6.08, 200, 0.0
2021-05-25 09:50:00, 6.08, 6.08, 6.08, 6.08, 400, 0.0
2021-05-25 09:51:00, 6.08, 6.08, 6.075, 6.075, 300, 0.0
2021-05-25 09:52:00, 6.075, 6.075, 6.075, 6.075, 800, 0.0
2021-05-25 09:53:00, 6.075, 6.075, 6.075, 6.075, 100, 0.0
2021-05-25 09:56:00, 6.075, 6.075, 6.07, 6.07, 8100, 0.0
2021-05-25 09:57:00, 6.06, 6.06, 6.06, 6.06, 200, 0.0
2021-05-25 10:00:00, 6.06, 6.06, 6.055, 6.055, 6700, 0.0
2021-05-25 10:01:00, 6.055, 6.055, 6.05, 6.05, 500, 0.0
2021-05-25 10:02:00, 6.055, 6.055, 6.055, 6.055, 500, 0.0
2021-05-25 10:03:00, 6.055, 6.055, 6.055, 6.055, 6100, 0.0
2021-05-25 10:04:00, 6.055, 6.055, 6.05, 6.05, 1213, 0.0
2021-05-25 10:05:00, 6.05, 6.05, 6.05, 6.05, 946, 0.0
2021-05-25 10:06:00, 6.05, 6.05, 6.05, 6.05, 201, 0.0
2021-05-25 10:07:00, 6.055, 6.055, 6.055, 6.055, 11700, 0.0
2021-05-25 10:08:00, 6.055, 6.055, 6.055, 6.055, 200, 0.0
2021-05-25 10:09:00, 6.055, 6.06, 6.055, 6.055, 1454, 0.0
2021-05-25 10:10:00, 6.055, 6.055, 6.055, 6.055, 200, 0.0
2021-05-25 10:11:00, 6.06, 6.06, 6.055, 6.055, 433, 0.0
2021-05-25 10:12:00, 6.055, 6.055, 6.055, 6.055, 138, 0.0
2021-05-25 10:15:00, 6.05, 6.05, 6.05, 6.05, 100, 0.0
2021-05-25 10:16:00, 6.055, 6.055, 6.055, 6.055, 502, 0.0
2021-05-25 10:17:00, 6.05, 6.05, 6.045, 6.045, 2217, 0.0
2021-05-25 10:18:00, 6.045, 6.045, 6.025, 6.025, 5100, 0.0
2021-05-25 10:19:00, 6.03, 6.03, 6.03, 6.03, 384, 0.0
2021-05-25 10:20:00, 6.025, 6.03, 6.025, 6.03, 200, 0.0
2021-05-25 10:21:00, 6.03, 6.03, 6.025, 6.025, 800, 0.0
2021-05-25 10:22:00, 6.02, 6.02, 6.02, 6.02, 300, 0.0
2021-05-25 10:23:00, 6.02, 6.02, 6.02, 6.02, 500, 0.0
2021-05-25 10:29:00, 6.025, 6.025, 6.025, 6.025, 100, 0.0
2021-05-25 10:33:00, 6.02, 6.02, 6.02, 6.02, 230, 0.0
2021-05-25 10:35:00, 6.015, 6.015, 6.015, 6.015, 504, 0.0
2021-05-25 10:37:00, 6.015, 6.015, 6.015, 6.015, 100, 0.0
2021-05-25 10:38:00, 6.015, 6.02, 6.015, 6.02, 12800, 0.0
2021-05-25 10:39:00, 6.025, 6.025, 6.025, 6.025, 200, 0.0
2021-05-25 10:40:00, 6.025, 6.025, 6.025, 6.025, 355, 0.0
2021-05-25 10:41:00, 6.025, 6.025, 6.025, 6.025, 100, 0.0
2021-05-25 10:43:00, 6.025, 6.025, 6.02, 6.02, 601, 0.0
2021-05-25 10:45:00, 6.025, 6.03, 6.025, 6.03, 1500, 0.0
2021-05-25 10:46:00, 6.025, 6.04, 6.025, 6.035, 5200, 0.0
2021-05-25 10:47:00, 6.035, 6.035, 6.035, 6.035, 140, 0.0
2021-05-25 10:48:00, 6.035, 6.035, 6.035, 6.035, 100, 0.0
2021-05-25 10:49:00, 6.035, 6.035, 6.035, 6.035, 1000, 0.0
2021-05-25 10:50:00, 6.035, 6.035, 6.035, 6.035, 100, 0.0
2021-05-25 10:51:00, 6.035, 6.035, 6.02, 6.02, 3763, 0.0
2021-05-25 10:52:00, 6.02, 6.02, 6.02, 6.02, 161, 0.0
2021-05-25 10:53:00, 6.025, 6.025, 6.025, 6.025, 100, 0.0
2021-05-25 10:54:00, 6.02, 6.02, 6.02, 6.02, 700, 0.0
2021-05-25 10:55:00, 6.02, 6.02, 6.02, 6.02, 1474, 0.0
2021-05-25 10:56:00, 6.02, 6.02, 6.02, 6.02, 797, 0.0
2021-05-25 10:57:00, 6.025, 6.025, 6.025, 6.025, 201, 0.0
2021-05-25 10:58:00, 6.025, 6.025, 6.025, 6.025, 100, 0.0
2021-05-25 10:59:00, 6.025, 6.025, 6.025, 6.025, 200, 0.0
2021-05-25 11:00:00, 6.02, 6.02, 6.015, 6.015, 3100, 0.0
2021-05-25 11:01:00, 6.015, 6.015, 6.015, 6.015, 500, 0.0
2021-05-25 11:02:00, 6.015, 6.015, 6.015, 6.015, 4106, 0.0
2021-05-25 11:03:00, 6.015, 6.015, 6.015, 6.015, 900, 0.0
2021-05-25 11:04:00, 6.015, 6.015, 6.015, 6.015, 426, 0.0
2021-05-25 11:05:00, 6.015, 6.015, 6.015, 6.015, 200, 0.0
2021-05-25 11:06:00, 6.015, 6.015, 6.015, 6.015, 100, 0.0
2021-05-25 11:08:00, 6.02, 6.025, 6.02, 6.025, 600, 0.0
2021-05-25 11:09:00, 6.025, 6.025, 6.025, 6.025, 1000, 0.0
2021-05-25 11:10:00, 6.025, 6.025, 6.025, 6.025, 403, 0.0
2021-05-25 11:11:00, 6.025, 6.025, 6.025, 6.025, 100, 0.0
2021-05-25 11:12:00, 6.02, 6.02, 6.02, 6.02, 411, 0.0
2021-05-25 11:13:00, 6.015, 6.015, 6.015, 6.015, 486, 0.0
2021-05-25 11:18:00, 6.015, 6.015, 6.015, 6.015, 357, 0.0
2021-05-25 11:20:00, 6.02, 6.02, 6.02, 6.02, 600, 0.0
2021-05-25 11:21:00, 6.02, 6.02, 6.02, 6.02, 2300, 0.0
2021-05-25 11:22:00, 6.02, 6.02, 6.02, 6.02, 300, 0.0
2021-05-25 11:23:00, 6.02, 6.02, 6.02, 6.02, 301, 0.0
2021-05-25 11:24:00, 6.015, 6.015, 6.015, 6.015, 100, 0.0
2021-05-25 11:25:00, 6.015, 6.015, 6.015, 6.015, 400, 0.0
2021-05-25 11:26:00, 6.02, 6.02, 6.02, 6.02, 700, 0.0
2021-05-25 11:27:00, 6.015, 6.02, 6.015, 6.015, 10000, 0.0
2021-05-25 11:29:00, 6.02, 6.02, 6.02, 6.02, 415, 0.0
2021-05-25 11:30:00, 6.015, 6.015, 6.015, 6.015, 2262, 0.0
2021-05-25 11:31:00, 6.02, 6.02, 6.02, 6.02, 100, 0.0
2021-05-25 11:33:00, 6.02, 6.02, 6.02, 6.02, 100, 0.0
2021-05-25 11:34:00, 6.02, 6.02, 6.02, 6.02, 100, 0.0
2021-05-25 11:35:00, 6.015, 6.02, 6.015, 6.02, 200, 0.0
2021-05-25 11:36:00, 6.02, 6.03, 6.02, 6.03, 1900, 0.0
2021-05-25 11:37:00, 6.025, 6.025, 6.025, 6.025, 100, 0.0
2021-05-25 11:38:00, 6.015, 6.015, 6.015, 6.015, 100, 0.0
2021-05-25 11:40:00, 6.02, 6.025, 6.02, 6.025, 300, 0.0
2021-05-25 11:42:00, 6.025, 6.025, 6.025, 6.025, 153, 0.0
2021-05-25 11:43:00, 6.03, 6.03, 6.03, 6.03, 100, 0.0
2021-05-25 11:44:00, 6.03, 6.03, 6.03, 6.03, 300, 0.0
2021-05-25 11:46:00, 6.03, 6.03, 6.025, 6.025, 300, 0.0
2021-05-25 11:47:00, 6.025, 6.03, 6.025, 6.03, 500, 0.0
2021-05-25 11:48:00, 6.03, 6.03, 6.03, 6.03, 300, 0.0
2021-05-25 11:50:00, 6.025, 6.03, 6.025, 6.03, 201, 0.0
2021-05-25 11:51:00, 6.025, 6.025, 6.025, 6.025, 200, 0.0
2021-05-25 11:52:00, 6.03, 6.03, 6.03, 6.03, 100, 0.0
2021-05-25 11:53:00, 6.03, 6.035, 6.03, 6.035, 300, 0.0
2021-05-25 11:54:00, 6.04, 6.04, 6.04, 6.04, 100, 0.0
2021-05-25 11:55:00, 6.035, 6.035, 6.035, 6.035, 4098, 0.0
2021-05-25 11:58:00, 6.04, 6.04, 6.035, 6.04, 899, 0.0
2021-05-25 11:59:00, 6.035, 6.035, 6.035, 6.035, 4314, 0.0
2021-05-25 12:00:00, 6.035, 6.04, 6.035, 6.035, 13528, 0.0
2021-05-25 12:01:00, 6.035, 6.035, 6.025, 6.025, 1653, 0.0
2021-05-25 12:02:00, 6.025, 6.025, 6.025, 6.025, 9808, 0.0
2021-05-25 12:03:00, 6.025, 6.025, 6.025, 6.025, 100, 0.0
2021-05-25 12:04:00, 6.025, 6.025, 6.025, 6.025, 300, 0.0
2021-05-25 12:05:00, 6.025, 6.025, 6.02, 6.02, 4700, 0.0
2021-05-25 12:07:00, 6.025, 6.025, 6.025, 6.025, 400, 0.0
2021-05-25 12:10:00, 6.025, 6.025, 6.025, 6.025, 1700, 0.0
2021-05-25 12:11:00, 6.025, 6.025, 6.02, 6.02, 5299, 0.0
2021-05-25 12:12:00, 6.02, 6.02, 6.015, 6.015, 942, 0.0
2021-05-25 12:16:00, 6.01, 6.02, 6.01, 6.02, 2900, 0.0
2021-05-25 12:17:00, 6.02, 6.02, 6.02, 6.02, 1158, 0.0
2021-05-25 12:18:00, 6.02, 6.025, 6.02, 6.025, 1300, 0.0
2021-05-25 12:19:00, 6.025, 6.025, 6.025, 6.025, 732, 0.0
2021-05-25 12:20:00, 6.025, 6.025, 6.025, 6.025, 100, 0.0
2021-05-25 12:22:00, 6.025, 6.025, 6.025, 6.025, 200, 0.0
2021-05-25 12:23:00, 6.025, 6.025, 6.025, 6.025, 1241, 0.0
2021-05-25 12:24:00, 6.025, 6.025, 6.025, 6.025, 200, 0.0
2021-05-25 12:25:00, 6.025, 6.025, 6.025, 6.025, 500, 0.0
2021-05-25 12:26:00, 6.025, 6.025, 6.025, 6.025, 100, 0.0
2021-05-25 12:27:00, 6.025, 6.025, 6.025, 6.025, 509, 0.0
2021-05-25 12:28:00, 6.025, 6.025, 6.025, 6.025, 903, 0.0
2021-05-25 12:29:00, 6.025, 6.025, 6.025, 6.025, 201, 0.0
2021-05-25 12:30:00, 6.025, 6.025, 6.025, 6.025, 200, 0.0
2021-05-25 12:31:00, 6.02, 6.02, 6.015, 6.015, 4348, 0.0
2021-05-25 12:32:00, 6.01, 6.01, 6.01, 6.01, 3100, 0.0
2021-05-25 12:35:00, 6.01, 6.015, 6.01, 6.01, 2254, 0.0
2021-05-25 12:36:00, 6.01, 6.01, 6.01, 6.01, 230, 0.0
2021-05-25 12:37:00, 6.01, 6.01, 6.01, 6.01, 407, 0.0
2021-05-25 12:38:00, 6.01, 6.015, 6.01, 6.015, 400, 0.0
2021-05-25 12:39:00, 6.01, 6.01, 6.01, 6.01, 100, 0.0
2021-05-25 12:41:00, 6.01, 6.01, 6.01, 6.01, 227, 0.0
2021-05-25 12:42:00, 6.01, 6.01, 6.005, 6.005, 5548, 0.0
2021-05-25 12:43:00, 6.005, 6.005, 6.005, 6.005, 311, 0.0
2021-05-25 12:44:00, 6.005, 6.005, 6.005, 6.005, 200, 0.0
2021-05-25 12:45:00, 6.005, 6.005, 6.005, 6.005, 400, 0.0
2021-05-25 12:46:00, 6.005, 6.005, 6, 6, 419, 0.0
2021-05-25 12:47:00, 6, 6, 6, 6, 1481, 0.0
2021-05-25 12:49:00, 6, 6, 6, 6, 100, 0.0
2021-05-25 12:51:00, 6.005, 6.005, 6, 6, 801, 0.0
2021-05-25 12:52:00, 6, 6.005, 6, 6, 1198, 0.0
2021-05-25 12:53:00, 6, 6, 6, 6, 401, 0.0
2021-05-25 12:54:00, 6, 6, 6, 6, 437, 0.0
2021-05-25 12:55:00, 6.005, 6.005, 6.005, 6.005, 200, 0.0
2021-05-25 12:56:00, 6.005, 6.005, 6.005, 6.005, 400, 0.0
2021-05-25 13:00:00, 6, 6, 6, 6, 1254, 0.0
2021-05-25 13:01:00, 6, 6, 5.995, 5.995, 487, 0.0
2021-05-25 13:02:00, 5.995, 6, 5.995, 6, 5400, 0.0
2021-05-25 13:03:00, 6, 6, 6, 6, 500, 0.0
2021-05-25 13:05:00, 6.005, 6.005, 6.005, 6.005, 5617, 0.0
2021-05-25 13:07:00, 6.01, 6.01, 6.01, 6.01, 700, 0.0
2021-05-25 13:11:00, 6.005, 6.01, 6.005, 6.01, 3202, 0.0
2021-05-25 13:13:00, 6.01, 6.01, 6.01, 6.01, 12099, 0.0
2021-05-25 13:14:00, 6.005, 6.005, 6.005, 6.005, 15300, 0.0
2021-05-25 13:15:00, 6.005, 6.005, 6, 6, 8339, 0.0
2021-05-25 13:16:00, 6, 6, 6, 6, 2600, 0.0
2021-05-25 13:17:00, 5.995, 5.995, 5.995, 5.995, 300, 0.0
2021-05-25 13:18:00, 6, 6, 6, 6, 886, 0.0
2021-05-25 13:22:00, 6, 6, 6, 6, 300, 0.0
2021-05-25 13:23:00, 6, 6, 6, 6, 2100, 0.0
2021-05-25 13:24:00, 6, 6, 6, 6, 200, 0.0
2021-05-25 13:25:00, 6, 6, 6, 6, 899, 0.0
2021-05-25 13:26:00, 6, 6, 6, 6, 500, 0.0
2021-05-25 13:27:00, 6, 6, 6, 6, 201, 0.0
2021-05-25 13:29:00, 5.995, 5.995, 5.995, 5.995, 100, 0.0
2021-05-25 13:30:00, 5.995, 6, 5.995, 6, 661, 0.0
2021-05-25 13:31:00, 6, 6, 6, 6, 330, 0.0
2021-05-25 13:32:00, 6.005, 6.005, 6.005, 6.005, 9500, 0.0
2021-05-25 13:33:00, 6.005, 6.005, 6.005, 6.005, 100, 0.0
2021-05-25 13:35:00, 6.01, 6.015, 6.005, 6.015, 13700, 0.0
2021-05-25 13:39:00, 6.015, 6.015, 6.015, 6.015, 120, 0.0
2021-05-25 13:40:00, 6.015, 6.015, 6.015, 6.015, 400, 0.0
2021-05-25 13:41:00, 6.015, 6.015, 6.015, 6.015, 111, 0.0
2021-05-25 13:42:00, 6.015, 6.015, 6.015, 6.015, 100, 0.0
2021-05-25 13:43:00, 6.015, 6.015, 6.015, 6.015, 4000, 0.0
2021-05-25 13:45:00, 6.015, 6.015, 6.015, 6.015, 100, 0.0
2021-05-25 13:49:00, 6.015, 6.015, 6.015, 6.015, 100, 0.0
2021-05-25 13:50:00, 6.015, 6.015, 6.015, 6.015, 500, 0.0
2021-05-25 13:52:00, 6.015, 6.015, 6.015, 6.015, 200, 0.0
2021-05-25 13:53:00, 6.015, 6.015, 6.015, 6.015, 710, 0.0
2021-05-25 13:54:00, 6.015, 6.015, 6.015, 6.015, 100, 0.0
2021-05-25 13:55:00, 6.015, 6.015, 6.015, 6.015, 420, 0.0
2021-05-25 13:57:00, 6.015, 6.015, 6.015, 6.015, 820, 0.0
2021-05-25 13:58:00, 6.015, 6.015, 6.015, 6.015, 500, 0.0
2021-05-25 13:59:00, 6.015, 6.015, 6.015, 6.015, 601, 0.0
2021-05-25 14:00:00, 6.015, 6.015, 6.005, 6.005, 12174, 0.0
2021-05-25 14:01:00, 6, 6, 6, 6, 100, 0.0
2021-05-25 14:02:00, 6, 6.005, 6, 6.005, 798, 0.0
2021-05-25 14:03:00, 6, 6, 6, 6, 100, 0.0
2021-05-25 14:04:00, 6, 6, 6, 6, 873, 0.0
2021-05-25 14:05:00, 6, 6, 5.995, 5.995, 1051, 0.0
2021-05-25 14:09:00, 6, 6, 6, 6, 23797, 0.0
2021-05-25 14:11:00, 5.995, 5.995, 5.995, 5.995, 900, 0.0
2021-05-25 14:13:00, 6, 6, 6, 6, 200, 0.0
2021-05-25 14:14:00, 6, 6, 6, 6, 700, 0.0
2021-05-25 14:15:00, 6, 6, 5.995, 5.995, 3961, 0.0
2021-05-25 14:16:00, 6, 6, 6, 6, 128, 0.0
2021-05-25 14:19:00, 6, 6, 6, 6, 510, 0.0
2021-05-25 14:22:00, 6.005, 6.005, 6.005, 6.005, 109, 0.0
2021-05-25 14:29:00, 6.005, 6.005, 6.005, 6.005, 113, 0.0
2021-05-25 14:30:00, 6, 6, 5.99, 5.99, 4186, 0.0
2021-05-25 14:32:00, 5.995, 5.995, 5.995, 5.995, 200, 0.0
2021-05-25 14:33:00, 5.995, 5.995, 5.995, 5.995, 100, 0.0
2021-05-25 14:34:00, 5.99, 5.99, 5.99, 5.99, 1942, 0.0
2021-05-25 14:35:00, 5.99, 5.99, 5.99, 5.99, 2574, 0.0
2021-05-25 14:36:00, 5.99, 5.99, 5.99, 5.99, 1204, 0.0
2021-05-25 14:37:00, 5.99, 5.995, 5.99, 5.995, 1693, 0.0
2021-05-25 14:39:00, 5.995, 5.995, 5.995, 5.995, 6300, 0.0
2021-05-25 14:40:00, 5.995, 5.995, 5.995, 5.995, 200, 0.0
2021-05-25 14:41:00, 5.995, 5.995, 5.995, 5.995, 100, 0.0
2021-05-25 14:42:00, 5.995, 5.995, 5.995, 5.995, 600, 0.0
2021-05-25 14:43:00, 5.995, 5.995, 5.995, 5.995, 400, 0.0
2021-05-25 14:44:00, 5.995, 5.995, 5.995, 5.995, 500, 0.0
2021-05-25 14:45:00, 5.995, 5.995, 5.995, 5.995, 369, 0.0
2021-05-25 14:46:00, 6, 6, 5.995, 6, 965, 0.0
2021-05-25 14:47:00, 6, 6, 6, 6, 2100, 0.0
2021-05-25 14:48:00, 5.99, 5.99, 5.99, 5.99, 1477, 0.0
2021-05-25 14:49:00, 5.99, 5.99, 5.985, 5.985, 1700, 0.0
2021-05-25 14:50:00, 5.97, 5.975, 5.95, 5.95, 38842, 0.0
2021-05-25 14:51:00, 5.955, 5.96, 5.955, 5.955, 2900, 0.0
2021-05-25 14:52:00, 5.955, 5.965, 5.955, 5.965, 9701, 0.0
2021-05-25 14:53:00, 5.97, 5.975, 5.97, 5.975, 2825, 0.0
2021-05-25 14:54:00, 5.975, 5.975, 5.965, 5.965, 28030, 0.0
2021-05-25 14:55:00, 5.96, 5.96, 5.955, 5.955, 12306, 0.0
2021-05-25 14:56:00, 5.955, 5.965, 5.955, 5.965, 6454, 0.0
2021-05-25 14:57:00, 5.965, 5.98, 5.965, 5.97, 72046, 0.0
2021-05-25 14:58:00, 5.97, 5.985, 5.97, 5.985, 10269, 0.0
2021-05-25 14:59:00, 5.99, 5.99, 5.985, 5.99, 2719, 0.0
2021-05-26 08:30:00, 6.025, 6.03, 6.005, 6.005, 2201, 0.0
2021-05-26 08:31:00, 6.02, 6.025, 6.02, 6.025, 1115, 0.0
2021-05-26 08:32:00, 6.03, 6.03, 6.03, 6.03, 914, 0.0
2021-05-26 08:33:00, 6.04, 6.05, 6.04, 6.04, 1822, 0.0
2021-05-26 08:34:00, 6.025, 6.025, 6, 6, 1400, 0.0
2021-05-26 08:35:00, 6.005, 6.01, 6.005, 6.005, 2000, 0.0
2021-05-26 08:36:00, 6, 6.01, 6, 6, 1699, 0.0
2021-05-26 08:37:00, 6.02, 6.02, 6.01, 6.015, 7694, 0.0
2021-05-26 08:38:00, 6.01, 6.01, 6.01, 6.01, 1879, 0.0
2021-05-26 08:39:00, 6.01, 6.02, 6.01, 6.02, 1622, 0.0
2021-05-26 08:40:00, 6.02, 6.02, 6.02, 6.02, 702, 0.0
2021-05-26 08:41:00, 6.02, 6.02, 6.01, 6.01, 2534, 0.0
2021-05-26 08:42:00, 6.02, 6.02, 6, 6, 3857, 0.0
2021-05-26 08:43:00, 6, 6, 6, 6, 600, 0.0
2021-05-26 08:44:00, 6.01, 6.015, 6.01, 6.015, 600, 0.0
2021-05-26 08:45:00, 6.01, 6.01, 6.01, 6.01, 200, 0.0
2021-05-26 08:47:00, 6.01, 6.01, 6.01, 6.01, 900, 0.0
2021-05-26 08:48:00, 6.03, 6.03, 6.03, 6.03, 816, 0.0
2021-05-26 08:49:00, 6.04, 6.04, 6.04, 6.04, 1400, 0.0
2021-05-26 08:50:00, 6.04, 6.045, 6.04, 6.045, 900, 0.0
2021-05-26 08:51:00, 6.04, 6.04, 6.03, 6.03, 7700, 0.0
2021-05-26 08:53:00, 6.04, 6.04, 6.04, 6.04, 1200, 0.0
2021-05-26 08:54:00, 6.04, 6.04, 6.04, 6.04, 798, 0.0
2021-05-26 08:56:00, 6.05, 6.05, 6.05, 6.05, 1200, 0.0
2021-05-26 08:57:00, 6.05, 6.05, 6.05, 6.05, 1494, 0.0
2021-05-26 08:58:00, 6.05, 6.05, 6.05, 6.05, 101, 0.0
2021-05-26 08:59:00, 6.055, 6.055, 6.055, 6.055, 659, 0.0
2021-05-26 09:00:00, 6.05, 6.05, 6.05, 6.05, 6410, 0.0
2021-05-26 09:01:00, 6.05, 6.05, 6.05, 6.05, 200, 0.0
2021-05-26 09:02:00, 6.04, 6.04, 6.04, 6.04, 100, 0.0
2021-05-26 09:03:00, 6.045, 6.045, 6.045, 6.045, 100, 0.0
2021-05-26 09:04:00, 6.045, 6.045, 6.045, 6.045, 100, 0.0
2021-05-26 09:05:00, 6.045, 6.045, 6.045, 6.045, 905, 0.0
2021-05-26 09:06:00, 6.045, 6.045, 6.03, 6.035, 5100, 0.0
2021-05-26 09:07:00, 6.035, 6.035, 6.025, 6.025, 16300, 0.0
2021-05-26 09:08:00, 6.025, 6.025, 6.025, 6.025, 200, 0.0
2021-05-26 09:09:00, 6.025, 6.03, 6.025, 6.03, 2000, 0.0
2021-05-26 09:13:00, 6.04, 6.04, 6.04, 6.04, 400, 0.0
2021-05-26 09:14:00, 6.035, 6.05, 6.035, 6.05, 4867, 0.0
2021-05-26 09:15:00, 6.06, 6.06, 6.06, 6.06, 1408, 0.0
2021-05-26 09:16:00, 6.06, 6.06, 6.06, 6.06, 1900, 0.0
2021-05-26 09:17:00, 6.06, 6.06, 6.06, 6.06, 699, 0.0
2021-05-26 09:18:00, 6.06, 6.06, 6.06, 6.06, 501, 0.0
2021-05-26 09:19:00, 6.055, 6.055, 6.055, 6.055, 182, 0.0
2021-05-26 09:20:00, 6.06, 6.06, 6.06, 6.06, 3700, 0.0
2021-05-26 09:22:00, 6.06, 6.06, 6.06, 6.06, 2200, 0.0
2021-05-26 09:23:00, 6.06, 6.06, 6.06, 6.06, 3701, 0.0
2021-05-26 09:24:00, 6.06, 6.06, 6.06, 6.06, 1912, 0.0
2021-05-26 09:25:00, 6.06, 6.06, 6.06, 6.06, 1490, 0.0
2021-05-26 09:28:00, 6.07, 6.07, 6.07, 6.07, 2800, 0.0
2021-05-26 09:29:00, 6.07, 6.07, 6.07, 6.07, 2270, 0.0
2021-05-26 09:30:00, 6.07, 6.07, 6.07, 6.07, 530, 0.0
2021-05-26 09:34:00, 6.075, 6.075, 6.07, 6.07, 13947, 0.0
2021-05-26 09:36:00, 6.065, 6.065, 6.065, 6.065, 100, 0.0
2021-05-26 09:38:00, 6.065, 6.065, 6.065, 6.065, 200, 0.0
2021-05-26 09:40:00, 6.065, 6.065, 6.065, 6.065, 720, 0.0
2021-05-26 09:42:00, 6.065, 6.065, 6.065, 6.065, 213, 0.0
2021-05-26 09:43:00, 6.065, 6.065, 6.065, 6.065, 111, 0.0
2021-05-26 09:44:00, 6.065, 6.065, 6.065, 6.065, 400, 0.0
2021-05-26 09:45:00, 6.065, 6.065, 6.065, 6.065, 400, 0.0
2021-05-26 09:46:00, 6.065, 6.065, 6.065, 6.065, 1000, 0.0
2021-05-26 09:47:00, 6.065, 6.065, 6.065, 6.065, 505, 0.0
2021-05-26 09:48:00, 6.065, 6.065, 6.06, 6.06, 3507, 0.0
2021-05-26 09:49:00, 6.055, 6.055, 6.055, 6.055, 597, 0.0
2021-05-26 09:50:00, 6.06, 6.06, 6.06, 6.06, 200, 0.0
2021-05-26 09:52:00, 6.06, 6.065, 6.06, 6.065, 6200, 0.0
2021-05-26 09:55:00, 6.065, 6.065, 6.065, 6.065, 100, 0.0
2021-05-26 09:56:00, 6.07, 6.075, 6.07, 6.075, 1308, 0.0
2021-05-26 09:58:00, 6.075, 6.075, 6.075, 6.075, 100, 0.0
2021-05-26 09:59:00, 6.075, 6.075, 6.06, 6.06, 8902, 0.0
2021-05-26 10:00:00, 6.06, 6.06, 6.06, 6.06, 201, 0.0
2021-05-26 10:01:00, 6.06, 6.06, 6.06, 6.06, 697, 0.0
2021-05-26 10:03:00, 6.06, 6.06, 6.06, 6.06, 686, 0.0
2021-05-26 10:04:00, 6.06, 6.06, 6.06, 6.06, 405, 0.0
2021-05-26 10:06:00, 6.06, 6.06, 6.06, 6.06, 291, 0.0
2021-05-26 10:08:00, 6.06, 6.06, 6.06, 6.06, 393, 0.0
2021-05-26 10:09:00, 6.06, 6.06, 6.06, 6.06, 591, 0.0
2021-05-26 10:10:00, 6.06, 6.06, 6.06, 6.06, 902, 0.0
2021-05-26 10:11:00, 6.06, 6.06, 6.055, 6.055, 1004, 0.0
2021-05-26 10:12:00, 6.055, 6.06, 6.055, 6.06, 200, 0.0
2021-05-26 10:15:00, 6.055, 6.055, 6.055, 6.055, 100, 0.0
2021-05-26 10:17:00, 6.05, 6.05, 6.05, 6.05, 300, 0.0
2021-05-26 10:18:00, 6.04, 6.04, 6.04, 6.04, 399, 0.0
2021-05-26 10:20:00, 6.04, 6.04, 6.04, 6.04, 200, 0.0
2021-05-26 10:21:00, 6.04, 6.04, 6.035, 6.035, 3418, 0.0
2021-05-26 10:22:00, 6.035, 6.04, 6.035, 6.04, 5700, 0.0
2021-05-26 10:23:00, 6.045, 6.045, 6.045, 6.045, 100, 0.0
2021-05-26 10:24:00, 6.04, 6.04, 6.04, 6.04, 402, 0.0
2021-05-26 10:25:00, 6.04, 6.04, 6.04, 6.04, 494, 0.0
2021-05-26 10:26:00, 6.04, 6.04, 6.04, 6.04, 396, 0.0
2021-05-26 10:27:00, 6.045, 6.045, 6.045, 6.045, 600, 0.0
2021-05-26 10:28:00, 6.04, 6.04, 6.04, 6.04, 146, 0.0
2021-05-26 10:31:00, 6.04, 6.04, 6.04, 6.04, 1100, 0.0
2021-05-26 10:32:00, 6.04, 6.04, 6.04, 6.04, 704, 0.0
2021-05-26 10:35:00, 6.045, 6.045, 6.045, 6.045, 300, 0.0
2021-05-26 10:36:00, 6.045, 6.045, 6.045, 6.045, 103, 0.0
2021-05-26 10:37:00, 6.045, 6.045, 6.045, 6.045, 400, 0.0
2021-05-26 10:39:00, 6.045, 6.045, 6.045, 6.045, 105, 0.0
2021-05-26 10:40:00, 6.045, 6.045, 6.045, 6.045, 104, 0.0
2021-05-26 10:41:00, 6.045, 6.045, 6.045, 6.045, 100, 0.0
2021-05-26 10:43:00, 6.045, 6.045, 6.045, 6.045, 204, 0.0
2021-05-26 10:44:00, 6.045, 6.045, 6.045, 6.045, 400, 0.0
