Date, Open, High, Low, Close, Volume, Open Interest
2021-05-10 13:00:00, 506.78, 506.86, 506.19, 506.19, 489, 0.0
2021-05-10 13:05:00, 506.71, 506.71, 506.62, 506.62, 213, 0.0
2021-05-10 13:10:00, 506.44, 506.44, 506.44, 506.44, 101, 0.0
2021-05-10 13:15:00, 505.66, 505.66, 504.365, 504.7, 1420, 0.0
2021-05-10 13:20:00, 503.94, 504.485, 503.82, 504.27, 900, 0.0
2021-05-10 13:30:00, 502.085, 502.75, 502.085, 502.75, 570, 0.0
2021-05-10 13:35:00, 503.5, 504.16, 503.5, 504.16, 313, 0.0
2021-05-10 13:40:00, 503.25, 503.25, 503.25, 503.25, 114, 0.0
2021-05-10 13:45:00, 503.3, 505.46, 503.28, 505.46, 791, 0.0
2021-05-10 13:50:00, 504.5, 504.69, 504.5, 504.69, 313, 0.0
2021-05-10 13:55:00, 503.45, 503.73, 503.28, 503.73, 932, 0.0
2021-05-10 14:00:00, 504.275, 504.275, 504.275, 504.275, 119, 0.0
2021-05-10 14:05:00, 503.16, 503.42, 503.16, 503.42, 460, 0.0
2021-05-10 14:10:00, 503.05, 503.395, 503, 503.395, 591, 0.0
2021-05-10 14:15:00, 503.345, 503.345, 503.345, 503.345, 114, 0.0
2021-05-10 14:20:00, 501.91, 501.91, 501.54, 501.84, 685, 0.0
2021-05-10 14:25:00, 502.15, 502.15, 502.15, 502.15, 156, 0.0
2021-05-10 14:30:00, 502.6, 502.62, 501.585, 501.585, 820, 0.0
2021-05-10 14:35:00, 501.25, 501.465, 501.02, 501.34, 1075, 0.0
2021-05-10 14:40:00, 501.395, 501.645, 501.395, 501.645, 1506, 0.0
2021-05-10 14:45:00, 501.81, 502.31, 501.08, 501.845, 3754, 0.0
2021-05-10 14:50:00, 501.57, 503.31, 501.17, 502.665, 5625, 0.0
2021-05-10 14:55:00, 502.67, 502.71, 502.05, 502.32, 3665, 0.0
2021-05-11 08:30:00, 498.03, 498.03, 494.72, 494.8, 1642, 0.0
2021-05-11 08:35:00, 498.9, 499.08, 497.28, 497.28, 878, 0.0
2021-05-11 08:40:00, 502.18, 502.18, 501.31, 501.31, 718, 0.0
2021-05-11 08:45:00, 503.14, 504.14, 503.01, 503.98, 741, 0.0
2021-05-11 08:50:00, 504.15, 504.15, 502.23, 502.42, 1301, 0.0
2021-05-11 08:55:00, 502.01, 503.44, 502.01, 503.44, 454, 0.0
2021-05-11 09:00:00, 502.78, 502.78, 502.78, 502.78, 111, 0.0
2021-05-11 09:05:00, 503.16, 504.95, 503.16, 504.95, 313, 0.0
2021-05-11 09:10:00, 505.31, 505.31, 502.12, 502.78, 1275, 0.0
2021-05-11 09:20:00, 505.825, 505.825, 505.68, 505.68, 237, 0.0
2021-05-11 09:25:00, 504.82, 504.82, 503.61, 503.61, 713, 0.0
2021-05-11 09:30:00, 503.56, 503.56, 503.56, 503.56, 148, 0.0
2021-05-11 09:35:00, 504.01, 504.01, 503.85, 503.85, 473, 0.0
2021-05-11 09:40:00, 503.91, 504.32, 503.91, 504.32, 330, 0.0
2021-05-11 09:45:00, 503.52, 504.34, 503.39, 504.34, 467, 0.0
2021-05-11 09:50:00, 504.15, 504.15, 504.15, 504.15, 101, 0.0
2021-05-11 09:55:00, 504.07, 504.09, 503.92, 503.92, 804, 0.0
2021-05-11 10:00:00, 503.46, 503.46, 503.46, 503.46, 111, 0.0
2021-05-11 10:05:00, 503.69, 503.69, 503.69, 503.69, 253, 0.0
2021-05-11 10:10:00, 504.66, 504.66, 503.905, 503.905, 588, 0.0
2021-05-11 10:15:00, 504.51, 504.51, 504.51, 504.51, 100, 0.0
2021-05-11 10:20:00, 506.31, 507.065, 506.31, 506.83, 866, 0.0
2021-05-11 10:25:00, 506.99, 507.61, 506.99, 507.61, 684, 0.0
2021-05-11 10:35:00, 508.505, 508.52, 508.35, 508.4, 953, 0.0
2021-05-11 10:40:00, 507.14, 507.14, 507.14, 507.14, 108, 0.0
2021-05-11 10:45:00, 504.55, 504.55, 504.49, 504.49, 203, 0.0
2021-05-11 10:50:00, 505.075, 506.04, 505.075, 505.55, 4173, 0.0
2021-05-11 10:55:00, 506.05, 506.05, 506.05, 506.05, 384, 0.0
2021-05-11 11:05:00, 505.11, 505.11, 505.11, 505.11, 221, 0.0
2021-05-11 11:10:00, 504.75, 504.75, 504.75, 504.75, 143, 0.0
2021-05-11 11:15:00, 504.18, 504.18, 504.15, 504.15, 273, 0.0
2021-05-11 11:20:00, 504.045, 504.045, 504.045, 504.045, 112, 0.0
2021-05-11 11:25:00, 502.56, 502.56, 502.56, 502.56, 335, 0.0
2021-05-11 11:30:00, 501.72, 501.74, 501.72, 501.74, 234, 0.0
2021-05-11 11:35:00, 502.31, 502.9, 502.31, 502.9, 234, 0.0
2021-05-11 11:40:00, 502.81, 502.81, 502.81, 502.81, 102, 0.0
2021-05-11 11:45:00, 502.43, 502.43, 502.29, 502.29, 207, 0.0
2021-05-11 11:50:00, 502.84, 502.84, 502.47, 502.47, 205, 0.0
2021-05-11 11:55:00, 503.455, 504.135, 503.3, 504.135, 894, 0.0
2021-05-11 12:00:00, 504.57, 505.28, 504.57, 505.28, 712, 0.0
2021-05-11 12:05:00, 504.59, 505.11, 504.59, 504.7, 792, 0.0
2021-05-11 12:10:00, 504.54, 504.54, 504.5, 504.5, 287, 0.0
2021-05-11 12:15:00, 504, 504.45, 504, 504.4, 765, 0.0
2021-05-11 12:20:00, 504.39, 504.39, 504.32, 504.32, 401, 0.0
2021-05-11 12:25:00, 504.88, 504.88, 504.88, 504.88, 101, 0.0
2021-05-11 12:30:00, 505.72, 506.01, 505.72, 506.01, 244, 0.0
2021-05-11 12:35:00, 505.92, 505.92, 505.92, 505.92, 104, 0.0
2021-05-11 12:40:00, 505.49, 505.49, 505.41, 505.41, 381, 0.0
2021-05-11 12:45:00, 506.12, 506.12, 506.12, 506.12, 112, 0.0
2021-05-11 12:50:00, 505.64, 505.64, 505.64, 505.64, 101, 0.0
2021-05-11 12:55:00, 505.375, 505.82, 505.375, 505.7, 887, 0.0
2021-05-11 13:00:00, 506.3, 506.3, 505.995, 505.995, 303, 0.0
2021-05-11 13:05:00, 506.08, 506.08, 506.08, 506.08, 207, 0.0
2021-05-11 13:10:00, 503.83, 503.83, 503.83, 503.83, 134, 0.0
2021-05-11 13:15:00, 503.67, 504.335, 503.67, 504.2, 1037, 0.0
2021-05-11 13:20:00, 504.29, 504.675, 504.29, 504.675, 317, 0.0
2021-05-11 13:25:00, 504.66, 504.72, 504.66, 504.72, 308, 0.0
2021-05-11 13:30:00, 503.73, 504.22, 503.73, 504, 818, 0.0
2021-05-11 13:35:00, 503.93, 504.64, 503.92, 504.47, 1548, 0.0
2021-05-11 13:40:00, 503.955, 503.955, 503.955, 503.955, 102, 0.0
2021-05-11 13:50:00, 503.12, 503.12, 502.535, 502.565, 575, 0.0
2021-05-11 14:00:00, 501.97, 502.23, 501.95, 502.14, 918, 0.0
2021-05-11 14:05:00, 501.925, 501.925, 501.72, 501.72, 202, 0.0
2021-05-11 14:10:00, 501.935, 502.265, 501.93, 502.265, 617, 0.0
2021-05-11 14:15:00, 502.7, 502.7, 502.69, 502.69, 600, 0.0
2021-05-11 14:20:00, 503.62, 503.62, 503.21, 503.27, 316, 0.0
2021-05-11 14:25:00, 503.63, 503.72, 503.02, 503.2, 763, 0.0
2021-05-11 14:30:00, 502.41, 502.41, 501.78, 501.8, 490, 0.0
2021-05-11 14:35:00, 501.09, 501.09, 500.42, 500.72, 907, 0.0
2021-05-11 14:40:00, 500.7, 500.73, 500.36, 500.49, 663, 0.0
2021-05-11 14:45:00, 500.61, 500.85, 500.58, 500.7, 857, 0.0
2021-05-11 14:50:00, 500.82, 501.69, 500.82, 501.69, 1046, 0.0
2021-05-11 14:55:00, 501.56, 501.775, 501.025, 501.19, 4294, 0.0
2021-05-12 08:45:00, 508.98, 509.97, 508.98, 509.97, 219, 0.0
2021-05-12 08:50:00, 508.91, 508.91, 508.91, 508.91, 198, 0.0
2021-05-12 08:55:00, 507.09, 507.09, 507.09, 507.09, 166, 0.0
2021-05-12 09:00:00, 506.47, 506.47, 506.47, 506.47, 100, 0.0
2021-05-12 09:05:00, 507.28, 507.29, 507.22, 507.29, 523, 0.0
2021-05-12 09:10:00, 508.01, 508.01, 508.01, 508.01, 177, 0.0
2021-05-12 09:15:00, 508.3, 508.3, 508.3, 508.3, 168, 0.0
2021-05-12 09:20:00, 509.45, 509.8, 509.24, 509.8, 599, 0.0
2021-05-12 09:25:00, 510, 510, 508.28, 508.28, 738, 0.0
2021-05-12 09:30:00, 506.16, 506.16, 506, 506, 421, 0.0
2021-05-12 09:35:00, 506.67, 507.99, 506.67, 507.99, 378, 0.0
2021-05-12 09:40:00, 508.08, 508.1, 508.08, 508.1, 1267, 0.0
2021-05-12 09:45:00, 508.69, 508.87, 506.745, 506.745, 692, 0.0
2021-05-12 09:50:00, 506.72, 507.74, 506.58, 507.74, 566, 0.0
2021-05-12 09:55:00, 507.66, 507.66, 507.66, 507.66, 119, 0.0
2021-05-12 10:00:00, 507.97, 509.27, 507.97, 509.27, 788, 0.0
2021-05-12 10:05:00, 509.48, 509.94, 509.31, 509.94, 483, 0.0
2021-05-12 10:10:00, 510.75, 510.75, 510.22, 510.265, 721, 0.0
2021-05-12 10:25:00, 510.03, 510.03, 508.97, 508.97, 476, 0.0
2021-05-12 10:30:00, 508.72, 508.95, 508.72, 508.95, 414, 0.0
2021-05-12 10:35:00, 509.01, 509.01, 509.01, 509.01, 270, 0.0
2021-05-12 10:40:00, 510, 510.19, 510, 510.16, 610, 0.0
2021-05-12 10:45:00, 510.01, 510.06, 509.33, 509.33, 796, 0.0
2021-05-12 10:50:00, 509.02, 509.02, 508.81, 508.81, 410, 0.0
2021-05-12 10:55:00, 508.64, 508.64, 508.005, 508.005, 359, 0.0
2021-05-12 11:00:00, 510.15, 510.43, 510.05, 510.11, 732, 0.0
2021-05-12 11:05:00, 510.33, 510.33, 510.22, 510.22, 376, 0.0
2021-05-12 11:10:00, 510.09, 510.09, 508.95, 508.95, 507, 0.0
2021-05-12 11:15:00, 508.66, 508.765, 508.1, 508.765, 707, 0.0
2021-05-12 11:20:00, 509.22, 509.22, 509.22, 509.22, 165, 0.0
2021-05-12 11:25:00, 510.22, 510.91, 510.22, 510.91, 837, 0.0
2021-05-12 11:30:00, 510.245, 510.25, 510.245, 510.25, 233, 0.0
2021-05-12 11:35:00, 509.98, 512.08, 509.98, 512.08, 1887, 0.0
2021-05-12 11:40:00, 511.815, 511.815, 510.955, 511.67, 462, 0.0
2021-05-12 11:45:00, 511.63, 511.96, 511.515, 511.96, 339, 0.0
2021-05-12 11:50:00, 511.98, 512.29, 511.98, 512.29, 316, 0.0
2021-05-12 12:10:00, 513.3, 513.41, 513.3, 513.41, 369, 0.0
2021-05-12 12:15:00, 513.14, 513.345, 512.83, 512.83, 695, 0.0
2021-05-12 12:20:00, 512.165, 512.165, 512.11, 512.11, 263, 0.0
2021-05-12 12:25:00, 511.51, 512.39, 510.85, 510.85, 804, 0.0
2021-05-12 12:30:00, 510.4, 510.72, 510.38, 510.72, 822, 0.0
2021-05-12 12:35:00, 510.695, 511.06, 510.585, 510.585, 803, 0.0
2021-05-12 12:40:00, 510.08, 510.08, 509.39, 509.39, 293, 0.0
2021-05-12 12:50:00, 508.125, 509.125, 508.125, 509.125, 717, 0.0
2021-05-12 12:55:00, 509.095, 509.45, 508.675, 508.675, 1789, 0.0
2021-05-12 13:00:00, 508.67, 508.68, 508.19, 508.19, 1290, 0.0
2021-05-12 13:05:00, 508.47, 508.895, 508.47, 508.795, 892, 0.0
2021-05-12 13:10:00, 508.11, 508.825, 508.11, 508.825, 667, 0.0
2021-05-12 13:15:00, 508.465, 508.465, 507.685, 507.685, 251, 0.0
2021-05-12 13:20:00, 508.095, 508.695, 508.095, 508.57, 597, 0.0
2021-05-12 13:25:00, 508.31, 509, 508.31, 509, 738, 0.0
2021-05-12 13:30:00, 508.95, 509.4, 508.75, 509.285, 1911, 0.0
2021-05-12 13:35:00, 508.645, 509.08, 508.615, 509.08, 2375, 0.0
2021-05-12 13:40:00, 509.17, 509.85, 509.04, 509.04, 1158, 0.0
2021-05-12 13:45:00, 509.43, 509.855, 509.39, 509.855, 566, 0.0
2021-05-12 13:50:00, 510.17, 510.72, 510.09, 510.72, 1401, 0.0
2021-05-12 13:55:00, 510.665, 510.665, 510.28, 510.355, 1156, 0.0
2021-05-12 14:00:00, 509.91, 510.41, 509.91, 510.215, 689, 0.0
2021-05-12 14:05:00, 510.245, 510.44, 509.97, 510.125, 2031, 0.0
2021-05-12 14:10:00, 509.77, 509.77, 508.56, 508.69, 1517, 0.0
2021-05-12 14:15:00, 508.38, 508.38, 507.835, 507.835, 777, 0.0
2021-05-12 14:20:00, 508.33, 508.575, 508.09, 508.235, 969, 0.0
2021-05-12 14:25:00, 507.74, 508.46, 507.74, 508.46, 794, 0.0
2021-05-12 14:30:00, 508.32, 509.05, 507.96, 509.05, 955, 0.0
2021-05-12 14:35:00, 508.33, 508.705, 507.93, 507.99, 1977, 0.0
2021-05-12 14:40:00, 507.94, 508.49, 507.81, 508.49, 1856, 0.0
2021-05-12 14:45:00, 508.18, 508.44, 507.965, 508.03, 1590, 0.0
2021-05-12 14:50:00, 507.2, 507.915, 504.63, 504.63, 2939, 0.0
2021-05-12 14:55:00, 506.08, 507.255, 506.07, 506.93, 7607, 0.0
2021-05-13 08:35:00, 506.64, 506.64, 506.64, 506.64, 101, 0.0
2021-05-13 08:40:00, 506.095, 508.12, 506.095, 508.12, 464, 0.0
2021-05-13 08:45:00, 509.34, 510.49, 509.34, 510.49, 304, 0.0
2021-05-13 08:50:00, 510.64, 510.64, 510.64, 510.64, 367, 0.0
2021-05-13 08:55:00, 512, 512, 512, 512, 103, 0.0
2021-05-13 09:00:00, 513.33, 513.64, 513.33, 513.64, 511, 0.0
2021-05-13 09:05:00, 513.405, 513.405, 513.405, 513.405, 202, 0.0
2021-05-13 09:10:00, 513.81, 513.81, 513.81, 513.81, 194, 0.0
2021-05-13 09:15:00, 514, 515.885, 514, 515.885, 1206, 0.0
2021-05-13 09:20:00, 515.61, 517.56, 515.61, 517.56, 1600, 0.0
2021-05-13 09:25:00, 517.68, 517.845, 516.47, 517.455, 1238, 0.0
2021-05-13 09:30:00, 516.91, 516.91, 515.13, 515.13, 591, 0.0
2021-05-13 09:35:00, 514.64, 514.64, 513.93, 513.93, 357, 0.0
2021-05-13 09:40:00, 514.49, 514.49, 513, 513, 443, 0.0
2021-05-13 09:45:00, 514.845, 514.845, 514.845, 514.845, 102, 0.0
2021-05-13 09:50:00, 515.08, 515.08, 515.08, 515.08, 192, 0.0
2021-05-13 10:00:00, 515.795, 516.5, 515.56, 516.5, 1156, 0.0
2021-05-13 10:05:00, 516.36, 516.66, 516.14, 516.66, 302, 0.0
2021-05-13 10:10:00, 514.795, 514.88, 514.795, 514.88, 200, 0.0
2021-05-13 10:15:00, 514.59, 514.59, 514.59, 514.59, 101, 0.0
2021-05-13 10:20:00, 514.14, 514.14, 514.14, 514.14, 108, 0.0
2021-05-13 10:25:00, 514.4, 514.525, 514.4, 514.525, 200, 0.0
2021-05-13 10:30:00, 514.45, 514.45, 514.45, 514.45, 100, 0.0
2021-05-13 10:35:00, 514.94, 515.355, 514.94, 515.355, 213, 0.0
2021-05-13 10:45:00, 514.75, 515.24, 514.75, 515.24, 273, 0.0
2021-05-13 10:55:00, 515.16, 515.16, 515.16, 515.16, 337, 0.0
2021-05-13 11:00:00, 516.1, 516.1, 516.1, 516.1, 233, 0.0
2021-05-13 11:10:00, 515.86, 515.87, 515.86, 515.87, 565, 0.0
2021-05-13 11:15:00, 516.72, 516.72, 516.72, 516.72, 100, 0.0
2021-05-13 11:20:00, 516.82, 517.06, 516.78, 516.97, 835, 0.0
2021-05-13 11:25:00, 516.78, 517.21, 516.78, 517.115, 332, 0.0
2021-05-13 11:30:00, 517.52, 518.3, 517.52, 518.3, 484, 0.0
2021-05-13 11:35:00, 517.915, 517.915, 516.9, 516.9, 355, 0.0
2021-05-13 11:40:00, 517.2, 517.2, 517.2, 517.2, 136, 0.0
2021-05-13 11:45:00, 517.13, 517.13, 516.34, 516.34, 205, 0.0
2021-05-13 11:50:00, 516.055, 516.055, 516.055, 516.055, 100, 0.0
2021-05-13 11:55:00, 514.23, 514.24, 514.23, 514.24, 201, 0.0
2021-05-13 12:00:00, 515.06, 515.11, 513.56, 513.56, 503, 0.0
2021-05-13 12:10:00, 513.87, 513.87, 513.87, 513.87, 153, 0.0
2021-05-13 12:15:00, 513.95, 513.95, 513.95, 513.95, 100, 0.0
2021-05-13 12:20:00, 512.16, 512.16, 511.83, 511.83, 916, 0.0
2021-05-13 12:25:00, 512.23, 513.27, 512.02, 513.27, 667, 0.0
2021-05-13 12:30:00, 513.45, 513.45, 513.45, 513.45, 266, 0.0
2021-05-13 12:35:00, 512, 512, 512, 512, 142, 0.0
2021-05-13 12:40:00, 512.4, 513.2, 512.4, 513.2, 203, 0.0
2021-05-13 12:45:00, 512.88, 512.88, 512.475, 512.475, 620, 0.0
2021-05-13 12:50:00, 512.47, 512.52, 512.47, 512.52, 525, 0.0
2021-05-13 12:55:00, 512.93, 512.93, 512.57, 512.57, 577, 0.0
2021-05-13 13:00:00, 512.38, 513.08, 512.38, 513.08, 666, 0.0
2021-05-13 13:05:00, 513.49, 514.91, 513.49, 514.91, 431, 0.0
2021-05-13 13:10:00, 514.58, 516.43, 514.58, 516.43, 604, 0.0
2021-05-13 13:15:00, 516.22, 516.22, 516.22, 516.22, 101, 0.0
2021-05-13 13:25:00, 516.57, 516.57, 516.53, 516.53, 233, 0.0
2021-05-13 13:30:00, 516.66, 516.66, 516.66, 516.66, 192, 0.0
2021-05-13 13:35:00, 516.62, 516.64, 516.62, 516.64, 333, 0.0
2021-05-13 13:45:00, 516.21, 516.21, 516.11, 516.11, 634, 0.0
2021-05-13 13:55:00, 515.3, 515.3, 514.705, 514.705, 601, 0.0
2021-05-13 14:00:00, 514.18, 515.515, 514.14, 515.44, 992, 0.0
2021-05-13 14:05:00, 515.5, 515.6, 515.5, 515.6, 372, 0.0
2021-05-13 14:10:00, 515.63, 515.63, 515.63, 515.63, 250, 0.0
2021-05-13 14:15:00, 516.49, 516.49, 516.4, 516.4, 301, 0.0
2021-05-13 14:25:00, 516.565, 516.565, 515.51, 515.74, 566, 0.0
2021-05-13 14:30:00, 515.69, 516.22, 515.69, 516.22, 928, 0.0
2021-05-13 14:35:00, 516.06, 516.465, 516.06, 516.465, 616, 0.0
2021-05-13 14:40:00, 516.265, 516.46, 516.22, 516.46, 777, 0.0
2021-05-13 14:45:00, 516.75, 517.85, 516.605, 517.72, 2178, 0.0
2021-05-13 14:50:00, 517.605, 518.8, 517.605, 518.665, 2621, 0.0
2021-05-13 14:55:00, 517.72, 517.98, 516.99, 517.145, 1941, 0.0
2021-05-14 08:30:00, 519.7, 519.7, 517.88, 517.88, 1043, 0.0
2021-05-14 08:35:00, 515.6, 515.65, 513.9, 513.9, 655, 0.0
2021-05-14 08:40:00, 515.025, 515.025, 515.025, 515.025, 110, 0.0
2021-05-14 08:45:00, 515.4, 516.29, 515.4, 516.29, 200, 0.0
2021-05-14 08:50:00, 516.79, 516.79, 516.42, 516.42, 606, 0.0
2021-05-14 08:55:00, 515.15, 515.15, 514.1, 514.1, 514, 0.0
2021-05-14 09:00:00, 514.74, 514.74, 513.17, 513.17, 1224, 0.0
2021-05-14 09:05:00, 513.48, 513.48, 513.48, 513.48, 113, 0.0
2021-05-14 09:10:00, 512.99, 514.36, 512.99, 514.36, 1142, 0.0
2021-05-14 09:15:00, 514.59, 515.54, 514.59, 515.54, 321, 0.0
2021-05-14 09:20:00, 516.35, 516.39, 516.35, 516.39, 218, 0.0
2021-05-14 09:25:00, 514.67, 514.67, 514.27, 514.27, 438, 0.0
2021-05-14 09:30:00, 515.22, 515.22, 515.22, 515.22, 101, 0.0
2021-05-14 09:40:00, 513.58, 513.58, 513.58, 513.58, 133, 0.0
2021-05-14 09:50:00, 515.21, 515.57, 515.21, 515.57, 540, 0.0
2021-05-14 09:55:00, 516, 517.02, 516, 517.02, 200, 0.0
2021-05-14 10:00:00, 516.32, 516.405, 516.32, 516.405, 389, 0.0
2021-05-14 10:05:00, 518.24, 518.24, 518.24, 518.24, 150, 0.0
2021-05-14 10:15:00, 517.945, 518.12, 517.945, 518.12, 396, 0.0
2021-05-14 10:20:00, 518.8, 518.8, 518.8, 518.8, 150, 0.0
2021-05-14 10:25:00, 519.315, 519.315, 519.315, 519.315, 100, 0.0
2021-05-14 10:30:00, 519, 519, 518.955, 519, 669, 0.0
2021-05-14 10:35:00, 519.2, 519.2, 518.99, 519.03, 707, 0.0
2021-05-14 10:40:00, 519.02, 519.02, 519, 519, 224, 0.0
2021-05-14 10:45:00, 519, 519, 519, 519, 108, 0.0
2021-05-14 10:50:00, 519, 519, 518.71, 518.71, 916, 0.0
2021-05-14 10:55:00, 518.94, 519, 518.885, 519, 506, 0.0
2021-05-14 11:00:00, 519, 519, 518.83, 518.83, 895, 0.0
2021-05-14 11:05:00, 518.94, 518.99, 518.845, 518.98, 593, 0.0
2021-05-14 11:10:00, 518.955, 519, 518.775, 518.775, 1620, 0.0
2021-05-14 11:25:00, 518.68, 519.06, 518.68, 519.06, 483, 0.0
2021-05-14 11:30:00, 518.94, 519.39, 518.805, 519.33, 1334, 0.0
2021-05-14 11:35:00, 519.76, 520.76, 519.76, 520.68, 1871, 0.0
2021-05-14 11:40:00, 520.8, 520.8, 520.53, 520.53, 238, 0.0
2021-05-14 11:45:00, 520.475, 521.13, 519.96, 519.96, 718, 0.0
2021-05-14 11:50:00, 519.42, 520.025, 519.42, 519.42, 373, 0.0
2021-05-14 12:00:00, 518.75, 519.04, 518.75, 519.035, 668, 0.0
2021-05-14 12:05:00, 518.94, 519.205, 518.94, 519.205, 200, 0.0
2021-05-14 12:10:00, 519.25, 519.25, 518.64, 518.64, 333, 0.0
2021-05-14 12:15:00, 518.52, 518.52, 518.315, 518.315, 376, 0.0
2021-05-14 12:20:00, 518.125, 518.125, 517.96, 517.96, 259, 0.0
2021-05-14 12:25:00, 518.375, 518.375, 518.26, 518.26, 228, 0.0
2021-05-14 12:30:00, 518.98, 518.98, 518.98, 518.98, 100, 0.0
2021-05-14 12:35:00, 517.05, 517.05, 517.05, 517.05, 144, 0.0
2021-05-14 12:40:00, 516.39, 516.57, 516.18, 516.57, 492, 0.0
2021-05-14 12:45:00, 516.09, 516.09, 516.09, 516.09, 241, 0.0
2021-05-14 12:50:00, 515.67, 516.475, 515.67, 516.09, 1079, 0.0
2021-05-14 12:55:00, 515.81, 516.005, 515.81, 516.005, 430, 0.0
2021-05-14 13:00:00, 515.87, 515.87, 515.87, 515.87, 294, 0.0
2021-05-14 13:05:00, 515.765, 515.765, 515.1, 515.34, 482, 0.0
2021-05-14 13:10:00, 514.27, 514.5, 514.27, 514.5, 440, 0.0
2021-05-14 13:15:00, 514.11, 514.11, 514.11, 514.11, 147, 0.0
2021-05-14 13:20:00, 513.98, 513.98, 513.54, 513.54, 310, 0.0
2021-05-14 13:25:00, 514.12, 514.12, 514.12, 514.12, 102, 0.0
2021-05-14 13:30:00, 515, 515.63, 515, 515.48, 524, 0.0
2021-05-14 13:35:00, 515.46, 515.75, 515.46, 515.72, 419, 0.0
2021-05-14 13:40:00, 516.19, 516.19, 516.19, 516.19, 323, 0.0
2021-05-14 14:00:00, 516.62, 517.02, 516.62, 517.02, 435, 0.0
2021-05-14 14:05:00, 516.78, 517.04, 516.78, 517.04, 282, 0.0
2021-05-14 14:15:00, 516.98, 516.98, 516.98, 516.98, 137, 0.0
2021-05-14 14:20:00, 516.92, 516.92, 516.6, 516.61, 836, 0.0
2021-05-14 14:25:00, 516.715, 517.03, 516.715, 517, 1141, 0.0
2021-05-14 14:30:00, 516.6, 516.6, 516.36, 516.42, 310, 0.0
2021-05-14 14:40:00, 516.865, 516.865, 516.445, 516.51, 725, 0.0
2021-05-14 14:45:00, 516.88, 517.59, 516.88, 517.59, 978, 0.0
2021-05-14 14:50:00, 517.23, 518.32, 517.23, 518.32, 1906, 0.0
2021-05-14 14:55:00, 518.41, 518.41, 516.96, 516.96, 1737, 0.0
2021-05-17 08:30:00, 515.97, 515.97, 515.44, 515.44, 559, 0.0
2021-05-17 08:35:00, 518.52, 519.35, 518.43, 519.35, 741, 0.0
2021-05-17 08:40:00, 519.04, 519.06, 519.04, 519.06, 318, 0.0
2021-05-17 08:45:00, 519.15, 519.51, 519.15, 519.51, 267, 0.0
2021-05-17 08:50:00, 518.62, 518.68, 518.62, 518.68, 344, 0.0
2021-05-17 08:55:00, 519.53, 520.19, 519.53, 520.19, 502, 0.0
2021-05-17 09:00:00, 518.99, 519.18, 518.99, 519.18, 247, 0.0
2021-05-17 09:05:00, 518.11, 518.11, 517.42, 517.42, 381, 0.0
2021-05-17 09:10:00, 518.75, 519.265, 518.75, 519.265, 2164, 0.0
2021-05-17 09:15:00, 518.575, 519.99, 518.575, 519.68, 3599, 0.0
2021-05-17 09:20:00, 520.29, 520.29, 520.29, 520.29, 100, 0.0
2021-05-17 09:25:00, 520.26, 520.83, 520.26, 520.83, 532, 0.0
2021-05-17 09:35:00, 519.43, 519.43, 518.84, 518.84, 374, 0.0
2021-05-17 09:40:00, 518.42, 518.42, 518.42, 518.42, 122, 0.0
2021-05-17 09:45:00, 519.465, 519.465, 519.465, 519.465, 115, 0.0
2021-05-17 09:50:00, 520.05, 520.05, 520.05, 520.05, 145, 0.0
2021-05-17 10:00:00, 520.1, 520.56, 520.1, 520.56, 217, 0.0
2021-05-17 10:05:00, 521.72, 521.85, 521.37, 521.53, 933, 0.0
2021-05-17 10:10:00, 521.475, 521.475, 521.15, 521.15, 202, 0.0
2021-05-17 10:15:00, 521, 521, 521, 521, 100, 0.0
2021-05-17 10:20:00, 520.57, 520.57, 520.57, 520.57, 100, 0.0
2021-05-17 10:25:00, 520.73, 520.73, 520.73, 520.73, 137, 0.0
2021-05-17 10:30:00, 520.75, 521.1, 520.75, 521.1, 349, 0.0
2021-05-17 10:35:00, 521.635, 522.025, 521.56, 522.025, 971, 0.0
2021-05-17 10:40:00, 522.41, 522.53, 522.41, 522.53, 200, 0.0
2021-05-17 10:50:00, 522.74, 522.77, 522.74, 522.75, 541, 0.0
2021-05-17 10:55:00, 522.97, 522.97, 522.89, 522.89, 300, 0.0
2021-05-17 11:00:00, 523.86, 524.215, 523.86, 524.215, 833, 0.0
2021-05-17 11:05:00, 524.15, 524.74, 524.15, 524.74, 800, 0.0
2021-05-17 11:10:00, 524.73, 525.55, 524.73, 525.55, 710, 0.0
2021-05-17 11:15:00, 525.745, 525.745, 525.65, 525.65, 916, 0.0
2021-05-17 11:25:00, 524.66, 524.88, 524.66, 524.88, 236, 0.0
2021-05-17 11:30:00, 524.78, 524.78, 524.78, 524.78, 101, 0.0
2021-05-17 11:40:00, 525.315, 525.315, 525.315, 525.315, 100, 0.0
2021-05-17 11:45:00, 525.35, 525.35, 524.96, 525.22, 706, 0.0
2021-05-17 12:05:00, 524.48, 524.68, 524.48, 524.68, 233, 0.0
2021-05-17 12:10:00, 524.47, 524.93, 524.47, 524.93, 210, 0.0
2021-05-17 12:20:00, 525.23, 525.23, 525.23, 525.23, 142, 0.0
2021-05-17 12:25:00, 525.02, 525.02, 525.02, 525.02, 104, 0.0
2021-05-17 12:35:00, 524.23, 524.23, 523.8, 523.8, 338, 0.0
2021-05-17 12:45:00, 523.35, 523.35, 523.345, 523.345, 271, 0.0
2021-05-17 12:50:00, 522.91, 522.91, 522.91, 522.91, 217, 0.0
2021-05-17 12:55:00, 522.42, 522.79, 522.3, 522.79, 871, 0.0
2021-05-17 13:10:00, 523.03, 523.03, 523.03, 523.03, 200, 0.0
2021-05-17 13:15:00, 522.59, 522.59, 522.56, 522.56, 281, 0.0
2021-05-17 13:20:00, 522.52, 522.52, 522.52, 522.52, 226, 0.0
2021-05-17 13:25:00, 522.36, 522.99, 522.36, 522.99, 332, 0.0
2021-05-17 13:30:00, 523.54, 523.54, 523.01, 523.01, 348, 0.0
2021-05-17 13:35:00, 522.79, 522.79, 522.09, 522.09, 534, 0.0
2021-05-17 13:40:00, 521.68, 521.86, 521.68, 521.69, 558, 0.0
2021-05-17 13:45:00, 520.99, 521.79, 520.99, 521.79, 859, 0.0
2021-05-17 13:50:00, 521.95, 522.11, 521.88, 521.88, 504, 0.0
2021-05-17 13:55:00, 522.08, 522.08, 522.08, 522.08, 111, 0.0
2021-05-17 14:00:00, 523.21, 523.355, 523.21, 523.33, 428, 0.0
2021-05-17 14:05:00, 523.455, 523.81, 523.2, 523.54, 3145, 0.0
2021-05-17 14:10:00, 523.715, 523.775, 523.29, 523.31, 1490, 0.0
2021-05-17 14:15:00, 523.45, 523.66, 523.12, 523.32, 2049, 0.0
2021-05-17 14:20:00, 522.68, 522.94, 522.47, 522.47, 565, 0.0
2021-05-17 14:25:00, 522.49, 522.56, 522.04, 522.56, 790, 0.0
2021-05-17 14:30:00, 522.83, 523.06, 522.83, 523.06, 402, 0.0
2021-05-17 14:35:00, 523.21, 523.29, 522.62, 522.9, 957, 0.0
2021-05-17 14:40:00, 522.895, 523.17, 522.68, 523.17, 1069, 0.0
2021-05-17 14:45:00, 522.96, 523.46, 522.91, 522.98, 3418, 0.0
2021-05-17 14:50:00, 523.08, 523.68, 523.08, 523.62, 3884, 0.0
2021-05-17 14:55:00, 523.435, 523.95, 523.435, 523.85, 3081, 0.0
2021-05-18 08:30:00, 522.42, 522.84, 522.42, 522.84, 241, 0.0
2021-05-18 08:35:00, 519.78, 519.78, 519.33, 519.33, 240, 0.0
2021-05-18 08:40:00, 518.005, 518.005, 517.82, 517.82, 283, 0.0
2021-05-18 08:45:00, 518.305, 518.305, 516.8, 517.03, 1155, 0.0
2021-05-18 08:50:00, 516.735, 517.35, 516.16, 517.35, 703, 0.0
2021-05-18 08:55:00, 516.975, 516.975, 516.975, 516.975, 173, 0.0
2021-05-18 09:00:00, 517.405, 517.675, 516.845, 516.93, 893, 0.0
2021-05-18 09:05:00, 516.67, 516.79, 516.49, 516.49, 439, 0.0
2021-05-18 09:10:00, 515.38, 515.6, 515.38, 515.6, 233, 0.0
2021-05-18 09:15:00, 516.43, 518.23, 516.43, 518.23, 253, 0.0
2021-05-18 09:20:00, 517.77, 517.77, 517.46, 517.46, 503, 0.0
2021-05-18 09:25:00, 518.17, 518.75, 518.17, 518.64, 463, 0.0
2021-05-18 09:30:00, 519.12, 520.31, 518.92, 520.31, 754, 0.0
2021-05-18 09:35:00, 521.06, 521.06, 520.58, 520.67, 406, 0.0
2021-05-18 09:40:00, 522.49, 522.49, 522.02, 522.02, 353, 0.0
2021-05-18 09:45:00, 521.365, 521.365, 521.03, 521.16, 564, 0.0
2021-05-18 09:50:00, 520.745, 520.825, 520.49, 520.49, 600, 0.0
2021-05-18 09:55:00, 520.515, 520.515, 519.51, 519.51, 700, 0.0
2021-05-18 10:00:00, 518.91, 519.595, 518.82, 519.595, 905, 0.0
2021-05-18 10:05:00, 519.535, 519.535, 519.175, 519.175, 300, 0.0
2021-05-18 10:10:00, 518.82, 518.82, 518.365, 518.425, 302, 0.0
2021-05-18 10:15:00, 517.81, 517.81, 517.465, 517.465, 440, 0.0
2021-05-18 10:20:00, 516.765, 516.765, 516.765, 516.765, 100, 0.0
2021-05-18 10:25:00, 518.43, 519.19, 518.43, 519.19, 370, 0.0
2021-05-18 10:30:00, 519.23, 519.23, 517.44, 517.755, 884, 0.0
2021-05-18 10:35:00, 517.96, 517.96, 516.5, 516.5, 466, 0.0
2021-05-18 10:40:00, 516.23, 516.23, 515, 515.57, 1196, 0.0
2021-05-18 10:45:00, 515.765, 516.55, 515.765, 516.145, 1053, 0.0
2021-05-18 10:50:00, 515.7, 515.8, 515.26, 515.42, 833, 0.0
2021-05-18 10:55:00, 516.01, 516.165, 515.525, 515.525, 738, 0.0
2021-05-18 11:00:00, 515.22, 515.235, 515.045, 515.045, 539, 0.0
2021-05-18 11:05:00, 514.43, 515.08, 514.43, 514.52, 923, 0.0
2021-05-18 11:10:00, 514.52, 514.555, 513.91, 514.295, 1013, 0.0
2021-05-18 11:15:00, 514.35, 514.38, 513.785, 513.93, 510, 0.0
2021-05-18 11:20:00, 513.975, 514.315, 513.885, 514.315, 759, 0.0
2021-05-18 11:25:00, 514.61, 514.61, 514.37, 514.57, 709, 0.0
2021-05-18 11:30:00, 514.81, 516.555, 514.81, 516.555, 648, 0.0
2021-05-18 11:35:00, 516.585, 517.495, 516.585, 516.865, 1534, 0.0
2021-05-18 11:40:00, 517.095, 517.095, 516.67, 516.74, 733, 0.0
2021-05-18 11:45:00, 516.94, 517.45, 516.84, 517.45, 385, 0.0
2021-05-18 11:50:00, 517.11, 517.225, 516.5, 516.74, 636, 0.0
2021-05-18 11:55:00, 516.71, 516.77, 516.61, 516.61, 500, 0.0
2021-05-18 12:00:00, 516.87, 516.87, 516.295, 516.295, 200, 0.0
2021-05-18 12:05:00, 517, 517.645, 516.675, 517.645, 948, 0.0
2021-05-18 12:10:00, 517.68, 518, 517.505, 518, 753, 0.0
2021-05-18 12:15:00, 518.145, 518.145, 518.145, 518.145, 123, 0.0
2021-05-18 12:20:00, 517.77, 518.27, 517.77, 518.27, 216, 0.0
2021-05-18 12:25:00, 518.26, 518.26, 517.6, 517.665, 559, 0.0
2021-05-18 12:30:00, 517.49, 517.53, 517.44, 517.52, 538, 0.0
2021-05-18 12:35:00, 517.975, 518.05, 517.96, 517.96, 462, 0.0
2021-05-18 12:40:00, 517.85, 518.6, 517.85, 518.6, 533, 0.0
2021-05-18 12:45:00, 518.275, 518.375, 518.275, 518.375, 300, 0.0
2021-05-18 12:50:00, 518.49, 518.49, 518.005, 518.005, 233, 0.0
2021-05-18 12:55:00, 518.1, 518.33, 518.1, 518.33, 200, 0.0
2021-05-18 13:00:00, 518.735, 518.735, 518.61, 518.61, 317, 0.0
2021-05-18 13:05:00, 518.8, 518.89, 518.64, 518.64, 387, 0.0
2021-05-18 13:10:00, 518.555, 518.555, 518.555, 518.555, 105, 0.0
2021-05-18 13:15:00, 518.89, 518.89, 518.815, 518.815, 378, 0.0
2021-05-18 13:20:00, 518.685, 518.685, 518.1, 518.1, 318, 0.0
2021-05-18 13:25:00, 518, 518, 518, 518, 107, 0.0
2021-05-18 13:35:00, 517.09, 517.09, 517.09, 517.09, 130, 0.0
2021-05-18 13:40:00, 516.66, 516.67, 516.6, 516.67, 756, 0.0
2021-05-18 13:45:00, 516.675, 517.335, 516.66, 517.335, 404, 0.0
2021-05-18 13:50:00, 517.81, 517.81, 517.4, 517.4, 434, 0.0
2021-05-18 13:55:00, 517.31, 517.31, 517.31, 517.31, 100, 0.0
2021-05-18 14:05:00, 517.405, 517.405, 517.405, 517.405, 105, 0.0
2021-05-18 14:10:00, 517.59, 517.89, 517.235, 517.235, 812, 0.0
2021-05-18 14:15:00, 517.44, 517.62, 517.44, 517.62, 201, 0.0
2021-05-18 14:20:00, 517.99, 518.245, 517.725, 518.245, 620, 0.0
2021-05-18 14:25:00, 518.705, 519.08, 518.705, 519.08, 638, 0.0
2021-05-18 14:30:00, 519.2, 519.24, 518.93, 519.02, 646, 0.0
2021-05-18 14:35:00, 518.865, 518.865, 518.395, 518.58, 1007, 0.0
2021-05-18 14:40:00, 518.96, 519.43, 518.88, 518.89, 1309, 0.0
2021-05-18 14:45:00, 518.465, 518.465, 517.53, 517.595, 509, 0.0
2021-05-18 14:50:00, 516.61, 517.185, 516.55, 516.745, 2978, 0.0
2021-05-18 14:55:00, 517.02, 517.08, 516.37, 516.43, 2381, 0.0
2021-05-19 08:30:00, 510.91, 510.91, 510.01, 510.7, 473, 0.0
2021-05-19 08:35:00, 509.01, 509.56, 506.59, 506.59, 956, 0.0
2021-05-19 08:40:00, 508.54, 508.54, 508.54, 508.54, 133, 0.0
2021-05-19 08:45:00, 507.81, 507.81, 506.75, 506.76, 735, 0.0
2021-05-19 08:50:00, 506.11, 506.11, 505.76, 505.76, 233, 0.0
2021-05-19 08:55:00, 506.37, 507.88, 506.37, 507.29, 634, 0.0
2021-05-19 09:00:00, 506.225, 506.225, 505.18, 505.18, 487, 0.0
2021-05-19 09:10:00, 505.46, 505.78, 505.34, 505.34, 410, 0.0
2021-05-19 09:15:00, 504.79, 504.79, 503.29, 503.29, 433, 0.0
2021-05-19 09:20:00, 503.31, 503.31, 503.31, 503.31, 100, 0.0
2021-05-19 09:25:00, 502.88, 503.88, 502.82, 503.88, 419, 0.0
2021-05-19 09:30:00, 503.33, 503.33, 503.28, 503.28, 384, 0.0
2021-05-19 09:35:00, 503, 503, 503, 503, 104, 0.0
2021-05-19 09:40:00, 503.3, 503.3, 503.3, 503.3, 143, 0.0
2021-05-19 09:45:00, 504.57, 505.56, 504.57, 505.56, 369, 0.0
2021-05-19 09:50:00, 505.93, 506.48, 505.9, 506.37, 781, 0.0
2021-05-19 10:10:00, 508.8, 508.8, 508.8, 508.8, 243, 0.0
2021-05-19 10:25:00, 507.58, 507.58, 507.46, 507.46, 344, 0.0
2021-05-19 10:30:00, 506.485, 506.485, 505.99, 505.99, 784, 0.0
2021-05-19 10:35:00, 504.82, 505.08, 504.82, 505.08, 549, 0.0
2021-05-19 10:40:00, 504.05, 504.05, 504.05, 504.05, 196, 0.0
2021-05-19 10:45:00, 504.11, 504.11, 504.11, 504.11, 113, 0.0
2021-05-19 10:50:00, 504.17, 504.61, 504.17, 504.41, 448, 0.0
2021-05-19 10:55:00, 504.6, 504.6, 504.6, 504.6, 190, 0.0
2021-05-19 11:00:00, 505.56, 506.04, 505.56, 506.04, 413, 0.0
2021-05-19 11:05:00, 505.98, 505.98, 505.23, 505.23, 260, 0.0
2021-05-19 11:10:00, 505.3, 505.3, 504.75, 505.2, 437, 0.0
2021-05-19 11:15:00, 505.29, 505.68, 505.29, 505.68, 837, 0.0
2021-05-19 11:20:00, 505.54, 506, 505.54, 506, 509, 0.0
2021-05-19 11:30:00, 506.28, 506.29, 506.235, 506.235, 443, 0.0
2021-05-19 11:35:00, 506.38, 506.39, 506.38, 506.39, 247, 0.0
2021-05-19 11:40:00, 506.57, 506.78, 506.57, 506.78, 399, 0.0
2021-05-19 11:45:00, 506.055, 506.055, 506.055, 506.055, 110, 0.0
2021-05-19 11:50:00, 505.96, 506.2, 505.76, 506.2, 443, 0.0
2021-05-19 11:55:00, 506.66, 506.66, 506.58, 506.58, 210, 0.0
2021-05-19 12:00:00, 507.04, 507.04, 506.82, 506.82, 396, 0.0
2021-05-19 12:10:00, 507.33, 507.33, 507.33, 507.33, 103, 0.0
2021-05-19 12:25:00, 507.17, 507.17, 507.17, 507.17, 156, 0.0
2021-05-19 12:30:00, 507.21, 507.21, 506.95, 506.95, 471, 0.0
2021-05-19 12:40:00, 506.86, 506.99, 506.86, 506.99, 441, 0.0
2021-05-19 12:45:00, 506.97, 507.02, 506.83, 506.83, 553, 0.0
2021-05-19 12:50:00, 507.36, 507.42, 507.18, 507.31, 749, 0.0
2021-05-19 12:55:00, 507.86, 507.86, 507.825, 507.825, 318, 0.0
2021-05-19 13:00:00, 508.1, 508.34, 508.1, 508.26, 441, 0.0
2021-05-19 13:05:00, 506.12, 507.035, 506.12, 507.035, 505, 0.0
2021-05-19 13:15:00, 506.66, 506.66, 506.66, 506.66, 105, 0.0
2021-05-19 13:20:00, 507.18, 509.34, 507.18, 508.65, 1200, 0.0
2021-05-19 13:30:00, 508.96, 508.96, 507.68, 507.68, 300, 0.0
2021-05-19 13:35:00, 506.58, 506.58, 506.58, 506.58, 344, 0.0
2021-05-19 13:40:00, 506.8, 506.8, 506.8, 506.8, 197, 0.0
2021-05-19 13:45:00, 506.62, 506.62, 506.52, 506.52, 200, 0.0
2021-05-19 13:50:00, 506.63, 506.65, 506.63, 506.65, 203, 0.0
2021-05-19 13:55:00, 507.54, 507.74, 507.17, 507.17, 453, 0.0
2021-05-19 14:00:00, 506.75, 506.75, 506.75, 506.75, 100, 0.0
2021-05-19 14:05:00, 506.87, 507.87, 506.87, 507.84, 519, 0.0
2021-05-19 14:10:00, 508.33, 508.63, 508.33, 508.6, 505, 0.0
2021-05-19 14:15:00, 508.47, 508.65, 508.47, 508.65, 545, 0.0
2021-05-19 14:20:00, 508.645, 508.645, 508.645, 508.645, 210, 0.0
2021-05-19 14:25:00, 508.76, 508.76, 508.76, 508.76, 144, 0.0
2021-05-19 14:30:00, 508.4, 508.68, 508.3, 508.68, 680, 0.0
2021-05-19 14:35:00, 508.7, 508.74, 508.7, 508.74, 200, 0.0
2021-05-19 14:40:00, 508.56, 508.77, 508.26, 508.53, 1206, 0.0
2021-05-19 14:45:00, 508.26, 508.26, 507.42, 507.42, 778, 0.0
2021-05-19 14:50:00, 507.92, 509.85, 507.9, 509.85, 1730, 0.0
2021-05-19 14:55:00, 509.71, 510.28, 509.67, 510.23, 3787, 0.0
2021-05-20 08:40:00, 513.35, 513.44, 513.35, 513.41, 570, 0.0
2021-05-20 09:00:00, 514.98, 514.985, 514.98, 514.98, 600, 0.0
2021-05-20 09:05:00, 515.62, 515.62, 515.62, 515.62, 143, 0.0
2021-05-20 09:10:00, 516.02, 516.02, 516.02, 516.02, 103, 0.0
2021-05-20 09:15:00, 515.73, 515.73, 515.73, 515.73, 192, 0.0
2021-05-20 09:30:00, 514.915, 516, 514.915, 516, 308, 0.0
2021-05-20 09:35:00, 515.44, 515.44, 515.03, 515.03, 254, 0.0
2021-05-20 09:40:00, 515.49, 515.57, 515.49, 515.57, 200, 0.0
2021-05-20 09:45:00, 515.24, 515.24, 515.24, 515.24, 289, 0.0
2021-05-20 09:55:00, 515.03, 515.03, 515.03, 515.03, 102, 0.0
2021-05-20 10:10:00, 514.78, 514.97, 514.755, 514.97, 557, 0.0
2021-05-20 10:35:00, 516.845, 516.845, 516.845, 516.845, 124, 0.0
2021-05-20 10:45:00, 517.89, 517.89, 517.87, 517.87, 200, 0.0
2021-05-20 10:55:00, 518.41, 518.41, 518.15, 518.15, 464, 0.0
2021-05-20 11:05:00, 517.17, 517.17, 517.17, 517.17, 102, 0.0
2021-05-20 11:10:00, 517.05, 517.05, 516.8, 516.8, 263, 0.0
2021-05-20 11:15:00, 517.46, 517.46, 517.46, 517.46, 105, 0.0
2021-05-20 11:20:00, 517.69, 518.04, 517.015, 517.015, 1259, 0.0
2021-05-20 11:25:00, 516.905, 517.29, 516.905, 517.29, 342, 0.0
2021-05-20 11:30:00, 518, 518, 517.17, 517.17, 647, 0.0
2021-05-20 11:35:00, 516.78, 516.78, 516.34, 516.34, 456, 0.0
2021-05-20 11:50:00, 516.98, 516.98, 516.98, 516.98, 133, 0.0
2021-05-20 12:00:00, 516.97, 516.97, 516.97, 516.97, 100, 0.0
2021-05-20 12:05:00, 516.15, 516.15, 516.15, 516.15, 100, 0.0
2021-05-20 12:10:00, 516.18, 517.26, 516.18, 517.19, 1139, 0.0
2021-05-20 12:15:00, 516.94, 516.94, 516.94, 516.94, 100, 0.0
2021-05-20 12:20:00, 517.62, 517.62, 517.43, 517.49, 402, 0.0
2021-05-20 12:25:00, 517.25, 517.305, 517.2, 517.205, 543, 0.0
2021-05-20 12:30:00, 517.08, 517.98, 517.08, 517.98, 600, 0.0
2021-05-20 12:35:00, 517.95, 517.95, 516.98, 516.98, 478, 0.0
2021-05-20 12:40:00, 516.83, 516.83, 516.3, 516.3, 329, 0.0
2021-05-20 13:05:00, 515.89, 515.89, 515.89, 515.89, 100, 0.0
2021-05-20 13:15:00, 515.89, 515.92, 515.89, 515.92, 200, 0.0
2021-05-20 13:20:00, 515.33, 515.52, 515.33, 515.52, 210, 0.0
2021-05-20 13:25:00, 515.21, 515.21, 515.16, 515.16, 220, 0.0
2021-05-20 13:35:00, 514.82, 514.98, 514.82, 514.83, 363, 0.0
2021-05-20 13:40:00, 515.01, 515.01, 515.01, 515.01, 211, 0.0
2021-05-20 13:45:00, 515.09, 515.14, 515.09, 515.14, 317, 0.0
2021-05-20 13:55:00, 515.48, 515.48, 515.48, 515.48, 149, 0.0
2021-05-20 14:00:00, 515.58, 515.64, 514.83, 514.83, 896, 0.0
2021-05-20 14:05:00, 514.78, 514.78, 514.52, 514.52, 202, 0.0
2021-05-20 14:10:00, 514.8, 514.8, 514.8, 514.8, 100, 0.0
2021-05-20 14:20:00, 514.86, 515.44, 514.81, 515.44, 681, 0.0
2021-05-20 14:25:00, 515.61, 516, 515.61, 516, 387, 0.0
2021-05-20 14:30:00, 515.44, 515.44, 515.44, 515.44, 133, 0.0
2021-05-20 14:35:00, 515.835, 515.835, 515.07, 515.07, 405, 0.0
2021-05-20 14:40:00, 514.83, 514.83, 514.36, 514.7, 1168, 0.0
2021-05-20 14:45:00, 514.98, 515.28, 514.79, 514.97, 975, 0.0
2021-05-20 14:50:00, 513.84, 514, 512.64, 512.97, 2802, 0.0
2021-05-20 14:55:00, 513.06, 513.61, 512.54, 513, 4838, 0.0
2021-05-21 08:30:00, 514.43, 516.235, 514.43, 516.235, 228, 0.0
2021-05-21 08:35:00, 515.62, 516.16, 515.62, 516.16, 751, 0.0
2021-05-21 08:40:00, 514.28, 514.28, 513, 513, 226, 0.0
2021-05-21 08:45:00, 511.77, 512.03, 511.77, 511.78, 415, 0.0
2021-05-21 08:50:00, 513.84, 514.81, 513.84, 514.81, 239, 0.0
2021-05-21 08:55:00, 515.14, 515.58, 515.14, 515.4, 658, 0.0
2021-05-21 09:00:00, 515.91, 516.09, 515.49, 515.49, 637, 0.0
2021-05-21 09:10:00, 514.58, 514.58, 514.5, 514.5, 367, 0.0
2021-05-21 09:15:00, 514.36, 515.53, 514.36, 515.53, 339, 0.0
2021-05-21 09:20:00, 515.06, 515.54, 515.06, 515.525, 490, 0.0
2021-05-21 09:25:00, 515.42, 515.42, 514.77, 514.95, 313, 0.0
2021-05-21 09:30:00, 514.05, 514.4, 514.05, 514.4, 229, 0.0
2021-05-21 09:35:00, 514.63, 514.63, 514.63, 514.63, 247, 0.0
2021-05-21 09:40:00, 513.275, 513.275, 513.275, 513.275, 101, 0.0
2021-05-21 09:50:00, 512.86, 512.86, 512.04, 512.04, 311, 0.0
2021-05-21 09:55:00, 511.76, 512.18, 511.76, 511.76, 406, 0.0
2021-05-21 10:00:00, 511.99, 512.05, 511.46, 511.46, 380, 0.0
2021-05-21 10:05:00, 511.93, 511.93, 511.93, 511.93, 115, 0.0
2021-05-21 10:10:00, 512.22, 512.77, 512.22, 512.77, 385, 0.0
2021-05-21 10:15:00, 512.98, 512.98, 512.85, 512.85, 248, 0.0
2021-05-21 10:20:00, 513.11, 513.11, 512.335, 512.67, 656, 0.0
2021-05-21 10:25:00, 512.42, 512.42, 511.77, 511.93, 589, 0.0
2021-05-21 10:30:00, 511.85, 511.85, 511.85, 511.85, 126, 0.0
2021-05-21 10:35:00, 512.42, 512.84, 512.34, 512.84, 540, 0.0
2021-05-21 10:40:00, 512.59, 512.59, 512.18, 512.18, 257, 0.0
2021-05-21 10:45:00, 512.54, 513.01, 512.54, 512.96, 527, 0.0
2021-05-21 10:55:00, 513.14, 513.14, 513.14, 513.14, 111, 0.0
2021-05-21 11:05:00, 512.78, 512.78, 512.74, 512.74, 314, 0.0
2021-05-21 11:10:00, 511.91, 512, 511.91, 512, 210, 0.0
2021-05-21 11:15:00, 512.25, 512.25, 512.25, 512.25, 138, 0.0
2021-05-21 11:20:00, 512.31, 512.31, 512.31, 512.31, 103, 0.0
2021-05-21 11:25:00, 511.86, 511.86, 511.23, 511.48, 507, 0.0
2021-05-21 11:30:00, 511.975, 512.19, 511.84, 512.135, 1026, 0.0
2021-05-21 11:35:00, 512.12, 512.58, 512.12, 512.51, 412, 0.0
2021-05-21 11:40:00, 512.42, 512.455, 512.42, 512.455, 427, 0.0
2021-05-21 11:45:00, 512.38, 512.51, 512.38, 512.51, 358, 0.0
2021-05-21 11:50:00, 512.54, 512.54, 512.54, 512.54, 131, 0.0
2021-05-21 12:00:00, 511.725, 511.725, 511.725, 511.725, 101, 0.0
2021-05-21 12:10:00, 510.875, 511, 510.875, 511, 229, 0.0
2021-05-21 12:15:00, 510.67, 510.8, 510.67, 510.8, 356, 0.0
2021-05-21 12:25:00, 510.78, 510.78, 510.59, 510.59, 469, 0.0
2021-05-21 12:30:00, 510.59, 511.72, 510.59, 511.43, 589, 0.0
2021-05-21 12:35:00, 511.215, 511.215, 511.215, 511.215, 210, 0.0
2021-05-21 12:40:00, 511.12, 511.12, 511.12, 511.12, 100, 0.0
2021-05-21 12:45:00, 510.3, 510.3, 510.1, 510.1, 266, 0.0
2021-05-21 12:50:00, 510.37, 510.37, 510.01, 510.01, 359, 0.0
2021-05-21 12:55:00, 510.09, 510.16, 509.89, 510, 679, 0.0
2021-05-21 13:00:00, 509.43, 509.43, 509.29, 509.29, 302, 0.0
2021-05-21 13:05:00, 510, 510, 509.89, 509.89, 414, 0.0
2021-05-21 13:10:00, 510.2, 510.2, 510.2, 510.2, 159, 0.0
2021-05-21 13:15:00, 510.6, 510.93, 510.6, 510.93, 225, 0.0
2021-05-21 13:25:00, 510.52, 510.52, 510.29, 510.29, 736, 0.0
2021-05-21 13:30:00, 509.92, 509.92, 509.92, 509.92, 125, 0.0
2021-05-21 13:35:00, 509.61, 509.81, 509.3, 509.3, 618, 0.0
2021-05-21 13:40:00, 509.63, 510.09, 509.63, 510.09, 473, 0.0
2021-05-21 13:45:00, 510.2, 510.63, 510.2, 510.63, 247, 0.0
2021-05-21 13:50:00, 510.99, 510.99, 510.99, 510.99, 111, 0.0
2021-05-21 13:55:00, 510.2, 510.4, 510.2, 510.4, 281, 0.0
2021-05-21 14:00:00, 510.19, 510.19, 510.19, 510.19, 108, 0.0
2021-05-21 14:15:00, 510.21, 510.21, 510.21, 510.21, 207, 0.0
2021-05-21 14:20:00, 510.1, 510.185, 510.1, 510.185, 305, 0.0
2021-05-21 14:25:00, 510.055, 510.055, 509.74, 509.74, 559, 0.0
2021-05-21 14:30:00, 509.75, 510.19, 509.75, 510.19, 612, 0.0
2021-05-21 14:35:00, 510.24, 510.44, 510.17, 510.17, 1080, 0.0
2021-05-21 14:40:00, 510.07, 510.07, 509.335, 509.335, 376, 0.0
2021-05-21 14:45:00, 508.77, 509.185, 508.77, 508.93, 460, 0.0
2021-05-21 14:50:00, 508.24, 508.595, 507.42, 507.42, 2703, 0.0
2021-05-21 14:55:00, 507.43, 507.69, 506.59, 506.77, 2913, 0.0
2021-05-24 08:30:00, 509.55, 509.55, 508.41, 508.63, 1155, 0.0
2021-05-24 08:35:00, 508.03, 508.6, 508.02, 508.02, 1605, 0.0
2021-05-24 08:40:00, 507.61, 508.03, 506.33, 506.55, 1442, 0.0
2021-05-24 08:45:00, 507.01, 507.01, 504.36, 504.36, 781, 0.0
2021-05-24 08:50:00, 504.78, 505.205, 504.78, 505.09, 470, 0.0
2021-05-24 08:55:00, 504.49, 505.4, 504.49, 504.54, 1185, 0.0
2021-05-24 09:00:00, 504.82, 505.09, 504.71, 504.81, 787, 0.0
2021-05-24 09:05:00, 505.2, 505.27, 504.89, 505.24, 1031, 0.0
2021-05-24 09:10:00, 504.9, 505.1, 504.57, 504.57, 533, 0.0
2021-05-24 09:15:00, 504.83, 506.16, 504.83, 506.16, 1114, 0.0
2021-05-24 09:20:00, 505.99, 506.505, 505.84, 506.505, 1538, 0.0
2021-05-24 09:25:00, 506.26, 506.26, 506.26, 506.26, 208, 0.0
2021-05-24 09:30:00, 506.47, 506.47, 506.155, 506.155, 243, 0.0
2021-05-24 09:40:00, 506.215, 506.215, 505.56, 505.74, 1126, 0.0
2021-05-24 09:45:00, 505.8, 505.8, 505.61, 505.62, 542, 0.0
2021-05-24 09:50:00, 505.355, 505.685, 505.355, 505.44, 400, 0.0
2021-05-24 09:55:00, 505.735, 505.735, 505.735, 505.735, 200, 0.0
2021-05-24 10:00:00, 505.73, 505.73, 505.11, 505.11, 323, 0.0
2021-05-24 10:10:00, 505.55, 505.55, 505.485, 505.485, 335, 0.0
2021-05-24 10:15:00, 505.38, 505.38, 505.38, 505.38, 201, 0.0
2021-05-24 10:20:00, 505.56, 505.56, 505.16, 505.16, 337, 0.0
2021-05-24 10:25:00, 504.85, 504.85, 504.85, 504.85, 113, 0.0
2021-05-24 10:30:00, 504.74, 504.86, 504.74, 504.86, 220, 0.0
2021-05-24 10:50:00, 504.07, 504.07, 504.07, 504.07, 104, 0.0
2021-05-24 10:55:00, 502.97, 502.97, 502.97, 502.97, 100, 0.0
2021-05-24 11:00:00, 503.22, 503.29, 503.22, 503.29, 202, 0.0
2021-05-24 11:20:00, 501.97, 501.97, 501.97, 501.97, 135, 0.0
2021-05-24 11:25:00, 501.42, 501.56, 501.42, 501.56, 491, 0.0
2021-05-24 11:35:00, 502.56, 502.56, 502.56, 502.56, 100, 0.0
2021-05-24 11:40:00, 503.04, 503.04, 503.04, 503.04, 102, 0.0
2021-05-24 11:45:00, 503.05, 503.05, 503.05, 503.05, 233, 0.0
2021-05-24 11:50:00, 502.29, 502.4, 502.22, 502.4, 300, 0.0
2021-05-24 12:00:00, 502.23, 502.4, 502.23, 502.36, 578, 0.0
2021-05-24 12:05:00, 502.64, 502.71, 502.63, 502.71, 395, 0.0
2021-05-24 12:10:00, 502.5, 502.5, 502.5, 502.5, 101, 0.0
2021-05-24 12:15:00, 501.48, 501.68, 501.48, 501.68, 359, 0.0
2021-05-24 12:20:00, 502.22, 502.22, 502.22, 502.22, 111, 0.0
2021-05-24 12:25:00, 502.03, 502.03, 501.765, 501.765, 300, 0.0
2021-05-24 12:30:00, 501.65, 501.8, 501.65, 501.8, 316, 0.0
2021-05-24 12:40:00, 502.03, 502.03, 502.03, 502.03, 245, 0.0
2021-05-24 12:45:00, 502.27, 502.66, 502.27, 502.66, 733, 0.0
2021-05-24 12:50:00, 502.81, 503.07, 502.81, 503.07, 338, 0.0
2021-05-24 13:00:00, 503.17, 503.17, 503.17, 503.17, 124, 0.0
2021-05-24 13:05:00, 502.85, 502.85, 502.14, 502.14, 401, 0.0
2021-05-24 13:10:00, 502.27, 502.27, 502.25, 502.25, 285, 0.0
2021-05-24 13:15:00, 502.37, 502.37, 502.37, 502.37, 123, 0.0
2021-05-24 13:20:00, 502.27, 502.27, 502.27, 502.27, 101, 0.0
2021-05-24 13:25:00, 501.87, 501.87, 501.87, 501.87, 239, 0.0
2021-05-24 13:35:00, 501.86, 501.86, 501.73, 501.73, 678, 0.0
2021-05-24 13:45:00, 501.64, 501.64, 501.64, 501.64, 147, 0.0
2021-05-24 13:55:00, 501.61, 501.61, 501.61, 501.61, 103, 0.0
2021-05-24 14:00:00, 502.42, 502.42, 502.375, 502.375, 356, 0.0
2021-05-24 14:05:00, 503.05, 503.05, 503.05, 503.05, 127, 0.0
2021-05-24 14:10:00, 502.78, 502.78, 502.67, 502.67, 202, 0.0
2021-05-24 14:15:00, 502.72, 502.72, 502.72, 502.72, 134, 0.0
2021-05-24 14:20:00, 502.4, 502.4, 502.4, 502.4, 100, 0.0
2021-05-24 14:30:00, 502.06, 502.06, 502.06, 502.06, 245, 0.0
2021-05-24 14:35:00, 502.07, 502.17, 502.07, 502.095, 1569, 0.0
2021-05-24 14:40:00, 501.58, 501.58, 501.58, 501.58, 222, 0.0
2021-05-24 14:45:00, 501.71, 501.78, 501.71, 501.78, 421, 0.0
2021-05-24 14:50:00, 501.93, 501.93, 501.68, 501.68, 985, 0.0
2021-05-24 14:55:00, 501.45, 501.45, 500.15, 500.42, 2471, 0.0
2021-05-25 08:30:00, 501.61, 501.615, 497.12, 497.8, 2045, 0.0
2021-05-25 08:35:00, 497.19, 497.19, 496.01, 496.01, 406, 0.0
2021-05-25 08:40:00, 495.26, 495.7, 493.76, 495.16, 1946, 0.0
2021-05-25 08:45:00, 494.255, 494.255, 494.15, 494.15, 382, 0.0
2021-05-25 08:50:00, 494.36, 496.65, 494.36, 496.65, 838, 0.0
2021-05-25 09:00:00, 497.69, 497.69, 497.69, 497.69, 100, 0.0
2021-05-25 09:05:00, 497.52, 497.52, 497.52, 497.52, 366, 0.0
2021-05-25 09:15:00, 497.21, 497.28, 496.765, 496.765, 670, 0.0
2021-05-25 09:20:00, 494.96, 494.96, 494.42, 494.42, 270, 0.0
2021-05-25 09:25:00, 494.04, 494.875, 494.04, 494.875, 1067, 0.0
2021-05-25 09:30:00, 493.51, 493.81, 493.51, 493.81, 259, 0.0
2021-05-25 09:35:00, 494.015, 494.015, 494.015, 494.015, 100, 0.0
2021-05-25 09:40:00, 493.59, 493.59, 493.48, 493.48, 344, 0.0
2021-05-25 09:45:00, 493.95, 494.55, 493.935, 494.55, 1043, 0.0
2021-05-25 09:50:00, 493.445, 493.445, 493.26, 493.26, 269, 0.0
2021-05-25 09:55:00, 493.54, 493.58, 493.54, 493.58, 335, 0.0
2021-05-25 10:00:00, 493.97, 494.47, 493.97, 494.21, 988, 0.0
2021-05-25 10:05:00, 495.21, 496.37, 495.21, 496.13, 882, 0.0
2021-05-25 10:10:00, 495.6, 495.6, 495.6, 495.6, 100, 0.0
2021-05-25 10:15:00, 496.04, 496.04, 495.42, 495.42, 455, 0.0
2021-05-25 10:20:00, 496.75, 496.75, 496.34, 496.34, 305, 0.0
2021-05-25 10:25:00, 495.87, 495.87, 495.87, 495.87, 194, 0.0
2021-05-25 10:30:00, 496.94, 496.94, 496.94, 496.94, 100, 0.0
2021-05-25 10:45:00, 496.23, 496.23, 496.23, 496.23, 135, 0.0
2021-05-25 10:50:00, 495.61, 495.61, 494.47, 495.41, 666, 0.0
2021-05-25 10:55:00, 495.48, 495.48, 495.45, 495.45, 300, 0.0
2021-05-25 11:00:00, 495.245, 495.245, 495.245, 495.245, 100, 0.0
2021-05-25 11:10:00, 494.75, 494.75, 494.75, 494.75, 105, 0.0
2021-05-25 11:15:00, 494.63, 494.63, 494.37, 494.6, 443, 0.0
2021-05-25 11:20:00, 494.72, 494.72, 494.72, 494.72, 101, 0.0
2021-05-25 11:30:00, 494.97, 495.155, 494.97, 495.155, 437, 0.0
2021-05-25 11:35:00, 494.84, 494.84, 494.72, 494.72, 400, 0.0
2021-05-25 11:40:00, 494.895, 494.895, 494.895, 494.895, 100, 0.0
2021-05-25 11:45:00, 495.08, 495.08, 494.95, 494.95, 581, 0.0
2021-05-25 11:50:00, 495.77, 495.77, 495.77, 495.77, 110, 0.0
2021-05-25 11:55:00, 495.795, 495.82, 495.66, 495.66, 376, 0.0
2021-05-25 12:00:00, 495.155, 495.155, 495.155, 495.155, 101, 0.0
2021-05-25 12:05:00, 495.245, 495.245, 495.245, 495.245, 100, 0.0
2021-05-25 12:10:00, 495.13, 495.13, 495.13, 495.13, 100, 0.0
2021-05-25 12:15:00, 494.95, 495.1, 494.76, 494.93, 535, 0.0
2021-05-25 12:20:00, 495.34, 495.65, 495.34, 495.65, 360, 0.0
2021-05-25 12:25:00, 495.87, 495.87, 495.85, 495.85, 200, 0.0
2021-05-25 12:30:00, 495.85, 495.85, 495.85, 495.85, 100, 0.0
2021-05-25 12:35:00, 496.3, 496.3, 496.3, 496.3, 135, 0.0
2021-05-25 12:40:00, 496.18, 496.18, 495.98, 495.98, 255, 0.0
2021-05-25 12:45:00, 495.55, 495.55, 495.55, 495.55, 153, 0.0
2021-05-25 12:50:00, 495.545, 495.63, 495.545, 495.63, 200, 0.0
2021-05-25 12:55:00, 495.47, 495.47, 495.16, 495.295, 832, 0.0
2021-05-25 13:00:00, 495.52, 495.82, 495.52, 495.82, 556, 0.0
2021-05-25 13:05:00, 495.86, 496.35, 495.82, 496.35, 534, 0.0
2021-05-25 13:10:00, 496.745, 497.09, 496.48, 497.09, 479, 0.0
2021-05-25 13:15:00, 496.56, 496.56, 496.56, 496.56, 121, 0.0
2021-05-25 13:20:00, 496.33, 496.33, 496.24, 496.24, 728, 0.0
2021-05-25 13:25:00, 496.52, 496.77, 496.52, 496.77, 205, 0.0
2021-05-25 13:30:00, 498.17, 498.17, 497.97, 497.97, 205, 0.0
2021-05-25 13:35:00, 497.9, 497.9, 497.75, 497.83, 1561, 0.0
2021-05-25 13:40:00, 497.65, 498.09, 497.65, 498.09, 724, 0.0
2021-05-25 13:45:00, 497.99, 498.59, 497.99, 498.52, 611, 0.0
2021-05-25 13:50:00, 498.865, 498.88, 498.85, 498.88, 541, 0.0
2021-05-25 13:55:00, 498.64, 498.81, 498.51, 498.81, 999, 0.0
2021-05-25 14:00:00, 498.645, 498.79, 498.17, 498.17, 528, 0.0
2021-05-25 14:05:00, 498.095, 498.91, 497.91, 498.91, 532, 0.0
2021-05-25 14:10:00, 498.81, 499.54, 498.81, 499.45, 925, 0.0
2021-05-25 14:15:00, 499.42, 499.73, 498.97, 498.97, 1062, 0.0
2021-05-25 14:20:00, 498.81, 498.81, 498.68, 498.79, 647, 0.0
2021-05-25 14:25:00, 498.77, 498.8, 498.57, 498.57, 500, 0.0
2021-05-25 14:30:00, 498.59, 498.59, 498.48, 498.48, 943, 0.0
2021-05-25 14:35:00, 498.64, 499.1, 498.49, 499.1, 646, 0.0
2021-05-25 14:40:00, 499.44, 499.53, 499.3, 499.425, 1144, 0.0
2021-05-25 14:45:00, 499.47, 499.47, 498.76, 498.87, 690, 0.0
2021-05-25 14:50:00, 498.04, 498.1, 497.35, 497.51, 2155, 0.0
2021-05-25 14:55:00, 497.76, 498.24, 497.53, 498.24, 4319, 0.0
2021-05-26 08:30:00, 499.92, 500, 496.72, 496.72, 1164, 0.0
2021-05-26 08:40:00, 498, 498, 496.72, 496.78, 1364, 0.0
2021-05-26 08:45:00, 496.76, 497.63, 493.5, 493.5, 1662, 0.0
2021-05-26 08:50:00, 495.43, 495.805, 495.15, 495.805, 1558, 0.0
2021-05-26 08:55:00, 496.31, 496.31, 493.82, 493.82, 1013, 0.0
2021-05-26 09:00:00, 494.41, 495.89, 494.41, 495.82, 1473, 0.0
2021-05-26 09:05:00, 495.615, 495.615, 494.91, 494.96, 683, 0.0
2021-05-26 09:15:00, 493.385, 493.385, 493.385, 493.385, 110, 0.0
2021-05-26 09:25:00, 495.08, 495.08, 495.08, 495.08, 115, 0.0
2021-05-26 09:30:00, 494.84, 494.84, 494.84, 494.84, 112, 0.0
2021-05-26 09:35:00, 494.445, 494.58, 494.44, 494.58, 540, 0.0
2021-05-26 09:40:00, 495.23, 495.23, 495.23, 495.23, 100, 0.0
2021-05-26 09:45:00, 495.63, 495.77, 495.6, 495.77, 472, 0.0
2021-05-26 09:50:00, 495.63, 496.91, 495.63, 496.575, 879, 0.0
2021-05-26 09:55:00, 497.13, 497.19, 497.13, 497.19, 343, 0.0
2021-05-26 10:05:00, 496.68, 496.95, 496.68, 496.95, 485, 0.0
2021-05-26 10:10:00, 497.09, 497.09, 497.09, 497.09, 310, 0.0
2021-05-26 10:20:00, 496.5, 496.5, 496.3, 496.45, 896, 0.0
2021-05-26 10:25:00, 496.16, 496.16, 496.16, 496.16, 100, 0.0
2021-05-26 10:30:00, 496.03, 496.03, 496.01, 496.01, 300, 0.0
2021-05-26 10:35:00, 496.54, 496.97, 496.54, 496.97, 321, 0.0
2021-05-26 10:40:00, 496.7, 496.7, 496.7, 496.7, 100, 0.0
