Date, Open, High, Low, Close, Volume, Open Interest
2018-05-20 23:00:00, 65.47, 66.51, 65.06, 66.01, 981613, 0.0
2018-05-21 23:00:00, 66.25, 66.75, 65.7, 65.74, 1150885, 0.0
2018-05-22 23:00:00, 65.24, 65.57, 64.3033, 65.1, 945700, 0.0
2018-05-23 23:00:00, 65.17, 65.58, 64.53, 65.24, 875705, 0.0
2018-05-24 23:00:00, 65.15, 65.44, 64.3, 64.65, 611265, 0.0
2018-05-28 23:00:00, 63.97, 64.48, 63.0516, 63.5, 1002881, 0.0
2018-05-29 23:00:00, 63.77, 64.62, 63.54, 64.28, 1117597, 0.0
2018-05-30 23:00:00, 63.26, 63.78, 61.64, 62.23, 2172857, 0.0
2018-05-31 23:00:00, 62.63, 63.4, 62.63, 62.96, 1268418, 0.0
2018-06-03 23:00:00, 63.05, 63.705, 62.76, 63.08, 990344, 0.0
2018-06-04 23:00:00, 64.3, 64.81, 63.51, 64.41, 2091557, 0.0
2018-06-05 23:00:00, 64.33, 65.5, 64.16, 65.49, 1405423, 0.0
2018-06-06 23:00:00, 65.48, 65.67, 64.67, 64.99, 965205, 0.0
2018-06-07 23:00:00, 65.13, 65.4, 64.7, 65.25, 982794, 0.0
2018-06-10 23:00:00, 65.1, 65.72, 65.02, 65.62, 704813, 0.0
2018-06-11 23:00:00, 65.59, 65.9, 65.02, 65.2, 1063856, 0.0
2018-06-12 23:00:00, 65.34, 65.34, 63.97, 64.02, 765837, 0.0
2018-06-13 23:00:00, 64.22, 64.72, 63.57, 63.76, 879327, 0.0
2018-06-14 23:00:00, 63.85, 64.35, 62.55, 63.99, 1749271, 0.0
2018-06-17 23:00:00, 63.51, 64.02, 63.07, 63.57, 994127, 0.0
2018-06-18 23:00:00, 62.87, 63.03, 62.07, 62.74, 1518851, 0.0
2018-06-19 23:00:00, 62.94, 63.03, 62.39, 62.5, 1368134, 0.0
2018-06-20 23:00:00, 62.33, 62.33, 60.97, 61.51, 1054687, 0.0
2018-06-21 23:00:00, 62.07, 62.52, 61.59, 62.11, 1592188, 0.0
2018-06-24 23:00:00, 61.81, 62.88, 61.215, 62.16, 2388356, 0.0
2018-06-25 23:00:00, 62.16, 62.51, 61.81, 62.17, 1708465, 0.0
2018-06-26 23:00:00, 62.29, 63.195, 61.74, 61.76, 836576, 0.0
2018-06-27 23:00:00, 61.47, 62.28, 61.275, 62.04, 975216, 0.0
2018-06-28 23:00:00, 61.91, 63.03, 61.82, 61.97, 978948, 0.0
2018-07-01 23:00:00, 60.29, 60.96, 59.82, 60.87, 1543575, 0.0
2018-07-02 23:00:00, 61.24, 61.56, 59.89, 59.98, 783342, 0.0
2018-07-04 23:00:00, 60.63, 60.81, 60.13, 60.57, 1294142, 0.0
2018-07-05 23:00:00, 60.68, 61.07, 60.03, 60.9, 1373030, 0.0
2018-07-08 23:00:00, 61.08, 61.99, 60.83, 61.83, 1799301, 0.0
2018-07-09 23:00:00, 62.64, 62.89, 61.99, 62.59, 865664, 0.0
2018-07-10 23:00:00, 61.91, 61.94, 60.93, 61.23, 713412, 0.0
2018-07-11 23:00:00, 61.6, 61.91, 61.01, 61.73, 706885, 0.0
2018-07-12 23:00:00, 61.79, 63.709, 61.79, 63.44, 1700694, 0.0
2018-07-15 23:00:00, 63.5, 63.51, 62.36, 62.58, 1057563, 0.0
2018-07-16 23:00:00, 62.26, 63.23, 62.13, 63.22, 1161358, 0.0
2018-07-17 23:00:00, 62.05, 64.14, 62.05, 63.41, 2113726, 0.0
2018-07-18 23:00:00, 63.37, 63.71, 62.63, 63.45, 1355710, 0.0
2018-07-19 23:00:00, 63.21, 63.23, 62.59, 62.75, 1219859, 0.0
2018-07-22 23:00:00, 62.69, 63.49, 62.41, 62.92, 2183549, 0.0
2018-07-23 23:00:00, 64.3, 65.02, 61.07, 63.25, 4038834, 0.0
2018-07-24 23:00:00, 62.05, 64.27, 62.05, 64.17, 3087741, 0.0
2018-07-25 23:00:00, 64.3, 66.04, 64.3, 65.41, 2308716, 0.0
2018-07-26 23:00:00, 65.38, 66.14, 65.38, 66.06, 1824784, 0.0
2018-07-29 23:00:00, 66.05, 66.82, 64.9, 65, 1717563, 0.0
2018-07-30 23:00:00, 65.38, 65.97, 65.13, 65.73, 1856839, 0.0
2018-07-31 23:00:00, 65.5, 65.695, 63.63, 63.97, 1142485, 0.0
2018-08-01 23:00:00, 63.57, 63.95, 62.8, 63.28, 1556840, 0.0
2018-08-02 23:00:00, 63.31, 64.52, 63.27, 64.42, 1709441, 0.0
2018-08-05 23:00:00, 65.73, 66.27, 64.88, 64.93, 1214260, 0.0
2018-08-06 23:00:00, 63.52, 65.86, 63.52, 65.18, 1023524, 0.0
2018-08-07 23:00:00, 65.05, 65.21, 64.3, 64.43, 852488, 0.0
2018-08-08 23:00:00, 64.53, 64.805, 63.75, 64.32, 954115, 0.0
2018-08-09 23:00:00, 63.88, 64.1, 63.03, 63.56, 1089678, 0.0
2018-08-12 23:00:00, 63.59, 64.76, 63.59, 63.95, 1538501, 0.0
2018-08-13 23:00:00, 64.17, 65.12, 64.02, 64.83, 1600159, 0.0
2018-08-14 23:00:00, 64.15, 64.615, 63.32, 64.55, 1504161, 0.0
2018-08-15 23:00:00, 65.1, 66.05, 65, 65.68, 1439104, 0.0
2018-08-16 23:00:00, 65.86, 67.53, 65.71, 67.16, 1958419, 0.0
2018-08-19 23:00:00, 67.27, 68.57, 67.27, 68.23, 1786055, 0.0
2018-08-20 23:00:00, 68.4, 68.7, 67.775, 67.95, 1659186, 0.0
2018-08-21 23:00:00, 67.85, 68.04, 67.49, 67.78, 1389149, 0.0
2018-08-22 23:00:00, 67.47, 67.54, 66.1301, 66.61, 1125791, 0.0
2018-08-23 23:00:00, 66.55, 67.56, 66.35, 67.42, 1441839, 0.0
2018-08-26 23:00:00, 67.81, 69.135, 67.53, 68.62, 1171636, 0.0
2018-08-27 23:00:00, 68.82, 69.115, 68.42, 68.48, 1167213, 0.0
2018-08-28 23:00:00, 68.47, 68.67, 67.87, 68.42, 651071, 0.0
2018-08-29 23:00:00, 68.25, 68.56, 67.51, 67.87, 1292189, 0.0
2018-08-30 23:00:00, 67.81, 68.5, 67.57, 68.42, 1015969, 0.0
2018-09-03 23:00:00, 68.07, 68.42, 67.68, 68.35, 1541055, 0.0
2018-09-04 23:00:00, 68.05, 69.93, 67.89, 69.91, 2217382, 0.0
2018-09-05 23:00:00, 69.88, 70.3, 68.99, 69.17, 1430435, 0.0
2018-09-06 23:00:00, 68.77, 69.265, 68.24, 69.01, 1396237, 0.0
2018-09-09 23:00:00, 69.44, 70.89, 69.3573, 70, 1311052, 0.0
2018-09-10 23:00:00, 69.75, 69.94, 68.75, 69.07, 1594081, 0.0
2018-09-11 23:00:00, 68.94, 69.785, 68.32, 69.64, 1253186, 0.0
2018-09-12 23:00:00, 69.98, 70.35, 69.49, 69.88, 711699, 0.0
2018-09-13 23:00:00, 69.98, 70.65, 69.89, 70.34, 1031404, 0.0
2018-09-16 23:00:00, 70.61, 71.97, 70.51, 70.64, 946353, 0.0
2018-09-17 23:00:00, 70.88, 71.3425, 69.825, 71.13, 870985, 0.0
2018-09-18 23:00:00, 71.06, 71.95, 71.06, 71.33, 974836, 0.0
2018-09-19 23:00:00, 71.8, 72.63, 71.6, 72.4, 1231233, 0.0
2018-09-20 23:00:00, 72.73, 72.89, 72.03, 72.19, 1449508, 0.0
2018-09-23 23:00:00, 71.84, 71.95, 70.02, 70.37, 1190995, 0.0
2018-09-24 23:00:00, 70.28, 70.54, 69.1, 69.25, 1374547, 0.0
2018-09-25 23:00:00, 69.6, 69.69, 68.66, 68.79, 1151318, 0.0
2018-09-26 23:00:00, 69.14, 69.37, 68.432, 69.06, 702770, 0.0
2018-09-27 23:00:00, 68.94, 69.05, 67.97, 68.18, 1253568, 0.0
2018-09-30 23:00:00, 68.76, 69.58, 68.58, 68.99, 1129247, 0.0
2018-10-01 23:00:00, 68.94, 69.87, 68.84, 69.68, 910352, 0.0
2018-10-02 23:00:00, 69.8, 70.76, 69.67, 70.23, 957774, 0.0
2018-10-03 23:00:00, 70, 70.74, 69.49, 69.87, 1085793, 0.0
2018-10-04 23:00:00, 69.19, 69.76, 67.4, 67.97, 1311603, 0.0
2018-10-07 23:00:00, 67.69, 68.2, 67.41, 68.11, 1228081, 0.0
2018-10-08 23:00:00, 68.26, 68.36, 66.28, 66.37, 1071464, 0.0
2018-10-09 23:00:00, 66.31, 66.45, 63.79, 63.85, 1577055, 0.0
2018-10-10 23:00:00, 63.71, 64.691, 62.47, 62.85, 1881125, 0.0
2018-10-11 23:00:00, 63.77, 63.88, 61.29, 62.12, 2050313, 0.0
2018-10-14 23:00:00, 61.85, 62.67, 61.79, 62.09, 1354847, 0.0
2018-10-15 23:00:00, 62.65, 63.09, 61.73, 62.94, 1222103, 0.0
2018-10-16 23:00:00, 62.86, 62.97, 61.17, 61.74, 1114606, 0.0
2018-10-17 23:00:00, 61.58, 61.73, 59.65, 60.34, 1966842, 0.0
2018-10-18 23:00:00, 60.09, 60.97, 59.91, 60.24, 1797506, 0.0
2018-10-21 23:00:00, 60.29, 61.215, 60.08, 60.5, 3877168, 0.0
2018-10-22 23:00:00, 58, 59.05, 54.76, 57.4, 4509175, 0.0
2018-10-23 23:00:00, 57.53, 57.58, 54.91, 54.99, 3256864, 0.0
2018-10-24 23:00:00, 55.58, 56.29, 54.78, 55.24, 2091414, 0.0
2018-10-25 23:00:00, 54.08, 56, 53.95, 55.29, 1905655, 0.0
2018-10-28 23:00:00, 56.2, 57.25, 54.87, 55.82, 1748656, 0.0
2018-10-29 23:00:00, 56.05, 57.44, 55.6, 56.48, 2456745, 0.0
2018-10-30 23:00:00, 57.11, 57.6825, 56.68, 57.2, 1965875, 0.0
2018-10-31 23:00:00, 57.55, 59.51, 57.5301, 59.14, 1634891, 0.0
2018-11-01 23:00:00, 59.46, 59.75, 57.76, 58.31, 1366037, 0.0
2018-11-04 23:00:00, 58.65, 58.95, 57.89, 58.46, 1003837, 0.0
2018-11-05 23:00:00, 58.51, 59.5, 58.32, 59.36, 876425, 0.0
2018-11-06 23:00:00, 59.78, 59.94, 58.24, 59.92, 1797541, 0.0
2018-11-07 23:00:00, 59.62, 60.52, 59.36, 60.15, 1180676, 0.0
2018-11-08 23:00:00, 59.33, 59.89, 58.19, 58.35, 1122472, 0.0
2018-11-11 23:00:00, 58.4, 59.15, 58.07, 58.38, 1028555, 0.0
2018-11-12 23:00:00, 58.89, 60.05, 58.63, 58.85, 1118059, 0.0
2018-11-13 23:00:00, 59.2, 60.25, 58.87, 59.68, 1486607, 0.0
2018-11-14 23:00:00, 59.18, 60.8, 58.78, 60.57, 1359793, 0.0
2018-11-15 23:00:00, 60.13, 61.16, 60.01, 60.78, 1191381, 0.0
2018-11-18 23:00:00, 60.48, 61.42, 60.145, 60.49, 1241012, 0.0
2018-11-19 23:00:00, 60.2, 60.48, 59, 59.36, 1649489, 0.0
2018-11-20 23:00:00, 59.76, 60.76, 59.52, 59.96, 1086698, 0.0
2018-11-22 23:00:00, 59.35, 60.46, 58.975, 60.05, 494458, 0.0
2018-11-25 23:00:00, 60.48, 61.34, 60.41, 60.67, 993010, 0.0
2018-11-26 23:00:00, 60.48, 60.761, 59.97, 60.57, 1420732, 0.0
2018-11-27 23:00:00, 60.71, 62.08, 60.04, 62.06, 1563967, 0.0
2018-11-28 23:00:00, 61.7, 62.06, 61.13, 61.31, 1057085, 0.0
2018-11-29 23:00:00, 61.38, 62.29, 61.14, 62.18, 1951516, 0.0
2018-12-02 23:00:00, 63.11, 63.41, 61.04, 61.1, 2630917, 0.0
2018-12-03 23:00:00, 60.83, 61.01, 58.9101, 59.32, 3876314, 0.0
2018-12-05 23:00:00, 58.2, 58.62, 56.11, 58.59, 4176167, 0.0
2018-12-06 23:00:00, 58.29, 59.13, 56.86, 57.1, 2006043, 0.0
2018-12-09 23:00:00, 57.1, 57.7, 55.99, 57.57, 2523514, 0.0
2018-12-10 23:00:00, 58.42, 58.77, 57.39, 57.81, 3060979, 0.0
2018-12-11 23:00:00, 58.7, 59.92, 58.37, 58.41, 2215507, 0.0
2018-12-12 23:00:00, 56.88, 57.47, 56.67, 57.34, 2475107, 0.0
2018-12-13 23:00:00, 56.73, 57.46, 56.52, 56.56, 1570616, 0.0
2018-12-16 23:00:00, 56.52, 57.55, 55.64, 56.13, 1829073, 0.0
2018-12-17 23:00:00, 56.52, 57.27, 55.91, 56.19, 1876486, 0.0
2018-12-18 23:00:00, 56.37, 57.14, 54.61, 54.88, 1724501, 0.0
2018-12-19 23:00:00, 54.76, 55.92, 54.51, 55.44, 2391478, 0.0
2018-12-20 23:00:00, 55.79, 56.91, 54.72, 54.9, 3111509, 0.0
2018-12-23 23:00:00, 54.51, 54.86, 53.51, 53.67, 965774, 0.0
2018-12-25 23:00:00, 53.96, 56.51, 53.43, 56.5, 2031027, 0.0
2018-12-26 23:00:00, 55.54, 57.5, 55.07, 57.49, 1638250, 0.0
2018-12-27 23:00:00, 57.76, 58.04, 56.76, 57.0601, 1377556, 0.0
2018-12-30 23:00:00, 57.39, 57.62, 56.62, 56.84, 1215263, 0.0
2019-01-01 23:00:00, 56.27, 57.95, 55.84, 57.77, 1379412, 0.0
2019-01-02 23:00:00, 57.46, 57.58, 56.11, 56.585, 1525278, 0.0
2019-01-03 23:00:00, 57.2, 59.06, 57, 58.97, 2110753, 0.0
2019-01-06 23:00:00, 58.76, 59.73, 57.82, 58.985, 2513501, 0.0
2019-01-07 23:00:00, 59.5, 60.19, 58.98, 59.52, 2315258, 0.0
2019-01-08 23:00:00, 59.81, 60.16, 58.31, 58.56, 3335653, 0.0
2019-01-09 23:00:00, 57.83, 59.64, 57.57, 59.18, 2205414, 0.0
2019-01-10 23:00:00, 59.05, 59.71, 58.43, 59.41, 1603595, 0.0
2019-01-13 23:00:00, 59.11, 60.33, 58.66, 59.995, 1743610, 0.0
2019-01-14 23:00:00, 60.01, 60.19, 59.28, 59.52, 1221255, 0.0
2019-01-15 23:00:00, 59.68, 60.41, 59.46, 60.085, 1065249, 0.0
2019-01-16 23:00:00, 59.81, 61.87, 59.66, 61.36, 2013064, 0.0
2019-01-17 23:00:00, 61.87, 63.17, 61.42, 62.92, 2105151, 0.0
2019-01-21 23:00:00, 62.39, 62.58, 61.435, 61.885, 1717002, 0.0
2019-01-22 23:00:00, 62.54, 62.54, 61.2289, 61.575, 1588379, 0.0
2019-01-23 23:00:00, 61.16, 61.93, 61.04, 61.83, 1818705, 0.0
2019-01-24 23:00:00, 62.56, 63.27, 62.42, 62.68, 1889564, 0.0
2019-01-27 23:00:00, 61.77, 61.84, 60.96, 61.3, 3964614, 0.0
2019-01-28 23:00:00, 63.77, 64.97, 62.405, 64.775, 3467770, 0.0
2019-01-29 23:00:00, 65, 65.19, 63.63, 64.79, 2477354, 0.0
2019-01-30 23:00:00, 64.65, 65.53, 64.16, 65.53, 1699540, 0.0
2019-01-31 23:00:00, 65.51, 65.88, 64.75, 64.965, 1535521, 0.0
2019-02-03 23:00:00, 64.89, 65.23, 64.18, 65.145, 1649395, 0.0
2019-02-04 23:00:00, 65.43, 65.61, 64.73, 65.575, 1551343, 0.0
2019-02-05 23:00:00, 64.97, 65.88, 64.46, 65.56, 1715116, 0.0
2019-02-06 23:00:00, 65.73, 66.08, 65.11, 65.9, 2168499, 0.0
2019-02-07 23:00:00, 65.62, 65.88, 64.95, 65.86, 1062466, 0.0
2019-02-10 23:00:00, 65.85, 66.2, 65.33, 65.34, 809065, 0.0
2019-02-11 23:00:00, 66.04, 67.02, 65.88, 66.74, 1353403, 0.0
2019-02-12 23:00:00, 67.09, 67.69, 66.81, 67.47, 849905, 0.0
2019-02-13 23:00:00, 67.03, 67.56, 66.68, 66.89, 1298595, 0.0
2019-02-14 23:00:00, 67.52, 68.24, 67, 68.11, 1653682, 0.0
2019-02-20 23:00:00, 68.82, 69.45, 68.6284, 69.17, 1429457, 0.0
2019-02-21 23:00:00, 69.46, 70.23, 69.4, 69.89, 1449599, 0.0
2019-02-24 23:00:00, 70.32, 70.35, 69.429, 69.49, 1087512, 0.0
2019-02-25 23:00:00, 69.17, 69.875, 68.9056, 69.33, 1144112, 0.0
2019-02-26 23:00:00, 69.03, 69.03, 67.87, 68.41, 1725095, 0.0
2019-02-27 23:00:00, 68.4, 68.4, 67.415, 67.76, 1685344, 0.0
2019-02-28 23:00:00, 68.25, 68.57, 67.22, 67.76, 1794234, 0.0
2019-03-03 23:00:00, 68.12, 68.43, 66.66, 67.48, 2030939, 0.0
2019-03-04 23:00:00, 67.63, 68.15, 67.33, 67.78, 1855460, 0.0
2019-03-05 23:00:00, 67.66, 67.86, 67.21, 67.27, 2213310, 0.0
2019-03-06 23:00:00, 67.01, 67.2345, 65.92, 67.12, 1750570, 0.0
2019-03-07 23:00:00, 66.5, 67.37, 66.2, 67.31, 1590693, 0.0
2019-03-10 23:00:00, 67.39, 68.22, 67.15, 68.14, 1346506, 0.0
2019-03-11 23:00:00, 68.24, 68.31, 67.88, 68.25, 1884012, 0.0
2019-03-12 23:00:00, 68.59, 69.01, 68.205, 68.74, 2341396, 0.0
2019-03-13 23:00:00, 68.53, 68.73, 68.095, 68.45, 2045747, 0.0
2019-03-14 23:00:00, 68.44, 68.51, 67.58, 67.65, 1281797, 0.0
2019-03-17 23:00:00, 67.58, 68.48, 67.49, 68.41, 1447755, 0.0
2019-03-18 23:00:00, 68.76, 68.99, 67.83, 68.11, 1077926, 0.0
2019-03-19 23:00:00, 67.93, 68.4199, 67.42, 67.73, 1126735, 0.0
2019-03-20 23:00:00, 67.33, 68.33, 67.33, 68.19, 1036457, 0.0
2019-03-21 23:00:00, 67.79, 68.09, 66.85, 67.04, 1758699, 0.0
2019-03-24 23:00:00, 67.435, 67.82, 67.1, 67.41, 1056317, 0.0
2019-03-25 23:00:00, 67.72, 68.15, 67.155, 67.42, 1069050, 0.0
2019-03-26 23:00:00, 67.48, 68.06, 67.37, 67.82, 873934, 0.0
2019-03-27 23:00:00, 67.93, 68.86, 67.71, 68.27, 1010922, 0.0
2019-03-28 23:00:00, 68.79, 68.95, 68.03, 68.14, 1749552, 0.0
2019-03-31 23:00:00, 68.81, 69.12, 68.34, 69.04, 886147, 0.0
2019-04-01 23:00:00, 69.1, 69.1, 68.2, 68.41, 4304564, 0.0
2019-04-02 23:00:00, 68.67, 68.95, 68.025, 68.32, 2251921, 0.0
2019-04-03 23:00:00, 68.25, 69.4125, 68.01, 69.01, 3348447, 0.0
2019-04-04 23:00:00, 69.32, 69.43, 68.83, 69.04, 1000931, 0.0
2019-04-07 23:00:00, 68.84, 69.09, 68.49, 68.93, 849205, 0.0
2019-04-08 23:00:00, 68.52, 68.765, 67.95, 68.39, 1106206, 0.0
2019-04-09 23:00:00, 68.57, 68.91, 68.17, 68.78, 840541, 0.0
2019-04-10 23:00:00, 68.97, 69.765, 68.622, 69.71, 1158868, 0.0
2019-04-11 23:00:00, 70, 70.73, 69.8, 70.5, 1091454, 0.0
2019-04-14 23:00:00, 70.59, 70.85, 70.2, 70.37, 983180, 0.0
2019-04-15 23:00:00, 70.51, 71.55, 69.91, 71.44, 1438239, 0.0
2019-04-16 23:00:00, 71.66, 72.21, 71.09, 71.13, 955790, 0.0
2019-04-17 23:00:00, 71.73, 71.95, 71.22, 71.5, 1406725, 0.0
2019-04-21 23:00:00, 71.08, 71.32, 70.0782, 71.13, 824564, 0.0
2019-04-22 23:00:00, 71.01, 71.62, 70.5001, 71.18, 1178900, 0.0
2019-04-23 23:00:00, 71.08, 71.71, 70.7, 71.49, 1107461, 0.0
2019-04-24 23:00:00, 70.8, 70.8, 69.96, 70.15, 1107383, 0.0
2019-04-25 23:00:00, 70.43, 71.03, 70.12, 70.94, 1846572, 0.0
2019-04-28 23:00:00, 71, 71.38, 70.72, 71.3, 1566097, 0.0
2019-04-29 23:00:00, 72, 73, 69.84, 71.68, 3027657, 0.0
2019-04-30 23:00:00, 71.8, 72.28, 70.83, 70.86, 1986648, 0.0
2019-05-01 23:00:00, 70.88, 71.09, 69.96, 70.19, 1857071, 0.0
2019-05-02 23:00:00, 70.67, 71.5, 70.41, 71.36, 1252780, 0.0
2019-05-05 23:00:00, 70, 70.49, 68.93, 69.42, 1815804, 0.0
2019-05-06 23:00:00, 68.66, 69.13, 68.07, 68.85, 1842128, 0.0
2019-05-07 23:00:00, 68.82, 69.38, 68.41, 68.84, 1208028, 0.0
2019-05-08 23:00:00, 68.32, 69.18, 67.49, 69, 1557563, 0.0
2019-05-09 23:00:00, 68.76, 69.685, 67.75, 69.53, 1442410, 0.0
2019-05-12 23:00:00, 67.88, 68.22, 67.02, 67.65, 1805066, 0.0
2019-05-13 23:00:00, 67.74, 68.98, 67.52, 68.7, 1292605, 0.0
2019-05-14 23:00:00, 68.02, 69.455, 67.77, 69.18, 1147657, 0.0
2019-05-15 23:00:00, 69.47, 70.39, 69.44, 69.9, 854377, 0.0
2019-05-16 23:00:00, 69.49, 70.15, 68.9, 69.26, 1299047, 0.0
2019-05-19 23:00:00, 68.77, 70.07, 68.31, 69.33, 1174032, 0.0
2019-05-20 23:00:00, 69.84, 70.235, 69.15, 70.15, 891955, 0.0
2019-05-21 23:00:00, 69.94, 70.05, 68.16, 68.18, 1420030, 0.0
2019-05-22 23:00:00, 67.49, 67.89, 66.63, 67.06, 1976383, 0.0
2019-05-23 23:00:00, 67.48, 67.62, 67.02, 67.55, 957685, 0.0
2019-05-27 23:00:00, 67.71, 68.29, 67.09, 67.09, 1082741, 0.0
2019-05-28 23:00:00, 66.57, 67.59, 66.33, 67.53, 1253990, 0.0
2019-05-29 23:00:00, 67.62, 68.38, 67.62, 68.03, 755896, 0.0
2019-05-30 23:00:00, 66.49, 67.06, 65.78, 65.82, 1473651, 0.0
2019-06-03 23:00:00, 66.76, 68.65, 66.61, 68.62, 1558028, 0.0
2019-06-04 23:00:00, 68.99, 69.65, 68.16, 69.13, 1400576, 0.0
2019-06-05 23:00:00, 69.09, 69.8, 68.66, 69.76, 852299, 0.0
2019-06-06 23:00:00, 70.13, 70.79, 69.6, 70.21, 798503, 0.0
2019-06-09 23:00:00, 70.48, 70.86, 69.92, 70.19, 916828, 0.0
2019-06-10 23:00:00, 70.75, 71.1, 69.75, 69.78, 1023285, 0.0
2019-06-11 23:00:00, 69.78, 70, 69.44, 69.82, 594138, 0.0
2019-06-12 23:00:00, 69.89, 70.2886, 69.6, 69.97, 1300699, 0.0
2019-06-13 23:00:00, 70, 70.295, 69.22, 70.02, 1294379, 0.0
2019-06-16 23:00:00, 69.93, 70.14, 69.11, 69.25, 569583, 0.0
2019-06-17 23:00:00, 69.82, 71.49, 69.64, 70.99, 982256, 0.0
2019-06-18 23:00:00, 71, 71.41, 70.5, 71.21, 894537, 0.0
2019-06-19 23:00:00, 72.04, 72.39, 71.58, 72.22, 1059596, 0.0
2019-06-20 23:00:00, 72.07, 72.47, 71.3, 71.33, 1481207, 0.0
2019-06-23 23:00:00, 71.23, 72.01, 71, 71.39, 670734, 0.0
2019-06-24 23:00:00, 71.56, 71.89, 71.06, 71.31, 760720, 0.0
2019-06-25 23:00:00, 71.56, 71.88, 70.76, 70.91, 805104, 0.0
2019-06-26 23:00:00, 71, 71.33, 70.261, 70.68, 923213, 0.0
2019-06-27 23:00:00, 71.01, 71.8636, 70.63, 71.67, 1569824, 0.0
2019-06-30 23:00:00, 72.63, 72.86, 71.36, 72.25, 1361600, 0.0
2019-07-01 23:00:00, 71.07, 71.81, 70.98, 71.33, 1216970, 0.0
2019-07-02 23:00:00, 71.51, 71.74, 70.635, 71.18, 630835, 0.0
2019-07-04 23:00:00, 70.92, 70.92, 69.37, 70.61, 1024217, 0.0
2019-07-07 23:00:00, 70.36, 70.91, 70.23, 70.66, 871925, 0.0
2019-07-08 23:00:00, 70.45, 70.72, 70.13, 70.63, 1074910, 0.0
2019-07-09 23:00:00, 70.98, 71.48, 70.22, 70.51, 1000360, 0.0
2019-07-10 23:00:00, 70.55, 70.84, 69.89, 70.76, 946450, 0.0
2019-07-11 23:00:00, 71.09, 72.18, 71.09, 72.12, 1054175, 0.0
2019-07-14 23:00:00, 72.16, 72.41, 70.71, 71.5, 1490525, 0.0
2019-07-15 23:00:00, 71.51, 72.68, 71.13, 72.58, 1467463, 0.0
2019-07-16 23:00:00, 72.53, 72.53, 70.14, 70.14, 1752140, 0.0
2019-07-17 23:00:00, 70.02, 70.165, 68.26, 69.08, 2168034, 0.0
2019-07-18 23:00:00, 69.59, 70.25, 69.08, 69.33, 1864299, 0.0
2019-07-21 23:00:00, 69.53, 70.14, 68.99, 69.17, 2063691, 0.0
2019-07-22 23:00:00, 67.01, 69.76, 67, 69.22, 3274853, 0.0
2019-07-23 23:00:00, 69.36, 72.41, 69.36, 72.16, 1954162, 0.0
2019-07-24 23:00:00, 72.43, 72.43, 70.97, 71.69, 1362835, 0.0
2019-07-25 23:00:00, 71.63, 72.035, 70.9, 71.65, 1141964, 0.0
2019-07-28 23:00:00, 71.71, 72.305, 71.36, 71.51, 967274, 0.0
2019-07-29 23:00:00, 70.54, 71.03, 69.2, 70.98, 1130640, 0.0
2019-07-30 23:00:00, 70.94, 71.36, 69.4117, 70.13, 1257889, 0.0
2019-07-31 23:00:00, 70.04, 70.89, 67.785, 68.15, 1570105, 0.0
2019-08-01 23:00:00, 68.08, 68.26, 66.33, 67.23, 1657252, 0.0
2019-08-04 23:00:00, 66.16, 66.55, 63.945, 64.41, 2349405, 0.0
2019-08-05 23:00:00, 64.71, 65.86, 64.68, 65.5, 1526664, 0.0
2019-08-06 23:00:00, 64.54, 65.48, 64.01, 65.26, 1459031, 0.0
2019-08-07 23:00:00, 65.46, 66.54, 65.46, 66.5, 1028361, 0.0
2019-08-08 23:00:00, 65.97, 66.015, 64.69, 65.19, 1034857, 0.0
2019-08-11 23:00:00, 64.69, 65.14, 64.32, 64.75, 1332611, 0.0
2019-08-12 23:00:00, 64.27, 67.45, 64.07, 66.36, 1613017, 0.0
2019-08-13 23:00:00, 65.15, 65.42, 63.22, 63.34, 1386105, 0.0
2019-08-14 23:00:00, 63.51, 64.03, 63.09, 63.69, 999853, 0.0
2019-08-15 23:00:00, 64.26, 64.89, 63.91, 64.47, 1170297, 0.0
2019-08-18 23:00:00, 65.69, 65.97, 64.64, 64.88, 973497, 0.0
2019-08-19 23:00:00, 64.81, 65.08, 64.17, 64.38, 1550171, 0.0
2019-08-20 23:00:00, 65.04, 65.46, 64.71, 65.06, 959256, 0.0
2019-08-21 23:00:00, 65.23, 65.875, 64.19, 64.44, 1018569, 0.0
2019-08-22 23:00:00, 64.09, 64.39, 62.13, 62.55, 1401977, 0.0
2019-08-25 23:00:00, 63.32, 63.55, 62.41, 63.22, 942965, 0.0
2019-08-26 23:00:00, 63.69, 64.18, 63.23, 63.44, 986585, 0.0
2019-08-27 23:00:00, 63.15, 64.28, 62.57, 63.88, 1522751, 0.0
2019-08-28 23:00:00, 64.75, 65.49, 64.38, 65.36, 1842791, 0.0
2019-08-29 23:00:00, 65.81, 66.33, 65.26, 65.58, 1202970, 0.0
2019-09-02 23:00:00, 65.08, 65.45, 63.54, 64.25, 1885324, 0.0
2019-09-03 23:00:00, 64.94, 65.7256, 64.72, 65.47, 1336113, 0.0
2019-09-04 23:00:00, 66.31, 68.6, 66.31, 68.19, 2181196, 0.0
2019-09-05 23:00:00, 68.67, 69.13, 68.14, 68.35, 1231718, 0.0
2019-09-08 23:00:00, 68.7, 70.67, 68.425, 70.47, 1694937, 0.0
2019-09-09 23:00:00, 70.43, 72.03, 70.21, 71.9, 1900193, 0.0
2019-09-10 23:00:00, 71.57, 72.43, 70.51, 72.32, 1700387, 0.0
2019-09-11 23:00:00, 72, 72, 70.7, 71.18, 1586954, 0.0
2019-09-12 23:00:00, 71.8, 72.06, 70.38, 71.52, 902652, 0.0
2019-09-15 23:00:00, 71.03, 71.4, 70.75, 70.94, 697672, 0.0
2019-09-16 23:00:00, 70.91, 71.04, 69.89, 70.88, 1162494, 0.0
2019-09-17 23:00:00, 70.72, 70.855, 69.98, 70.75, 782996, 0.0
2019-09-18 23:00:00, 71.94, 71.94, 70.29, 70.35, 951633, 0.0
2019-09-19 23:00:00, 70.25, 71.35, 70.11, 70.25, 2002718, 0.0
2019-09-22 23:00:00, 69.75, 70.97, 69.0569, 70.38, 973668, 0.0
2019-09-23 23:00:00, 70.42, 70.7, 67.805, 68.18, 2396352, 0.0
2019-09-24 23:00:00, 68.19, 68.66, 67.34, 68.4, 2349631, 0.0
2019-09-25 23:00:00, 67.78, 68.8, 67.78, 68.77, 991616, 0.0
2019-09-26 23:00:00, 68.85, 69.47, 68.29, 69.02, 1048345, 0.0
2019-09-29 23:00:00, 69.44, 70.215, 69.02, 70.01, 1116189, 0.0
2019-09-30 23:00:00, 70.14, 70.88, 67.16, 67.59, 1702925, 0.0
2019-10-01 23:00:00, 67.18, 67.21, 65.5901, 66.23, 1474671, 0.0
2019-10-02 23:00:00, 66.19, 67, 65.17, 66.97, 1182069, 0.0
2019-10-03 23:00:00, 66.94, 67.94, 66.84, 67.83, 1741871, 0.0
2019-10-06 23:00:00, 67.51, 68.67, 67.05, 67.74, 2578895, 0.0
2019-10-07 23:00:00, 66.82, 67.39, 66.31, 66.55, 2261661, 0.0
2019-10-08 23:00:00, 67.28, 67.285, 66.18, 66.88, 2210185, 0.0
2019-10-09 23:00:00, 67.47, 68.09, 66.99, 67.33, 1933289, 0.0
2019-10-10 23:00:00, 68.51, 69.87, 68.51, 69.1, 4490055, 0.0
2019-10-13 23:00:00, 68.66, 69.59, 68.28, 69.51, 2662003, 0.0
2019-10-14 23:00:00, 69.09, 70.71, 68.79, 70.33, 2481101, 0.0
2019-10-15 23:00:00, 70.13, 70.86, 69.84, 70.07, 2759724, 0.0
2019-10-16 23:00:00, 70.5, 70.9, 70.07, 70.78, 3027512, 0.0
2019-10-17 23:00:00, 70.87, 72.42, 70.3, 72.03, 4803404, 0.0
2019-10-20 23:00:00, 73.185, 74.45, 72.75, 72.95, 2944589, 0.0
2019-10-21 23:00:00, 74.05, 76.39, 73, 76.38, 3882696, 0.0
2019-10-22 23:00:00, 75.36, 76, 74.3, 75.1, 2337011, 0.0
2019-10-23 23:00:00, 75.38, 75.62, 74.16, 75.32, 1459169, 0.0
2019-10-24 23:00:00, 75.3, 77.18, 75.14, 76.9, 1611198, 0.0
2019-10-27 23:00:00, 76.99, 77.8, 76.93, 77.51, 1311294, 0.0
2019-10-28 23:00:00, 77.02, 77.66, 76.41, 77.32, 1301596, 0.0
2019-10-29 23:00:00, 76.25, 76.81, 75.85, 76.46, 1622202, 0.0
2019-10-30 23:00:00, 76.13, 76.465, 74.77, 76.06, 1900816, 0.0
2019-10-31 23:00:00, 76.43, 78.07, 76.06, 78.06, 1843943, 0.0
2019-11-03 23:00:00, 78.39, 79.42, 78.11, 79.29, 1589131, 0.0
2019-11-04 23:00:00, 79.36, 80.36, 78.59, 79.67, 1454964, 0.0
2019-11-05 23:00:00, 79.45, 79.79, 78.53, 79.67, 895264, 0.0
2019-11-06 23:00:00, 80, 80.57, 79.57, 79.87, 1671552, 0.0
2019-11-07 23:00:00, 79.35, 80.11, 79.12, 80.07, 893120, 0.0
2019-11-10 23:00:00, 79.58, 80.15, 79.43, 79.92, 765455, 0.0
2019-11-11 23:00:00, 79.91, 79.98, 79.28, 79.42, 984528, 0.0
2019-11-12 23:00:00, 79.13, 79.29, 78.24, 79.12, 1011503, 0.0
2019-11-13 23:00:00, 80.28, 80.28, 79.25, 79.54, 1013642, 0.0
2019-11-14 23:00:00, 80.25, 80.48, 79.69, 80.21, 1079032, 0.0
2019-11-17 23:00:00, 79.54, 80.165, 79.2, 80.04, 890871, 0.0
2019-11-18 23:00:00, 79.93, 80.3, 79.01, 79.43, 789575, 0.0
2019-11-19 23:00:00, 79, 79.46, 78.38, 78.85, 835866, 0.0
2019-11-20 23:00:00, 79.27, 80, 78.98, 79.78, 1330927, 0.0
2019-11-21 23:00:00, 79.98, 80.5, 79.74, 80.44, 897167, 0.0
2019-11-24 23:00:00, 80.69, 81.68, 80.18, 81.53, 1143082, 0.0
2019-11-25 23:00:00, 81.64, 81.83, 80.93, 81.81, 904057, 0.0
2019-11-26 23:00:00, 81.67, 82.25, 81, 82.18, 902234, 0.0
2019-11-28 23:00:00, 81.6, 82.01, 81.33, 81.37, 528176, 0.0
2019-12-01 23:00:00, 81.75, 81.99, 80.65, 80.71, 1111746, 0.0
2019-12-02 23:00:00, 79.61, 80.22, 78.88, 80.06, 1279751, 0.0
2019-12-03 23:00:00, 80.33, 80.99, 79.84, 79.84, 1004721, 0.0
2019-12-04 23:00:00, 80.03, 80.27, 79.55, 80.1, 970907, 0.0
2019-12-05 23:00:00, 81.07, 81.55, 80.98, 81.13, 693168, 0.0
2019-12-08 23:00:00, 81.08, 81.185, 80.59, 81.06, 635079, 0.0
2019-12-09 23:00:00, 81.08, 81.36, 80.53, 81.21, 1001794, 0.0
2019-12-10 23:00:00, 81.5, 81.82, 81.03, 81.395, 956315, 0.0
2019-12-11 23:00:00, 81.42, 83.18, 81.19, 82.95, 1413539, 0.0
2019-12-12 23:00:00, 82.64, 83.265, 81.56, 82.01, 1294760, 0.0
2019-12-15 23:00:00, 82.75, 83.41, 82.6, 82.81, 1550329, 0.0
2019-12-16 23:00:00, 82.74, 83.11, 82.06, 82.13, 1730088, 0.0
2019-12-17 23:00:00, 82.18, 82.75, 81.86, 82.67, 1463593, 0.0
2019-12-18 23:00:00, 80.65, 80.8698, 79.4, 79.68, 1156171, 0.0
2019-12-19 23:00:00, 80.23, 80.26, 79.185, 80.16, 2534742, 0.0
2019-12-22 23:00:00, 79.96, 80.45, 79.38, 79.54, 881048, 0.0
2019-12-23 23:00:00, 79.59, 79.6, 79.09, 79.48, 264112, 0.0
2019-12-25 23:00:00, 79.61, 79.6672, 78.89, 79.51, 384218, 0.0
2019-12-26 23:00:00, 79.75, 79.84, 79.2, 79.405, 566202, 0.0
2019-12-29 23:00:00, 79.32, 79.46, 78.6, 79, 573400, 0.0
2019-12-30 23:00:00, 79.44, 79.525, 78.71, 79.09, 667659, 0.0
2020-01-01 23:00:00, 79.19, 79.66, 78.63, 79.57, 1120599, 0.0
2020-01-02 23:00:00, 78.31, 78.83, 77.665, 78.68, 1286877, 0.0
2020-01-05 23:00:00, 78.27, 78.52, 77.42, 78.49, 1477551, 0.0
2020-01-06 23:00:00, 77.81, 78.105, 77.28, 77.92, 1283739, 0.0
2020-01-07 23:00:00, 78.24, 79.205, 77.25, 78.97, 1478057, 0.0
2020-01-08 23:00:00, 78.84, 79.19, 77.58, 78.46, 1305698, 0.0
2020-01-09 23:00:00, 78.57, 78.74, 77.72, 77.81, 733688, 0.0
2020-01-12 23:00:00, 77.92, 78.1186, 77.4, 78.05, 788870, 0.0
2020-01-13 23:00:00, 78.71, 78.98, 78.05, 78.21, 1003597, 0.0
2020-01-14 23:00:00, 77.89, 78.035, 77.254, 77.47, 1156392, 0.0
2020-01-15 23:00:00, 77.91, 78.57, 77.445, 78.56, 1051623, 0.0
2020-01-16 23:00:00, 78.79, 79.24, 78.23, 78.53, 1105479, 0.0
2020-01-20 23:00:00, 78.48, 78.48, 77.26, 77.55, 2075929, 0.0
2020-01-21 23:00:00, 77.87, 77.9, 76.825, 76.93, 1635506, 0.0
2020-01-22 23:00:00, 76.72, 77.765, 75.69, 77.61, 1699678, 0.0
2020-01-23 23:00:00, 77.23, 77.2575, 76.23, 76.8, 2664143, 0.0
2020-01-26 23:00:00, 75.32, 75.86, 74.85, 75.16, 1974620, 0.0
2020-01-27 23:00:00, 76.34, 77.5416, 74.97, 76.8, 2823269, 0.0
2020-01-28 23:00:00, 77.6595, 78.08, 75.97, 76.11, 2174724, 0.0
2020-01-29 23:00:00, 75.51, 76.15, 74.98, 76.06, 1626524, 0.0
2020-01-30 23:00:00, 75.47, 75.51, 73.86, 74.21, 2955250, 0.0
2020-02-02 23:00:00, 74.88, 75.5, 74.13, 74.34, 1938988, 0.0
2020-02-03 23:00:00, 75.62, 76.32, 75.34, 76.18, 2146325, 0.0
2020-02-04 23:00:00, 77.24, 78.1662, 76.97, 77.97, 1695930, 0.0
2020-02-05 23:00:00, 78.22, 78.5, 77.26, 77.6, 1436208, 0.0
2020-02-06 23:00:00, 77.1, 77.18, 75.27, 75.43, 1816856, 0.0
2020-02-09 23:00:00, 74.79, 75.42, 74.645, 75.3, 1445057, 0.0
2020-02-10 23:00:00, 75.74, 75.9, 75.13, 75.7, 1740247, 0.0
2020-02-11 23:00:00, 76, 76.94, 76, 76.57, 1335768, 0.0
2020-02-12 23:00:00, 76.01, 76.29, 74.75, 74.83, 1652584, 0.0
2020-02-13 23:00:00, 74.7, 74.87, 74.09, 74.74, 2661480, 0.0
2020-02-17 23:00:00, 74.57, 75.06, 73.89, 74.31, 790078, 0.0
2020-02-18 23:00:00, 74.37, 74.61, 73.63, 74.22, 748625, 0.0
2020-02-19 23:00:00, 74.17, 75.65, 74.05, 75.54, 1487319, 0.0
2020-02-20 23:00:00, 75, 75.52, 74.56, 75.36, 1571783, 0.0
2020-02-23 23:00:00, 73.09, 73.72, 72.36, 72.73, 1392656, 0.0
2020-02-24 23:00:00, 73.1, 73.25, 69.75, 69.98, 2242708, 0.0
2020-02-25 23:00:00, 70.93, 71.29, 69.13, 69.41, 1633087, 0.0
2020-02-26 23:00:00, 71.49, 71.49, 67.13, 67.77, 2643736, 0.0
2020-02-27 23:00:00, 65.58, 67.51, 65.15, 66.9, 3335941, 0.0
2020-03-01 23:00:00, 67.32, 69.69, 66.26, 69.67, 2062397, 0.0
2020-03-02 23:00:00, 69.12, 71.08, 67.24, 67.54, 1989199, 0.0
2020-03-03 23:00:00, 68.48, 69.52, 67.75, 69.46, 1189564, 0.0
2020-03-04 23:00:00, 67.27, 67.4104, 65.01, 65.35, 1778779, 0.0
2020-03-05 23:00:00, 62.36, 64.98, 62.16, 64.57, 1986970, 0.0
2020-03-08 23:00:00, 60.48, 61.95, 59.7, 60.88, 5859668, 0.0
2020-03-09 23:00:00, 62.95, 64.66, 60.97, 64.66, 2103290, 0.0
2020-03-10 23:00:00, 62.44, 63.91, 61.17, 62.5, 4025480, 0.0
2020-03-11 23:00:00, 57.27, 62.82, 57.27, 59.21, 7539138, 0.0
2020-03-12 23:00:00, 61.67, 65.17, 59.4, 65.15, 6170926, 0.0
2020-03-15 23:00:00, 58.01, 63.96, 58, 60.17, 5973696, 0.0
2020-03-16 23:00:00, 60.44, 61.57, 58.55, 59.71, 2977899, 0.0
2020-03-17 23:00:00, 57.25, 58.39, 53.69, 55.75, 5250322, 0.0
2020-03-18 23:00:00, 55.22, 58.28, 52.63, 56.02, 2430363, 0.0
2020-03-19 23:00:00, 55.46, 56.38, 52.04, 52.34, 3219590, 0.0
2020-03-22 23:00:00, 52.78, 53.82, 49.11, 49.9, 5502751, 0.0
2020-03-23 23:00:00, 52.24, 57.14, 51.8705, 57.02, 2922658, 0.0
2020-03-24 23:00:00, 56.56, 60.9, 55.93, 58.95, 2394499, 0.0
2020-03-25 23:00:00, 59.11, 60.98, 57.68, 60.53, 4500562, 0.0
2020-03-26 23:00:00, 58.26, 60.915, 57.75, 59.5, 1411208, 0.0
2020-03-29 23:00:00, 58.66, 62.5, 58.45, 62.18, 1873617, 0.0
2020-03-30 23:00:00, 60.59, 62.16, 60.02, 61.15, 3702740, 0.0
2020-03-31 23:00:00, 59.23, 60.53, 58.21, 60.1, 2802726, 0.0
2020-04-01 23:00:00, 60.26, 62.065, 59.315, 60.85, 1980371, 0.0
2020-04-02 23:00:00, 61.02, 62.05, 60.475, 61.58, 3044880, 0.0
2020-04-05 23:00:00, 64.46, 65.24, 62.7, 64.94, 4080100, 0.0
2020-04-06 23:00:00, 66.21, 67.67, 65.13, 65.53, 3531604, 0.0
2020-04-07 23:00:00, 65.76, 66.91, 64.97, 66.47, 3457870, 0.0
2020-04-08 23:00:00, 67.02, 68.15, 65.88, 67.28, 3446372, 0.0
2020-04-12 23:00:00, 66.82, 66.89, 65.3, 65.94, 1844921, 0.0
2020-04-13 23:00:00, 67.1, 67.495, 65.8, 66.83, 1789605, 0.0
2020-04-14 23:00:00, 65.7, 65.7, 64.7, 65.4, 8714245, 0.0
2020-04-15 23:00:00, 65.28, 67.2, 64.38, 66.2, 3515264, 0.0
2020-04-16 23:00:00, 67.75, 68.97, 66.81, 67.65, 5980149, 0.0
2020-04-19 23:00:00, 66.95, 68.5, 65.71, 67.26, 5637633, 0.0
2020-04-20 23:00:00, 68.61, 68.99, 64.86, 65.72, 7845827, 0.0
2020-04-21 23:00:00, 66.87, 67.18, 65.13, 66.13, 4946476, 0.0
2020-04-22 23:00:00, 66.08, 67.5, 65.9, 65.91, 3011979, 0.0
2020-04-23 23:00:00, 66.65, 67.7, 66, 67.48, 3439059, 0.0
2020-04-26 23:00:00, 67.7, 69.155, 67.47, 68.83, 7953272, 0.0
2020-04-27 23:00:00, 70.28, 70.97, 69.08, 69.15, 2006224, 0.0
2020-04-28 23:00:00, 70.35, 70.435, 68.95, 69.6, 1809821, 0.0
2020-04-29 23:00:00, 68.9, 69.48, 68.15, 69.24, 3035360, 0.0
2020-04-30 23:00:00, 68.1, 68.72, 67.15, 68.34, 1779704, 0.0
2020-05-03 23:00:00, 68, 68.46, 67.04, 68.37, 2826117, 0.0
2020-05-04 23:00:00, 68.54, 69.31, 68.04, 68.06, 1261143, 0.0
2020-05-05 23:00:00, 68.71, 68.95, 68, 68.29, 1136385, 0.0
2020-05-06 23:00:00, 68.96, 69.28, 68.25, 68.6, 1157142, 0.0
2020-05-07 23:00:00, 69.23, 69.79, 68.78, 69.6, 2788086, 0.0
2020-05-10 23:00:00, 69.2, 69.34, 68.375, 68.84, 1133651, 0.0
2020-05-11 23:00:00, 67.36, 68.84, 66.815, 66.84, 1984853, 0.0
2020-05-12 23:00:00, 66.38, 67.12, 65.67, 66, 7245938, 0.0
2020-05-13 23:00:00, 64.85, 66.77, 64.25, 66.62, 3739036, 0.0
2020-05-14 23:00:00, 66.35, 67.6, 65.96, 66.79, 1881236, 0.0
2020-05-17 23:00:00, 69.26, 70.14, 68.64, 69.93, 3685000, 0.0
2020-05-18 23:00:00, 69.72, 70.24, 68.49, 68.55, 1473354, 0.0
2020-05-19 23:00:00, 68.7, 69.79, 68.62, 69.04, 1296230, 0.0
2020-05-20 23:00:00, 69.02, 69.205, 68.03, 68.2, 898793, 0.0
2020-05-21 23:00:00, 67.89, 68.52, 67.51, 68.42, 1175076, 0.0
2020-05-25 23:00:00, 69.93, 72.75, 69.52, 72.6, 3684986, 0.0
2020-05-26 23:00:00, 74.07, 75.11, 73.16, 75.06, 1629243, 0.0
2020-05-27 23:00:00, 75.16, 75.52, 73.43, 74, 1704945, 0.0
2020-05-28 23:00:00, 73.71, 74.32, 72.71, 73.86, 3364502, 0.0
2020-05-31 23:00:00, 74.05, 74.49, 72.955, 73.11, 2117464, 0.0
2020-06-01 23:00:00, 72.77, 73.51, 72.76, 73.4, 1390138, 0.0
2020-06-02 23:00:00, 73.83, 74.95, 73.8, 74.62, 2499630, 0.0
2020-06-03 23:00:00, 74.27, 75.72, 73.925, 75.69, 1087521, 0.0
2020-06-04 23:00:00, 77.05, 78.6, 76.47, 77.95, 4148314, 0.0
2020-06-07 23:00:00, 77.78, 79.35, 77.51, 78.76, 3057370, 0.0
2020-06-08 23:00:00, 77.92, 79.48, 77.49, 78.95, 2269754, 0.0
2020-06-09 23:00:00, 78.53, 78.645, 76.79, 76.79, 3171184, 0.0
2020-06-10 23:00:00, 75.39, 75.39, 72.52, 72.58, 1628520, 0.0
2020-06-11 23:00:00, 74.59, 74.61, 72.95, 72.95, 208688, 0.0
2020-06-14 23:00:00, 71.37, 73.9, 70.89, 73.68, 1019445, 0.0
2020-06-15 23:00:00, 75.94, 76.49, 73.73, 74.53, 2423623, 0.0
2020-06-16 23:00:00, 74.93, 75.19, 73.9725, 74.28, 1445680, 0.0
2020-06-17 23:00:00, 74.63, 75.15, 73.91, 74.5, 596877, 0.0
2020-06-18 23:00:00, 75.39, 75.69, 73.895, 74.95, 1468084, 0.0
2020-06-21 23:00:00, 74.3, 75.01, 73.48, 74.75, 642453, 0.0
2020-06-22 23:00:00, 75.49, 75.81, 74.59, 74.78, 748901, 0.0
2020-06-23 23:00:00, 73.93, 73.93, 72.19, 72.55, 969943, 0.0
2020-06-24 23:00:00, 72.17, 73.35, 71.61, 73.24, 1033046, 0.0
2020-06-25 23:00:00, 72.81, 73.35, 72.11, 72.44, 1030131, 0.0
2020-06-28 23:00:00, 73.5, 74.48, 72.005, 73.69, 854764, 0.0
2020-06-29 23:00:00, 73.04, 75.24, 72.79, 74.83, 1539581, 0.0
2020-06-30 23:00:00, 75.56, 75.63, 74, 74.27, 1144210, 0.0
2020-07-01 23:00:00, 75.39, 77.1, 74.745, 75.69, 1130279, 0.0
2020-07-05 23:00:00, 76.99, 77.41, 76.35, 77.16, 1458767, 0.0
2020-07-06 23:00:00, 76.48, 77.03, 75.6, 75.8, 1026295, 0.0
2020-07-07 23:00:00, 75.77, 76.45, 74.98, 75.43, 892906, 0.0
2020-07-08 23:00:00, 75.12, 75.68, 74.17, 74.38, 1145560, 0.0
2020-07-09 23:00:00, 74.36, 75.5, 74.29, 75.23, 1130212, 0.0
2020-07-12 23:00:00, 75.41, 76.66, 74.53, 75.68, 1715337, 0.0
2020-07-13 23:00:00, 75.29, 77.175, 74.84, 77.06, 1865060, 0.0
2020-07-14 23:00:00, 78.05, 79, 77.28, 78.71, 1566862, 0.0
2020-07-15 23:00:00, 78.15, 79.555, 78.03, 79.43, 1377963, 0.0
2020-07-16 23:00:00, 79.73, 79.98, 78.99, 79.41, 1716613, 0.0
2020-07-19 23:00:00, 79, 79.8, 78.51, 79.56, 1975567, 0.0
2020-07-20 23:00:00, 79.12, 83.92, 78.9054, 83.71, 3236387, 0.0
2020-07-21 23:00:00, 83.83, 86.4, 83.67, 85.25, 2333362, 0.0
2020-07-22 23:00:00, 85.33, 86.49, 85, 86.08, 1465472, 0.0
2020-07-23 23:00:00, 86.5, 87.24, 85.12, 85.73, 2464727, 0.0
2020-07-26 23:00:00, 85.74, 86.8912, 85.27, 85.9, 1146979, 0.0
2020-07-27 23:00:00, 85.97, 86.63, 85.01, 85.46, 1723164, 0.0
2020-07-28 23:00:00, 85.06, 86.2, 85.01, 85.99, 1423318, 0.0
2020-07-29 23:00:00, 85.13, 85.13, 84.025, 84.6, 1063485, 0.0
2020-07-30 23:00:00, 84.23, 85.09, 83.7, 85.07, 1235002, 0.0
2020-08-02 23:00:00, 84.97, 86.16, 84.745, 85.6, 578881, 0.0
2020-08-03 23:00:00, 84.71, 85.3, 84.5, 84.9, 1231760, 0.0
2020-08-04 23:00:00, 85.6, 86.97, 85, 86.96, 1020465, 0.0
2020-08-05 23:00:00, 86.53, 87.39, 86.53, 87.37, 1104703, 0.0
2020-08-06 23:00:00, 87.06, 88.63, 86.81, 88.6, 1162545, 0.0
2020-08-09 23:00:00, 89.16, 90.64, 89.05, 89.87, 1660138, 0.0
2020-08-10 23:00:00, 90.48, 91.3, 89.81, 90.4, 1271513, 0.0
2020-08-11 23:00:00, 90.61, 90.99, 89.87, 90.34, 1271586, 0.0
2020-08-12 23:00:00, 90.02, 90.02, 88.25, 88.49, 1285074, 0.0
2020-08-13 23:00:00, 88.5, 89.455, 88.01, 88.93, 1109296, 0.0
2020-08-16 23:00:00, 89.25, 89.53, 88.37, 88.66, 1177372, 0.0
2020-08-17 23:00:00, 88.96, 89.4763, 88.3776, 88.57, 756676, 0.0
2020-08-18 23:00:00, 88.46, 89.05, 87.76, 88.08, 1199728, 0.0
2020-08-19 23:00:00, 87.67, 88.3509, 86.89, 87.21, 819713, 0.0
2020-08-20 23:00:00, 87.04, 87.44, 86.46, 86.99, 913074, 0.0
2020-08-23 23:00:00, 87.25, 87.91, 86.7, 86.88, 1396741, 0.0
2020-08-24 23:00:00, 87.46, 87.84, 86.17, 86.42, 985451, 0.0
2020-08-25 23:00:00, 86.07, 87.24, 85.4201, 86.86, 858835, 0.0
2020-08-26 23:00:00, 87.44, 87.55, 85.965, 86.33, 886848, 0.0
2020-08-27 23:00:00, 86.09, 86.5, 85.52, 86.48, 960856, 0.0
2020-08-30 23:00:00, 85.97, 86.665, 85.69, 85.8, 910766, 0.0
2020-08-31 23:00:00, 85.98, 87.13, 85.01, 87.05, 1225896, 0.0
2020-09-01 23:00:00, 87.04, 88.2, 87.04, 87.87, 1277142, 0.0
2020-09-02 23:00:00, 88.86, 89.03, 84.79, 85.5, 1340923, 0.0
2020-09-03 23:00:00, 86.39, 86.77, 85.01, 85.62, 1210054, 0.0
2020-09-07 23:00:00, 84.82, 85.24, 83.36, 83.49, 1434740, 0.0
2020-09-08 23:00:00, 83.88, 85.51, 83.55, 84.939, 1508302, 0.0
2020-09-09 23:00:00, 85.42, 85.48, 82.36, 82.83, 963111, 0.0
2020-09-10 23:00:00, 83.05, 84.23, 82.9, 83.89, 1309179, 0.0
2020-09-13 23:00:00, 84.64, 86.59, 84.2, 86.35, 1261952, 0.0
2020-09-14 23:00:00, 86.39, 86.98, 85.66, 85.73, 1261826, 0.0
2020-09-15 23:00:00, 86.77, 87.29, 85.85, 86.44, 1039106, 0.0
2020-09-16 23:00:00, 85.04, 86.9, 84.23, 85.87, 1287050, 0.0
2020-09-17 23:00:00, 85.94, 86.24, 83.98, 84.2, 1461782, 0.0
2020-09-20 23:00:00, 83.41, 83.58, 80.36, 81.91, 1358691, 0.0
2020-09-21 23:00:00, 81.48, 83.17, 80.97, 82.34, 1037436, 0.0
2020-09-22 23:00:00, 82.58, 83.55, 81.17, 81.64, 1203621, 0.0
2020-09-23 23:00:00, 81.25, 83.2, 80.41, 82.19, 942137, 0.0
2020-09-24 23:00:00, 82.54, 84.1, 81.8062, 83.53, 953008, 0.0
2020-09-27 23:00:00, 84.86, 86.65, 84.705, 86.58, 1295121, 0.0
2020-09-28 23:00:00, 86.26, 87.2, 85.78, 86.16, 912414, 0.0
2020-09-29 23:00:00, 86.53, 87.7, 84.68, 85.24, 1265882, 0.0
2020-09-30 23:00:00, 86.01, 86.22, 83.56, 84.48, 860713, 0.0
2020-10-01 23:00:00, 83.55, 85.84, 82.85, 85.02, 782009, 0.0
2020-10-04 23:00:00, 85.93, 88.43, 85.68, 88.08, 943679, 0.0
2020-10-05 23:00:00, 88.08, 89.85, 87.45, 87.68, 917667, 0.0
2020-10-06 23:00:00, 88.77, 90, 88.37, 89.9, 764203, 0.0
2020-10-07 23:00:00, 89.61, 89.9599, 88, 89.95, 651203, 0.0
2020-10-08 23:00:00, 90, 90.93, 88.83, 89.22, 1565234, 0.0
2020-10-11 23:00:00, 90.22, 90.265, 89.13, 89.8, 1148390, 0.0
2020-10-12 23:00:00, 88.94, 89.895, 87.6, 88.54, 1283848, 0.0
2020-10-13 23:00:00, 88.26, 90, 88.26, 88.98, 797274, 0.0
2020-10-14 23:00:00, 87.98, 89.235, 87.86, 89.2, 679100, 0.0
2020-10-15 23:00:00, 89.61, 91.33, 87.95, 89.95, 1528270, 0.0
2020-10-18 23:00:00, 89.97, 91.56, 89.97, 91.1, 1803076, 0.0
2020-10-19 23:00:00, 91.375, 92, 89, 90.35, 3465006, 0.0
2020-10-20 23:00:00, 90.09, 91.78, 90.02, 90.87, 1992317, 0.0
2020-10-21 23:00:00, 92.02, 92.48, 90.6, 91.74, 1443410, 0.0
2020-10-22 23:00:00, 92.07, 92.96, 91.735, 92.65, 1230525, 0.0
2020-10-25 23:00:00, 91.26, 91.415, 89.49, 90.57, 1395746, 0.0
2020-10-26 23:00:00, 90.76, 91.39, 88.37, 88.42, 974262, 0.0
2020-10-27 23:00:00, 86.79, 87.52, 84.89, 84.89, 1408447, 0.0
2020-10-28 23:00:00, 84.65, 86.58, 84.22, 85.62, 850847, 0.0
2020-10-29 23:00:00, 85.05, 85.88, 84.37, 85.48, 991731, 0.0
2020-11-01 23:00:00, 86.65, 88.91, 86.38, 88.84, 1133316, 0.0
2020-11-02 23:00:00, 90.09, 92.33, 89.53, 91.71, 1384018, 0.0
2020-11-03 23:00:00, 92.72, 93.3, 88.61, 88.68, 1199652, 0.0
2020-11-04 23:00:00, 89.2, 91.3075, 88.085, 90.61, 898957, 0.0
2020-11-05 23:00:00, 91.63, 91.63, 89.67, 90.1, 810901, 0.0
2020-11-08 23:00:00, 95, 95.82, 90.43, 90.55, 1936912, 0.0
2020-11-09 23:00:00, 89.89, 92.61, 89.69, 91.07, 1474107, 0.0
2020-11-10 23:00:00, 91.74, 91.89, 89.62, 90.14, 985951, 0.0
2020-11-11 23:00:00, 89.75, 90.15, 88.42, 88.99, 716916, 0.0
2020-11-12 23:00:00, 89.83, 90.18, 89.03, 89.59, 583212, 0.0
2020-11-16 23:00:00, 89.39, 89.39, 88.03, 88.77, 801898, 0.0
2020-11-17 23:00:00, 89.44, 90.95, 88.385, 89.82, 802520, 0.0
2020-11-18 23:00:00, 89.28, 90.23, 88.02, 90.02, 822856, 0.0
2020-11-19 23:00:00, 88.15, 89.8, 87.76, 88.8, 1382707, 0.0
2020-11-22 23:00:00, 90.73, 90.73, 88.5, 89.61, 895545, 0.0
2020-11-23 23:00:00, 88.83, 90.82, 88.83, 90.42, 1229822, 0.0
2020-11-24 23:00:00, 90.59, 90.77, 88.545, 88.8, 812095, 0.0
2020-11-26 23:00:00, 88.85, 89.68, 87.57, 87.72, 460690, 0.0
2020-11-29 23:00:00, 87.24, 87.9, 86.37, 87.07, 1103478, 0.0
2020-11-30 23:00:00, 87.952, 88.88, 87.26, 87.27, 939951, 0.0
2020-12-01 23:00:00, 87, 88, 86.52, 87.15, 882621, 0.0
2020-12-02 23:00:00, 87.09, 87.55, 86.08, 86.23, 1044033, 0.0
2020-12-03 23:00:00, 86.33, 87.39, 85.7, 86.7, 1446141, 0.0
2020-12-06 23:00:00, 86.41, 86.81, 85.75, 86.31, 731034, 0.0
2020-12-07 23:00:00, 86.16, 86.86, 86.11, 86.41, 658130, 0.0
2020-12-08 23:00:00, 86.41, 87.59, 86.105, 87.38, 1380860, 0.0
2020-12-09 23:00:00, 86.74, 87.14, 85.51, 85.71, 843897, 0.0
2020-12-10 23:00:00, 84.92, 85.93, 84.68, 85.46, 858807, 0.0
2020-12-13 23:00:00, 85.6666, 86.43, 84.4, 84.46, 845982, 0.0
2020-12-14 23:00:00, 86.16, 87.52, 85.64, 87.29, 1386403, 0.0
2020-12-15 23:00:00, 86.92, 87.58, 86.6, 86.89, 1031424, 0.0
2020-12-16 23:00:00, 86.48, 86.87, 85.16, 85.76, 1415197, 0.0
2020-12-17 23:00:00, 86.27, 86.57, 85, 86.03, 1011603, 0.0
2020-12-20 23:00:00, 84.7, 86.18, 84.065, 85.83, 875417, 0.0
2020-12-21 23:00:00, 85.69, 85.7, 84.66, 84.87, 672902, 0.0
2020-12-22 23:00:00, 85.02, 85.5, 84.68, 85.17, 486554, 0.0
2020-12-23 23:00:00, 85.4, 86.2, 85, 86.13, 284234, 0.0
2020-12-27 23:00:00, 86.74, 86.98, 85.38, 85.53, 474862, 0.0
2020-12-28 23:00:00, 86.01, 86.4, 84.3, 85.37, 574723, 0.0
2020-12-29 23:00:00, 85.58, 86.08, 85.17, 85.82, 384424, 0.0
2020-12-30 23:00:00, 85.55, 86.35, 85.3289, 86.29, 600345, 0.0
2021-01-03 23:00:00, 86.61, 87.37, 84.27, 84.8, 1155116, 0.0
2021-01-04 23:00:00, 84.71, 85.68, 84.23, 85.43, 835949, 0.0
2021-01-05 23:00:00, 85.72, 89.93, 85.37, 88.81, 1735615, 0.0
2021-01-06 23:00:00, 87.79, 89.83, 87.7, 88.38, 1299648, 0.0
2021-01-07 23:00:00, 88.67, 88.95, 86.6, 87.81, 938323, 0.0
2021-01-10 23:00:00, 87.52, 88.27, 87.065, 88.22, 637624, 0.0
2021-01-11 23:00:00, 88.45, 89.66, 87.67, 89.47, 809148, 0.0
2021-01-12 23:00:00, 89.74, 89.9, 88.125, 88.93, 893969, 0.0
2021-01-13 23:00:00, 89, 89.88, 88.74, 89.28, 662895, 0.0
2021-01-14 23:00:00, 88.73, 88.73, 86.38, 88.18, 909085, 0.0
2021-01-18 23:00:00, 88.165, 89.58, 87.99, 89.19, 947146, 0.0
2021-01-19 23:00:00, 91.89, 92.95, 89.195, 89.3, 1871621, 0.0
2021-01-20 23:00:00, 92.92, 103.19, 91.875, 98.74, 7617667, 0.0
2021-01-21 23:00:00, 98.05, 100.75, 97.321, 98.84, 2978724, 0.0
2021-01-24 23:00:00, 101, 101.79, 97.66, 97.93, 2672358, 0.0
2021-01-25 23:00:00, 95.87, 98.15, 94.09, 97.87, 2730042, 0.0
2021-01-26 23:00:00, 96.6498, 98.53, 95.0848, 96.26, 2796584, 0.0
2021-01-27 23:00:00, 97.44, 98.9, 93.47, 93.51, 2072645, 0.0
2021-01-28 23:00:00, 92.84, 93.7372, 89.6901, 91.17, 2321346, 0.0
2021-01-31 23:00:00, 91.8, 92.18, 90.55, 91.23, 1620328, 0.0
2021-02-01 23:00:00, 92.25, 92.32, 90.05, 91.95, 1842441, 0.0
2021-02-02 23:00:00, 92.9, 96.11, 92.24, 95.67, 2948918, 0.0
2021-02-03 23:00:00, 97.14, 97.99, 95.8, 97.09, 2056481, 0.0
2021-02-04 23:00:00, 97.6, 98.37, 96.14, 96.54, 1222165, 0.0
2021-02-07 23:00:00, 97.39, 97.39, 95.83, 96.78, 1009719, 0.0
2021-02-08 23:00:00, 97.11, 99.69, 96.04, 99.46, 1452074, 0.0
2021-02-09 23:00:00, 100.31, 101.4004, 98.62, 99.6, 1305866, 0.0
2021-02-10 23:00:00, 99.98, 100.23, 96.58, 98.6, 990762, 0.0
2021-02-11 23:00:00, 98.45, 99.07, 96.51, 98.02, 1136695, 0.0
2021-02-15 23:00:00, 98.68, 98.8764, 96.26, 97.11, 1315680, 0.0
2021-02-16 23:00:00, 96.16, 96.64, 94.53, 96.04, 1117166, 0.0
2021-02-17 23:00:00, 95.36, 95.58, 93.42, 94.8, 1209756, 0.0
2021-02-18 23:00:00, 94.98, 96.2, 94.52, 95.1, 1162164, 0.0
2021-02-21 23:00:00, 95, 95.57, 93.69, 94.65, 1271870, 0.0
2021-02-22 23:00:00, 94.1, 94.54, 91.35, 93.31, 1888941, 0.0
2021-02-23 23:00:00, 91.58, 94.41, 91.56, 94.29, 1769254, 0.0
2021-02-24 23:00:00, 94.1, 94.79, 92.15, 92.72, 1097217, 0.0
2021-02-25 23:00:00, 92.84, 93.2, 90.84, 90.96, 1665488, 0.0
2021-02-28 23:00:00, 91.84, 94.8, 91.55, 93.749, 1238072, 0.0
2021-03-01 23:00:00, 94.07, 94.7, 92.82, 94.18, 1248885, 0.0
2021-03-02 23:00:00, 93.66, 96.47, 93.3, 95.29, 1513894, 0.0
2021-03-03 23:00:00, 94.9, 96.05, 91.38, 92.4, 1629657, 0.0
2021-03-04 23:00:00, 93.36, 94.36, 90.15, 94.15, 1624687, 0.0
2021-03-07 23:00:00, 93.25, 94.81, 92.41, 93.43, 1407337, 0.0
2021-03-08 23:00:00, 94.48, 96.94, 93.8, 95.22, 1473338, 0.0
2021-03-09 23:00:00, 96.23, 97.603, 95.815, 96.59, 1234118, 0.0
2021-03-10 23:00:00, 97.25, 98.26, 96.53, 97.79, 995599, 0.0
2021-03-11 23:00:00, 97.7, 97.8, 96.08, 96.96, 1025727, 0.0
2021-03-14 23:00:00, 96.91, 99.48, 96.7, 99.44, 1151427, 0.0
2021-03-15 23:00:00, 99, 99.41, 95.42, 95.69, 1054372, 0.0
2021-03-16 23:00:00, 95.31, 96.81, 94.72, 96.23, 783186, 0.0
2021-03-17 23:00:00, 95.59, 97.24, 94.77, 95.08, 1527996, 0.0
2021-03-18 23:00:00, 95.53, 95.92, 93.64, 94.98, 1397841, 0.0
2021-03-21 23:00:00, 94.54, 95.72, 93.44, 93.62, 1106731, 0.0
2021-03-22 23:00:00, 91.99, 93.12, 90.78, 91.16, 1493190, 0.0
2021-03-23 23:00:00, 91.09, 92.4593, 90.65, 90.685, 1115778, 0.0
2021-03-24 23:00:00, 91.16, 92.75, 89.61, 92.24, 1662719, 0.0
2021-03-25 23:00:00, 92.25, 93.78, 91.97, 93.69, 1163934, 0.0
2021-03-28 23:00:00, 93.7, 94.34, 92.3, 93.19, 1325521, 0.0
2021-03-29 23:00:00, 92.85, 93.6753, 92.58, 93.34, 904249, 0.0
2021-03-30 23:00:00, 94.05, 94.35, 92.48, 92.92, 1437966, 0.0
2021-03-31 23:00:00, 92.56, 93.6, 91.35, 92.04, 1314030, 0.0
2021-04-04 23:00:00, 92.95, 94.21, 92.62, 93.96, 1304832, 0.0
2021-04-05 23:00:00, 92.34, 93.94, 92.0438, 92.85, 1495404, 0.0
2021-04-06 23:00:00, 92.64, 93.22, 92.365, 92.46, 827979, 0.0
2021-04-07 23:00:00, 92.59, 92.945, 91.64, 92.86, 809315, 0.0
2021-04-08 23:00:00, 92.86, 93.56, 92.46, 93.32, 889211, 0.0
2021-04-11 23:00:00, 93.08, 95.36, 93.08, 95.29, 1060420, 0.0
2021-04-12 23:00:00, 95.03, 95.3, 93.885, 94.74, 1007761, 0.0
2021-04-13 23:00:00, 95.43, 95.68, 93.45, 93.6, 1003301, 0.0
2021-04-14 23:00:00, 94.2659, 95.09, 93.53, 95.03, 1052750, 0.0
2021-04-15 23:00:00, 95.04, 95.82, 93.97, 94.92, 962219, 0.0
2021-04-18 23:00:00, 94.57, 94.75, 92.743, 93.35, 1275519, 0.0
2021-04-19 23:00:00, 93.16, 93.73, 91.71, 92.11, 1669652, 0.0
2021-04-20 23:00:00, 92.28, 93.69, 91.01, 93.63, 1880977, 0.0
2021-04-21 23:00:00, 93.77, 93.73, 91.83, 92.21, 1334737, 0.0
2021-04-22 23:00:00, 93.85, 93.85, 92.36, 93.35, 1370834, 0.0
2021-04-25 23:00:00, 93.46, 93.83, 92.83, 93.29, 1391141, 0.0
2021-04-26 23:00:00, 92.68, 93.41, 90.3, 91.27, 2661285, 0.0
2021-04-27 23:00:00, 92.55, 92.72, 90.05, 90.66, 2164571, 0.0
2021-04-28 23:00:00, 91.24, 91.94, 90.43, 91.92, 1859801, 0.0
2021-04-29 23:00:00, 91.13, 91.47, 89.73, 89.87, 2217323, 0.0
2021-05-02 23:00:00, 90.77, 91.15, 90.43, 90.79, 1159803, 0.0
2021-05-03 23:00:00, 90.58, 90.92, 89.06, 90.05, 2049436, 0.0
2021-05-04 23:00:00, 90.1, 91.59, 89.14, 91.2, 2930976, 0.0
2021-05-05 23:00:00, 91.55, 93.81, 91.55, 93.73, 1480515, 0.0
2021-05-06 23:00:00, 93.32, 94.66, 92.61, 94.5, 1677028, 0.0
2021-05-09 23:00:00, 95, 96.71, 94.57, 95.73, 1897972, 0.0
2021-05-10 23:00:00, 95.07, 95.69, 94.18, 94.73, 1766303, 0.0
2021-05-11 23:00:00, 94.13, 94.88, 91.68, 91.845, 1043195, 0.0
2021-05-12 23:00:00, 91.5, 95.09, 91.14, 94.22, 1420170, 0.0
2021-05-13 23:00:00, 94.84, 94.86, 93.67, 94.68, 887711, 0.0
2021-05-16 23:00:00, 94.62, 95, 93.46, 93.8, 711194, 0.0
2021-05-17 23:00:00, 93.99, 93.99, 90.95, 91.02, 1231935, 0.0
2021-05-18 23:00:00, 89.92, 91.31, 88.68, 91.25, 1550022, 0.0
2021-05-19 23:00:00, 91.33, 91.34, 90.51, 90.8, 1035234, 0.0
2021-05-20 23:00:00, 91.35, 92.29, 91.06, 92.04, 1091551, 0.0
2021-05-23 23:00:00, 92.73, 92.73, 91.79, 91.86, 625886, 0.0
2021-05-24 23:00:00, 91.79, 92.48, 90.38, 90.55, 614677, 0.0
2021-05-25 23:00:00, 90.62, 90.9, 90.13, 90.53, 191378, 0.0
