Date, Open, High, Low, Close, Volume, Open Interest
2021-05-12 10:40:00, 110.33, 110.74, 110.33, 110.74, 1859, 0.0
2021-05-12 10:45:00, 110.63, 110.64, 110.49, 110.5, 1825, 0.0
2021-05-12 10:50:00, 110.46, 110.46, 110.2, 110.2, 1341, 0.0
2021-05-12 10:55:00, 110.13, 110.14, 109.97, 110.03, 3392, 0.0
2021-05-12 11:00:00, 110.06, 110.14, 110.01, 110.11, 3222, 0.0
2021-05-12 11:05:00, 110.11, 110.21, 110.05, 110.05, 2110, 0.0
2021-05-12 11:10:00, 110.03, 110.03, 109.87, 109.87, 2510, 0.0
2021-05-12 11:15:00, 109.83, 109.935, 109.745, 109.92, 2983, 0.0
2021-05-12 11:20:00, 109.935, 110.16, 109.93, 110.14, 1869, 0.0
2021-05-12 11:25:00, 110.08, 110.215, 110.025, 110.025, 2642, 0.0
2021-05-12 11:30:00, 109.925, 110.03, 109.905, 109.905, 4299, 0.0
2021-05-12 11:35:00, 109.91, 109.98, 109.87, 109.9, 3639, 0.0
2021-05-12 11:40:00, 109.79, 109.93, 109.76, 109.93, 2271, 0.0
2021-05-12 11:45:00, 109.87, 109.955, 109.85, 109.92, 792, 0.0
2021-05-12 11:50:00, 109.975, 110.19, 109.975, 110.19, 1415, 0.0
2021-05-12 11:55:00, 110.13, 110.185, 110.06, 110.185, 1921, 0.0
2021-05-12 12:00:00, 110.19, 110.37, 110.19, 110.37, 3114, 0.0
2021-05-12 12:05:00, 110.37, 110.44, 110.32, 110.43, 2675, 0.0
2021-05-12 12:10:00, 110.39, 110.64, 110.39, 110.64, 2653, 0.0
2021-05-12 12:15:00, 110.545, 110.545, 110.395, 110.395, 5589, 0.0
2021-05-12 12:20:00, 110.33, 110.42, 110.32, 110.36, 7466, 0.0
2021-05-12 12:25:00, 110.345, 110.36, 110.12, 110.12, 2307, 0.0
2021-05-12 12:30:00, 110.18, 110.26, 110.12, 110.17, 1769, 0.0
2021-05-12 12:35:00, 110.2, 110.47, 110.2, 110.42, 3271, 0.0
2021-05-12 12:40:00, 110.41, 110.41, 110.27, 110.35, 1906, 0.0
2021-05-12 12:45:00, 110.35, 110.35, 110.26, 110.26, 2013, 0.0
2021-05-12 12:50:00, 110.27, 110.4, 110.27, 110.38, 2100, 0.0
2021-05-12 12:55:00, 110.35, 110.42, 110.135, 110.135, 2521, 0.0
2021-05-12 13:00:00, 110.15, 110.23, 110.11, 110.12, 1809, 0.0
2021-05-12 13:05:00, 110.12, 110.18, 110.055, 110.055, 975, 0.0
2021-05-12 13:10:00, 110.03, 110.085, 109.98, 110.085, 805, 0.0
2021-05-12 13:15:00, 109.99, 110.02, 109.92, 109.92, 1505, 0.0
2021-05-12 13:20:00, 110.05, 110.05, 109.905, 109.98, 1647, 0.0
2021-05-12 13:25:00, 109.97, 110.1, 109.94, 110.1, 2051, 0.0
2021-05-12 13:30:00, 110.12, 110.28, 110.03, 110.27, 3462, 0.0
2021-05-12 13:35:00, 110.2, 110.39, 110.16, 110.25, 2307, 0.0
2021-05-12 13:40:00, 110.24, 110.36, 110.24, 110.32, 2922, 0.0
2021-05-12 13:45:00, 110.33, 110.4, 110.26, 110.39, 2022, 0.0
2021-05-12 13:50:00, 110.47, 110.54, 110.36, 110.38, 2360, 0.0
2021-05-12 13:55:00, 110.39, 110.42, 110.31, 110.42, 2376, 0.0
2021-05-12 14:00:00, 110.31, 110.38, 110.05, 110.08, 2935, 0.0
2021-05-12 14:05:00, 110.035, 110.19, 110.03, 110.17, 3771, 0.0
2021-05-12 14:10:00, 110.19, 110.19, 110.01, 110.015, 1046, 0.0
2021-05-12 14:15:00, 109.99, 109.99, 109.9, 109.9, 2647, 0.0
2021-05-12 14:20:00, 109.9, 109.9, 109.68, 109.71, 3479, 0.0
2021-05-12 14:25:00, 109.74, 109.92, 109.74, 109.85, 2536, 0.0
2021-05-12 14:30:00, 109.86, 109.9, 109.69, 109.885, 4100, 0.0
2021-05-12 14:35:00, 109.84, 109.84, 109.68, 109.7, 3460, 0.0
2021-05-12 14:40:00, 109.68, 109.9, 109.68, 109.82, 4303, 0.0
2021-05-12 14:45:00, 109.79, 109.97, 109.79, 109.87, 2332, 0.0
2021-05-12 14:50:00, 109.91, 109.96, 109.65, 109.68, 6614, 0.0
2021-05-12 14:55:00, 109.635, 109.95, 109.63, 109.795, 17377, 0.0
2021-05-13 08:30:00, 110.16, 111.05, 110.08, 110.83, 10652, 0.0
2021-05-13 08:35:00, 110.76, 111.14, 110.56, 110.63, 11169, 0.0
2021-05-13 08:40:00, 110.66, 110.71, 110.31, 110.31, 3694, 0.0
2021-05-13 08:45:00, 110.32, 110.41, 110, 110.04, 8411, 0.0
2021-05-13 08:50:00, 110.12, 110.62, 110.1, 110.62, 2789, 0.0
2021-05-13 08:55:00, 110.64, 110.89, 110.62, 110.79, 6819, 0.0
2021-05-13 09:00:00, 110.94, 111.1, 110.94, 110.96, 5097, 0.0
2021-05-13 09:05:00, 110.99, 111.04, 110.86, 110.86, 2751, 0.0
2021-05-13 09:10:00, 110.89, 110.905, 110.685, 110.7, 3686, 0.0
2021-05-13 09:15:00, 110.77, 110.87, 110.74, 110.74, 2969, 0.0
2021-05-13 09:20:00, 110.72, 110.84, 110.58, 110.81, 5705, 0.0
2021-05-13 09:25:00, 110.82, 110.95, 110.8, 110.95, 2516, 0.0
2021-05-13 09:30:00, 111.06, 111.13, 111.04, 111.09, 942, 0.0
2021-05-13 09:35:00, 110.98, 110.98, 110.87, 110.87, 2853, 0.0
2021-05-13 09:40:00, 110.92, 110.92, 110.79, 110.795, 2806, 0.0
2021-05-13 09:45:00, 110.85, 111.04, 110.85, 110.97, 4219, 0.0
2021-05-13 09:50:00, 110.88, 110.9, 110.62, 110.74, 4954, 0.0
2021-05-13 09:55:00, 110.745, 110.92, 110.735, 110.87, 5191, 0.0
2021-05-13 10:00:00, 110.915, 110.915, 110.78, 110.78, 2387, 0.0
2021-05-13 10:05:00, 110.75, 110.75, 110.5, 110.53, 1882, 0.0
2021-05-13 10:10:00, 110.53, 110.64, 110.465, 110.465, 3548, 0.0
2021-05-13 10:15:00, 110.46, 110.64, 110.46, 110.64, 2821, 0.0
2021-05-13 10:20:00, 110.67, 110.68, 110.6, 110.63, 1453, 0.0
2021-05-13 10:25:00, 110.64, 110.65, 110.39, 110.42, 3680, 0.0
2021-05-13 10:30:00, 110.43, 110.48, 110.33, 110.45, 4798, 0.0
2021-05-13 10:35:00, 110.45, 110.555, 110.39, 110.52, 3647, 0.0
2021-05-13 10:40:00, 110.54, 110.55, 110.19, 110.19, 3986, 0.0
2021-05-13 10:45:00, 110.205, 110.205, 110.05, 110.08, 2722, 0.0
2021-05-13 10:50:00, 110.07, 110.125, 109.97, 110, 8289, 0.0
2021-05-13 10:55:00, 110.115, 110.13, 109.795, 109.91, 7483, 0.0
2021-05-13 11:00:00, 109.98, 110.115, 109.81, 109.86, 9677, 0.0
2021-05-13 11:05:00, 109.905, 110.1, 109.86, 110.1, 4759, 0.0
2021-05-13 11:10:00, 110.195, 110.235, 110.08, 110.16, 3607, 0.0
2021-05-13 11:15:00, 110.21, 110.29, 110.065, 110.15, 5854, 0.0
2021-05-13 11:20:00, 110.135, 110.205, 110.02, 110.02, 2495, 0.0
2021-05-13 11:25:00, 110.005, 110.155, 110.005, 110.14, 3216, 0.0
2021-05-13 11:30:00, 110.11, 110.265, 110.11, 110.265, 5420, 0.0
2021-05-13 11:35:00, 110.245, 110.25, 110.08, 110.08, 3879, 0.0
2021-05-13 11:40:00, 110.09, 110.125, 109.97, 109.97, 3565, 0.0
2021-05-13 11:45:00, 109.97, 110.08, 109.95, 110.08, 1728, 0.0
2021-05-13 11:50:00, 110.09, 110.09, 109.86, 109.86, 1647, 0.0
2021-05-13 11:55:00, 109.905, 109.905, 109.63, 109.68, 5288, 0.0
2021-05-13 12:00:00, 109.52, 109.78, 109.48, 109.78, 1929, 0.0
2021-05-13 12:05:00, 109.85, 109.85, 109.66, 109.8, 2528, 0.0
2021-05-13 12:10:00, 109.81, 109.84, 109.74, 109.82, 1842, 0.0
2021-05-13 12:15:00, 109.77, 109.835, 109.59, 109.61, 1811, 0.0
2021-05-13 12:20:00, 109.6, 109.66, 109.5, 109.5, 4479, 0.0
2021-05-13 12:25:00, 109.41, 109.53, 109.36, 109.505, 2626, 0.0
2021-05-13 12:30:00, 109.49, 109.53, 109.28, 109.28, 1900, 0.0
2021-05-13 12:35:00, 109.26, 109.4, 109.26, 109.37, 3699, 0.0
2021-05-13 12:40:00, 109.39, 109.45, 109.32, 109.45, 3631, 0.0
2021-05-13 12:45:00, 109.38, 109.48, 109.16, 109.16, 4491, 0.0
2021-05-13 12:50:00, 109.21, 109.39, 109.16, 109.39, 4293, 0.0
2021-05-13 12:55:00, 109.41, 109.465, 109.37, 109.42, 3481, 0.0
2021-05-13 13:00:00, 109.48, 109.72, 109.48, 109.7, 4504, 0.0
2021-05-13 13:05:00, 109.725, 109.97, 109.66, 109.88, 4586, 0.0
2021-05-13 13:10:00, 109.94, 110.09, 109.94, 110.06, 3916, 0.0
2021-05-13 13:15:00, 110, 110.06, 109.97, 110.015, 2721, 0.0
2021-05-13 13:20:00, 110.03, 110.22, 110.02, 110.22, 5134, 0.0
2021-05-13 13:25:00, 110.19, 110.345, 110.16, 110.32, 3435, 0.0
2021-05-13 13:30:00, 110.38, 110.43, 110.29, 110.42, 3135, 0.0
2021-05-13 13:35:00, 110.47, 110.54, 110.42, 110.45, 4197, 0.0
2021-05-13 13:40:00, 110.38, 110.625, 110.38, 110.625, 2684, 0.0
2021-05-13 13:45:00, 110.58, 110.61, 110.415, 110.61, 5038, 0.0
2021-05-13 13:50:00, 110.51, 110.62, 110.5, 110.62, 3589, 0.0
2021-05-13 13:55:00, 110.63, 110.63, 110.435, 110.45, 3146, 0.0
2021-05-13 14:00:00, 110.42, 110.63, 110.42, 110.53, 4731, 0.0
2021-05-13 14:05:00, 110.52, 110.63, 110.45, 110.6, 3157, 0.0
2021-05-13 14:10:00, 110.58, 110.58, 110.4, 110.44, 1647, 0.0
2021-05-13 14:15:00, 110.42, 110.51, 110.42, 110.42, 1389, 0.0
2021-05-13 14:20:00, 110.43, 110.5, 110.33, 110.5, 2742, 0.0
2021-05-13 14:25:00, 110.58, 110.72, 110.58, 110.72, 2951, 0.0
2021-05-13 14:30:00, 110.765, 110.825, 110.72, 110.77, 5219, 0.0
2021-05-13 14:35:00, 110.83, 110.87, 110.78, 110.85, 5739, 0.0
2021-05-13 14:40:00, 110.835, 110.965, 110.82, 110.965, 5803, 0.0
2021-05-13 14:45:00, 110.97, 111.08, 110.94, 110.94, 5644, 0.0
2021-05-13 14:50:00, 110.96, 110.96, 110.66, 110.74, 7229, 0.0
2021-05-13 14:55:00, 110.75, 110.75, 110.5, 110.5, 16364, 0.0
2021-05-14 08:30:00, 111.035, 111.035, 110.57, 110.71, 9141, 0.0
2021-05-14 08:35:00, 110.68, 110.71, 110.28, 110.51, 7228, 0.0
2021-05-14 08:40:00, 110.52, 110.67, 110.44, 110.61, 8173, 0.0
2021-05-14 08:45:00, 110.63, 111.14, 110.59, 110.79, 7022, 0.0
2021-05-14 08:50:00, 110.76, 110.92, 110.61, 110.75, 4115, 0.0
2021-05-14 08:55:00, 110.715, 110.73, 110.6, 110.62, 5306, 0.0
2021-05-14 09:00:00, 110.64, 110.92, 110.6, 110.92, 3624, 0.0
2021-05-14 09:05:00, 110.93, 110.965, 110.65, 110.7, 5163, 0.0
2021-05-14 09:10:00, 110.59, 110.84, 110.59, 110.66, 2037, 0.0
2021-05-14 09:15:00, 110.69, 110.69, 110.59, 110.67, 2621, 0.0
2021-05-14 09:20:00, 110.63, 110.83, 110.63, 110.78, 1934, 0.0
2021-05-14 09:25:00, 110.7, 110.78, 110.68, 110.68, 944, 0.0
2021-05-14 09:30:00, 110.62, 110.77, 110.62, 110.71, 1906, 0.0
2021-05-14 09:35:00, 110.76, 110.79, 110.71, 110.79, 1644, 0.0
2021-05-14 09:40:00, 110.95, 110.95, 110.72, 110.72, 811, 0.0
2021-05-14 09:45:00, 110.79, 110.91, 110.76, 110.91, 1911, 0.0
2021-05-14 09:50:00, 110.87, 110.88, 110.81, 110.825, 1044, 0.0
2021-05-14 09:55:00, 110.825, 110.9, 110.825, 110.89, 2389, 0.0
2021-05-14 10:00:00, 110.89, 110.9, 110.78, 110.79, 2163, 0.0
2021-05-14 10:05:00, 110.88, 111.03, 110.88, 111.03, 2611, 0.0
2021-05-14 10:10:00, 111.035, 111.17, 111.035, 111.15, 2285, 0.0
2021-05-14 10:15:00, 111.125, 111.13, 111.02, 111.05, 2503, 0.0
2021-05-14 10:20:00, 111.025, 111.14, 111.025, 111.04, 1154, 0.0
2021-05-14 10:25:00, 111.055, 111.07, 111.025, 111.05, 1577, 0.0
2021-05-14 10:30:00, 111.07, 111.24, 111.05, 111.24, 1811, 0.0
2021-05-14 10:35:00, 111.23, 111.39, 111.23, 111.38, 3617, 0.0
2021-05-14 10:40:00, 111.38, 111.49, 111.37, 111.48, 1441, 0.0
2021-05-14 10:45:00, 111.47, 111.5, 111.36, 111.36, 2153, 0.0
2021-05-14 10:50:00, 111.32, 111.32, 111.29, 111.32, 735, 0.0
2021-05-14 10:55:00, 111.325, 111.325, 111.15, 111.225, 1864, 0.0
2021-05-14 11:00:00, 111.21, 111.27, 111.205, 111.27, 1351, 0.0
2021-05-14 11:05:00, 111.26, 111.31, 111.21, 111.23, 1866, 0.0
2021-05-14 11:10:00, 111.265, 111.34, 111.265, 111.34, 757, 0.0
2021-05-14 11:15:00, 111.28, 111.28, 111.22, 111.27, 951, 0.0
2021-05-14 11:20:00, 111.28, 111.33, 111.21, 111.26, 1591, 0.0
2021-05-14 11:25:00, 111.26, 111.28, 111.26, 111.26, 549, 0.0
2021-05-14 11:30:00, 111.34, 111.42, 111.34, 111.42, 1223, 0.0
2021-05-14 11:35:00, 111.41, 111.44, 111.36, 111.36, 627, 0.0
2021-05-14 11:40:00, 111.39, 111.39, 111.34, 111.36, 957, 0.0
2021-05-14 11:45:00, 111.37, 111.39, 111.29, 111.35, 1465, 0.0
2021-05-14 11:50:00, 111.36, 111.41, 111.36, 111.4, 1265, 0.0
2021-05-14 11:55:00, 111.45, 111.47, 111.45, 111.47, 795, 0.0
2021-05-14 12:00:00, 111.45, 111.5, 111.39, 111.5, 2229, 0.0
2021-05-14 12:05:00, 111.42, 111.425, 111.41, 111.425, 770, 0.0
2021-05-14 12:10:00, 111.395, 111.49, 111.395, 111.46, 1716, 0.0
2021-05-14 12:15:00, 111.425, 111.45, 111.425, 111.45, 459, 0.0
2021-05-14 12:20:00, 111.53, 111.57, 111.53, 111.57, 706, 0.0
2021-05-14 12:25:00, 111.54, 111.54, 111.54, 111.54, 408, 0.0
2021-05-14 12:30:00, 111.49, 111.49, 111.41, 111.41, 541, 0.0
2021-05-14 12:35:00, 111.44, 111.44, 111.36, 111.36, 769, 0.0
2021-05-14 12:40:00, 111.38, 111.4, 111.36, 111.37, 1507, 0.0
2021-05-14 12:45:00, 111.32, 111.34, 111.3, 111.315, 1463, 0.0
2021-05-14 12:50:00, 111.35, 111.36, 111.33, 111.33, 1013, 0.0
2021-05-14 12:55:00, 111.36, 111.47, 111.36, 111.47, 1738, 0.0
2021-05-14 13:00:00, 111.49, 111.54, 111.47, 111.54, 1823, 0.0
2021-05-14 13:05:00, 111.525, 111.525, 111.445, 111.445, 1625, 0.0
2021-05-14 13:10:00, 111.45, 111.45, 111.33, 111.33, 1270, 0.0
2021-05-14 13:15:00, 111.32, 111.32, 111.205, 111.205, 1656, 0.0
2021-05-14 13:20:00, 111.2, 111.29, 111.2, 111.27, 1599, 0.0
2021-05-14 13:25:00, 111.31, 111.31, 111.3, 111.3, 352, 0.0
2021-05-14 13:30:00, 111.33, 111.34, 111.325, 111.34, 784, 0.0
2021-05-14 13:35:00, 111.39, 111.43, 111.39, 111.39, 1620, 0.0
2021-05-14 13:40:00, 111.34, 111.43, 111.33, 111.42, 1864, 0.0
2021-05-14 13:45:00, 111.41, 111.55, 111.41, 111.49, 1773, 0.0
2021-05-14 13:50:00, 111.5, 111.59, 111.48, 111.55, 2553, 0.0
2021-05-14 13:55:00, 111.57, 111.57, 111.42, 111.44, 1041, 0.0
2021-05-14 14:00:00, 111.46, 111.46, 111.31, 111.31, 921, 0.0
2021-05-14 14:05:00, 111.35, 111.35, 111.28, 111.31, 1850, 0.0
2021-05-14 14:10:00, 111.34, 111.37, 111.29, 111.35, 1827, 0.0
2021-05-14 14:15:00, 111.37, 111.42, 111.37, 111.37, 1317, 0.0
2021-05-14 14:20:00, 111.32, 111.38, 111.28, 111.29, 1862, 0.0
2021-05-14 14:25:00, 111.31, 111.32, 111.265, 111.29, 2504, 0.0
2021-05-14 14:30:00, 111.32, 111.32, 111.13, 111.18, 3402, 0.0
2021-05-14 14:35:00, 111.175, 111.23, 111.09, 111.13, 4247, 0.0
2021-05-14 14:40:00, 111.14, 111.27, 111.135, 111.27, 5444, 0.0
2021-05-14 14:45:00, 111.22, 111.35, 111.18, 111.32, 8717, 0.0
2021-05-14 14:50:00, 111.26, 111.53, 111.26, 111.53, 11340, 0.0
2021-05-14 14:55:00, 111.4, 111.4, 111.18, 111.2, 8350, 0.0
2021-05-17 08:30:00, 111.22, 111.22, 110.84, 111.02, 5144, 0.0
2021-05-17 08:35:00, 111.05, 111.07, 110.51, 110.51, 2262, 0.0
2021-05-17 08:40:00, 110.47, 110.61, 110.29, 110.29, 3575, 0.0
2021-05-17 08:45:00, 110.31, 110.33, 110.14, 110.14, 2415, 0.0
2021-05-17 08:50:00, 110.07, 110.26, 110.07, 110.22, 2105, 0.0
2021-05-17 08:55:00, 110.57, 110.64, 110.57, 110.64, 212, 0.0
2021-05-17 09:00:00, 110.305, 110.34, 110.24, 110.325, 1520, 0.0
2021-05-17 09:05:00, 110.47, 110.49, 110.305, 110.305, 2822, 0.0
2021-05-17 09:10:00, 110.3, 110.35, 110.275, 110.33, 1687, 0.0
2021-05-17 09:15:00, 110.27, 110.39, 110.2, 110.39, 1309, 0.0
2021-05-17 09:20:00, 110.36, 110.36, 110.28, 110.305, 2119, 0.0
2021-05-17 09:25:00, 110.35, 110.395, 110.02, 110.03, 4692, 0.0
2021-05-17 09:30:00, 110.07, 110.07, 109.85, 109.895, 4364, 0.0
2021-05-17 09:35:00, 109.885, 110.22, 109.885, 110.15, 4557, 0.0
2021-05-17 09:40:00, 110.22, 110.32, 110.22, 110.28, 3071, 0.0
2021-05-17 09:45:00, 110.29, 110.29, 110.15, 110.15, 1189, 0.0
2021-05-17 09:50:00, 110.185, 110.42, 110.11, 110.42, 1931, 0.0
2021-05-17 09:55:00, 110.34, 110.4, 110.31, 110.35, 1384, 0.0
2021-05-17 10:00:00, 110.4, 110.4, 110.23, 110.4, 2132, 0.0
2021-05-17 10:05:00, 110.46, 110.46, 110.27, 110.27, 1667, 0.0
2021-05-17 10:10:00, 110.24, 110.24, 110.03, 110.13, 1557, 0.0
2021-05-17 10:15:00, 110.05, 110.065, 110, 110.01, 1396, 0.0
2021-05-17 10:20:00, 110.1, 110.15, 110.08, 110.15, 823, 0.0
2021-05-17 10:25:00, 110.19, 110.28, 110.18, 110.19, 1876, 0.0
2021-05-17 10:30:00, 110.14, 110.17, 110.09, 110.17, 963, 0.0
2021-05-17 10:35:00, 110.25, 110.29, 110.21, 110.29, 1346, 0.0
2021-05-17 10:40:00, 110.25, 110.25, 110.2, 110.23, 1161, 0.0
2021-05-17 10:45:00, 110.23, 110.28, 110.23, 110.23, 927, 0.0
2021-05-17 10:50:00, 110.23, 110.23, 110.11, 110.14, 774, 0.0
2021-05-17 10:55:00, 110.18, 110.18, 110.07, 110.14, 800, 0.0
2021-05-17 11:00:00, 110.09, 110.16, 110.035, 110.16, 1213, 0.0
2021-05-17 11:05:00, 110.2, 110.275, 110.2, 110.25, 726, 0.0
2021-05-17 11:10:00, 110.29, 110.38, 110.29, 110.38, 501, 0.0
2021-05-17 11:15:00, 110.35, 110.44, 110.32, 110.44, 867, 0.0
2021-05-17 11:20:00, 110.53, 110.57, 110.53, 110.54, 947, 0.0
2021-05-17 11:25:00, 110.58, 110.58, 110.58, 110.58, 300, 0.0
2021-05-17 11:30:00, 110.51, 110.51, 110.38, 110.42, 1852, 0.0
2021-05-17 11:35:00, 110.47, 110.56, 110.47, 110.52, 1109, 0.0
2021-05-17 11:40:00, 110.58, 110.66, 110.55, 110.635, 1722, 0.0
2021-05-17 11:50:00, 110.64, 110.76, 110.625, 110.72, 1142, 0.0
2021-05-17 11:55:00, 110.63, 110.63, 110.61, 110.61, 506, 0.0
2021-05-17 12:00:00, 110.62, 110.655, 110.62, 110.62, 1271, 0.0
2021-05-17 12:05:00, 110.58, 110.6, 110.58, 110.6, 737, 0.0
2021-05-17 12:10:00, 110.55, 110.57, 110.5, 110.54, 1256, 0.0
2021-05-17 12:15:00, 110.55, 110.59, 110.45, 110.45, 1784, 0.0
2021-05-17 12:20:00, 110.49, 110.49, 110.43, 110.43, 1487, 0.0
2021-05-17 12:25:00, 110.495, 110.605, 110.485, 110.59, 1213, 0.0
2021-05-17 12:30:00, 110.56, 110.56, 110.445, 110.485, 2397, 0.0
2021-05-17 12:35:00, 110.51, 110.62, 110.51, 110.55, 1779, 0.0
2021-05-17 12:40:00, 110.57, 110.57, 110.37, 110.47, 2351, 0.0
2021-05-17 12:45:00, 110.395, 110.505, 110.395, 110.42, 2121, 0.0
2021-05-17 12:50:00, 110.4, 110.44, 110.31, 110.33, 2804, 0.0
2021-05-17 12:55:00, 110.33, 110.37, 110.31, 110.31, 3086, 0.0
2021-05-17 13:00:00, 110.29, 110.31, 110.17, 110.31, 4734, 0.0
2021-05-17 13:05:00, 110.28, 110.43, 110.28, 110.43, 3238, 0.0
2021-05-17 13:10:00, 110.455, 110.49, 110.355, 110.355, 3508, 0.0
2021-05-17 13:15:00, 110.345, 110.35, 110.3, 110.305, 3031, 0.0
2021-05-17 13:20:00, 110.33, 110.33, 110.28, 110.315, 3091, 0.0
2021-05-17 13:25:00, 110.33, 110.42, 110.32, 110.41, 1765, 0.0
2021-05-17 13:30:00, 110.43, 110.58, 110.43, 110.54, 1722, 0.0
2021-05-17 13:35:00, 110.56, 110.56, 110.44, 110.44, 1890, 0.0
2021-05-17 13:40:00, 110.49, 110.49, 110.45, 110.48, 1213, 0.0
2021-05-17 13:45:00, 110.46, 110.48, 110.45, 110.46, 1334, 0.0
2021-05-17 13:50:00, 110.51, 110.64, 110.49, 110.64, 2219, 0.0
2021-05-17 13:55:00, 110.61, 110.7, 110.61, 110.7, 1156, 0.0
2021-05-17 14:00:00, 110.7, 110.79, 110.7, 110.78, 1531, 0.0
2021-05-17 14:05:00, 110.85, 110.89, 110.81, 110.89, 1057, 0.0
2021-05-17 14:10:00, 110.85, 110.92, 110.85, 110.87, 1300, 0.0
2021-05-17 14:15:00, 110.87, 110.925, 110.8, 110.87, 2253, 0.0
2021-05-17 14:20:00, 110.86, 110.865, 110.69, 110.69, 1908, 0.0
2021-05-17 14:25:00, 110.715, 110.81, 110.715, 110.805, 1976, 0.0
2021-05-17 14:30:00, 110.8, 110.8, 110.7, 110.77, 1861, 0.0
2021-05-17 14:35:00, 110.77, 110.77, 110.65, 110.65, 1662, 0.0
2021-05-17 14:40:00, 110.68, 110.88, 110.68, 110.84, 3210, 0.0
2021-05-17 14:45:00, 110.84, 110.85, 110.75, 110.79, 2983, 0.0
2021-05-17 14:50:00, 110.77, 110.94, 110.77, 110.86, 5409, 0.0
2021-05-17 14:55:00, 110.9, 111.01, 110.9, 110.97, 8683, 0.0
2021-05-18 08:30:00, 111.35, 111.35, 111.15, 111.25, 3648, 0.0
2021-05-18 08:35:00, 111.215, 111.43, 111.12, 111.39, 2544, 0.0
2021-05-18 08:40:00, 111.39, 111.42, 111.05, 111.075, 3145, 0.0
2021-05-18 08:45:00, 111.13, 111.26, 111.13, 111.16, 1200, 0.0
2021-05-18 08:50:00, 111.18, 111.44, 111.18, 111.42, 2869, 0.0
2021-05-18 08:55:00, 111.4, 111.4, 111.205, 111.34, 5891, 0.0
2021-05-18 09:00:00, 111.255, 111.48, 111.255, 111.48, 5493, 0.0
2021-05-18 09:05:00, 111.47, 111.5, 111.4, 111.5, 2096, 0.0
2021-05-18 09:10:00, 111.46, 111.475, 111.34, 111.36, 1320, 0.0
2021-05-18 09:15:00, 111.41, 111.59, 111.41, 111.42, 2451, 0.0
2021-05-18 09:20:00, 111.41, 111.41, 111.34, 111.39, 1865, 0.0
2021-05-18 09:25:00, 111.39, 111.53, 111.39, 111.44, 2553, 0.0
2021-05-18 09:30:00, 111.47, 111.505, 111.26, 111.28, 5354, 0.0
2021-05-18 09:35:00, 111.27, 111.37, 111.27, 111.37, 1218, 0.0
2021-05-18 09:40:00, 111.4, 111.4, 111.305, 111.315, 2488, 0.0
2021-05-18 09:45:00, 111.36, 111.66, 111.36, 111.66, 2044, 0.0
2021-05-18 09:50:00, 111.79, 111.88, 111.79, 111.85, 1848, 0.0
2021-05-18 09:55:00, 111.84, 111.85, 111.8, 111.81, 4366, 0.0
2021-05-18 10:00:00, 111.89, 111.93, 111.74, 111.78, 2392, 0.0
2021-05-18 10:05:00, 111.73, 111.79, 111.72, 111.72, 1133, 0.0
2021-05-18 10:10:00, 111.77, 111.91, 111.77, 111.82, 2284, 0.0
2021-05-18 10:15:00, 111.82, 111.91, 111.82, 111.91, 3495, 0.0
2021-05-18 10:20:00, 111.94, 111.96, 111.92, 111.92, 600, 0.0
2021-05-18 10:25:00, 111.95, 111.95, 111.81, 111.81, 705, 0.0
2021-05-18 10:30:00, 111.73, 111.76, 111.69, 111.7, 27782, 0.0
2021-05-18 10:35:00, 111.71, 111.8, 111.71, 111.79, 1136, 0.0
2021-05-18 10:40:00, 111.85, 111.86, 111.74, 111.85, 2001, 0.0
2021-05-18 10:45:00, 111.84, 111.84, 111.84, 111.84, 100, 0.0
2021-05-18 10:50:00, 111.79, 111.81, 111.79, 111.81, 526, 0.0
2021-05-18 10:55:00, 111.83, 111.9, 111.83, 111.9, 605, 0.0
2021-05-18 11:00:00, 111.89, 111.95, 111.83, 111.88, 3079, 0.0
2021-05-18 11:05:00, 111.88, 111.93, 111.88, 111.93, 807, 0.0
2021-05-18 11:10:00, 111.93, 111.94, 111.89, 111.9, 1632, 0.0
2021-05-18 11:15:00, 111.89, 111.89, 111.73, 111.73, 1256, 0.0
2021-05-18 11:20:00, 111.75, 111.77, 111.75, 111.76, 922, 0.0
2021-05-18 11:25:00, 111.72, 111.72, 111.685, 111.685, 295, 0.0
2021-05-18 11:30:00, 111.63, 111.66, 111.63, 111.66, 473, 0.0
2021-05-18 11:35:00, 111.72, 111.76, 111.72, 111.76, 926, 0.0
2021-05-18 11:40:00, 111.76, 111.82, 111.76, 111.82, 1438, 0.0
2021-05-18 11:45:00, 111.85, 111.915, 111.84, 111.915, 2451, 0.0
2021-05-18 11:50:00, 111.93, 111.985, 111.905, 111.985, 1138, 0.0
2021-05-18 11:55:00, 112.025, 112.025, 111.955, 111.955, 430, 0.0
2021-05-18 12:00:00, 111.99, 112.045, 111.975, 112, 961, 0.0
2021-05-18 12:05:00, 111.975, 112, 111.85, 111.86, 2791, 0.0
2021-05-18 12:10:00, 111.95, 112.07, 111.95, 112.03, 1318, 0.0
2021-05-18 12:15:00, 112.04, 112.04, 112, 112.04, 1184, 0.0
2021-05-18 12:20:00, 112.06, 112.12, 112.05, 112.12, 1162, 0.0
2021-05-18 12:25:00, 112.1, 112.15, 112.1, 112.15, 1874, 0.0
2021-05-18 12:30:00, 112.14, 112.18, 112.08, 112.08, 1987, 0.0
2021-05-18 12:35:00, 112.05, 112.13, 112.04, 112.05, 2121, 0.0
2021-05-18 12:40:00, 112.02, 112.02, 111.93, 111.93, 952, 0.0
2021-05-18 12:45:00, 111.98, 112.06, 111.94, 111.94, 1829, 0.0
2021-05-18 12:50:00, 111.955, 112.02, 111.95, 111.95, 3229, 0.0
2021-05-18 12:55:00, 111.94, 111.96, 111.93, 111.96, 703, 0.0
2021-05-18 13:00:00, 111.97, 111.97, 111.9, 111.925, 2749, 0.0
2021-05-18 13:05:00, 111.95, 111.98, 111.87, 111.87, 2312, 0.0
2021-05-18 13:10:00, 111.89, 111.89, 111.825, 111.85, 2455, 0.0
2021-05-18 13:15:00, 111.82, 111.87, 111.78, 111.8, 2084, 0.0
2021-05-18 13:20:00, 111.75, 111.77, 111.71, 111.71, 777, 0.0
2021-05-18 13:25:00, 111.68, 111.72, 111.67, 111.68, 1695, 0.0
2021-05-18 13:30:00, 111.69, 111.69, 111.58, 111.58, 963, 0.0
2021-05-18 13:35:00, 111.56, 111.63, 111.485, 111.6, 1799, 0.0
2021-05-18 13:40:00, 111.5, 111.5, 111.41, 111.45, 1119, 0.0
2021-05-18 13:45:00, 111.45, 111.49, 111.41, 111.45, 1486, 0.0
2021-05-18 13:50:00, 111.47, 111.53, 111.47, 111.53, 1237, 0.0
2021-05-18 13:55:00, 111.51, 111.66, 111.5, 111.66, 2399, 0.0
2021-05-18 14:00:00, 111.65, 111.66, 111.56, 111.62, 2638, 0.0
2021-05-18 14:05:00, 111.61, 111.64, 111.57, 111.64, 851, 0.0
2021-05-18 14:10:00, 111.68, 111.68, 111.53, 111.53, 1990, 0.0
2021-05-18 14:15:00, 111.5, 111.57, 111.5, 111.56, 1672, 0.0
2021-05-18 14:20:00, 111.53, 111.53, 111.44, 111.44, 1803, 0.0
2021-05-18 14:25:00, 111.54, 111.65, 111.54, 111.65, 1414, 0.0
2021-05-18 14:30:00, 111.66, 111.79, 111.59, 111.765, 4443, 0.0
2021-05-18 14:35:00, 111.75, 111.805, 111.645, 111.655, 3521, 0.0
2021-05-18 14:40:00, 111.635, 111.745, 111.54, 111.57, 4218, 0.0
2021-05-18 14:45:00, 111.6, 111.6, 111.37, 111.37, 3545, 0.0
2021-05-18 14:50:00, 111.43, 111.43, 111.07, 111.07, 9564, 0.0
2021-05-18 14:55:00, 111.14, 111.2, 111.06, 111.12, 18539, 0.0
2021-05-19 08:30:00, 109.94, 109.94, 109.05, 109.41, 7340, 0.0
2021-05-19 08:35:00, 109.41, 109.43, 109.17, 109.2, 3776, 0.0
2021-05-19 08:40:00, 109.2, 109.51, 108.93, 109.51, 2264, 0.0
2021-05-19 08:45:00, 109.475, 109.5, 109.29, 109.37, 6219, 0.0
2021-05-19 08:50:00, 109.32, 109.6, 109.32, 109.6, 3354, 0.0
2021-05-19 08:55:00, 109.52, 109.8, 109.44, 109.55, 5058, 0.0
2021-05-19 09:00:00, 109.56, 109.595, 109.175, 109.19, 4057, 0.0
2021-05-19 09:05:00, 109.14, 109.23, 109.02, 109.02, 3714, 0.0
2021-05-19 09:10:00, 109.01, 109.14, 108.97, 109.04, 3837, 0.0
2021-05-19 09:15:00, 109.05, 109.43, 109, 109.43, 3642, 0.0
2021-05-19 09:20:00, 109.32, 109.5, 109.31, 109.4, 4276, 0.0
2021-05-19 09:25:00, 109.42, 109.535, 109.42, 109.52, 3564, 0.0
2021-05-19 09:30:00, 109.51, 109.52, 109.25, 109.25, 3093, 0.0
2021-05-19 09:35:00, 109.3, 109.39, 109.055, 109.06, 4934, 0.0
2021-05-19 09:40:00, 109.025, 109.05, 108.925, 109.05, 2825, 0.0
2021-05-19 09:45:00, 109.06, 109.145, 108.97, 109.11, 3178, 0.0
2021-05-19 09:50:00, 109.05, 109.41, 109.05, 109.355, 4352, 0.0
2021-05-19 09:55:00, 109.34, 109.34, 109.17, 109.17, 3464, 0.0
2021-05-19 10:00:00, 109.19, 109.195, 109.04, 109.055, 5117, 0.0
2021-05-19 10:05:00, 109.11, 109.46, 109.11, 109.46, 4712, 0.0
2021-05-19 10:10:00, 109.44, 109.61, 109.44, 109.58, 3382, 0.0
2021-05-19 10:15:00, 109.6, 109.65, 109.44, 109.44, 2956, 0.0
2021-05-19 10:20:00, 109.48, 109.64, 109.48, 109.63, 4625, 0.0
2021-05-19 10:25:00, 109.57, 109.65, 109.57, 109.58, 1868, 0.0
2021-05-19 10:30:00, 109.61, 109.61, 109.395, 109.44, 2409, 0.0
2021-05-19 10:35:00, 109.385, 109.43, 109.34, 109.43, 2785, 0.0
2021-05-19 10:40:00, 109.42, 109.48, 109.38, 109.445, 2961, 0.0
2021-05-19 10:45:00, 109.43, 109.51, 109.42, 109.5, 2403, 0.0
2021-05-19 10:50:00, 109.48, 109.54, 109.4, 109.43, 3090, 0.0
2021-05-19 10:55:00, 109.54, 109.63, 109.51, 109.575, 2385, 0.0
2021-05-19 11:00:00, 109.58, 109.63, 109.57, 109.63, 1545, 0.0
2021-05-19 11:05:00, 109.67, 109.715, 109.67, 109.71, 1654, 0.0
2021-05-19 11:10:00, 109.72, 109.76, 109.72, 109.76, 2150, 0.0
2021-05-19 11:15:00, 109.74, 109.84, 109.74, 109.81, 2070, 0.0
2021-05-19 11:20:00, 109.68, 109.785, 109.68, 109.77, 2269, 0.0
2021-05-19 11:25:00, 109.75, 109.76, 109.67, 109.68, 2051, 0.0
2021-05-19 11:30:00, 109.685, 109.71, 109.61, 109.61, 1951, 0.0
2021-05-19 11:35:00, 109.66, 109.66, 109.53, 109.62, 2492, 0.0
2021-05-19 11:40:00, 109.63, 109.68, 109.52, 109.52, 2892, 0.0
2021-05-19 11:45:00, 109.6, 109.68, 109.57, 109.62, 1310, 0.0
2021-05-19 11:50:00, 109.585, 109.65, 109.565, 109.61, 1833, 0.0
2021-05-19 11:55:00, 109.61, 109.64, 109.565, 109.565, 1852, 0.0
2021-05-19 12:00:00, 109.58, 109.72, 109.58, 109.72, 2811, 0.0
2021-05-19 12:05:00, 109.71, 109.78, 109.67, 109.69, 2478, 0.0
2021-05-19 12:10:00, 109.69, 109.815, 109.69, 109.8, 1876, 0.0
2021-05-19 12:15:00, 109.82, 109.86, 109.81, 109.81, 1274, 0.0
2021-05-19 12:20:00, 109.79, 109.79, 109.68, 109.7, 1421, 0.0
2021-05-19 12:25:00, 109.7, 109.73, 109.61, 109.73, 1878, 0.0
2021-05-19 12:30:00, 109.685, 109.7, 109.49, 109.49, 5203, 0.0
2021-05-19 12:35:00, 109.485, 109.485, 109.35, 109.39, 4080, 0.0
2021-05-19 12:40:00, 109.39, 109.4, 109.35, 109.37, 2602, 0.0
2021-05-19 12:45:00, 109.42, 109.49, 109.37, 109.44, 2646, 0.0
2021-05-19 12:50:00, 109.47, 109.58, 109.45, 109.58, 3473, 0.0
2021-05-19 12:55:00, 109.6, 109.6, 109.53, 109.54, 2887, 0.0
2021-05-19 13:00:00, 109.63, 109.72, 109.23, 109.275, 3481, 0.0
2021-05-19 13:05:00, 109.295, 109.37, 109.06, 109.37, 2708, 0.0
2021-05-19 13:10:00, 109.32, 109.32, 109.15, 109.215, 2464, 0.0
2021-05-19 13:15:00, 109.19, 109.19, 109.05, 109.05, 2221, 0.0
2021-05-19 13:20:00, 109.1, 109.79, 109.1, 109.69, 3655, 0.0
2021-05-19 13:25:00, 109.63, 109.72, 109.615, 109.69, 3421, 0.0
2021-05-19 13:30:00, 109.71, 109.82, 109.56, 109.56, 3269, 0.0
2021-05-19 13:35:00, 109.53, 109.58, 109.3, 109.36, 3453, 0.0
2021-05-19 13:40:00, 109.3, 109.35, 109.26, 109.33, 2587, 0.0
2021-05-19 13:45:00, 109.27, 109.27, 109.19, 109.19, 2744, 0.0
2021-05-19 13:50:00, 109.16, 109.19, 109.11, 109.13, 2001, 0.0
2021-05-19 13:55:00, 109.1, 109.34, 109.08, 109.23, 6198, 0.0
2021-05-19 14:00:00, 109.1, 109.1, 108.9, 108.9, 4260, 0.0
2021-05-19 14:05:00, 108.91, 109.125, 108.91, 109.085, 8364, 0.0
2021-05-19 14:10:00, 109.12, 109.285, 109.12, 109.16, 40424, 0.0
2021-05-19 14:15:00, 109.15, 109.29, 109.15, 109.27, 5409, 0.0
2021-05-19 14:20:00, 109.31, 109.52, 109.27, 109.45, 3740, 0.0
2021-05-19 14:25:00, 109.42, 109.55, 109.38, 109.54, 4845, 0.0
2021-05-19 14:30:00, 109.51, 109.51, 109.24, 109.31, 5080, 0.0
2021-05-19 14:35:00, 109.37, 109.37, 109.18, 109.245, 4330, 0.0
2021-05-19 14:40:00, 109.26, 109.285, 109.17, 109.2, 8503, 0.0
2021-05-19 14:45:00, 109.21, 109.27, 109.11, 109.23, 6429, 0.0
2021-05-19 14:50:00, 109.23, 109.455, 109.22, 109.455, 35830, 0.0
2021-05-19 14:55:00, 109.435, 109.67, 109.335, 109.66, 32013, 0.0
2021-05-20 08:30:00, 109.975, 110.46, 109.955, 110.42, 2289, 0.0
2021-05-20 08:35:00, 110.42, 110.68, 110.39, 110.5, 5475, 0.0
2021-05-20 08:40:00, 110.49, 110.68, 110.44, 110.66, 3325, 0.0
2021-05-20 08:45:00, 110.67, 110.84, 110.54, 110.575, 4168, 0.0
2021-05-20 08:50:00, 110.52, 110.83, 110.52, 110.83, 2034, 0.0
2021-05-20 08:55:00, 110.86, 111.01, 110.75, 110.78, 5143, 0.0
2021-05-20 09:00:00, 110.78, 111.07, 110.78, 111.06, 7604, 0.0
2021-05-20 09:05:00, 111.09, 111.1, 110.835, 110.915, 2781, 0.0
2021-05-20 09:10:00, 110.96, 110.96, 110.83, 110.925, 2127, 0.0
2021-05-20 09:15:00, 110.95, 111.04, 110.95, 110.97, 2024, 0.0
2021-05-20 09:20:00, 110.98, 110.99, 110.9, 110.94, 1595, 0.0
2021-05-20 09:25:00, 110.98, 111.065, 110.925, 111.05, 1572, 0.0
2021-05-20 09:30:00, 111.04, 111.04, 110.93, 110.93, 1178, 0.0
2021-05-20 09:35:00, 110.89, 111.06, 110.85, 111.06, 1388, 0.0
2021-05-20 09:40:00, 111.1, 111.18, 110.99, 111, 2478, 0.0
2021-05-20 09:45:00, 111, 111.29, 111, 111.115, 4915, 0.0
2021-05-20 09:50:00, 111.21, 111.21, 110.98, 110.99, 2196, 0.0
2021-05-20 09:55:00, 110.945, 110.95, 110.83, 110.87, 1575, 0.0
2021-05-20 10:00:00, 110.935, 110.975, 110.8, 110.805, 1542, 0.0
2021-05-20 10:05:00, 110.79, 110.945, 110.78, 110.945, 2080, 0.0
2021-05-20 10:10:00, 110.94, 111.07, 110.94, 110.99, 4052, 0.0
2021-05-20 10:15:00, 110.98, 111.025, 110.95, 110.96, 1646, 0.0
2021-05-20 10:20:00, 110.965, 110.965, 110.905, 110.935, 1569, 0.0
2021-05-20 10:25:00, 110.99, 111.15, 110.99, 111.14, 3367, 0.0
2021-05-20 10:30:00, 111.13, 111.21, 111.13, 111.21, 4143, 0.0
2021-05-20 10:35:00, 111.155, 111.29, 111.14, 111.27, 2983, 0.0
2021-05-20 10:40:00, 111.36, 111.43, 111.35, 111.385, 1792, 0.0
2021-05-20 10:45:00, 111.42, 111.535, 111.38, 111.535, 1889, 0.0
2021-05-20 10:50:00, 111.56, 111.68, 111.56, 111.56, 3087, 0.0
2021-05-20 10:55:00, 111.56, 111.57, 111.37, 111.37, 1466, 0.0
2021-05-20 11:00:00, 111.38, 111.4, 111.345, 111.39, 2228, 0.0
2021-05-20 11:05:00, 111.37, 111.495, 111.36, 111.445, 1407, 0.0
2021-05-20 11:10:00, 111.4, 111.43, 111.4, 111.41, 1308, 0.0
2021-05-20 11:15:00, 111.355, 111.41, 111.26, 111.26, 1396, 0.0
2021-05-20 11:20:00, 111.28, 111.41, 111.28, 111.395, 1021, 0.0
2021-05-20 11:25:00, 111.48, 111.48, 111.38, 111.38, 1640, 0.0
2021-05-20 11:30:00, 111.42, 111.48, 111.42, 111.46, 1820, 0.0
2021-05-20 11:35:00, 111.39, 111.43, 111.28, 111.42, 2419, 0.0
2021-05-20 11:40:00, 111.41, 111.41, 111.315, 111.32, 984, 0.0
2021-05-20 11:45:00, 111.32, 111.445, 111.32, 111.445, 1780, 0.0
2021-05-20 11:50:00, 111.42, 111.445, 111.37, 111.445, 863, 0.0
2021-05-20 11:55:00, 111.42, 111.455, 111.39, 111.42, 772, 0.0
2021-05-20 12:00:00, 111.385, 111.385, 111.24, 111.25, 1643, 0.0
2021-05-20 12:05:00, 111.265, 111.34, 111.265, 111.3, 1084, 0.0
2021-05-20 12:10:00, 111.31, 111.31, 111.245, 111.25, 1275, 0.0
2021-05-20 12:15:00, 111.285, 111.295, 111.27, 111.27, 1321, 0.0
2021-05-20 12:20:00, 111.3, 111.37, 111.295, 111.35, 1821, 0.0
2021-05-20 12:25:00, 111.325, 111.325, 111.22, 111.25, 2538, 0.0
2021-05-20 12:30:00, 111.31, 111.355, 111.31, 111.34, 1881, 0.0
2021-05-20 12:35:00, 111.34, 111.415, 111.315, 111.37, 2364, 0.0
2021-05-20 12:40:00, 111.33, 111.365, 111.29, 111.29, 1496, 0.0
2021-05-20 12:45:00, 111.3, 111.41, 111.3, 111.39, 994, 0.0
2021-05-20 12:50:00, 111.38, 111.38, 111.16, 111.19, 3873, 0.0
2021-05-20 12:55:00, 111.235, 111.39, 111.235, 111.34, 2872, 0.0
2021-05-20 13:00:00, 111.33, 111.39, 111.31, 111.325, 4190, 0.0
2021-05-20 13:05:00, 111.32, 111.44, 111.32, 111.425, 2224, 0.0
2021-05-20 13:10:00, 111.45, 111.45, 111.395, 111.42, 4896, 0.0
2021-05-20 13:15:00, 111.44, 111.52, 111.4, 111.52, 2808, 0.0
2021-05-20 13:20:00, 111.54, 111.545, 111.44, 111.47, 2020, 0.0
2021-05-20 13:25:00, 111.48, 111.49, 111.455, 111.455, 827, 0.0
2021-05-20 13:30:00, 111.46, 111.46, 111.35, 111.35, 2356, 0.0
2021-05-20 13:35:00, 111.385, 111.635, 111.385, 111.61, 2270, 0.0
2021-05-20 13:40:00, 111.57, 111.57, 111.485, 111.485, 1178, 0.0
2021-05-20 13:45:00, 111.54, 111.54, 111.49, 111.505, 701, 0.0
2021-05-20 13:50:00, 111.46, 111.495, 111.44, 111.495, 1005, 0.0
2021-05-20 13:55:00, 111.51, 111.54, 111.355, 111.41, 1326, 0.0
2021-05-20 14:00:00, 111.42, 111.42, 111.335, 111.335, 1958, 0.0
2021-05-20 14:05:00, 111.31, 111.375, 111.31, 111.345, 2685, 0.0
2021-05-20 14:10:00, 111.375, 111.49, 111.35, 111.48, 2386, 0.0
2021-05-20 14:15:00, 111.43, 111.455, 111.375, 111.375, 1719, 0.0
2021-05-20 14:20:00, 111.375, 111.47, 111.375, 111.46, 2169, 0.0
2021-05-20 14:25:00, 111.505, 111.635, 111.505, 111.58, 2515, 0.0
2021-05-20 14:30:00, 111.575, 111.58, 111.465, 111.48, 3926, 0.0
2021-05-20 14:35:00, 111.515, 111.58, 111.44, 111.49, 4481, 0.0
2021-05-20 14:40:00, 111.47, 111.52, 111.38, 111.45, 13339, 0.0
2021-05-20 14:45:00, 111.415, 111.515, 111.35, 111.38, 6718, 0.0
2021-05-20 14:50:00, 111.33, 111.595, 111.235, 111.595, 17379, 0.0
2021-05-20 14:55:00, 111.5, 111.54, 111.37, 111.44, 25388, 0.0
2021-05-21 08:30:00, 111.66, 112.19, 111.66, 111.98, 6647, 0.0
2021-05-21 08:35:00, 111.95, 111.95, 111.6, 111.78, 3853, 0.0
2021-05-21 08:40:00, 111.81, 111.81, 111.71, 111.79, 2567, 0.0
2021-05-21 08:45:00, 111.83, 111.84, 111.46, 111.46, 5204, 0.0
2021-05-21 08:50:00, 111.46, 111.54, 111.37, 111.39, 1559, 0.0
2021-05-21 08:55:00, 111.37, 111.475, 111.34, 111.435, 3233, 0.0
2021-05-21 09:00:00, 111.38, 111.38, 111.15, 111.29, 5191, 0.0
2021-05-21 09:05:00, 111.26, 111.28, 111.09, 111.1, 3428, 0.0
2021-05-21 09:10:00, 111.11, 111.22, 111.11, 111.22, 3925, 0.0
2021-05-21 09:15:00, 111.19, 111.31, 111.19, 111.24, 4011, 0.0
2021-05-21 09:20:00, 111.23, 111.23, 111.045, 111.11, 4645, 0.0
2021-05-21 09:25:00, 111.07, 111.13, 111.04, 111.13, 985, 0.0
2021-05-21 09:30:00, 111.01, 111.16, 111.01, 111.15, 5057, 0.0
2021-05-21 09:35:00, 111.22, 111.24, 111.17, 111.23, 1436, 0.0
2021-05-21 09:40:00, 111.24, 111.31, 111.22, 111.28, 2587, 0.0
2021-05-21 09:45:00, 111.285, 111.35, 111.245, 111.35, 1896, 0.0
2021-05-21 09:50:00, 111.335, 111.35, 111.21, 111.21, 2800, 0.0
2021-05-21 09:55:00, 111.3, 111.31, 111.14, 111.225, 2140, 0.0
2021-05-21 10:00:00, 111.23, 111.23, 111.01, 111.01, 2766, 0.0
2021-05-21 10:05:00, 111.07, 111.095, 111.05, 111.05, 906, 0.0
2021-05-21 10:10:00, 111.07, 111.18, 111.05, 111.16, 1275, 0.0
2021-05-21 10:15:00, 111.195, 111.2, 111.145, 111.145, 1831, 0.0
2021-05-21 10:20:00, 111.18, 111.24, 111.18, 111.23, 979, 0.0
2021-05-21 10:25:00, 111.22, 111.22, 111.025, 111.025, 3308, 0.0
2021-05-21 10:30:00, 111.02, 111.175, 111.02, 111.175, 1862, 0.0
2021-05-21 10:35:00, 111.055, 111.055, 110.99, 111.005, 2131, 0.0
2021-05-21 10:40:00, 111.035, 111.035, 110.95, 110.99, 3200, 0.0
2021-05-21 10:45:00, 110.96, 111.07, 110.96, 111.02, 2209, 0.0
2021-05-21 10:50:00, 111, 111.04, 110.89, 110.89, 1757, 0.0
2021-05-21 10:55:00, 110.875, 110.89, 110.77, 110.82, 3221, 0.0
2021-05-21 11:00:00, 110.81, 110.87, 110.81, 110.84, 1586, 0.0
2021-05-21 11:05:00, 110.92, 110.92, 110.65, 110.69, 2655, 0.0
2021-05-21 11:10:00, 110.68, 110.685, 110.65, 110.68, 1428, 0.0
2021-05-21 11:15:00, 110.695, 110.705, 110.67, 110.7, 2182, 0.0
2021-05-21 11:20:00, 110.71, 110.74, 110.65, 110.65, 1083, 0.0
2021-05-21 11:25:00, 110.66, 110.74, 110.62, 110.74, 1860, 0.0
2021-05-21 11:30:00, 110.795, 110.795, 110.74, 110.77, 1691, 0.0
2021-05-21 11:35:00, 110.755, 110.8, 110.73, 110.8, 2884, 0.0
2021-05-21 11:40:00, 110.8, 110.88, 110.8, 110.87, 2850, 0.0
2021-05-21 11:45:00, 110.82, 110.82, 110.76, 110.78, 2335, 0.0
2021-05-21 11:50:00, 110.785, 110.785, 110.6, 110.6, 2587, 0.0
2021-05-21 11:55:00, 110.61, 110.75, 110.59, 110.705, 2011, 0.0
2021-05-21 12:00:00, 110.71, 110.775, 110.71, 110.73, 2274, 0.0
2021-05-21 12:05:00, 110.765, 110.83, 110.76, 110.77, 2097, 0.0
2021-05-21 12:10:00, 110.77, 110.815, 110.71, 110.71, 1565, 0.0
2021-05-21 12:15:00, 110.67, 110.67, 110.615, 110.665, 763, 0.0
2021-05-21 12:20:00, 110.63, 110.78, 110.63, 110.77, 1905, 0.0
2021-05-21 12:25:00, 110.74, 110.77, 110.74, 110.77, 1684, 0.0
2021-05-21 12:30:00, 110.81, 110.86, 110.81, 110.86, 1413, 0.0
2021-05-21 12:35:00, 110.85, 110.85, 110.815, 110.815, 1419, 0.0
2021-05-21 12:40:00, 110.81, 110.81, 110.795, 110.805, 712, 0.0
2021-05-21 12:45:00, 110.8, 110.85, 110.8, 110.845, 1198, 0.0
2021-05-21 12:50:00, 110.845, 110.88, 110.84, 110.86, 2397, 0.0
2021-05-21 12:55:00, 110.88, 110.88, 110.77, 110.77, 1282, 0.0
2021-05-21 13:00:00, 110.76, 110.79, 110.76, 110.79, 1757, 0.0
2021-05-21 13:05:00, 110.83, 110.93, 110.76, 110.93, 1304, 0.0
2021-05-21 13:10:00, 110.87, 110.92, 110.855, 110.92, 1307, 0.0
2021-05-21 13:15:00, 110.87, 110.89, 110.825, 110.825, 1784, 0.0
2021-05-21 13:20:00, 110.81, 110.83, 110.8, 110.83, 1172, 0.0
2021-05-21 13:25:00, 110.81, 110.81, 110.74, 110.75, 952, 0.0
2021-05-21 13:30:00, 110.76, 110.865, 110.76, 110.775, 2123, 0.0
2021-05-21 13:35:00, 110.76, 110.805, 110.67, 110.715, 3340, 0.0
2021-05-21 13:40:00, 110.74, 110.75, 110.695, 110.695, 1542, 0.0
2021-05-21 13:45:00, 110.72, 110.79, 110.72, 110.75, 1017, 0.0
2021-05-21 13:50:00, 110.735, 110.84, 110.735, 110.84, 1639, 0.0
2021-05-21 13:55:00, 110.805, 110.805, 110.745, 110.78, 2328, 0.0
2021-05-21 14:00:00, 110.725, 110.78, 110.72, 110.78, 1572, 0.0
2021-05-21 14:05:00, 110.78, 110.84, 110.78, 110.8, 2544, 0.0
2021-05-21 14:10:00, 110.82, 110.88, 110.82, 110.86, 3130, 0.0
2021-05-21 14:15:00, 110.89, 110.93, 110.87, 110.91, 1554, 0.0
2021-05-21 14:20:00, 110.91, 111.025, 110.91, 111, 2622, 0.0
2021-05-21 14:25:00, 110.985, 110.99, 110.93, 110.93, 5130, 0.0
2021-05-21 14:30:00, 110.89, 110.89, 110.73, 110.73, 2416, 0.0
2021-05-21 14:35:00, 110.815, 110.85, 110.78, 110.78, 1733, 0.0
2021-05-21 14:40:00, 110.77, 110.82, 110.71, 110.71, 4446, 0.0
2021-05-21 14:45:00, 110.71, 110.73, 110.63, 110.73, 7999, 0.0
2021-05-21 14:50:00, 110.785, 110.825, 110.685, 110.72, 9487, 0.0
2021-05-21 14:55:00, 110.74, 110.905, 110.74, 110.85, 11515, 0.0
2021-05-24 08:30:00, 111.79, 111.95, 111.57, 111.95, 2811, 0.0
2021-05-24 08:35:00, 111.99, 112.27, 111.97, 112.265, 2822, 0.0
2021-05-24 08:40:00, 112.21, 112.29, 112.08, 112.21, 3035, 0.0
2021-05-24 08:45:00, 112.14, 112.14, 111.97, 111.98, 3568, 0.0
2021-05-24 08:50:00, 111.97, 111.97, 111.75, 111.75, 1225, 0.0
2021-05-24 08:55:00, 111.71, 111.71, 111.635, 111.64, 587, 0.0
2021-05-24 09:00:00, 111.74, 111.87, 111.73, 111.87, 2267, 0.0
2021-05-24 09:05:00, 111.91, 112.06, 111.91, 112.06, 4933, 0.0
2021-05-24 09:10:00, 112.09, 112.21, 112.05, 112.18, 9693, 0.0
2021-05-24 09:15:00, 112.23, 112.39, 112.23, 112.36, 4149, 0.0
2021-05-24 09:20:00, 112.345, 112.48, 112.345, 112.46, 1122, 0.0
2021-05-24 09:25:00, 112.5, 112.5, 112.43, 112.44, 1448, 0.0
2021-05-24 09:30:00, 112.49, 112.63, 112.49, 112.63, 1068, 0.0
2021-05-24 09:35:00, 112.59, 112.67, 112.59, 112.59, 885, 0.0
2021-05-24 09:40:00, 112.63, 112.68, 112.62, 112.665, 1096, 0.0
2021-05-24 09:45:00, 112.67, 112.67, 112.42, 112.48, 2575, 0.0
2021-05-24 09:50:00, 112.52, 112.59, 112.52, 112.54, 1087, 0.0
2021-05-24 09:55:00, 112.64, 112.835, 112.64, 112.835, 3267, 0.0
2021-05-24 10:00:00, 112.815, 112.84, 112.535, 112.535, 3803, 0.0
2021-05-24 10:05:00, 112.49, 112.53, 112.48, 112.5, 521, 0.0
2021-05-24 10:10:00, 112.585, 112.64, 112.565, 112.64, 1582, 0.0
2021-05-24 10:15:00, 112.64, 112.82, 112.64, 112.78, 2683, 0.0
2021-05-24 10:20:00, 112.815, 112.865, 112.815, 112.865, 1601, 0.0
2021-05-24 10:25:00, 112.885, 112.915, 112.885, 112.89, 1425, 0.0
2021-05-24 10:30:00, 112.925, 113.02, 112.92, 112.94, 2259, 0.0
2021-05-24 10:35:00, 112.925, 112.925, 112.85, 112.85, 1446, 0.0
2021-05-24 10:40:00, 112.83, 112.92, 112.83, 112.91, 1219, 0.0
2021-05-24 10:45:00, 112.785, 112.81, 112.69, 112.72, 1052, 0.0
2021-05-24 10:50:00, 112.65, 112.65, 112.57, 112.57, 1016, 0.0
2021-05-24 10:55:00, 112.55, 112.55, 112.47, 112.47, 1020, 0.0
2021-05-24 11:00:00, 112.52, 112.52, 112.475, 112.475, 674, 0.0
2021-05-24 11:05:00, 112.48, 112.525, 112.46, 112.47, 1444, 0.0
2021-05-24 11:10:00, 112.45, 112.515, 112.45, 112.49, 1082, 0.0
2021-05-24 11:15:00, 112.48, 112.48, 112.48, 112.48, 304, 0.0
2021-05-24 11:20:00, 112.51, 112.53, 112.46, 112.46, 1138, 0.0
2021-05-24 11:25:00, 112.455, 112.455, 112.41, 112.42, 790, 0.0
2021-05-24 11:30:00, 112.43, 112.46, 112.415, 112.46, 1283, 0.0
2021-05-24 11:35:00, 112.51, 112.52, 112.49, 112.52, 1370, 0.0
2021-05-24 11:40:00, 112.48, 112.55, 112.48, 112.55, 823, 0.0
2021-05-24 11:45:00, 112.52, 112.52, 112.49, 112.49, 740, 0.0
2021-05-24 11:50:00, 112.46, 112.47, 112.41, 112.41, 1428, 0.0
2021-05-24 11:55:00, 112.37, 112.37, 112.35, 112.35, 730, 0.0
2021-05-24 12:00:00, 112.33, 112.35, 112.33, 112.35, 439, 0.0
2021-05-24 12:05:00, 112.3, 112.3, 112.24, 112.24, 647, 0.0
2021-05-24 12:10:00, 112.26, 112.29, 112.26, 112.29, 429, 0.0
2021-05-24 12:15:00, 112.31, 112.31, 112.31, 112.31, 336, 0.0
2021-05-24 12:20:00, 112.36, 112.36, 112.35, 112.35, 404, 0.0
2021-05-24 12:25:00, 112.33, 112.34, 112.32, 112.32, 1135, 0.0
2021-05-24 12:30:00, 112.32, 112.39, 112.305, 112.39, 2237, 0.0
2021-05-24 12:35:00, 112.34, 112.34, 112.32, 112.33, 637, 0.0
2021-05-24 12:40:00, 112.29, 112.315, 112.25, 112.31, 951, 0.0
2021-05-24 12:45:00, 112.29, 112.29, 112.27, 112.27, 423, 0.0
2021-05-24 12:50:00, 112.33, 112.33, 112.23, 112.23, 833, 0.0
2021-05-24 12:55:00, 112.26, 112.41, 112.26, 112.3, 1270, 0.0
2021-05-24 13:00:00, 112.33, 112.375, 112.33, 112.36, 597, 0.0
2021-05-24 13:05:00, 112.42, 112.43, 112.39, 112.41, 1220, 0.0
2021-05-24 13:10:00, 112.4, 112.52, 112.4, 112.52, 1627, 0.0
2021-05-24 13:15:00, 112.535, 112.55, 112.535, 112.55, 210, 0.0
2021-05-24 13:20:00, 112.55, 112.55, 112.55, 112.55, 700, 0.0
2021-05-24 13:25:00, 112.52, 112.55, 112.52, 112.55, 583, 0.0
2021-05-24 13:30:00, 112.545, 112.655, 112.545, 112.65, 1234, 0.0
2021-05-24 13:35:00, 112.65, 112.65, 112.615, 112.63, 2689, 0.0
2021-05-24 13:40:00, 112.66, 112.68, 112.645, 112.65, 1081, 0.0
2021-05-24 13:45:00, 112.645, 112.645, 112.58, 112.62, 948, 0.0
2021-05-24 13:50:00, 112.62, 112.62, 112.6, 112.62, 959, 0.0
2021-05-24 13:55:00, 112.64, 112.64, 112.47, 112.47, 3529, 0.0
2021-05-24 14:00:00, 112.5, 112.545, 112.5, 112.515, 1012, 0.0
2021-05-24 14:05:00, 112.58, 112.69, 112.58, 112.69, 1476, 0.0
2021-05-24 14:10:00, 112.67, 112.67, 112.49, 112.49, 3619, 0.0
2021-05-24 14:15:00, 112.53, 112.57, 112.53, 112.57, 1014, 0.0
2021-05-24 14:20:00, 112.59, 112.62, 112.58, 112.58, 2849, 0.0
2021-05-24 14:25:00, 112.6, 112.61, 112.54, 112.54, 882, 0.0
2021-05-24 14:30:00, 112.61, 112.61, 112.54, 112.59, 2745, 0.0
2021-05-24 14:35:00, 112.59, 112.68, 112.59, 112.67, 3567, 0.0
2021-05-24 14:40:00, 112.66, 112.67, 112.57, 112.66, 4932, 0.0
2021-05-24 14:45:00, 112.645, 112.67, 112.58, 112.63, 5017, 0.0
2021-05-24 14:50:00, 112.61, 112.76, 112.54, 112.63, 8314, 0.0
2021-05-24 14:55:00, 112.575, 112.62, 112.46, 112.48, 6578, 0.0
2021-05-25 08:30:00, 112.9, 113.15, 112.72, 112.82, 2526, 0.0
2021-05-25 08:35:00, 112.84, 112.91, 112.76, 112.76, 1825, 0.0
2021-05-25 08:40:00, 112.735, 112.74, 112.48, 112.48, 2393, 0.0
2021-05-25 08:45:00, 112.525, 112.53, 112.22, 112.22, 1929, 0.0
2021-05-25 08:50:00, 112.24, 112.44, 112.24, 112.43, 1101, 0.0
2021-05-25 08:55:00, 112.63, 112.79, 112.61, 112.61, 1288, 0.0
2021-05-25 09:00:00, 112.68, 112.69, 112.47, 112.47, 5757, 0.0
2021-05-25 09:05:00, 112.44, 112.51, 112.36, 112.36, 1711, 0.0
2021-05-25 09:10:00, 112.49, 112.49, 112.35, 112.35, 704, 0.0
2021-05-25 09:15:00, 112.47, 112.51, 112.35, 112.49, 3025, 0.0
2021-05-25 09:20:00, 112.51, 112.555, 112.47, 112.52, 3444, 0.0
2021-05-25 09:25:00, 112.54, 112.58, 112.48, 112.58, 3161, 0.0
2021-05-25 09:30:00, 112.58, 112.58, 112.44, 112.46, 4330, 0.0
2021-05-25 09:35:00, 112.48, 112.57, 112.48, 112.57, 621, 0.0
2021-05-25 09:40:00, 112.58, 112.66, 112.54, 112.66, 1667, 0.0
2021-05-25 09:45:00, 112.68, 112.68, 112.64, 112.64, 1511, 0.0
2021-05-25 09:50:00, 112.64, 112.7, 112.595, 112.7, 1118, 0.0
2021-05-25 09:55:00, 112.73, 112.84, 112.73, 112.81, 1564, 0.0
2021-05-25 10:00:00, 112.8, 112.8, 112.67, 112.72, 3049, 0.0
2021-05-25 10:05:00, 112.63, 112.65, 112.63, 112.65, 839, 0.0
2021-05-25 10:10:00, 112.73, 112.81, 112.73, 112.81, 962, 0.0
2021-05-25 10:15:00, 112.83, 112.83, 112.74, 112.8, 2648, 0.0
2021-05-25 10:20:00, 112.79, 112.92, 112.79, 112.92, 3579, 0.0
2021-05-25 10:25:00, 112.94, 112.96, 112.765, 112.785, 2686, 0.0
2021-05-25 10:30:00, 112.785, 112.79, 112.63, 112.66, 5026, 0.0
2021-05-25 10:35:00, 112.675, 112.69, 112.62, 112.69, 562, 0.0
2021-05-25 10:40:00, 112.695, 112.695, 112.59, 112.61, 2533, 0.0
2021-05-25 10:45:00, 112.61, 112.71, 112.61, 112.63, 2205, 0.0
2021-05-25 10:50:00, 112.55, 112.56, 112.53, 112.56, 1020, 0.0
2021-05-25 10:55:00, 112.57, 112.635, 112.55, 112.635, 827, 0.0
2021-05-25 11:00:00, 112.66, 112.66, 112.645, 112.645, 683, 0.0
2021-05-25 11:05:00, 112.63, 112.63, 112.575, 112.59, 1513, 0.0
2021-05-25 11:10:00, 112.66, 112.78, 112.65, 112.78, 728, 0.0
2021-05-25 11:15:00, 112.76, 112.905, 112.76, 112.905, 1308, 0.0
2021-05-25 11:20:00, 112.925, 113.075, 112.925, 112.97, 4523, 0.0
2021-05-25 11:25:00, 112.935, 112.995, 112.895, 112.93, 2650, 0.0
2021-05-25 11:30:00, 112.945, 113, 112.845, 112.98, 7494, 0.0
2021-05-25 11:35:00, 112.895, 112.9, 112.875, 112.9, 1005, 0.0
2021-05-25 11:40:00, 112.98, 113.01, 112.98, 113.01, 816, 0.0
2021-05-25 11:45:00, 113.05, 113.08, 113.05, 113.06, 734, 0.0
2021-05-25 11:50:00, 113, 113.03, 113, 113.03, 203, 0.0
2021-05-25 11:55:00, 113.04, 113.04, 113.02, 113.03, 420, 0.0
2021-05-25 12:00:00, 112.98, 112.98, 112.79, 112.79, 2409, 0.0
2021-05-25 12:05:00, 112.77, 112.77, 112.72, 112.72, 380, 0.0
2021-05-25 12:10:00, 112.705, 112.75, 112.705, 112.74, 665, 0.0
2021-05-25 12:15:00, 112.86, 112.89, 112.86, 112.89, 603, 0.0
2021-05-25 12:20:00, 112.91, 112.91, 112.86, 112.87, 630, 0.0
2021-05-25 12:25:00, 112.89, 112.92, 112.86, 112.92, 800, 0.0
2021-05-25 12:30:00, 112.9, 112.9, 112.88, 112.88, 521, 0.0
2021-05-25 12:35:00, 112.86, 112.9, 112.84, 112.88, 812, 0.0
2021-05-25 12:40:00, 112.84, 112.84, 112.74, 112.8, 570, 0.0
2021-05-25 12:45:00, 112.81, 112.82, 112.81, 112.82, 321, 0.0
2021-05-25 12:50:00, 112.82, 112.82, 112.72, 112.72, 404, 0.0
2021-05-25 12:55:00, 112.74, 112.74, 112.74, 112.74, 118, 0.0
2021-05-25 13:00:00, 112.68, 112.68, 112.58, 112.58, 585, 0.0
2021-05-25 13:05:00, 112.62, 112.655, 112.62, 112.635, 2308, 0.0
2021-05-25 13:10:00, 112.68, 112.68, 112.68, 112.68, 205, 0.0
2021-05-25 13:15:00, 112.57, 112.57, 112.52, 112.52, 896, 0.0
2021-05-25 13:20:00, 112.495, 112.52, 112.495, 112.52, 221, 0.0
2021-05-25 13:25:00, 112.55, 112.55, 112.55, 112.55, 197, 0.0
2021-05-25 13:30:00, 112.5, 112.55, 112.5, 112.53, 626, 0.0
2021-05-25 13:35:00, 112.5, 112.56, 112.5, 112.56, 452, 0.0
2021-05-25 13:40:00, 112.59, 112.665, 112.59, 112.665, 605, 0.0
2021-05-25 13:45:00, 112.58, 112.58, 112.525, 112.525, 410, 0.0
2021-05-25 13:50:00, 112.53, 112.53, 112.47, 112.48, 539, 0.0
2021-05-25 13:55:00, 112.53, 112.635, 112.53, 112.57, 1333, 0.0
2021-05-25 14:00:00, 112.57, 112.57, 112.41, 112.42, 2644, 0.0
2021-05-25 14:05:00, 112.44, 112.49, 112.43, 112.48, 1014, 0.0
2021-05-25 14:10:00, 112.47, 112.6, 112.47, 112.6, 1244, 0.0
2021-05-25 14:15:00, 112.54, 112.61, 112.54, 112.61, 1767, 0.0
2021-05-25 14:20:00, 112.63, 112.7, 112.58, 112.68, 1923, 0.0
2021-05-25 14:25:00, 112.71, 112.71, 112.655, 112.67, 1303, 0.0
2021-05-25 14:30:00, 112.635, 112.635, 112.505, 112.52, 1639, 0.0
2021-05-25 14:35:00, 112.52, 112.62, 112.5, 112.62, 2083, 0.0
2021-05-25 14:40:00, 112.56, 112.56, 112.5, 112.515, 1754, 0.0
2021-05-25 14:45:00, 112.495, 112.55, 112.45, 112.465, 3673, 0.0
2021-05-25 14:50:00, 112.55, 112.55, 112.41, 112.52, 5318, 0.0
2021-05-25 14:55:00, 112.53, 112.66, 112.52, 112.63, 8421, 0.0
2021-05-26 08:30:00, 113.285, 113.54, 113.24, 113.24, 6905, 0.0
2021-05-26 08:35:00, 113.2, 113.55, 113.2, 113.3, 2482, 0.0
2021-05-26 08:40:00, 113.53, 113.58, 113.43, 113.58, 1526, 0.0
2021-05-26 08:45:00, 113.59, 113.62, 113.415, 113.47, 3466, 0.0
2021-05-26 08:50:00, 113.44, 113.6, 113.44, 113.46, 5650, 0.0
2021-05-26 08:55:00, 113.44, 113.46, 113.34, 113.415, 1455, 0.0
2021-05-26 09:00:00, 113.38, 113.38, 113.29, 113.32, 2303, 0.0
2021-05-26 09:05:00, 113.4, 113.44, 113.39, 113.41, 1155, 0.0
2021-05-26 09:10:00, 113.5, 113.535, 113.44, 113.49, 1978, 0.0
2021-05-26 09:15:00, 113.46, 113.53, 113.44, 113.505, 3146, 0.0
2021-05-26 09:20:00, 113.49, 113.535, 113.42, 113.53, 5181, 0.0
2021-05-26 09:25:00, 113.545, 113.545, 113.44, 113.44, 2321, 0.0
2021-05-26 09:30:00, 113.46, 113.48, 113.4, 113.4, 2318, 0.0
2021-05-26 09:35:00, 113.4, 113.42, 113.39, 113.42, 3159, 0.0
2021-05-26 09:40:00, 113.405, 113.43, 113.28, 113.31, 2703, 0.0
2021-05-26 09:45:00, 113.31, 113.35, 113.26, 113.26, 1534, 0.0
2021-05-26 09:50:00, 113.29, 113.38, 113.245, 113.38, 2125, 0.0
2021-05-26 09:55:00, 113.38, 113.44, 113.38, 113.4, 1177, 0.0
2021-05-26 10:00:00, 113.41, 113.455, 113.4, 113.455, 1469, 0.0
2021-05-26 10:05:00, 113.455, 113.54, 113.455, 113.54, 1928, 0.0
2021-05-26 10:10:00, 113.49, 113.49, 113.4, 113.4, 2388, 0.0
2021-05-26 10:15:00, 113.41, 113.415, 113.395, 113.415, 3574, 0.0
2021-05-26 10:20:00, 113.46, 113.52, 113.44, 113.49, 1619, 0.0
2021-05-26 10:25:00, 113.52, 113.57, 113.5, 113.57, 1672, 0.0
2021-05-26 10:30:00, 113.585, 113.59, 113.56, 113.59, 573, 0.0
2021-05-26 10:35:00, 113.58, 113.635, 113.58, 113.6, 2423, 0.0
2021-05-26 10:40:00, 113.585, 113.59, 113.55, 113.58, 1680, 0.0
