Date, Open, High, Low, Close, Volume, Open Interest
2020-05-27 23:00:00, 97.61, 97.92, 91.53, 91.68, 9685824, 0.0
2020-05-28 23:00:00, 91.21, 91.75, 88.1, 88.52, 4721336, 0.0
2020-05-31 23:00:00, 89.73, 95.64, 89.3, 95.01, 4814525, 0.0
2020-06-01 23:00:00, 97.23, 97.35, 94.01, 95.55, 10155767, 0.0
2020-06-02 23:00:00, 97.3, 100.555, 96.21, 99.9, 5789482, 0.0
2020-06-03 23:00:00, 100.14, 105.05, 98.0806, 104.83, 12949280, 0.0
2020-06-04 23:00:00, 114.38, 118.41, 106.77, 107.92, 18874882, 0.0
2020-06-07 23:00:00, 113.46, 114.46, 110.51, 113.12, 11118716, 0.0
2020-06-08 23:00:00, 109.7992, 110.5, 106.31, 107.37, 7391136, 0.0
2020-06-09 23:00:00, 106.03, 106.65, 100.05, 102.65, 5400006, 0.0
2020-06-10 23:00:00, 95.05, 96.5, 90.61, 91.43, 14461266, 0.0
2020-06-11 23:00:00, 97.61, 97.76, 92.76, 92.76, 1682866, 0.0
2020-06-14 23:00:00, 88, 92.33, 86.79, 90.79, 8739310, 0.0
2020-06-15 23:00:00, 96.34, 96.4, 90.7, 93.98, 5775034, 0.0
2020-06-16 23:00:00, 93.52, 94, 90.8023, 91.15, 3653866, 0.0
2020-06-17 23:00:00, 90.5, 94.18, 90.17, 92.75, 6782424, 0.0
2020-06-18 23:00:00, 93.905, 94.13, 88.66, 89.68, 7972043, 0.0
2020-06-21 23:00:00, 89.5, 91, 88.28, 90.16, 4037344, 0.0
2020-06-22 23:00:00, 91, 91.49, 88.83, 90.61, 5231862, 0.0
2020-06-23 23:00:00, 89.33, 89.52, 83.88, 85, 6127374, 0.0
2020-06-24 23:00:00, 83.59, 84.56, 82.12, 83.98, 5013837, 0.0
2020-06-25 23:00:00, 83.55, 83.95, 80.3994, 80.88, 5734171, 0.0
2020-06-28 23:00:00, 81.53, 86.61, 80.26, 86.6, 4853392, 0.0
2020-06-29 23:00:00, 85.41, 86.9199, 84, 85.73, 3750109, 0.0
2020-06-30 23:00:00, 86.67, 90.5, 86.33, 86.64, 5357443, 0.0
2020-07-01 23:00:00, 89.7, 90.23, 86.26, 87.82, 3565900, 0.0
2020-07-05 23:00:00, 89.6574, 90.34, 87.12, 89.8, 2855296, 0.0
2020-07-06 23:00:00, 88.63, 88.9795, 87.08, 87.48, 2488668, 0.0
2020-07-07 23:00:00, 87.29, 90.03, 86.49, 90.01, 3141365, 0.0
2020-07-08 23:00:00, 90.22, 90.28, 86, 86.21, 4947844, 0.0
2020-07-09 23:00:00, 85.86, 88.61, 85.5, 88.52, 2963932, 0.0
2020-07-12 23:00:00, 89.07, 90.54, 87.31, 87.53, 3694024, 0.0
2020-07-13 23:00:00, 87, 87.73, 86, 87.09, 2733124, 0.0
2020-07-14 23:00:00, 90.23, 94.75, 90.16, 94.01, 6425130, 0.0
2020-07-15 23:00:00, 92.13, 93.43, 90.7627, 93.235, 2193256, 0.0
2020-07-16 23:00:00, 93.03, 93.1, 90.1, 91.47, 2106829, 0.0
2020-07-19 23:00:00, 90.64, 91.63, 87.57, 88.47, 2848431, 0.0
2020-07-20 23:00:00, 89.67, 91.5, 88.5, 89.96, 2246059, 0.0
2020-07-21 23:00:00, 89.07, 90.96, 88.81, 90.78, 1556808, 0.0
2020-07-22 23:00:00, 89.91, 90.2, 87.98, 88.97, 1359168, 0.0
2020-07-23 23:00:00, 88.89, 88.89, 86.57, 87.52, 1940921, 0.0
2020-07-26 23:00:00, 86.11, 87.135, 85.2, 86.23, 2462933, 0.0
2020-07-27 23:00:00, 86.31, 87.88, 85.96, 86.59, 2020575, 0.0
2020-07-28 23:00:00, 87.08, 88.1779, 86, 87.15, 1522356, 0.0
2020-07-29 23:00:00, 85.46, 86.1074, 84.54, 85.51, 2275226, 0.0
2020-07-30 23:00:00, 84.53, 84.61, 82.06, 83.83, 3538472, 0.0
2020-08-02 23:00:00, 83.26, 83.965, 81.3, 83.48, 2178917, 0.0
2020-08-03 23:00:00, 83.42, 86.27, 82.62, 86.1, 2787640, 0.0
2020-08-04 23:00:00, 87.72, 87.9307, 85.88, 87.27, 1981006, 0.0
2020-08-05 23:00:00, 86.46, 91.2165, 85.951, 90.39, 3624337, 0.0
2020-08-06 23:00:00, 90.23, 94.05, 88.62, 93.74, 4578187, 0.0
2020-08-09 23:00:00, 94.08, 98.125, 93.42, 97.13, 4762508, 0.0
2020-08-10 23:00:00, 101.18, 101.62, 96.8701, 97, 5161842, 0.0
2020-08-11 23:00:00, 99.21, 99.65, 95.39, 95.98, 3612743, 0.0
2020-08-12 23:00:00, 95.93, 98.5, 95.54, 96.5, 1994635, 0.0
2020-08-13 23:00:00, 97.25, 97.67, 95.96, 96, 3111494, 0.0
2020-08-16 23:00:00, 97.22, 97.5, 95.1601, 95.74, 1875126, 0.0
2020-08-17 23:00:00, 95.52, 95.84, 93.43, 94.46, 1543152, 0.0
2020-08-18 23:00:00, 94.91, 95.8436, 93.67, 94.03, 1377309, 0.0
2020-08-19 23:00:00, 92.46, 95.63, 92.07, 94.06, 2056025, 0.0
2020-08-20 23:00:00, 93.81, 97.03, 93.5, 95.27, 1926777, 0.0
2020-08-23 23:00:00, 96.01, 98.57, 95, 97.87, 2606993, 0.0
2020-08-24 23:00:00, 98.825, 100.38, 97.52, 98.77, 2117635, 0.0
2020-08-25 23:00:00, 98.34, 98.57, 96.33, 97.36, 1968314, 0.0
2020-08-26 23:00:00, 99.2503, 103.3242, 99, 101.8, 3669216, 0.0
2020-08-27 23:00:00, 102.96, 106.61, 101.95, 106.26, 3430187, 0.0
2020-08-30 23:00:00, 105.25, 105.96, 102.84, 102.84, 2424667, 0.0
2020-08-31 23:00:00, 101.48, 104.58, 100.76, 103.12, 1773649, 0.0
2020-09-01 23:00:00, 103.28, 104.84, 102.4039, 104.35, 1674143, 0.0
2020-09-02 23:00:00, 104.99, 107.9, 102.21, 103.09, 2581550, 0.0
2020-09-03 23:00:00, 104.89, 107.04, 103.21, 104.82, 2560703, 0.0
2020-09-07 23:00:00, 103, 107.15, 102.37, 104.01, 2472838, 0.0
2020-09-08 23:00:00, 103.81, 103.94, 100.83, 101.99, 2267073, 0.0
2020-09-09 23:00:00, 103.69, 104.195, 100.11, 100.39, 1777775, 0.0
2020-09-10 23:00:00, 100.94, 101.11, 97.39, 99.25, 2411702, 0.0
2020-09-13 23:00:00, 100.88, 104.9, 100.55, 104.67, 2272022, 0.0
2020-09-14 23:00:00, 104.98, 106.36, 103.22, 105.39, 1725323, 0.0
2020-09-15 23:00:00, 106.11, 108.8899, 104.44, 107.78, 2714445, 0.0
2020-09-16 23:00:00, 105.77, 107.13, 103.7, 104.44, 2435445, 0.0
2020-09-17 23:00:00, 103.37, 103.94, 99.58, 99.76, 3982270, 0.0
2020-09-20 23:00:00, 95.96, 96.4, 91.4, 93.01, 4542511, 0.0
2020-09-21 23:00:00, 93.51, 95.53, 93, 95.5, 2706745, 0.0
2020-09-22 23:00:00, 96.35, 97.86, 92.615, 92.93, 2510036, 0.0
2020-09-23 23:00:00, 92.265, 93.58, 90.48, 91.27, 2821282, 0.0
2020-09-24 23:00:00, 90.33, 93.43, 90.27, 92.95, 2016714, 0.0
2020-09-27 23:00:00, 95.05, 97.39, 93.94, 96.04, 1973286, 0.0
2020-09-28 23:00:00, 96.19, 96.19, 92.81, 93.21, 1751270, 0.0
2020-09-29 23:00:00, 94.41, 96.02, 92.15, 92.58, 2276712, 0.0
2020-09-30 23:00:00, 93.22, 94.95, 92.51, 94.46, 1764007, 0.0
2020-10-01 23:00:00, 91.7, 95.62, 91.44, 95.24, 1714370, 0.0
2020-10-04 23:00:00, 95.78, 97.24, 95.13, 96.78, 1696707, 0.0
2020-10-05 23:00:00, 98.15, 100.33, 96.52, 96.99, 2505313, 0.0
2020-10-06 23:00:00, 98.24, 99.93, 98.01, 99, 1568054, 0.0
2020-10-07 23:00:00, 99.81, 100.44, 98.205, 100.31, 1509922, 0.0
2020-10-08 23:00:00, 101.29, 102.09, 99.26, 99.35, 1394965, 0.0
2020-10-11 23:00:00, 99.46, 101.11, 98.84, 100.68, 1978270, 0.0
2020-10-12 23:00:00, 99.23, 99.53, 96.91, 98.28, 2250557, 0.0
2020-10-13 23:00:00, 98.76, 99.2, 96.56, 97.01, 1908435, 0.0
2020-10-14 23:00:00, 96.29, 97.29, 94.77, 97.09, 1579742, 0.0
2020-10-15 23:00:00, 97.33, 98.99, 96.81, 97.79, 1479886, 0.0
2020-10-18 23:00:00, 98.515, 98.515, 93.64, 93.88, 1426269, 0.0
2020-10-19 23:00:00, 95.3, 97.09, 94.2, 96.06, 1294355, 0.0
2020-10-20 23:00:00, 95.53, 96.02, 94.31, 95.14, 1155378, 0.0
2020-10-21 23:00:00, 96.1, 101.21, 95.64, 100.8, 2356572, 0.0
2020-10-22 23:00:00, 101.71, 102.27, 100.18, 101.8, 1705120, 0.0
2020-10-25 23:00:00, 99.5, 99.51, 94.42, 96.07, 2055723, 0.0
2020-10-26 23:00:00, 96.47, 96.87, 93.35, 93.44, 1936406, 0.0
2020-10-27 23:00:00, 91.57, 92.52, 88.92, 89.97, 2401709, 0.0
2020-10-28 23:00:00, 89.99, 93.77, 89.01, 93.35, 2018806, 0.0
2020-10-29 23:00:00, 92.05, 94.03, 90.55, 92.88, 2218367, 0.0
2020-11-01 23:00:00, 93.0669, 93.39, 91.6, 92.87, 1877327, 0.0
2020-11-02 23:00:00, 94.26, 97.16, 93.89, 96.08, 2337283, 0.0
2020-11-03 23:00:00, 97.42, 100.56, 95.13, 98.04, 2655544, 0.0
2020-11-04 23:00:00, 98.73, 102.89, 98.13, 100.9, 3033813, 0.0
2020-11-05 23:00:00, 102, 104.65, 101.5, 103.9, 3700462, 0.0
2020-11-08 23:00:00, 123.05, 131.9, 113.6, 118.44, 11909296, 0.0
2020-11-09 23:00:00, 117.2, 119.8, 115.92, 118.62, 4441951, 0.0
2020-11-10 23:00:00, 117.54, 118.2, 115.07, 116.39, 3235482, 0.0
2020-11-11 23:00:00, 114.6, 116.31, 111.87, 115.38, 2675481, 0.0
2020-11-12 23:00:00, 116.31, 119.97, 115.65, 119.55, 1945282, 0.0
2020-11-15 23:00:00, 125.7, 125.7, 121.6501, 123.86, 4217893, 0.0
2020-11-16 23:00:00, 123.63, 123.66, 120.36, 122.87, 2748437, 0.0
2020-11-17 23:00:00, 122.26, 124.22, 120.22, 120.43, 2036244, 0.0
2020-11-18 23:00:00, 120.35, 121.71, 119.53, 121.06, 1799840, 0.0
2020-11-19 23:00:00, 120.6526, 121.9094, 119.21, 119.27, 4807642, 0.0
2020-11-22 23:00:00, 120.95, 123.42, 120.57, 123.03, 1941063, 0.0
2020-11-23 23:00:00, 126.29, 131.35, 125.3639, 130.92, 3884119, 0.0
2020-11-24 23:00:00, 129.87, 130.25, 127.76, 129.23, 1915239, 0.0
2020-11-26 23:00:00, 128, 130.74, 127.2, 128.35, 1082944, 0.0
2020-11-29 23:00:00, 127.92, 128.31, 124.88, 126.98, 1676231, 0.0
2020-11-30 23:00:00, 129.5, 129.67, 127.67, 128.52, 1663253, 0.0
2020-12-01 23:00:00, 128.11, 130.64, 127.68, 128.76, 1671668, 0.0
2020-12-02 23:00:00, 129.96, 134.67, 129.1, 132.38, 2352183, 0.0
2020-12-03 23:00:00, 133.6378, 135.84, 132.77, 135.64, 1751784, 0.0
2020-12-06 23:00:00, 134.88, 135.285, 132.16, 132.96, 1424258, 0.0
2020-12-07 23:00:00, 131.5, 134.17, 131.05, 132.43, 1339983, 0.0
2020-12-08 23:00:00, 133.93, 134.34, 129.32, 130.46, 2306793, 0.0
2020-12-09 23:00:00, 129.86, 132.41, 128.88, 131.77, 1529419, 0.0
2020-12-10 23:00:00, 130.66, 131.81, 127.6401, 128.52, 1847999, 0.0
2020-12-13 23:00:00, 131.29, 131.43, 126.43, 126.5, 1618833, 0.0
2020-12-14 23:00:00, 129.35, 130.49, 126.84, 130.32, 1552831, 0.0
2020-12-15 23:00:00, 130.6, 130.92, 128.7351, 130.56, 1209286, 0.0
2020-12-16 23:00:00, 130.78, 132.4, 128.67, 130.29, 1622772, 0.0
2020-12-17 23:00:00, 130.34, 130.91, 128.27, 128.81, 1384379, 0.0
2020-12-20 23:00:00, 125.79, 128.15, 123.7776, 127.32, 1826707, 0.0
2020-12-21 23:00:00, 126.54, 127.28, 124.44, 126.258, 1259543, 0.0
2020-12-22 23:00:00, 127.06, 129.08, 126.74, 128.67, 1580970, 0.0
2020-12-23 23:00:00, 128.62, 128.98, 127.5, 128.75, 546940, 0.0
2020-12-27 23:00:00, 130.246, 130.57, 128.12, 128.26, 1207169, 0.0
2020-12-28 23:00:00, 129.49, 131.33, 128.4, 129, 1429355, 0.0
2020-12-29 23:00:00, 129.21, 131.35, 128.5, 130.47, 1147664, 0.0
2020-12-30 23:00:00, 130.29, 132.52, 128.83, 131.87, 1340042, 0.0
2021-01-03 23:00:00, 131.51, 132.11, 123.36, 124.77, 3658564, 0.0
2021-01-04 23:00:00, 123.9331, 127.31, 123.58, 126.03, 1189053, 0.0
2021-01-05 23:00:00, 124.84, 130.73, 124.84, 129.35, 1941848, 0.0
2021-01-06 23:00:00, 129.26, 131.19, 129.14, 130.36, 1505667, 0.0
2021-01-07 23:00:00, 131.2, 132.19, 128.9846, 129.69, 1290228, 0.0
2021-01-10 23:00:00, 127.75, 129.245, 127.07, 128.61, 1356498, 0.0
2021-01-11 23:00:00, 127.89, 128.6, 126.0999, 127.38, 2501132, 0.0
2021-01-12 23:00:00, 126.81, 127.32, 124.39, 126.48, 2151167, 0.0
2021-01-13 23:00:00, 128.35, 130.63, 127.26, 128.89, 1736381, 0.0
2021-01-14 23:00:00, 128.23, 128.38, 125.74, 126.78, 1389385, 0.0
2021-01-18 23:00:00, 127.3271, 128.23, 125.46, 126.83, 1401484, 0.0
2021-01-19 23:00:00, 126.03, 127.64, 125.03, 126.72, 1704552, 0.0
2021-01-20 23:00:00, 126.01, 127.69, 124.52, 126.62, 1272359, 0.0
2021-01-21 23:00:00, 125.27, 126.2655, 122.775, 122.89, 1914753, 0.0
2021-01-24 23:00:00, 122.39, 122.59, 116.9001, 119.65, 3955606, 0.0
2021-01-25 23:00:00, 120.38, 121.44, 119.3, 120.5, 1818894, 0.0
2021-01-26 23:00:00, 118.69, 120.39, 115.95, 117.48, 2367682, 0.0
2021-01-27 23:00:00, 120.01, 123.47, 120.01, 120.7, 2356123, 0.0
2021-01-28 23:00:00, 119.75, 119.97, 115.895, 116.31, 3282394, 0.0
2021-01-31 23:00:00, 117.95, 119.77, 117.075, 117.74, 1931352, 0.0
2021-02-01 23:00:00, 119.47, 122.56, 118.99, 122.1, 2341010, 0.0
2021-02-02 23:00:00, 122, 124.77, 121.85, 123.35, 1978724, 0.0
2021-02-03 23:00:00, 124.01, 125.85, 123.31, 125.47, 1675483, 0.0
2021-02-04 23:00:00, 126.99, 129.52, 126.98, 129.5, 2148813, 0.0
2021-02-07 23:00:00, 130.15, 130.82, 126.7, 129.15, 1778412, 0.0
2021-02-08 23:00:00, 129.29, 129.29, 126.1, 127.01, 1242619, 0.0
2021-02-09 23:00:00, 127.07, 128.93, 126.16, 126.75, 1489834, 0.0
2021-02-10 23:00:00, 127.56, 128.74, 125.03, 126.58, 1643784, 0.0
2021-02-11 23:00:00, 125.74, 129.79, 125.5601, 129.48, 1501759, 0.0
2021-02-15 23:00:00, 130.01, 131.09, 128.58, 130.4, 1730838, 0.0
2021-02-16 23:00:00, 128.4, 133.26, 127.53, 131.34, 2609059, 0.0
2021-02-17 23:00:00, 128.26, 132.77, 127.54, 131.92, 2312908, 0.0
2021-02-18 23:00:00, 131.28, 137.58, 131.28, 136.34, 2541988, 0.0
2021-02-21 23:00:00, 139.2, 145.43, 138.67, 142.56, 4513412, 0.0
2021-02-22 23:00:00, 145, 149.67, 142.15, 149.59, 5353869, 0.0
2021-02-23 23:00:00, 149.5, 157.6, 149.39, 157.51, 5626450, 0.0
2021-02-24 23:00:00, 156.26, 159.98, 148.8, 150.13, 4890831, 0.0
2021-02-25 23:00:00, 150.28, 152.23, 145.8, 148.08, 3543200, 0.0
2021-02-28 23:00:00, 151.03, 151.03, 147.97, 148.46, 2052409, 0.0
2021-03-01 23:00:00, 147.14, 149.78, 145.87, 148.9, 2635336, 0.0
2021-03-02 23:00:00, 149.51, 150.33, 146.28, 146.32, 2035435, 0.0
2021-03-03 23:00:00, 147.23, 147.62, 139.6, 144.84, 3799819, 0.0
2021-03-04 23:00:00, 146.656, 147.39, 138.97, 146.92, 2761347, 0.0
2021-03-07 23:00:00, 149.575, 153.05, 146.32, 150.42, 2828508, 0.0
2021-03-08 23:00:00, 151.235, 151.41, 146.66, 147, 2276801, 0.0
2021-03-09 23:00:00, 147.4, 150.81, 146.83, 147.12, 1933437, 0.0
2021-03-10 23:00:00, 147.14, 150.64, 145.76, 148.87, 2055513, 0.0
2021-03-11 23:00:00, 149.35, 151.91, 148.1225, 150.19, 1375156, 0.0
2021-03-14 23:00:00, 152.49, 154.0472, 150.25, 153.56, 1803533, 0.0
2021-03-15 23:00:00, 153.56, 154.15, 149.54, 150.63, 1528690, 0.0
2021-03-16 23:00:00, 149.85, 156.15, 149.77, 156, 2355165, 0.0
2021-03-17 23:00:00, 154.57, 157.64, 152.1, 154.29, 2512212, 0.0
2021-03-18 23:00:00, 152.59, 153.44, 149.04, 152.29, 2324709, 0.0
2021-03-21 23:00:00, 150.55, 152.25, 149.38, 151.51, 1905833, 0.0
2021-03-22 23:00:00, 150, 149.7, 141.4, 142.45, 3582586, 0.0
2021-03-23 23:00:00, 144.2, 147.65, 143.19, 143.21, 2291569, 0.0
2021-03-24 23:00:00, 141.84, 146.96, 139.4119, 146.52, 1916678, 0.0
2021-03-25 23:00:00, 147.35, 147.54, 142.8113, 146.82, 2320778, 0.0
2021-03-28 23:00:00, 146, 146.8, 143.15, 144.6, 2215005, 0.0
2021-03-29 23:00:00, 144.79, 149.68, 144.53, 148.31, 2286069, 0.0
2021-03-30 23:00:00, 148.91, 150.34, 147.03, 147.95, 1878858, 0.0
2021-03-31 23:00:00, 148.27, 149.33, 146.57, 148.2, 1778372, 0.0
2021-04-04 23:00:00, 150.5, 153.23, 150.24, 150.97, 2051258, 0.0
2021-04-05 23:00:00, 150.99, 152.77, 150.73, 151.68, 1559423, 0.0
2021-04-06 23:00:00, 152.25, 152.41, 148.07, 148.79, 1412658, 0.0
2021-04-07 23:00:00, 148.5, 149.94, 146.79, 149.44, 1270995, 0.0
2021-04-08 23:00:00, 148.27, 148.995, 146.07, 148.48, 1272781, 0.0
2021-04-11 23:00:00, 148.47, 149.45, 146.9, 149.35, 1054715, 0.0
2021-04-12 23:00:00, 148.11, 149.16, 145.99, 148.81, 1395455, 0.0
2021-04-13 23:00:00, 149.09, 151.94, 148.7, 149.64, 1340853, 0.0
2021-04-14 23:00:00, 149.8, 150.6186, 148.46, 149.08, 1198373, 0.0
2021-04-15 23:00:00, 150.12, 151.32, 147.7, 148.62, 1975222, 0.0
2021-04-18 23:00:00, 147.93, 148.93, 146.85, 147.9, 988749, 0.0
2021-04-19 23:00:00, 146.57, 146.58, 140.05, 141.94, 2552900, 0.0
2021-04-20 23:00:00, 142.13, 145.4, 140.87, 144.82, 2150615, 0.0
2021-04-21 23:00:00, 144.67, 149.27, 143.325, 146.66, 2018945, 0.0
2021-04-22 23:00:00, 147.04, 148.715, 145.8, 148.36, 929354, 0.0
2021-04-25 23:00:00, 149.35, 150.74, 147.76, 148.51, 1015869, 0.0
2021-04-26 23:00:00, 148.95, 150.35, 148.19, 149.79, 1238992, 0.0
2021-04-27 23:00:00, 149.33, 150.25, 148.58, 149.43, 940648, 0.0
2021-04-28 23:00:00, 151.31, 152.99, 148.75, 151.03, 1181642, 0.0
2021-04-29 23:00:00, 149.15, 150.02, 146.5447, 148.54, 1414831, 0.0
2021-05-02 23:00:00, 149.34, 150.16, 148.3254, 148.85, 1252437, 0.0
2021-05-03 23:00:00, 148.27, 148.27, 144.33, 147.61, 1488740, 0.0
2021-05-04 23:00:00, 148.02, 148.92, 144.18, 144.49, 1591214, 0.0
2021-05-05 23:00:00, 144.46, 144.58, 140.58, 142.575, 1809845, 0.0
2021-05-06 23:00:00, 143, 146.89, 142.5, 146.6, 2209312, 0.0
2021-05-09 23:00:00, 144.8736, 145.395, 140.6, 140.67, 3786425, 0.0
2021-05-10 23:00:00, 139.24, 141.94, 138.38, 141.7, 2801574, 0.0
2021-05-11 23:00:00, 140.48, 141.31, 135.35, 135.99, 2425422, 0.0
2021-05-12 23:00:00, 136.73, 140.39, 136.56, 139.26, 2081859, 0.0
2021-05-13 23:00:00, 140.42, 143.8, 139.08, 143.31, 1961486, 0.0
2021-05-16 23:00:00, 142.86, 143.26, 138.24, 139.86, 1418754, 0.0
2021-05-17 23:00:00, 140.87, 142.99, 139.76, 139.83, 1278314, 0.0
2021-05-18 23:00:00, 137.86, 139.5, 136.34, 139.44, 1409024, 0.0
2021-05-19 23:00:00, 139.85, 139.96, 137.59, 138.98, 1871747, 0.0
2021-05-20 23:00:00, 139.71, 140.74, 138.57, 139.01, 1387134, 0.0
2021-05-23 23:00:00, 139.94, 142.21, 139.11, 141.89, 1170726, 0.0
2021-05-24 23:00:00, 142.45, 144.24, 141.98, 142.79, 1445080, 0.0
2021-05-25 23:00:00, 143.9, 145.27, 142.88, 144.7397, 455914, 0.0
