Date, Open, High, Low, Close, Volume, Open Interest
2021-05-21 12:18:00, 101.01, 101.01, 101, 101, 432, 0.0
2021-05-21 12:19:00, 101.01, 101.03, 100.95, 101.03, 600, 0.0
2021-05-21 12:20:00, 101.12, 101.36, 101.12, 101.32, 926, 0.0
2021-05-21 12:21:00, 101.16, 101.27, 101.16, 101.26, 689, 0.0
2021-05-21 12:22:00, 101.26, 101.27, 101.23, 101.27, 600, 0.0
2021-05-21 12:23:00, 101.3, 101.33, 101.3, 101.32, 600, 0.0
2021-05-21 12:25:00, 101.16, 101.16, 101.16, 101.16, 100, 0.0
2021-05-21 12:26:00, 101.31, 101.31, 101.27, 101.27, 1155, 0.0
2021-05-21 12:27:00, 101.41, 101.41, 101.37, 101.37, 300, 0.0
2021-05-21 12:28:00, 101.3, 101.3, 101.3, 101.3, 154, 0.0
2021-05-21 12:30:00, 101.37, 101.44, 101.36, 101.44, 600, 0.0
2021-05-21 12:31:00, 101.42, 101.56, 101.42, 101.5, 726, 0.0
2021-05-21 12:33:00, 101.53, 101.53, 101.51, 101.51, 400, 0.0
2021-05-21 12:34:00, 101.465, 101.55, 101.465, 101.495, 1000, 0.0
2021-05-21 12:35:00, 101.54, 101.54, 101.34, 101.38, 1351, 0.0
2021-05-21 12:36:00, 101.42, 101.42, 101.32, 101.385, 978, 0.0
2021-05-21 12:37:00, 101.39, 101.41, 101.35, 101.4, 1000, 0.0
2021-05-21 12:38:00, 101.27, 101.35, 101.27, 101.31, 523, 0.0
2021-05-21 12:39:00, 101.3, 101.3, 101.285, 101.285, 200, 0.0
2021-05-21 12:40:00, 101.27, 101.39, 101.27, 101.39, 200, 0.0
2021-05-21 12:41:00, 101.36, 101.43, 101.36, 101.43, 200, 0.0
2021-05-21 12:42:00, 101.43, 101.43, 101.39, 101.39, 300, 0.0
2021-05-21 12:43:00, 101.44, 101.44, 101.44, 101.44, 101, 0.0
2021-05-21 12:45:00, 101.39, 101.4, 101.35, 101.38, 1324, 0.0
2021-05-21 12:47:00, 101.49, 101.5, 101.49, 101.5, 311, 0.0
2021-05-21 12:48:00, 101.5, 101.5, 101.5, 101.5, 100, 0.0
2021-05-21 12:50:00, 101.51, 101.51, 101.5, 101.5, 680, 0.0
2021-05-21 12:51:00, 101.52, 101.52, 101.52, 101.52, 268, 0.0
2021-05-21 12:52:00, 101.44, 101.44, 101.41, 101.41, 345, 0.0
2021-05-21 12:54:00, 101.49, 101.49, 101.48, 101.48, 200, 0.0
2021-05-21 12:55:00, 101.47, 101.47, 101.43, 101.43, 300, 0.0
2021-05-21 12:57:00, 101.45, 101.45, 101.41, 101.43, 872, 0.0
2021-05-21 12:59:00, 101.43, 101.43, 101.43, 101.43, 200, 0.0
2021-05-21 13:00:00, 101.55, 101.55, 101.55, 101.55, 172, 0.0
2021-05-21 13:01:00, 101.54, 101.54, 101.54, 101.54, 261, 0.0
2021-05-21 13:02:00, 101.55, 101.74, 101.55, 101.74, 1024, 0.0
2021-05-21 13:03:00, 101.72, 101.77, 101.64, 101.64, 900, 0.0
2021-05-21 13:04:00, 101.53, 101.53, 101.45, 101.53, 800, 0.0
2021-05-21 13:06:00, 101.48, 101.48, 101.45, 101.45, 500, 0.0
2021-05-21 13:07:00, 101.49, 101.54, 101.48, 101.54, 697, 0.0
2021-05-21 13:08:00, 101.63, 101.66, 101.63, 101.66, 500, 0.0
2021-05-21 13:09:00, 101.56, 101.56, 101.56, 101.56, 565, 0.0
2021-05-21 13:10:00, 101.58, 101.58, 101.58, 101.58, 200, 0.0
2021-05-21 13:11:00, 101.59, 101.59, 101.59, 101.59, 100, 0.0
2021-05-21 13:12:00, 101.61, 101.65, 101.61, 101.65, 1054, 0.0
2021-05-21 13:14:00, 101.67, 101.67, 101.645, 101.645, 800, 0.0
2021-05-21 13:17:00, 101.59, 101.59, 101.59, 101.59, 232, 0.0
2021-05-21 13:18:00, 101.57, 101.57, 101.555, 101.555, 415, 0.0
2021-05-21 13:19:00, 101.57, 101.57, 101.57, 101.57, 100, 0.0
2021-05-21 13:20:00, 101.55, 101.55, 101.53, 101.53, 200, 0.0
2021-05-21 13:21:00, 101.51, 101.51, 101.51, 101.51, 190, 0.0
2021-05-21 13:22:00, 101.56, 101.57, 101.55, 101.55, 417, 0.0
2021-05-21 13:23:00, 101.63, 101.63, 101.55, 101.55, 301, 0.0
2021-05-21 13:25:00, 101.57, 101.64, 101.57, 101.64, 300, 0.0
2021-05-21 13:27:00, 101.66, 101.66, 101.49, 101.49, 543, 0.0
2021-05-21 13:28:00, 101.45, 101.45, 101.37, 101.43, 1194, 0.0
2021-05-21 13:30:00, 101.49, 101.49, 101.49, 101.49, 217, 0.0
2021-05-21 13:31:00, 101.465, 101.465, 101.42, 101.42, 403, 0.0
2021-05-21 13:32:00, 101.58, 101.62, 101.58, 101.62, 211, 0.0
2021-05-21 13:33:00, 101.5, 101.5, 101.49, 101.49, 240, 0.0
2021-05-21 13:34:00, 101.455, 101.455, 101.455, 101.455, 115, 0.0
2021-05-21 13:36:00, 101.43, 101.43, 101.43, 101.43, 100, 0.0
2021-05-21 13:37:00, 101.535, 101.535, 101.535, 101.535, 310, 0.0
2021-05-21 13:38:00, 101.52, 101.52, 101.49, 101.49, 816, 0.0
2021-05-21 13:39:00, 101.36, 101.475, 101.36, 101.475, 361, 0.0
2021-05-21 13:41:00, 101.58, 101.66, 101.58, 101.66, 576, 0.0
2021-05-21 13:43:00, 101.61, 101.64, 101.6, 101.64, 500, 0.0
2021-05-21 13:44:00, 101.64, 101.67, 101.63, 101.63, 659, 0.0
2021-05-21 13:45:00, 101.54, 101.57, 101.54, 101.57, 540, 0.0
2021-05-21 13:46:00, 101.59, 101.6, 101.59, 101.6, 336, 0.0
2021-05-21 13:47:00, 101.47, 101.49, 101.47, 101.49, 509, 0.0
2021-05-21 13:48:00, 101.41, 101.505, 101.41, 101.5, 912, 0.0
2021-05-21 13:50:00, 101.47, 101.47, 101.47, 101.47, 318, 0.0
2021-05-21 13:51:00, 101.42, 101.43, 101.42, 101.43, 214, 0.0
2021-05-21 13:52:00, 101.45, 101.45, 101.45, 101.45, 100, 0.0
2021-05-21 13:53:00, 101.4, 101.4, 101.4, 101.4, 100, 0.0
2021-05-21 13:54:00, 101.41, 101.51, 101.41, 101.45, 605, 0.0
2021-05-21 13:55:00, 101.49, 101.49, 101.41, 101.41, 397, 0.0
2021-05-21 13:57:00, 101.55, 101.56, 101.55, 101.56, 352, 0.0
2021-05-21 13:58:00, 101.48, 101.51, 101.48, 101.49, 706, 0.0
2021-05-21 13:59:00, 101.505, 101.505, 101.505, 101.505, 259, 0.0
2021-05-21 14:00:00, 101.505, 101.505, 101.505, 101.505, 100, 0.0
2021-05-21 14:02:00, 101.6, 101.63, 101.595, 101.63, 501, 0.0
2021-05-21 14:03:00, 101.61, 101.69, 101.61, 101.65, 1803, 0.0
2021-05-21 14:04:00, 101.69, 101.7, 101.64, 101.67, 1701, 0.0
2021-05-21 14:05:00, 101.675, 101.72, 101.675, 101.72, 716, 0.0
2021-05-21 14:06:00, 101.64, 101.64, 101.64, 101.64, 678, 0.0
2021-05-21 14:07:00, 101.72, 101.85, 101.72, 101.85, 1127, 0.0
2021-05-21 14:08:00, 101.8, 101.8, 101.79, 101.79, 251, 0.0
2021-05-21 14:09:00, 101.73, 101.77, 101.73, 101.75, 696, 0.0
2021-05-21 14:10:00, 101.67, 101.73, 101.67, 101.69, 1109, 0.0
2021-05-21 14:11:00, 101.76, 101.9, 101.76, 101.9, 837, 0.0
2021-05-21 14:12:00, 101.91, 101.91, 101.86, 101.86, 563, 0.0
2021-05-21 14:13:00, 101.82, 101.82, 101.74, 101.74, 800, 0.0
2021-05-21 14:14:00, 101.76, 101.815, 101.76, 101.815, 700, 0.0
2021-05-21 14:15:00, 101.78, 101.815, 101.76, 101.8, 1000, 0.0
2021-05-21 14:16:00, 101.795, 101.85, 101.795, 101.84, 648, 0.0
2021-05-21 14:17:00, 101.86, 101.86, 101.86, 101.86, 102, 0.0
2021-05-21 14:18:00, 101.89, 101.91, 101.89, 101.91, 688, 0.0
2021-05-21 14:19:00, 101.94, 102.04, 101.94, 101.98, 1611, 0.0
2021-05-21 14:20:00, 102.01, 102.15, 101.99, 102.12, 910, 0.0
2021-05-21 14:21:00, 102.11, 102.11, 102.03, 102.06, 693, 0.0
2021-05-21 14:22:00, 102.06, 102.07, 102.06, 102.07, 400, 0.0
2021-05-21 14:23:00, 102.12, 102.12, 102.12, 102.12, 177, 0.0
2021-05-21 14:24:00, 102.07, 102.07, 102.04, 102.04, 328, 0.0
2021-05-21 14:25:00, 102.04, 102.09, 101.98, 102.09, 980, 0.0
2021-05-21 14:26:00, 102.06, 102.06, 102.04, 102.06, 354, 0.0
2021-05-21 14:27:00, 102.05, 102.05, 101.96, 101.96, 927, 0.0
2021-05-21 14:28:00, 102, 102.23, 102, 102.23, 5017, 0.0
2021-05-21 14:29:00, 102.19, 102.19, 102.14, 102.15, 1401, 0.0
2021-05-21 14:30:00, 102.2, 102.2, 102.13, 102.13, 402, 0.0
2021-05-21 14:31:00, 102.05, 102.09, 102.02, 102.09, 628, 0.0
2021-05-21 14:32:00, 102.04, 102.04, 101.86, 101.86, 1511, 0.0
2021-05-21 14:33:00, 101.8, 101.84, 101.72, 101.72, 1329, 0.0
2021-05-21 14:34:00, 101.65, 101.66, 101.63, 101.63, 766, 0.0
2021-05-21 14:35:00, 101.69, 101.69, 101.63, 101.63, 983, 0.0
2021-05-21 14:36:00, 101.64, 101.66, 101.6, 101.62, 1089, 0.0
2021-05-21 14:37:00, 101.58, 101.58, 101.58, 101.58, 427, 0.0
2021-05-21 14:38:00, 101.62, 101.62, 101.61, 101.61, 310, 0.0
2021-05-21 14:39:00, 101.66, 101.81, 101.66, 101.76, 937, 0.0
2021-05-21 14:40:00, 101.68, 101.685, 101.68, 101.685, 216, 0.0
2021-05-21 14:41:00, 101.685, 101.75, 101.68, 101.68, 1023, 0.0
2021-05-21 14:42:00, 101.69, 101.7, 101.67, 101.67, 718, 0.0
2021-05-21 14:43:00, 101.69, 101.73, 101.69, 101.72, 583, 0.0
2021-05-21 14:44:00, 101.69, 101.7, 101.63, 101.63, 1291, 0.0
2021-05-21 14:45:00, 101.61, 101.61, 101.52, 101.52, 1238, 0.0
2021-05-21 14:46:00, 101.43, 101.43, 101.36, 101.36, 717, 0.0
2021-05-21 14:47:00, 101.35, 101.35, 101.31, 101.31, 721, 0.0
2021-05-21 14:48:00, 101.25, 101.29, 101.25, 101.25, 518, 0.0
2021-05-21 14:49:00, 101.35, 101.38, 101.33, 101.35, 708, 0.0
2021-05-21 14:50:00, 101.34, 101.36, 101.27, 101.27, 823, 0.0
2021-05-21 14:51:00, 101.33, 101.33, 101.255, 101.255, 1103, 0.0
2021-05-21 14:52:00, 101.32, 101.51, 101.32, 101.43, 2409, 0.0
2021-05-21 14:53:00, 101.43, 101.5, 101.43, 101.44, 1333, 0.0
2021-05-21 14:54:00, 101.43, 101.43, 101.23, 101.23, 2583, 0.0
2021-05-21 14:55:00, 101.14, 101.14, 101.05, 101.055, 2820, 0.0
2021-05-21 14:56:00, 101.04, 101.06, 100.99, 100.99, 1781, 0.0
2021-05-21 14:57:00, 100.97, 101.07, 100.97, 101.055, 2606, 0.0
2021-05-21 14:58:00, 101.07, 101.09, 100.99, 100.99, 1987, 0.0
2021-05-21 14:59:00, 101.03, 101.03, 100.9, 100.91, 2426, 0.0
2021-05-24 08:30:00, 101.2, 101.245, 101.2, 101.245, 514, 0.0
2021-05-24 08:31:00, 101.1, 101.14, 100.91, 100.98, 1445, 0.0
2021-05-24 08:32:00, 100.95, 100.95, 100.76, 100.76, 383, 0.0
2021-05-24 08:33:00, 100.66, 100.88, 100.66, 100.72, 435, 0.0
2021-05-24 08:34:00, 100.85, 100.85, 100.7, 100.7, 725, 0.0
2021-05-24 08:35:00, 100.55, 100.74, 100.47, 100.52, 3028, 0.0
2021-05-24 08:36:00, 100.61, 101.17, 100.61, 101.17, 1454, 0.0
2021-05-24 08:37:00, 101.375, 101.41, 101.2, 101.28, 1037, 0.0
2021-05-24 08:38:00, 101.3, 101.36, 101.28, 101.28, 847, 0.0
2021-05-24 08:39:00, 101.21, 101.31, 101.21, 101.31, 700, 0.0
2021-05-24 08:40:00, 101.3, 101.535, 101.3, 101.42, 1952, 0.0
2021-05-24 08:41:00, 101.48, 101.48, 101.36, 101.41, 1052, 0.0
2021-05-24 08:42:00, 101.22, 101.39, 101.22, 101.39, 766, 0.0
2021-05-24 08:43:00, 101.34, 101.395, 101.25, 101.25, 331, 0.0
2021-05-24 08:44:00, 101.43, 101.53, 101.43, 101.53, 432, 0.0
2021-05-24 08:45:00, 101.68, 101.72, 101.65, 101.7, 893, 0.0
2021-05-24 08:46:00, 101.68, 101.7, 101.56, 101.56, 910, 0.0
2021-05-24 08:47:00, 101.55, 101.75, 101.55, 101.68, 932, 0.0
2021-05-24 08:48:00, 101.73, 101.73, 101.61, 101.61, 609, 0.0
2021-05-24 08:49:00, 101.645, 101.645, 101.46, 101.46, 1639, 0.0
2021-05-24 08:50:00, 101.6, 101.6, 101.53, 101.6, 1050, 0.0
2021-05-24 08:51:00, 101.7, 101.75, 101.65, 101.65, 782, 0.0
2021-05-24 08:52:00, 101.54, 101.54, 101.38, 101.38, 856, 0.0
2021-05-24 08:53:00, 101.47, 101.475, 101.17, 101.17, 850, 0.0
2021-05-24 08:54:00, 100.95, 100.95, 100.66, 100.66, 1054, 0.0
2021-05-24 08:55:00, 100.62, 100.65, 100.38, 100.65, 1833, 0.0
2021-05-24 08:56:00, 100.58, 100.58, 100.46, 100.51, 777, 0.0
2021-05-24 08:57:00, 100.29, 100.29, 99.97, 100.1, 717, 0.0
2021-05-24 08:58:00, 100.14, 100.14, 99.93, 99.93, 1232, 0.0
2021-05-24 08:59:00, 100.04, 100.04, 99.79, 99.79, 2116, 0.0
2021-05-24 09:00:00, 100, 100.08, 99.98, 100.04, 1930, 0.0
2021-05-24 09:01:00, 100.095, 100.17, 100, 100.17, 1395, 0.0
2021-05-24 09:02:00, 99.96, 100, 99.78, 99.85, 1090, 0.0
2021-05-24 09:03:00, 99.68, 99.68, 99.38, 99.38, 1321, 0.0
2021-05-24 09:04:00, 99.15, 99.15, 98.85, 98.99, 3434, 0.0
2021-05-24 09:05:00, 98.96, 99.115, 98.96, 99.1, 716, 0.0
2021-05-24 09:06:00, 98.99, 99.03, 98.58, 98.59, 2663, 0.0
2021-05-24 09:07:00, 98.51, 98.6, 98.25, 98.6, 2986, 0.0
2021-05-24 09:08:00, 98.52, 98.71, 98.52, 98.7, 1296, 0.0
2021-05-24 09:09:00, 98.74, 98.745, 98.56, 98.56, 771, 0.0
2021-05-24 09:10:00, 98.86, 98.94, 98.86, 98.91, 587, 0.0
2021-05-24 09:11:00, 99.04, 99.14, 98.95, 99.01, 974, 0.0
2021-05-24 09:12:00, 98.98, 99, 98.89, 98.97, 3336, 0.0
2021-05-24 09:13:00, 98.99, 99.15, 98.8, 98.81, 1667, 0.0
2021-05-24 09:14:00, 98.87, 98.89, 98.84, 98.84, 636, 0.0
2021-05-24 09:16:00, 98.91, 98.94, 98.72, 98.94, 1261, 0.0
2021-05-24 09:17:00, 98.815, 99.01, 98.815, 98.86, 1216, 0.0
2021-05-24 09:18:00, 98.81, 98.81, 98.55, 98.55, 1303, 0.0
2021-05-24 09:19:00, 98.62, 98.62, 98.42, 98.55, 819, 0.0
2021-05-24 09:20:00, 98.6, 98.86, 98.6, 98.73, 1060, 0.0
2021-05-24 09:21:00, 98.675, 98.76, 98.67, 98.67, 1042, 0.0
2021-05-24 09:22:00, 98.65, 98.65, 98.35, 98.39, 1566, 0.0
2021-05-24 09:23:00, 98.39, 98.53, 98.37, 98.38, 2308, 0.0
2021-05-24 09:24:00, 98.435, 98.65, 98.435, 98.63, 1232, 0.0
2021-05-24 09:25:00, 98.67, 98.87, 98.61, 98.85, 1430, 0.0
2021-05-24 09:26:00, 99.01, 99.11, 98.97, 99.11, 996, 0.0
2021-05-24 09:27:00, 99.02, 99.02, 98.78, 98.78, 715, 0.0
2021-05-24 09:28:00, 98.77, 99.15, 98.77, 99.14, 2352, 0.0
2021-05-24 09:29:00, 98.98, 99.315, 98.98, 99.315, 810, 0.0
2021-05-24 09:30:00, 99.26, 99.42, 99.24, 99.335, 1171, 0.0
2021-05-24 09:31:00, 99.33, 99.38, 99.06, 99.08, 430, 0.0
2021-05-24 09:32:00, 99.16, 99.27, 99.16, 99.27, 1033, 0.0
2021-05-24 09:33:00, 99.225, 99.315, 99.225, 99.315, 1690, 0.0
2021-05-24 09:34:00, 99.58, 99.735, 99.58, 99.735, 1296, 0.0
2021-05-24 09:35:00, 99.35, 99.56, 99.32, 99.56, 1083, 0.0
2021-05-24 09:36:00, 99.32, 99.32, 99.16, 99.23, 1000, 0.0
2021-05-24 09:37:00, 99.22, 99.22, 99.21, 99.21, 306, 0.0
2021-05-24 09:38:00, 99.25, 99.33, 99.25, 99.33, 965, 0.0
2021-05-24 09:39:00, 99.45, 99.45, 99.425, 99.425, 507, 0.0
2021-05-24 09:40:00, 99.38, 99.48, 99.34, 99.34, 1103, 0.0
2021-05-24 09:41:00, 99.22, 99.22, 99.22, 99.22, 250, 0.0
2021-05-24 09:42:00, 99.2, 99.2, 98.84, 98.93, 856, 0.0
2021-05-24 09:43:00, 98.84, 98.84, 98.64, 98.64, 417, 0.0
2021-05-24 09:44:00, 98.76, 98.76, 98.615, 98.62, 793, 0.0
2021-05-24 09:45:00, 98.65, 98.7, 98.65, 98.7, 468, 0.0
2021-05-24 09:46:00, 98.73, 98.73, 98.55, 98.55, 638, 0.0
2021-05-24 09:47:00, 98.58, 98.63, 98.58, 98.58, 315, 0.0
2021-05-24 09:48:00, 98.66, 98.66, 98.38, 98.38, 895, 0.0
2021-05-24 09:49:00, 98.43, 98.43, 98.31, 98.31, 823, 0.0
2021-05-24 09:50:00, 98.17, 98.28, 98.17, 98.25, 912, 0.0
2021-05-24 09:51:00, 98.27, 98.27, 98.27, 98.27, 232, 0.0
2021-05-24 09:52:00, 98.35, 98.45, 98.35, 98.45, 756, 0.0
2021-05-24 09:56:00, 98.64, 98.81, 98.64, 98.81, 221, 0.0
2021-05-24 09:57:00, 98.81, 98.81, 98.65, 98.65, 237, 0.0
2021-05-24 09:58:00, 98.665, 98.68, 98.665, 98.68, 270, 0.0
2021-05-24 09:59:00, 98.59, 98.855, 98.59, 98.85, 1314, 0.0
2021-05-24 10:00:00, 98.89, 98.89, 98.88, 98.89, 381, 0.0
2021-05-24 10:01:00, 98.88, 98.88, 98.88, 98.88, 156, 0.0
2021-05-24 10:02:00, 98.83, 98.83, 98.74, 98.74, 421, 0.0
2021-05-24 10:03:00, 98.84, 98.84, 98.825, 98.83, 410, 0.0
2021-05-24 10:04:00, 98.835, 98.89, 98.835, 98.89, 820, 0.0
2021-05-24 10:05:00, 98.85, 98.85, 98.85, 98.85, 315, 0.0
2021-05-24 10:06:00, 98.875, 98.95, 98.875, 98.95, 589, 0.0
2021-05-24 10:07:00, 98.95, 98.96, 98.92, 98.92, 300, 0.0
2021-05-24 10:08:00, 99.06, 99.06, 99.05, 99.05, 353, 0.0
2021-05-24 10:09:00, 98.98, 98.98, 98.97, 98.97, 444, 0.0
2021-05-24 10:10:00, 98.99, 99.01, 98.99, 99.01, 217, 0.0
2021-05-24 10:11:00, 99.03, 99.03, 98.95, 98.955, 567, 0.0
2021-05-24 10:12:00, 98.965, 98.97, 98.88, 98.97, 970, 0.0
2021-05-24 10:13:00, 98.96, 99.19, 98.96, 99.19, 1150, 0.0
2021-05-24 10:14:00, 99.32, 99.32, 99.18, 99.18, 510, 0.0
2021-05-24 10:15:00, 99.2, 99.2, 99.14, 99.14, 379, 0.0
2021-05-24 10:16:00, 99.03, 99.03, 98.86, 98.98, 1233, 0.0
2021-05-24 10:18:00, 99.22, 99.22, 99.22, 99.22, 188, 0.0
2021-05-24 10:19:00, 99.23, 99.23, 99.16, 99.2, 1000, 0.0
2021-05-24 10:20:00, 99.09, 99.09, 99.08, 99.085, 490, 0.0
2021-05-24 10:21:00, 99.115, 99.115, 99.05, 99.05, 413, 0.0
2021-05-24 10:22:00, 98.89, 98.89, 98.89, 98.89, 104, 0.0
2021-05-24 10:23:00, 98.8, 98.8, 98.8, 98.8, 318, 0.0
2021-05-24 10:26:00, 98.68, 98.68, 98.68, 98.68, 116, 0.0
2021-05-24 10:27:00, 98.665, 98.665, 98.665, 98.665, 114, 0.0
2021-05-24 10:28:00, 98.575, 98.58, 98.43, 98.47, 855, 0.0
2021-05-24 10:29:00, 98.51, 98.51, 98.51, 98.51, 120, 0.0
2021-05-24 10:30:00, 98.39, 98.4, 98.27, 98.4, 856, 0.0
2021-05-24 10:31:00, 98.51, 98.585, 98.5, 98.5, 441, 0.0
2021-05-24 10:32:00, 98.57, 98.57, 98.52, 98.52, 205, 0.0
2021-05-24 10:33:00, 98.58, 98.58, 98.44, 98.44, 810, 0.0
2021-05-24 10:36:00, 98.79, 98.79, 98.755, 98.755, 250, 0.0
2021-05-24 10:37:00, 98.71, 98.71, 98.71, 98.71, 209, 0.0
2021-05-24 10:38:00, 98.73, 98.81, 98.73, 98.81, 600, 0.0
2021-05-24 10:39:00, 98.83, 98.83, 98.83, 98.83, 106, 0.0
2021-05-24 10:40:00, 98.89, 98.95, 98.89, 98.95, 527, 0.0
2021-05-24 10:41:00, 98.95, 98.95, 98.95, 98.95, 209, 0.0
2021-05-24 10:42:00, 99.04, 99.04, 99.04, 99.04, 205, 0.0
2021-05-24 10:43:00, 98.85, 98.86, 98.81, 98.81, 610, 0.0
2021-05-24 10:44:00, 98.85, 98.85, 98.85, 98.85, 120, 0.0
2021-05-24 10:45:00, 98.93, 98.93, 98.93, 98.93, 117, 0.0
2021-05-24 10:46:00, 98.91, 98.93, 98.86, 98.86, 410, 0.0
2021-05-24 10:47:00, 99.03, 99.03, 99.03, 99.03, 120, 0.0
2021-05-24 10:48:00, 99.04, 99.04, 98.99, 98.99, 450, 0.0
2021-05-24 10:49:00, 99.14, 99.16, 99.14, 99.16, 321, 0.0
2021-05-24 10:50:00, 99.135, 99.135, 99.06, 99.06, 210, 0.0
2021-05-24 10:51:00, 99.06, 99.06, 99.05, 99.05, 541, 0.0
2021-05-24 10:52:00, 99.05, 99.05, 99.05, 99.05, 159, 0.0
2021-05-24 10:53:00, 98.91, 98.91, 98.81, 98.81, 423, 0.0
2021-05-24 10:54:00, 98.855, 98.855, 98.855, 98.855, 156, 0.0
2021-05-24 10:55:00, 98.87, 98.87, 98.74, 98.785, 847, 0.0
2021-05-24 10:56:00, 98.805, 100.4, 98.805, 100.35, 10042, 0.0
2021-05-24 10:57:00, 100.35, 100.38, 100.09, 100.27, 9041, 0.0
2021-05-24 10:58:00, 100.24, 100.535, 100.125, 100.155, 11932, 0.0
2021-05-24 10:59:00, 100.16, 100.22, 99.87, 99.92, 8829, 0.0
2021-05-24 11:00:00, 99.91, 100.28, 99.64, 100.28, 11246, 0.0
2021-05-24 11:01:00, 99.9, 100.44, 99.8, 100.34, 8235, 0.0
2021-05-24 11:02:00, 100.44, 100.68, 100.28, 100.28, 4639, 0.0
2021-05-24 11:03:00, 100.38, 100.38, 100.21, 100.21, 1301, 0.0
2021-05-24 11:04:00, 100.255, 100.28, 100.17, 100.2, 1732, 0.0
2021-05-24 11:05:00, 100, 100.01, 99.86, 99.89, 1668, 0.0
2021-05-24 11:06:00, 99.87, 99.87, 99.59, 99.65, 1687, 0.0
2021-05-24 11:07:00, 99.67, 99.77, 99.53, 99.61, 3735, 0.0
2021-05-24 11:08:00, 99.81, 99.85, 99.79, 99.81, 1473, 0.0
2021-05-24 11:09:00, 100.11, 100.12, 99.825, 99.87, 1835, 0.0
2021-05-24 11:10:00, 99.77, 99.77, 99.505, 99.505, 1026, 0.0
2021-05-24 11:11:00, 99.52, 99.53, 99.33, 99.46, 1872, 0.0
2021-05-24 11:12:00, 99.32, 99.36, 99.23, 99.27, 1514, 0.0
2021-05-24 11:13:00, 99.26, 99.34, 99.1, 99.34, 1512, 0.0
2021-05-24 11:14:00, 99.32, 99.36, 99.26, 99.26, 700, 0.0
2021-05-24 11:15:00, 99.31, 99.31, 99.31, 99.31, 121, 0.0
2021-05-24 11:16:00, 99.32, 99.32, 99.32, 99.32, 349, 0.0
2021-05-24 11:17:00, 99.13, 99.13, 98.98, 99.03, 468, 0.0
2021-05-24 11:18:00, 99.08, 99.08, 99.08, 99.08, 229, 0.0
2021-05-24 11:19:00, 99.04, 99.04, 99.04, 99.04, 306, 0.0
2021-05-24 11:20:00, 99.13, 99.13, 99.13, 99.13, 149, 0.0
2021-05-24 11:21:00, 99.18, 99.19, 99.18, 99.19, 210, 0.0
2021-05-24 11:23:00, 99.11, 99.11, 99.07, 99.07, 200, 0.0
2021-05-24 11:24:00, 99.09, 99.09, 99.09, 99.09, 211, 0.0
2021-05-24 11:26:00, 98.98, 99.09, 98.98, 99.09, 314, 0.0
2021-05-24 11:27:00, 99.01, 99.01, 99.01, 99.01, 203, 0.0
2021-05-24 11:28:00, 99.015, 99.38, 99.015, 99.33, 1829, 0.0
2021-05-24 11:29:00, 99.33, 99.44, 99.3, 99.44, 508, 0.0
2021-05-24 11:30:00, 99.445, 99.445, 99.445, 99.445, 121, 0.0
2021-05-24 11:31:00, 99.4, 99.4, 99.27, 99.27, 633, 0.0
2021-05-24 11:33:00, 99.31, 99.39, 99.31, 99.39, 516, 0.0
2021-05-24 11:34:00, 99.36, 99.4, 99.35, 99.36, 410, 0.0
2021-05-24 11:35:00, 99.365, 99.365, 99.365, 99.365, 242, 0.0
2021-05-24 11:36:00, 99.36, 99.36, 99.26, 99.27, 531, 0.0
2021-05-24 11:37:00, 99.18, 99.18, 99.08, 99.08, 453, 0.0
2021-05-24 11:39:00, 98.97, 98.98, 98.97, 98.98, 629, 0.0
2021-05-24 11:40:00, 99.08, 99.08, 99.08, 99.08, 311, 0.0
2021-05-24 11:41:00, 98.78, 98.78, 98.73, 98.73, 344, 0.0
2021-05-24 11:42:00, 98.81, 98.81, 98.81, 98.81, 230, 0.0
2021-05-24 11:43:00, 98.74, 98.76, 98.74, 98.76, 530, 0.0
2021-05-24 11:44:00, 98.68, 98.68, 98.67, 98.67, 362, 0.0
2021-05-24 11:45:00, 98.74, 98.915, 98.74, 98.915, 434, 0.0
2021-05-24 11:47:00, 98.88, 98.89, 98.88, 98.89, 316, 0.0
2021-05-24 11:48:00, 98.96, 98.96, 98.96, 98.96, 307, 0.0
2021-05-24 11:49:00, 98.89, 98.91, 98.89, 98.89, 700, 0.0
2021-05-24 11:51:00, 98.86, 98.86, 98.75, 98.81, 985, 0.0
2021-05-24 11:52:00, 98.81, 98.82, 98.81, 98.82, 337, 0.0
2021-05-24 11:53:00, 98.85, 98.85, 98.85, 98.85, 341, 0.0
2021-05-24 11:54:00, 98.89, 98.89, 98.57, 98.66, 1908, 0.0
2021-05-24 11:55:00, 98.71, 98.71, 98.69, 98.69, 514, 0.0
2021-05-24 11:56:00, 98.74, 98.74, 98.74, 98.74, 124, 0.0
2021-05-24 11:57:00, 98.87, 98.9, 98.87, 98.9, 412, 0.0
2021-05-24 11:59:00, 98.94, 98.94, 98.92, 98.92, 424, 0.0
2021-05-24 12:01:00, 99.13, 99.26, 99.12, 99.26, 827, 0.0
2021-05-24 12:03:00, 99.36, 99.36, 99.36, 99.36, 116, 0.0
2021-05-24 12:04:00, 99.36, 99.36, 99.29, 99.29, 498, 0.0
2021-05-24 12:07:00, 99.43, 99.46, 99.38, 99.38, 828, 0.0
2021-05-24 12:08:00, 99.39, 99.56, 99.39, 99.56, 1506, 0.0
2021-05-24 12:09:00, 99.54, 99.54, 99.53, 99.53, 502, 0.0
2021-05-24 12:10:00, 99.41, 99.41, 99.41, 99.41, 215, 0.0
2021-05-24 12:13:00, 99.4, 99.4, 99.4, 99.4, 223, 0.0
2021-05-24 12:14:00, 99.285, 99.285, 99.285, 99.285, 147, 0.0
2021-05-24 12:17:00, 99.48, 99.5, 99.48, 99.5, 1139, 0.0
2021-05-24 12:18:00, 99.53, 99.53, 99.53, 99.53, 152, 0.0
2021-05-24 12:20:00, 99.4, 99.4, 99.4, 99.4, 106, 0.0
2021-05-24 12:21:00, 99.32, 99.32, 99.32, 99.32, 103, 0.0
2021-05-24 12:22:00, 99.34, 99.42, 99.34, 99.42, 323, 0.0
2021-05-24 12:23:00, 99.38, 99.38, 99.38, 99.38, 100, 0.0
2021-05-24 12:27:00, 99.37, 99.37, 99.37, 99.37, 110, 0.0
2021-05-24 12:28:00, 99.41, 99.41, 99.41, 99.41, 319, 0.0
2021-05-24 12:30:00, 99.265, 99.265, 99.26, 99.26, 300, 0.0
2021-05-24 12:31:00, 99.35, 99.35, 99.31, 99.31, 405, 0.0
2021-05-24 12:32:00, 99.46, 99.57, 99.46, 99.57, 379, 0.0
2021-05-24 12:33:00, 99.61, 99.73, 99.61, 99.695, 527, 0.0
2021-05-24 12:34:00, 99.69, 99.71, 99.69, 99.71, 320, 0.0
2021-05-24 12:35:00, 99.625, 99.66, 99.625, 99.66, 224, 0.0
2021-05-24 12:36:00, 99.64, 99.64, 99.64, 99.64, 200, 0.0
2021-05-24 12:37:00, 99.715, 99.715, 99.715, 99.715, 225, 0.0
2021-05-24 12:38:00, 99.73, 99.73, 99.73, 99.73, 200, 0.0
2021-05-24 12:39:00, 99.83, 99.83, 99.83, 99.83, 170, 0.0
2021-05-24 12:41:00, 99.82, 99.82, 99.61, 99.61, 402, 0.0
2021-05-24 12:42:00, 99.59, 99.6, 99.53, 99.53, 629, 0.0
2021-05-24 12:44:00, 99.57, 99.57, 99.57, 99.57, 166, 0.0
2021-05-24 12:46:00, 99.65, 99.77, 99.65, 99.77, 916, 0.0
2021-05-24 12:48:00, 99.71, 99.71, 99.71, 99.71, 182, 0.0
2021-05-24 12:49:00, 99.81, 99.86, 99.81, 99.86, 328, 0.0
2021-05-24 12:50:00, 99.94, 99.98, 99.94, 99.97, 730, 0.0
2021-05-24 12:51:00, 99.95, 99.95, 99.95, 99.95, 100, 0.0
2021-05-24 12:52:00, 100, 100, 99.82, 99.86, 500, 0.0
2021-05-24 12:53:00, 99.895, 99.96, 99.895, 99.96, 615, 0.0
2021-05-24 12:54:00, 99.93, 99.94, 99.9, 99.94, 678, 0.0
2021-05-24 12:55:00, 99.95, 99.95, 99.88, 99.88, 219, 0.0
2021-05-24 12:56:00, 99.9, 99.92, 99.9, 99.92, 200, 0.0
2021-05-24 12:58:00, 99.75, 99.75, 99.725, 99.725, 303, 0.0
2021-05-24 12:59:00, 99.73, 99.75, 99.73, 99.75, 219, 0.0
2021-05-24 13:00:00, 99.66, 99.72, 99.66, 99.72, 212, 0.0
2021-05-24 13:01:00, 99.72, 99.72, 99.72, 99.72, 306, 0.0
2021-05-24 13:02:00, 99.745, 99.745, 99.71, 99.71, 317, 0.0
2021-05-24 13:03:00, 99.76, 99.76, 99.76, 99.76, 232, 0.0
2021-05-24 13:04:00, 99.79, 99.79, 99.79, 99.79, 100, 0.0
2021-05-24 13:05:00, 99.87, 99.87, 99.87, 99.87, 143, 0.0
2021-05-24 13:06:00, 99.86, 99.86, 99.86, 99.86, 231, 0.0
2021-05-24 13:07:00, 99.885, 99.885, 99.885, 99.885, 100, 0.0
2021-05-24 13:09:00, 100.01, 100.13, 100.01, 100.13, 931, 0.0
2021-05-24 13:10:00, 100.18, 100.18, 100.13, 100.13, 500, 0.0
2021-05-24 13:11:00, 100.06, 100.06, 100.05, 100.05, 204, 0.0
2021-05-24 13:12:00, 100.035, 100.035, 100, 100, 200, 0.0
2021-05-24 13:14:00, 99.92, 100.04, 99.92, 100.04, 500, 0.0
2021-05-24 13:15:00, 99.99, 100, 99.99, 100, 460, 0.0
2021-05-24 13:17:00, 99.82, 99.82, 99.82, 99.82, 192, 0.0
2021-05-24 13:18:00, 99.88, 99.895, 99.85, 99.895, 651, 0.0
2021-05-24 13:19:00, 100.02, 100.02, 100.02, 100.02, 115, 0.0
2021-05-24 13:20:00, 100.02, 100.065, 100, 100.06, 1361, 0.0
2021-05-24 13:21:00, 100.15, 100.15, 100.13, 100.13, 454, 0.0
2021-05-24 13:22:00, 100.18, 100.21, 100.18, 100.18, 1514, 0.0
2021-05-24 13:23:00, 100.2, 100.35, 100.2, 100.35, 1550, 0.0
2021-05-24 13:25:00, 100.33, 100.33, 100.3, 100.315, 301, 0.0
2021-05-24 13:26:00, 100.305, 100.305, 100.29, 100.29, 429, 0.0
2021-05-24 13:27:00, 100.35, 100.35, 100.3, 100.3, 522, 0.0
2021-05-24 13:28:00, 100.295, 100.31, 100.29, 100.31, 804, 0.0
2021-05-24 13:29:00, 100.23, 100.23, 100.23, 100.23, 101, 0.0
2021-05-24 13:30:00, 100.24, 100.24, 100.24, 100.24, 110, 0.0
2021-05-24 13:31:00, 100.16, 100.18, 100.16, 100.18, 407, 0.0
2021-05-24 13:32:00, 100.23, 100.325, 100.23, 100.325, 521, 0.0
2021-05-24 13:33:00, 100.32, 100.32, 100.25, 100.25, 400, 0.0
2021-05-24 13:34:00, 100.34, 100.34, 100.34, 100.34, 100, 0.0
2021-05-24 13:35:00, 100.4, 100.43, 100.4, 100.43, 617, 0.0
2021-05-24 13:36:00, 100.41, 100.41, 100.41, 100.41, 100, 0.0
2021-05-24 13:37:00, 100.455, 100.455, 100.37, 100.37, 405, 0.0
2021-05-24 13:38:00, 100.37, 100.52, 100.37, 100.51, 783, 0.0
2021-05-24 13:39:00, 100.51, 100.56, 100.48, 100.5, 963, 0.0
2021-05-24 13:40:00, 100.56, 100.63, 100.48, 100.48, 1024, 0.0
2021-05-24 13:41:00, 100.51, 100.63, 100.51, 100.63, 410, 0.0
2021-05-24 13:42:00, 100.67, 100.7, 100.62, 100.7, 731, 0.0
2021-05-24 13:43:00, 100.705, 100.71, 100.66, 100.71, 1608, 0.0
2021-05-24 13:44:00, 100.69, 100.69, 100.68, 100.68, 402, 0.0
2021-05-24 13:45:00, 100.78, 100.8, 100.73, 100.73, 1050, 0.0
2021-05-24 13:47:00, 100.875, 101.02, 100.875, 100.88, 1639, 0.0
2021-05-24 13:48:00, 100.835, 100.835, 100.835, 100.835, 104, 0.0
2021-05-24 13:50:00, 100.96, 100.96, 100.93, 100.93, 720, 0.0
2021-05-24 13:51:00, 100.96, 100.98, 100.96, 100.98, 224, 0.0
2021-05-24 13:52:00, 100.96, 100.96, 100.96, 100.96, 206, 0.0
2021-05-24 13:53:00, 100.98, 101.07, 100.98, 100.99, 675, 0.0
2021-05-24 13:54:00, 100.94, 100.94, 100.94, 100.94, 195, 0.0
2021-05-24 13:55:00, 100.94, 100.94, 100.91, 100.91, 322, 0.0
2021-05-24 13:56:00, 101.015, 101.17, 101.01, 101.01, 2147, 0.0
2021-05-24 13:57:00, 101.08, 101.105, 101.08, 101.105, 454, 0.0
2021-05-24 13:59:00, 100.91, 100.91, 100.91, 100.91, 113, 0.0
2021-05-24 14:00:00, 100.94, 100.98, 100.94, 100.98, 624, 0.0
2021-05-24 14:01:00, 100.95, 100.95, 100.95, 100.95, 300, 0.0
2021-05-24 14:02:00, 100.97, 101.07, 100.96, 101.07, 1051, 0.0
2021-05-24 14:03:00, 101.03, 101.03, 101.03, 101.03, 355, 0.0
2021-05-24 14:04:00, 101.09, 101.09, 101.09, 101.09, 378, 0.0
2021-05-24 14:05:00, 101, 101, 101, 101, 400, 0.0
2021-05-24 14:06:00, 101.05, 101.24, 101.05, 101.15, 2006, 0.0
2021-05-24 14:07:00, 101.23, 101.245, 101.19, 101.19, 804, 0.0
2021-05-24 14:08:00, 101.17, 101.18, 101.13, 101.13, 672, 0.0
2021-05-24 14:10:00, 101.24, 101.29, 101.24, 101.24, 1195, 0.0
2021-05-24 14:11:00, 101.215, 101.26, 101.215, 101.26, 853, 0.0
2021-05-24 14:12:00, 101.28, 101.28, 101.25, 101.25, 696, 0.0
2021-05-24 14:13:00, 101.3, 101.3, 101.3, 101.3, 287, 0.0
2021-05-24 14:14:00, 101.21, 101.25, 101.21, 101.25, 508, 0.0
2021-05-24 14:15:00, 101.25, 101.25, 101.18, 101.18, 698, 0.0
2021-05-24 14:16:00, 101.24, 101.24, 101.24, 101.24, 250, 0.0
2021-05-24 14:17:00, 101.16, 101.18, 100.96, 100.965, 942, 0.0
2021-05-24 14:18:00, 101.17, 101.18, 101.16, 101.16, 610, 0.0
2021-05-24 14:19:00, 101.19, 101.24, 101.08, 101.08, 2132, 0.0
2021-05-24 14:20:00, 101.08, 101.22, 101.05, 101.22, 1595, 0.0
2021-05-24 14:21:00, 101.26, 101.38, 101.26, 101.32, 862, 0.0
2021-05-24 14:22:00, 101.32, 101.33, 101.25, 101.25, 1433, 0.0
2021-05-24 14:23:00, 101.24, 101.29, 101.24, 101.26, 1168, 0.0
2021-05-24 14:25:00, 101.18, 101.24, 101.18, 101.23, 834, 0.0
2021-05-24 14:26:00, 101.21, 101.22, 101.1, 101.1, 1242, 0.0
2021-05-24 14:28:00, 101.14, 101.14, 101.12, 101.12, 417, 0.0
2021-05-24 14:29:00, 101.07, 101.11, 101.07, 101.11, 869, 0.0
2021-05-24 14:30:00, 101.11, 101.11, 101.04, 101.08, 1937, 0.0
2021-05-24 14:31:00, 101.1, 101.16, 101.1, 101.12, 933, 0.0
2021-05-24 14:32:00, 101.2, 101.2, 101.115, 101.115, 954, 0.0
2021-05-24 14:33:00, 101.13, 101.13, 101.13, 101.13, 632, 0.0
2021-05-24 14:34:00, 101.12, 101.12, 101.1, 101.1, 491, 0.0
2021-05-24 14:35:00, 101.21, 101.305, 101.21, 101.295, 981, 0.0
2021-05-24 14:36:00, 101.21, 101.23, 101.21, 101.23, 452, 0.0
2021-05-24 14:37:00, 101.33, 101.35, 101.315, 101.33, 1516, 0.0
2021-05-24 14:38:00, 101.34, 101.4, 101.34, 101.4, 491, 0.0
2021-05-24 14:39:00, 101.43, 101.63, 101.43, 101.535, 2510, 0.0
2021-05-24 14:40:00, 101.55, 101.55, 101.49, 101.49, 1506, 0.0
2021-05-24 14:41:00, 101.44, 101.52, 101.44, 101.52, 729, 0.0
2021-05-24 14:42:00, 101.44, 101.6, 101.39, 101.58, 1367, 0.0
2021-05-24 14:43:00, 101.59, 101.69, 101.59, 101.655, 1045, 0.0
2021-05-24 14:44:00, 101.62, 101.85, 101.58, 101.82, 8331, 0.0
2021-05-24 14:45:00, 101.82, 101.85, 101.72, 101.84, 2126, 0.0
2021-05-24 14:46:00, 101.87, 102.07, 101.87, 102, 2634, 0.0
2021-05-24 14:47:00, 102, 102.09, 102, 102.09, 3828, 0.0
2021-05-24 14:48:00, 102.055, 102.08, 102.03, 102.06, 1724, 0.0
2021-05-24 14:49:00, 102.05, 102.05, 101.995, 101.995, 2500, 0.0
2021-05-24 14:50:00, 101.97, 101.97, 101.635, 101.76, 3233, 0.0
2021-05-24 14:51:00, 101.78, 101.845, 101.68, 101.68, 2224, 0.0
2021-05-24 14:52:00, 101.59, 101.64, 101.49, 101.49, 1132, 0.0
2021-05-24 14:53:00, 101.52, 101.52, 101.42, 101.42, 1076, 0.0
2021-05-24 14:54:00, 101.52, 101.56, 101.3, 101.39, 2449, 0.0
2021-05-24 14:55:00, 101.43, 101.43, 101.24, 101.24, 3046, 0.0
2021-05-24 14:56:00, 101.23, 101.23, 101.14, 101.16, 1738, 0.0
2021-05-24 14:57:00, 101.18, 101.2, 101.13, 101.14, 2172, 0.0
2021-05-24 14:58:00, 101.14, 101.14, 101.07, 101.09, 4255, 0.0
2021-05-24 14:59:00, 101.1, 101.13, 101.08, 101.08, 2408, 0.0
2021-05-25 08:28:00, 101.4, 101.4, 101.4, 101.4, 100, 0.0
2021-05-25 08:30:00, 101.335, 101.92, 101.305, 101.845, 6585, 0.0
2021-05-25 08:31:00, 101.84, 102.67, 101.84, 102.29, 6264, 0.0
2021-05-25 08:32:00, 102.26, 102.55, 102.25, 102.55, 2800, 0.0
2021-05-25 08:33:00, 102.45, 102.46, 102.22, 102.295, 1536, 0.0
2021-05-25 08:34:00, 102.3, 102.46, 102.26, 102.39, 2248, 0.0
2021-05-25 08:35:00, 101.95, 102.05, 101.9, 101.95, 13817, 0.0
2021-05-25 08:36:00, 102.08, 102.09, 101.49, 101.59, 9197, 0.0
2021-05-25 08:37:00, 101.44, 101.63, 101.39, 101.43, 3097, 0.0
2021-05-25 08:38:00, 101.27, 101.48, 101.19, 101.35, 3490, 0.0
2021-05-25 08:39:00, 101.41, 101.66, 101.37, 101.63, 3213, 0.0
2021-05-25 08:40:00, 101.77, 101.81, 101.53, 101.56, 2042, 0.0
2021-05-25 08:41:00, 101.51, 102.03, 101.51, 102.03, 1100, 0.0
2021-05-25 08:42:00, 102.05, 102.05, 101.64, 101.71, 3360, 0.0
2021-05-25 08:43:00, 101.74, 101.85, 101.45, 101.52, 4552, 0.0
2021-05-25 08:44:00, 101.47, 101.59, 101.46, 101.58, 4349, 0.0
2021-05-25 08:45:00, 101.43, 101.72, 101.43, 101.5, 1393, 0.0
2021-05-25 08:46:00, 101.25, 101.28, 101.12, 101.2, 1304, 0.0
2021-05-25 08:47:00, 101.205, 101.205, 100.74, 100.87, 2070, 0.0
2021-05-25 08:48:00, 100.8, 100.85, 100.7, 100.85, 1111, 0.0
2021-05-25 08:49:00, 100.9, 101, 100.88, 100.99, 1304, 0.0
2021-05-25 08:50:00, 101.01, 101.045, 100.94, 101.045, 1214, 0.0
2021-05-25 08:51:00, 101.02, 101.02, 100.43, 100.43, 1365, 0.0
2021-05-25 08:52:00, 100.43, 100.48, 99.885, 99.91, 3450, 0.0
2021-05-25 08:53:00, 99.86, 99.98, 99.83, 99.88, 1840, 0.0
2021-05-25 08:54:00, 99.95, 100.1, 99.95, 100.09, 1187, 0.0
2021-05-25 08:55:00, 100.03, 100.1, 99.97, 99.97, 879, 0.0
2021-05-25 08:56:00, 99.87, 100.01, 99.55, 100.01, 1836, 0.0
2021-05-25 08:57:00, 99.97, 100.045, 99.74, 99.81, 1430, 0.0
2021-05-25 08:58:00, 99.75, 99.8, 99.66, 99.68, 1032, 0.0
2021-05-25 08:59:00, 99.645, 100, 99.645, 100, 1438, 0.0
2021-05-25 09:00:00, 100.035, 100.09, 99.96, 100.055, 3130, 0.0
2021-05-25 09:01:00, 100.09, 100.29, 100.09, 100.29, 1337, 0.0
2021-05-25 09:02:00, 99.8, 99.85, 99.68, 99.76, 1222, 0.0
2021-05-25 09:03:00, 99.95, 100.22, 99.94, 100.07, 2292, 0.0
2021-05-25 09:04:00, 100.1, 100.1, 100.06, 100.06, 253, 0.0
2021-05-25 09:05:00, 100.26, 100.35, 100.17, 100.17, 832, 0.0
2021-05-25 09:06:00, 100.23, 100.23, 100.23, 100.23, 103, 0.0
2021-05-25 09:07:00, 100.4, 100.4, 100.04, 100.04, 822, 0.0
2021-05-25 09:08:00, 100.055, 100.2, 100.05, 100.19, 1966, 0.0
2021-05-25 09:09:00, 100.1, 100.1, 100.1, 100.1, 392, 0.0
2021-05-25 09:10:00, 99.96, 100.15, 99.96, 100.15, 751, 0.0
2021-05-25 09:11:00, 100.19, 100.19, 100.19, 100.19, 282, 0.0
2021-05-25 09:12:00, 100.285, 100.42, 100.285, 100.385, 2928, 0.0
2021-05-25 09:13:00, 100.35, 100.35, 100.27, 100.31, 2937, 0.0
2021-05-25 09:14:00, 100.32, 100.53, 100.32, 100.53, 2087, 0.0
2021-05-25 09:15:00, 100.675, 100.85, 100.675, 100.85, 663, 0.0
2021-05-25 09:16:00, 100.82, 100.82, 100.82, 100.82, 408, 0.0
2021-05-25 09:17:00, 100.53, 100.635, 100.53, 100.635, 277, 0.0
2021-05-25 09:19:00, 100.6, 100.605, 100.6, 100.605, 315, 0.0
2021-05-25 09:20:00, 100.57, 100.66, 100.57, 100.66, 713, 0.0
2021-05-25 09:21:00, 100.485, 100.6, 100.485, 100.6, 1420, 0.0
2021-05-25 09:22:00, 100.72, 100.72, 100.72, 100.72, 131, 0.0
2021-05-25 09:23:00, 100.94, 101.02, 100.94, 100.96, 531, 0.0
2021-05-25 09:24:00, 101.01, 101.01, 100.97, 100.97, 227, 0.0
2021-05-25 09:25:00, 101, 101.03, 101, 101.03, 606, 0.0
2021-05-25 09:26:00, 101.015, 101.05, 101.015, 101.04, 545, 0.0
2021-05-25 09:27:00, 101.01, 101.02, 100.99, 100.99, 1114, 0.0
2021-05-25 09:28:00, 100.98, 100.98, 100.9, 100.94, 720, 0.0
2021-05-25 09:29:00, 101.02, 101.02, 101.01, 101.01, 416, 0.0
2021-05-25 09:30:00, 101.055, 101.06, 100.97, 101, 1189, 0.0
2021-05-25 09:31:00, 100.805, 100.92, 100.805, 100.92, 1008, 0.0
2021-05-25 09:32:00, 100.745, 100.745, 100.51, 100.67, 1450, 0.0
2021-05-25 09:33:00, 100.57, 100.715, 100.55, 100.715, 953, 0.0
2021-05-25 09:34:00, 100.78, 100.78, 100.66, 100.68, 1677, 0.0
2021-05-25 09:35:00, 100.82, 101.01, 100.81, 101.01, 945, 0.0
2021-05-25 09:36:00, 101.02, 101.02, 100.85, 100.85, 646, 0.0
2021-05-25 09:37:00, 100.88, 100.895, 100.87, 100.895, 400, 0.0
2021-05-25 09:38:00, 100.93, 101.005, 100.93, 101.005, 568, 0.0
2021-05-25 09:39:00, 101.03, 101.03, 101.03, 101.03, 323, 0.0
2021-05-25 09:40:00, 100.95, 100.95, 100.95, 100.95, 278, 0.0
2021-05-25 09:41:00, 100.83, 100.83, 100.83, 100.83, 404, 0.0
2021-05-25 09:43:00, 100.985, 101.04, 100.985, 101.04, 540, 0.0
2021-05-25 09:44:00, 100.97, 101.17, 100.97, 101.17, 715, 0.0
2021-05-25 09:45:00, 101.18, 101.23, 101.15, 101.15, 2231, 0.0
2021-05-25 09:46:00, 101.07, 101.07, 101.01, 101.01, 1025, 0.0
2021-05-25 09:47:00, 100.985, 101.025, 100.94, 101.025, 810, 0.0
2021-05-25 09:48:00, 101.05, 101.14, 101.05, 101.09, 6003, 0.0
2021-05-25 09:49:00, 101.17, 101.23, 101.17, 101.18, 2616, 0.0
2021-05-25 09:50:00, 101.08, 101.37, 101.08, 101.21, 1220, 0.0
2021-05-25 09:51:00, 101.315, 101.35, 101.315, 101.32, 535, 0.0
2021-05-25 09:52:00, 101.43, 101.43, 101.43, 101.43, 123, 0.0
2021-05-25 09:53:00, 101.46, 101.48, 101.34, 101.34, 313, 0.0
2021-05-25 09:54:00, 101.37, 101.41, 101.37, 101.4, 412, 0.0
2021-05-25 09:55:00, 101.31, 101.4, 101.3, 101.4, 501, 0.0
2021-05-25 09:56:00, 101.565, 101.77, 101.565, 101.695, 974, 0.0
2021-05-25 09:57:00, 101.78, 101.825, 101.77, 101.825, 808, 0.0
2021-05-25 09:58:00, 101.83, 101.94, 101.81, 101.82, 1021, 0.0
2021-05-25 09:59:00, 101.84, 101.88, 101.84, 101.875, 581, 0.0
2021-05-25 10:00:00, 101.82, 101.82, 101.745, 101.745, 669, 0.0
2021-05-25 10:01:00, 101.6, 101.6, 101.6, 101.6, 215, 0.0
2021-05-25 10:02:00, 101.46, 101.6, 101.46, 101.6, 3440, 0.0
2021-05-25 10:03:00, 101.67, 101.67, 101.51, 101.51, 664, 0.0
2021-05-25 10:04:00, 101.42, 101.42, 101.28, 101.28, 424, 0.0
2021-05-25 10:05:00, 101.06, 101.09, 101.05, 101.05, 1621, 0.0
2021-05-25 10:06:00, 101.12, 101.12, 101.12, 101.12, 109, 0.0
2021-05-25 10:07:00, 101.09, 101.09, 100.91, 100.94, 423, 0.0
2021-05-25 10:08:00, 101.03, 101.07, 100.935, 101, 812, 0.0
2021-05-25 10:09:00, 100.945, 101.02, 100.945, 101.02, 548, 0.0
2021-05-25 10:10:00, 101.15, 101.15, 100.96, 100.96, 512, 0.0
2021-05-25 10:11:00, 100.83, 100.91, 100.83, 100.91, 613, 0.0
2021-05-25 10:12:00, 100.9, 100.91, 100.9, 100.91, 524, 0.0
2021-05-25 10:13:00, 100.94, 101.075, 100.94, 101.03, 767, 0.0
2021-05-25 10:14:00, 101.1, 101.18, 101.1, 101.18, 570, 0.0
2021-05-25 10:15:00, 101.09, 101.105, 100.83, 100.83, 791, 0.0
2021-05-25 10:16:00, 100.765, 100.79, 100.6, 100.61, 1060, 0.0
2021-05-25 10:17:00, 100.71, 100.71, 100.71, 100.71, 400, 0.0
2021-05-25 10:18:00, 100.745, 100.745, 100.745, 100.745, 182, 0.0
2021-05-25 10:20:00, 100.76, 100.79, 100.76, 100.79, 313, 0.0
2021-05-25 10:21:00, 100.81, 100.85, 100.81, 100.82, 558, 0.0
2021-05-25 10:22:00, 100.795, 100.795, 100.715, 100.715, 610, 0.0
2021-05-25 10:23:00, 100.51, 100.51, 100.51, 100.51, 352, 0.0
2021-05-25 10:24:00, 100.545, 100.64, 100.545, 100.6, 401, 0.0
2021-05-25 10:25:00, 100.65, 100.65, 100.59, 100.59, 252, 0.0
2021-05-25 10:26:00, 100.6, 100.6, 100.6, 100.6, 2021, 0.0
2021-05-25 10:27:00, 100.42, 100.68, 100.42, 100.68, 1145, 0.0
2021-05-25 10:28:00, 100.62, 100.62, 100.59, 100.59, 631, 0.0
2021-05-25 10:29:00, 100.58, 100.64, 100.58, 100.63, 312, 0.0
2021-05-25 10:30:00, 100.865, 100.865, 100.72, 100.72, 640, 0.0
2021-05-25 10:31:00, 100.7, 100.89, 100.7, 100.89, 571, 0.0
2021-05-25 10:32:00, 100.34, 100.36, 100.26, 100.29, 1533, 0.0
2021-05-25 10:33:00, 100.335, 100.35, 100.2, 100.21, 1122, 0.0
2021-05-25 10:34:00, 100.25, 100.28, 100.105, 100.18, 4820, 0.0
2021-05-25 10:35:00, 100.23, 100.32, 100.23, 100.32, 602, 0.0
2021-05-25 10:36:00, 100.35, 100.35, 100.27, 100.29, 926, 0.0
2021-05-25 10:37:00, 100.3, 100.42, 100.24, 100.42, 1338, 0.0
2021-05-25 10:38:00, 100.34, 100.34, 100.34, 100.34, 308, 0.0
2021-05-25 10:39:00, 100.21, 100.22, 100.205, 100.205, 554, 0.0
2021-05-25 10:40:00, 100.29, 100.29, 100.28, 100.28, 815, 0.0
2021-05-25 10:41:00, 100.34, 100.34, 100.2, 100.2, 532, 0.0
2021-05-25 10:42:00, 100.21, 100.21, 100.17, 100.17, 510, 0.0
2021-05-25 10:43:00, 100.25, 100.25, 100.25, 100.25, 266, 0.0
2021-05-25 10:44:00, 100.35, 100.36, 100.35, 100.36, 476, 0.0
2021-05-25 10:46:00, 100.26, 100.42, 100.25, 100.42, 1032, 0.0
2021-05-25 10:47:00, 100.37, 100.37, 100.37, 100.37, 404, 0.0
2021-05-25 10:48:00, 100.325, 100.375, 100.225, 100.225, 666, 0.0
2021-05-25 10:49:00, 100.225, 100.25, 100.225, 100.25, 669, 0.0
2021-05-25 10:50:00, 100.38, 100.38, 100.34, 100.34, 617, 0.0
2021-05-25 10:52:00, 100.26, 100.32, 100.24, 100.32, 610, 0.0
2021-05-25 10:53:00, 100.43, 100.43, 100.38, 100.38, 318, 0.0
2021-05-25 10:54:00, 100.45, 100.515, 100.45, 100.5, 619, 0.0
2021-05-25 10:55:00, 100.47, 100.55, 100.47, 100.54, 733, 0.0
2021-05-25 10:56:00, 100.57, 100.57, 100.43, 100.465, 913, 0.0
2021-05-25 10:57:00, 100.5, 100.505, 100.48, 100.505, 803, 0.0
2021-05-25 10:58:00, 100.55, 100.6, 100.55, 100.59, 622, 0.0
2021-05-25 10:59:00, 100.67, 100.67, 100.61, 100.61, 361, 0.0
2021-05-25 11:00:00, 100.69, 100.69, 100.68, 100.68, 316, 0.0
2021-05-25 11:01:00, 100.64, 100.64, 100.52, 100.54, 716, 0.0
2021-05-25 11:02:00, 100.525, 100.54, 100.4, 100.4, 519, 0.0
2021-05-25 11:03:00, 100.47, 100.475, 100.47, 100.475, 502, 0.0
2021-05-25 11:04:00, 100.57, 100.595, 100.57, 100.595, 300, 0.0
2021-05-25 11:05:00, 100.73, 100.73, 100.67, 100.67, 589, 0.0
2021-05-25 11:06:00, 100.635, 100.635, 100.58, 100.58, 512, 0.0
2021-05-25 11:07:00, 100.59, 100.59, 100.52, 100.58, 3020, 0.0
2021-05-25 11:08:00, 100.56, 100.64, 100.54, 100.64, 700, 0.0
2021-05-25 11:09:00, 100.61, 100.61, 100.61, 100.61, 152, 0.0
2021-05-25 11:10:00, 100.61, 100.67, 100.6, 100.6, 501, 0.0
2021-05-25 11:11:00, 100.6, 100.6, 100.57, 100.57, 515, 0.0
2021-05-25 11:12:00, 100.55, 100.55, 100.52, 100.52, 400, 0.0
2021-05-25 11:14:00, 100.56, 100.655, 100.56, 100.655, 1304, 0.0
2021-05-25 11:15:00, 100.62, 100.62, 100.37, 100.39, 758, 0.0
2021-05-25 11:17:00, 100.34, 100.34, 100.34, 100.34, 102, 0.0
2021-05-25 11:18:00, 100.5, 100.51, 100.49, 100.5, 1108, 0.0
2021-05-25 11:19:00, 100.4, 100.41, 100.36, 100.36, 649, 0.0
2021-05-25 11:21:00, 100.49, 100.59, 100.45, 100.45, 2000, 0.0
2021-05-25 11:22:00, 100.425, 100.425, 100.41, 100.41, 212, 0.0
2021-05-25 11:23:00, 100.43, 100.43, 100.43, 100.43, 233, 0.0
2021-05-25 11:24:00, 100.47, 100.58, 100.47, 100.58, 506, 0.0
2021-05-25 11:25:00, 100.55, 100.57, 100.5, 100.57, 1099, 0.0
2021-05-25 11:26:00, 100.59, 100.59, 100.58, 100.58, 313, 0.0
2021-05-25 11:27:00, 100.63, 100.63, 100.62, 100.62, 326, 0.0
2021-05-25 11:28:00, 100.64, 100.65, 100.64, 100.64, 535, 0.0
2021-05-25 11:29:00, 100.615, 100.65, 100.615, 100.65, 624, 0.0
2021-05-25 11:30:00, 100.63, 100.9, 100.63, 100.86, 2997, 0.0
2021-05-25 11:31:00, 100.79, 100.79, 100.77, 100.78, 560, 0.0
2021-05-25 11:32:00, 100.73, 100.82, 100.73, 100.82, 722, 0.0
2021-05-25 11:33:00, 100.86, 100.93, 100.86, 100.86, 917, 0.0
2021-05-25 11:34:00, 100.89, 100.89, 100.87, 100.88, 500, 0.0
2021-05-25 11:35:00, 100.865, 100.94, 100.77, 100.785, 999, 0.0
2021-05-25 11:36:00, 100.81, 100.81, 100.76, 100.76, 621, 0.0
2021-05-25 11:37:00, 100.63, 100.68, 100.61, 100.65, 1703, 0.0
2021-05-25 11:38:00, 100.635, 100.635, 100.55, 100.56, 509, 0.0
2021-05-25 11:39:00, 100.61, 100.61, 100.58, 100.58, 300, 0.0
2021-05-25 11:40:00, 100.425, 100.425, 100.425, 100.425, 348, 0.0
2021-05-25 11:41:00, 100.46, 100.46, 100.39, 100.43, 945, 0.0
2021-05-25 11:42:00, 100.48, 100.48, 100.25, 100.34, 825, 0.0
2021-05-25 11:43:00, 100.36, 100.51, 100.36, 100.5, 1211, 0.0
2021-05-25 11:44:00, 100.45, 100.52, 100.41, 100.51, 852, 0.0
2021-05-25 11:45:00, 100.52, 100.58, 100.52, 100.56, 591, 0.0
2021-05-25 11:46:00, 100.54, 100.54, 100.54, 100.54, 214, 0.0
2021-05-25 11:47:00, 100.52, 100.52, 100.52, 100.52, 200, 0.0
2021-05-25 11:48:00, 100.47, 100.53, 100.47, 100.5, 1750, 0.0
2021-05-25 11:49:00, 100.47, 100.47, 100.47, 100.47, 112, 0.0
2021-05-25 11:50:00, 100.49, 100.5, 100.45, 100.46, 520, 0.0
2021-05-25 11:51:00, 100.48, 100.51, 100.445, 100.445, 902, 0.0
2021-05-25 11:53:00, 100.44, 100.51, 100.44, 100.48, 1642, 0.0
2021-05-25 11:54:00, 100.45, 100.525, 100.44, 100.525, 600, 0.0
2021-05-25 11:55:00, 100.52, 100.52, 100.515, 100.515, 310, 0.0
2021-05-25 11:56:00, 100.49, 100.49, 100.49, 100.49, 421, 0.0
2021-05-25 11:57:00, 100.49, 100.54, 100.48, 100.52, 1021, 0.0
2021-05-25 11:58:00, 100.52, 100.585, 100.52, 100.585, 405, 0.0
2021-05-25 11:59:00, 100.575, 100.575, 100.53, 100.54, 609, 0.0
2021-05-25 12:00:00, 100.51, 100.54, 100.51, 100.54, 302, 0.0
2021-05-25 12:01:00, 100.51, 100.54, 100.455, 100.455, 612, 0.0
2021-05-25 12:02:00, 100.5, 100.5, 100.5, 100.5, 400, 0.0
2021-05-25 12:03:00, 100.505, 100.505, 100.505, 100.505, 100, 0.0
2021-05-25 12:04:00, 100.49, 100.56, 100.49, 100.56, 606, 0.0
2021-05-25 12:05:00, 100.55, 100.57, 100.525, 100.525, 1304, 0.0
2021-05-25 12:06:00, 100.525, 100.58, 100.525, 100.58, 218, 0.0
2021-05-25 12:07:00, 100.555, 100.68, 100.555, 100.68, 1215, 0.0
2021-05-25 12:08:00, 100.705, 100.705, 100.62, 100.62, 309, 0.0
2021-05-25 12:09:00, 100.56, 100.585, 100.56, 100.585, 310, 0.0
2021-05-25 12:10:00, 100.47, 100.53, 100.47, 100.53, 617, 0.0
2021-05-25 12:11:00, 100.53, 100.535, 100.47, 100.525, 861, 0.0
2021-05-25 12:12:00, 100.52, 100.52, 100.5, 100.5, 320, 0.0
2021-05-25 12:13:00, 100.485, 100.485, 100.44, 100.44, 962, 0.0
2021-05-25 12:14:00, 100.52, 100.59, 100.52, 100.53, 1429, 0.0
2021-05-25 12:15:00, 100.64, 100.64, 100.6, 100.6, 1152, 0.0
2021-05-25 12:16:00, 100.64, 100.74, 100.64, 100.705, 1064, 0.0
2021-05-25 12:17:00, 100.705, 100.78, 100.705, 100.78, 310, 0.0
2021-05-25 12:18:00, 100.76, 100.8, 100.76, 100.8, 600, 0.0
2021-05-25 12:19:00, 100.85, 100.85, 100.84, 100.84, 222, 0.0
2021-05-25 12:20:00, 100.8, 100.82, 100.785, 100.81, 712, 0.0
2021-05-25 12:21:00, 100.805, 100.805, 100.805, 100.805, 276, 0.0
2021-05-25 12:22:00, 100.77, 100.77, 100.77, 100.77, 107, 0.0
2021-05-25 12:23:00, 100.77, 100.85, 100.77, 100.85, 1512, 0.0
2021-05-25 12:24:00, 100.86, 100.86, 100.825, 100.84, 1143, 0.0
2021-05-25 12:25:00, 100.74, 100.76, 100.64, 100.64, 1243, 0.0
2021-05-25 12:26:00, 100.59, 100.59, 100.59, 100.59, 113, 0.0
2021-05-25 12:27:00, 100.51, 100.51, 100.5, 100.5, 414, 0.0
2021-05-25 12:28:00, 100.46, 100.52, 100.46, 100.49, 904, 0.0
2021-05-25 12:29:00, 100.5, 100.5, 100.34, 100.4, 1849, 0.0
2021-05-25 12:30:00, 100.33, 100.33, 100.25, 100.25, 814, 0.0
2021-05-25 12:31:00, 100.26, 100.26, 100.21, 100.22, 825, 0.0
2021-05-25 12:32:00, 100.24, 100.27, 100.17, 100.27, 1222, 0.0
2021-05-25 12:33:00, 100.28, 100.33, 100.27, 100.27, 725, 0.0
2021-05-25 12:34:00, 100.27, 100.27, 100.175, 100.21, 831, 0.0
2021-05-25 12:35:00, 100.17, 100.205, 100.16, 100.205, 842, 0.0
2021-05-25 12:36:00, 100.07, 100.07, 100.045, 100.07, 987, 0.0
2021-05-25 12:37:00, 100.14, 100.14, 100.125, 100.125, 381, 0.0
2021-05-25 12:38:00, 100.19, 100.22, 100.115, 100.115, 467, 0.0
2021-05-25 12:39:00, 100.065, 100.08, 100.05, 100.055, 511, 0.0
2021-05-25 12:40:00, 100, 100.01, 99.99, 100.01, 415, 0.0
2021-05-25 12:41:00, 99.965, 99.99, 99.965, 99.97, 608, 0.0
2021-05-25 12:42:00, 99.98, 99.99, 99.98, 99.99, 500, 0.0
2021-05-25 12:43:00, 100, 100.09, 100, 100.08, 904, 0.0
2021-05-25 12:44:00, 100.07, 100.09, 100.06, 100.075, 523, 0.0
2021-05-25 12:45:00, 99.99, 99.99, 99.99, 99.99, 511, 0.0
2021-05-25 12:46:00, 100.07, 100.16, 100.07, 100.16, 985, 0.0
2021-05-25 12:47:00, 100.015, 100.06, 99.99, 99.99, 614, 0.0
2021-05-25 12:48:00, 100.06, 100.09, 100.06, 100.08, 1097, 0.0
2021-05-25 12:49:00, 100.14, 100.14, 100.09, 100.105, 804, 0.0
2021-05-25 12:50:00, 100.105, 100.175, 100.105, 100.175, 850, 0.0
2021-05-25 12:51:00, 100.16, 100.16, 100.11, 100.12, 525, 0.0
2021-05-25 12:52:00, 100.11, 100.11, 100.09, 100.09, 346, 0.0
2021-05-25 12:53:00, 100.02, 100.06, 99.88, 99.88, 1100, 0.0
2021-05-25 12:54:00, 99.855, 99.91, 99.83, 99.91, 801, 0.0
2021-05-25 12:55:00, 99.96, 100, 99.95, 100, 501, 0.0
2021-05-25 12:56:00, 100.01, 100.02, 100, 100.01, 563, 0.0
2021-05-25 12:57:00, 100, 100, 99.97, 99.97, 319, 0.0
2021-05-25 12:58:00, 99.99, 100.01, 99.99, 99.99, 370, 0.0
2021-05-25 12:59:00, 99.995, 100.01, 99.995, 100.01, 402, 0.0
2021-05-25 13:00:00, 100, 100.025, 99.89, 99.925, 904, 0.0
2021-05-25 13:01:00, 99.96, 99.96, 99.845, 99.855, 700, 0.0
2021-05-25 13:02:00, 99.895, 99.895, 99.89, 99.89, 401, 0.0
2021-05-25 13:03:00, 99.895, 99.895, 99.72, 99.725, 740, 0.0
2021-05-25 13:04:00, 99.72, 99.76, 99.675, 99.76, 1201, 0.0
2021-05-25 13:05:00, 99.775, 99.775, 99.72, 99.72, 409, 0.0
2021-05-25 13:06:00, 99.705, 99.79, 99.705, 99.76, 1203, 0.0
2021-05-25 13:07:00, 99.695, 99.79, 99.695, 99.75, 700, 0.0
2021-05-25 13:08:00, 99.74, 99.8, 99.74, 99.8, 800, 0.0
2021-05-25 13:09:00, 99.785, 99.81, 99.77, 99.77, 800, 0.0
2021-05-25 13:10:00, 99.78, 99.83, 99.78, 99.83, 1038, 0.0
2021-05-25 13:11:00, 99.825, 99.825, 99.805, 99.805, 276, 0.0
2021-05-25 13:12:00, 99.84, 99.84, 99.84, 99.84, 126, 0.0
2021-05-25 13:13:00, 99.79, 99.8, 99.755, 99.755, 703, 0.0
2021-05-25 13:14:00, 99.79, 99.79, 99.79, 99.79, 100, 0.0
2021-05-25 13:15:00, 99.785, 99.79, 99.61, 99.61, 1107, 0.0
2021-05-25 13:16:00, 99.6, 99.615, 99.555, 99.615, 1249, 0.0
2021-05-25 13:17:00, 99.61, 99.675, 99.59, 99.675, 702, 0.0
2021-05-25 13:18:00, 99.695, 99.695, 99.64, 99.675, 601, 0.0
2021-05-25 13:19:00, 99.56, 99.61, 99.56, 99.61, 602, 0.0
2021-05-25 13:20:00, 99.61, 99.67, 99.61, 99.66, 503, 0.0
2021-05-25 13:21:00, 99.6, 99.66, 99.6, 99.66, 2010, 0.0
2021-05-25 13:22:00, 99.64, 99.64, 99.615, 99.63, 603, 0.0
2021-05-25 13:23:00, 99.605, 99.605, 99.57, 99.58, 523, 0.0
2021-05-25 13:24:00, 99.575, 99.575, 99.475, 99.575, 702, 0.0
2021-05-25 13:25:00, 99.56, 99.56, 99.52, 99.52, 227, 0.0
2021-05-25 13:26:00, 99.52, 99.665, 99.52, 99.66, 1002, 0.0
2021-05-25 13:27:00, 99.605, 99.7, 99.605, 99.65, 1097, 0.0
2021-05-25 13:28:00, 99.64, 99.655, 99.52, 99.52, 532, 0.0
2021-05-25 13:29:00, 99.55, 99.575, 99.55, 99.555, 501, 0.0
2021-05-25 13:30:00, 99.53, 99.68, 99.53, 99.68, 910, 0.0
2021-05-25 13:31:00, 99.665, 99.72, 99.665, 99.72, 210, 0.0
2021-05-25 13:32:00, 99.69, 99.695, 99.675, 99.68, 500, 0.0
2021-05-25 13:33:00, 99.71, 99.71, 99.7, 99.7, 7758, 0.0
2021-05-25 13:34:00, 99.67, 99.67, 99.66, 99.66, 308, 0.0
2021-05-25 13:35:00, 99.6, 99.63, 99.6, 99.63, 358, 0.0
2021-05-25 13:37:00, 99.735, 99.76, 99.735, 99.76, 1474, 0.0
2021-05-25 13:38:00, 99.79, 99.79, 99.72, 99.72, 805, 0.0
2021-05-25 13:39:00, 99.755, 99.785, 99.755, 99.78, 429, 0.0
2021-05-25 13:40:00, 99.79, 99.83, 99.79, 99.8, 706, 0.0
2021-05-25 13:41:00, 99.86, 99.86, 99.82, 99.82, 480, 0.0
2021-05-25 13:42:00, 99.79, 99.82, 99.79, 99.82, 209, 0.0
2021-05-25 13:43:00, 99.82, 99.855, 99.82, 99.855, 602, 0.0
2021-05-25 13:44:00, 99.82, 99.82, 99.67, 99.67, 445, 0.0
2021-05-25 13:45:00, 99.585, 99.585, 99.49, 99.49, 546, 0.0
2021-05-25 13:46:00, 99.44, 99.47, 99.44, 99.47, 444, 0.0
2021-05-25 13:47:00, 99.35, 99.41, 99.34, 99.34, 933, 0.0
2021-05-25 13:48:00, 99.26, 99.29, 99.235, 99.29, 1105, 0.0
2021-05-25 13:49:00, 99.315, 99.35, 99.26, 99.29, 536, 0.0
2021-05-25 13:50:00, 99.27, 99.27, 99.25, 99.25, 200, 0.0
2021-05-25 13:51:00, 99.21, 99.24, 99.19, 99.21, 742, 0.0
2021-05-25 13:52:00, 99.23, 99.23, 99.23, 99.23, 102, 0.0
2021-05-25 13:53:00, 99.21, 99.21, 99.21, 99.21, 208, 0.0
2021-05-25 13:54:00, 99.32, 99.355, 99.32, 99.355, 300, 0.0
2021-05-25 13:55:00, 99.31, 99.32, 99.225, 99.225, 1062, 0.0
2021-05-25 13:56:00, 99.22, 99.22, 99.22, 99.22, 312, 0.0
2021-05-25 13:57:00, 99.2, 99.2, 99.2, 99.2, 215, 0.0
2021-05-25 13:58:00, 99.23, 99.23, 99.23, 99.23, 110, 0.0
2021-05-25 13:59:00, 99.26, 99.265, 99.26, 99.265, 1079, 0.0
2021-05-25 14:00:00, 99.28, 99.285, 99.25, 99.285, 515, 0.0
2021-05-25 14:01:00, 99.28, 99.28, 98.98, 98.98, 965, 0.0
2021-05-25 14:02:00, 98.91, 98.97, 98.905, 98.92, 800, 0.0
2021-05-25 14:03:00, 98.93, 98.93, 98.87, 98.87, 617, 0.0
2021-05-25 14:04:00, 98.92, 98.92, 98.75, 98.79, 700, 0.0
2021-05-25 14:05:00, 98.85, 98.85, 98.85, 98.85, 215, 0.0
2021-05-25 14:06:00, 98.86, 98.86, 98.86, 98.86, 301, 0.0
2021-05-25 14:07:00, 98.865, 98.9, 98.86, 98.9, 587, 0.0
2021-05-25 14:08:00, 98.96, 98.97, 98.95, 98.95, 606, 0.0
2021-05-25 14:10:00, 98.77, 98.775, 98.74, 98.775, 600, 0.0
2021-05-25 14:11:00, 98.795, 98.82, 98.795, 98.82, 452, 0.0
2021-05-25 14:12:00, 98.755, 98.99, 98.755, 98.98, 1832, 0.0
2021-05-25 14:13:00, 98.99, 98.99, 98.99, 98.99, 229, 0.0
2021-05-25 14:14:00, 99, 99, 98.96, 98.965, 802, 0.0
2021-05-25 14:15:00, 98.94, 99.01, 98.94, 99, 725, 0.0
2021-05-25 14:16:00, 99, 99.04, 99, 99.02, 1051, 0.0
2021-05-25 14:17:00, 99.07, 99.075, 99, 99.04, 1696, 0.0
2021-05-25 14:18:00, 99.025, 99.03, 99.025, 99.03, 347, 0.0
2021-05-25 14:19:00, 99.045, 99.1, 99.045, 99.07, 923, 0.0
2021-05-25 14:20:00, 99.09, 99.15, 99.09, 99.15, 623, 0.0
2021-05-25 14:21:00, 99.12, 99.12, 99.085, 99.11, 666, 0.0
2021-05-25 14:22:00, 99.26, 99.26, 99.26, 99.26, 117, 0.0
2021-05-25 14:23:00, 99.27, 99.4, 99.27, 99.4, 919, 0.0
2021-05-25 14:24:00, 99.345, 99.36, 99.345, 99.36, 443, 0.0
2021-05-25 14:25:00, 99.4, 99.42, 99.4, 99.42, 594, 0.0
2021-05-25 14:26:00, 99.38, 99.42, 99.38, 99.42, 430, 0.0
2021-05-25 14:27:00, 99.42, 99.46, 99.42, 99.46, 677, 0.0
2021-05-25 14:28:00, 99.395, 99.4, 99.3, 99.3, 808, 0.0
2021-05-25 14:29:00, 99.31, 99.375, 99.31, 99.375, 611, 0.0
2021-05-25 14:30:00, 99.355, 99.36, 99.31, 99.35, 864, 0.0
2021-05-25 14:31:00, 99.34, 99.35, 99.31, 99.35, 838, 0.0
2021-05-25 14:32:00, 99.32, 99.34, 99.26, 99.26, 951, 0.0
2021-05-25 14:33:00, 99.27, 99.285, 99.27, 99.27, 813, 0.0
2021-05-25 14:34:00, 99.34, 99.34, 99.31, 99.34, 1072, 0.0
2021-05-25 14:35:00, 99.38, 99.38, 99.33, 99.38, 1569, 0.0
2021-05-25 14:36:00, 99.4, 99.4, 99.27, 99.28, 865, 0.0
2021-05-25 14:37:00, 99.27, 99.27, 99.15, 99.15, 794, 0.0
2021-05-25 14:38:00, 99.16, 99.18, 99.16, 99.17, 517, 0.0
2021-05-25 14:39:00, 99.19, 99.24, 99.19, 99.21, 600, 0.0
2021-05-25 14:40:00, 99.23, 99.27, 99.2, 99.2, 718, 0.0
2021-05-25 14:41:00, 99.27, 99.28, 99.26, 99.28, 635, 0.0
2021-05-25 14:42:00, 99.31, 99.405, 99.3, 99.405, 999, 0.0
2021-05-25 14:43:00, 99.35, 99.4, 99.335, 99.335, 901, 0.0
2021-05-25 14:44:00, 99.34, 99.34, 99.28, 99.32, 901, 0.0
2021-05-25 14:46:00, 99.35, 99.4, 99.34, 99.4, 900, 0.0
2021-05-25 14:47:00, 99.38, 99.4, 99.35, 99.35, 639, 0.0
2021-05-25 14:48:00, 99.37, 99.38, 99.36, 99.37, 1015, 0.0
2021-05-25 14:49:00, 99.42, 99.42, 99.335, 99.335, 1559, 0.0
2021-05-25 14:50:00, 99.34, 99.4, 99.14, 99.16, 2246, 0.0
2021-05-25 14:51:00, 99.17, 99.17, 99.02, 99.02, 1548, 0.0
2021-05-25 14:52:00, 99.05, 99.11, 99.03, 99.11, 1535, 0.0
2021-05-25 14:53:00, 99.09, 99.18, 99.03, 99.12, 2173, 0.0
2021-05-25 14:54:00, 99.11, 99.12, 99.06, 99.105, 1416, 0.0
2021-05-25 14:55:00, 99.09, 99.31, 99.03, 99.31, 3745, 0.0
2021-05-25 14:56:00, 99.33, 99.49, 99.32, 99.49, 2251, 0.0
2021-05-25 14:57:00, 99.54, 99.54, 99.48, 99.5, 2112, 0.0
2021-05-25 14:58:00, 99.49, 99.51, 99.465, 99.47, 1510, 0.0
2021-05-25 14:59:00, 99.47, 99.47, 99.43, 99.43, 1982, 0.0
2021-05-26 08:30:00, 100.035, 100.325, 100.035, 100.12, 8161, 0.0
2021-05-26 08:31:00, 100.235, 100.65, 100.235, 100.65, 2001, 0.0
2021-05-26 08:32:00, 100.785, 100.92, 100.6, 100.805, 2603, 0.0
2021-05-26 08:33:00, 100.835, 100.87, 100.6, 100.83, 5355, 0.0
2021-05-26 08:34:00, 100.8, 100.81, 100.6, 100.805, 2931, 0.0
2021-05-26 08:35:00, 100.67, 100.72, 100.61, 100.63, 976, 0.0
2021-05-26 08:36:00, 100.76, 100.975, 100.625, 100.825, 2728, 0.0
2021-05-26 08:37:00, 100.95, 101, 100.77, 100.77, 809, 0.0
2021-05-26 08:38:00, 100.72, 100.97, 100.705, 100.905, 2355, 0.0
2021-05-26 08:39:00, 100.81, 100.81, 100.66, 100.66, 626, 0.0
2021-05-26 08:40:00, 100.72, 100.82, 100.66, 100.71, 2958, 0.0
2021-05-26 08:41:00, 100.71, 100.92, 100.71, 100.92, 2651, 0.0
2021-05-26 08:42:00, 101, 101, 100.84, 100.9, 3312, 0.0
2021-05-26 08:43:00, 100.89, 101.015, 100.87, 101.015, 2085, 0.0
2021-05-26 08:44:00, 101.03, 101.03, 100.63, 100.75, 1838, 0.0
2021-05-26 08:45:00, 100.75, 100.82, 100.5, 100.55, 5015, 0.0
2021-05-26 08:46:00, 100.46, 100.49, 100.37, 100.465, 1923, 0.0
2021-05-26 08:47:00, 100.46, 100.81, 100.46, 100.8, 2569, 0.0
2021-05-26 08:48:00, 100.83, 101.015, 100.79, 101.005, 3367, 0.0
2021-05-26 08:49:00, 100.93, 101.2, 100.78, 100.78, 2650, 0.0
2021-05-26 08:50:00, 100.82, 100.99, 100.71, 100.99, 1703, 0.0
2021-05-26 08:51:00, 101.035, 101.25, 101.035, 101.12, 1531, 0.0
2021-05-26 08:52:00, 101.13, 101.13, 100.96, 100.96, 759, 0.0
2021-05-26 08:53:00, 100.9, 100.9, 100.84, 100.85, 1119, 0.0
2021-05-26 08:54:00, 100.94, 101.05, 100.94, 100.965, 2484, 0.0
2021-05-26 08:55:00, 101.01, 101.1, 101.01, 101.04, 1123, 0.0
2021-05-26 08:56:00, 101.16, 101.17, 101.14, 101.16, 2001, 0.0
2021-05-26 08:57:00, 101.12, 101.15, 101.02, 101.12, 3872, 0.0
2021-05-26 08:58:00, 101.16, 101.26, 101.11, 101.26, 1837, 0.0
2021-05-26 08:59:00, 101.305, 101.32, 101.155, 101.17, 2431, 0.0
2021-05-26 09:00:00, 101.31, 101.32, 101.22, 101.29, 1310, 0.0
2021-05-26 09:01:00, 101.21, 101.31, 101.07, 101.07, 1503, 0.0
2021-05-26 09:02:00, 100.82, 100.82, 100.67, 100.71, 1873, 0.0
2021-05-26 09:03:00, 100.66, 100.75, 100.63, 100.75, 1156, 0.0
2021-05-26 09:04:00, 100.38, 100.46, 100.24, 100.4, 1658, 0.0
2021-05-26 09:05:00, 100.535, 100.7, 100.535, 100.65, 1285, 0.0
2021-05-26 09:06:00, 100.74, 100.98, 100.67, 100.855, 1789, 0.0
2021-05-26 09:07:00, 100.96, 101, 100.9, 100.97, 796, 0.0
2021-05-26 09:08:00, 100.85, 100.935, 100.84, 100.935, 302, 0.0
2021-05-26 09:09:00, 101.04, 101.04, 100.99, 101, 420, 0.0
2021-05-26 09:10:00, 101.01, 101.01, 100.86, 100.86, 1415, 0.0
2021-05-26 09:11:00, 100.98, 101.02, 100.97, 100.97, 533, 0.0
2021-05-26 09:12:00, 100.67, 100.935, 100.67, 100.93, 1622, 0.0
2021-05-26 09:13:00, 101.05, 101.06, 100.98, 101.02, 2357, 0.0
2021-05-26 09:14:00, 101, 101.1, 100.975, 101.1, 2601, 0.0
2021-05-26 09:15:00, 101.07, 101.39, 101, 101.39, 2632, 0.0
2021-05-26 09:16:00, 101.4, 101.575, 101.39, 101.575, 817, 0.0
2021-05-26 09:17:00, 101.7, 101.7, 101.7, 101.7, 197, 0.0
2021-05-26 09:18:00, 101.66, 101.685, 101.66, 101.67, 456, 0.0
2021-05-26 09:19:00, 101.7, 101.7, 101.645, 101.645, 684, 0.0
2021-05-26 09:20:00, 101.54, 101.67, 101.54, 101.59, 1127, 0.0
2021-05-26 09:21:00, 101.67, 101.84, 101.67, 101.84, 3096, 0.0
2021-05-26 09:22:00, 101.87, 101.9, 101.71, 101.74, 4903, 0.0
2021-05-26 09:23:00, 101.825, 102.01, 101.81, 102, 2015, 0.0
2021-05-26 09:24:00, 102.035, 102.11, 102.02, 102.11, 765, 0.0
2021-05-26 09:25:00, 102.02, 102.04, 101.93, 101.97, 853, 0.0
2021-05-26 09:26:00, 102.01, 102.2, 102, 102.14, 1585, 0.0
2021-05-26 09:27:00, 102.14, 102.335, 102.14, 102.26, 3161, 0.0
2021-05-26 09:28:00, 102.28, 102.39, 102.28, 102.38, 7645, 0.0
2021-05-26 09:29:00, 102.45, 102.69, 102.41, 102.66, 6753, 0.0
2021-05-26 09:30:00, 102.66, 102.83, 102.66, 102.815, 1969, 0.0
2021-05-26 09:31:00, 102.81, 102.92, 102.7, 102.92, 2924, 0.0
2021-05-26 09:32:00, 102.96, 103.34, 102.96, 103.24, 3022, 0.0
2021-05-26 09:33:00, 103.27, 103.27, 103.06, 103.11, 1192, 0.0
2021-05-26 09:34:00, 103.11, 103.2, 103.06, 103.08, 1958, 0.0
2021-05-26 09:35:00, 103.12, 103.48, 103.105, 103.305, 3812, 0.0
2021-05-26 09:36:00, 103.41, 103.52, 103.41, 103.5, 3700, 0.0
2021-05-26 09:37:00, 103.54, 103.73, 103.5, 103.64, 3620, 0.0
2021-05-26 09:38:00, 103.56, 103.59, 103.4, 103.48, 2488, 0.0
2021-05-26 09:39:00, 103.47, 103.475, 103.35, 103.44, 2631, 0.0
2021-05-26 09:40:00, 103.48, 103.86, 103.48, 103.815, 3398, 0.0
2021-05-26 09:41:00, 103.72, 103.8, 103.63, 103.63, 1345, 0.0
2021-05-26 09:42:00, 103.78, 104, 103.78, 103.8, 7137, 0.0
2021-05-26 09:43:00, 103.68, 103.955, 103.68, 103.75, 1748, 0.0
2021-05-26 09:44:00, 103.85, 104.315, 103.77, 104.17, 3416, 0.0
2021-05-26 09:45:00, 104.23, 104.63, 104.23, 104.59, 6034, 0.0
2021-05-26 09:46:00, 104.48, 104.55, 104.31, 104.49, 2461, 0.0
2021-05-26 09:47:00, 104.515, 104.65, 104.335, 104.36, 3436, 0.0
2021-05-26 09:48:00, 104.425, 104.5, 104.21, 104.21, 2479, 0.0
2021-05-26 09:49:00, 104.365, 104.365, 104.12, 104.24, 2015, 0.0
2021-05-26 09:50:00, 104.255, 104.68, 104.255, 104.56, 1802, 0.0
2021-05-26 09:51:00, 104.53, 104.64, 104.25, 104.25, 1838, 0.0
2021-05-26 09:52:00, 104.32, 104.49, 104.32, 104.49, 2162, 0.0
2021-05-26 09:53:00, 104.53, 104.68, 104.33, 104.34, 1874, 0.0
2021-05-26 09:54:00, 104.28, 104.435, 104.25, 104.415, 3225, 0.0
2021-05-26 09:55:00, 104.41, 104.465, 104.25, 104.33, 1417, 0.0
2021-05-26 09:56:00, 104.34, 104.45, 104.33, 104.45, 2134, 0.0
2021-05-26 09:57:00, 104.46, 104.94, 104.46, 104.94, 1914, 0.0
2021-05-26 09:58:00, 104.95, 105.05, 104.81, 104.96, 8492, 0.0
2021-05-26 09:59:00, 104.93, 104.93, 104.55, 104.67, 2976, 0.0
2021-05-26 10:00:00, 104.66, 104.85, 104.66, 104.85, 6579, 0.0
2021-05-26 10:01:00, 104.93, 105.03, 104.8, 104.95, 6747, 0.0
2021-05-26 10:02:00, 104.95, 105.13, 104.95, 105.02, 5665, 0.0
2021-05-26 10:03:00, 105.05, 105.41, 104.93, 105.41, 7046, 0.0
2021-05-26 10:04:00, 105.3, 105.55, 105.28, 105.42, 3858, 0.0
2021-05-26 10:05:00, 105.36, 105.5, 105.36, 105.46, 2266, 0.0
2021-05-26 10:06:00, 105.49, 105.69, 105.47, 105.62, 5261, 0.0
2021-05-26 10:07:00, 105.71, 105.71, 105.415, 105.56, 4522, 0.0
2021-05-26 10:08:00, 105.52, 105.52, 105.24, 105.3, 2367, 0.0
2021-05-26 10:09:00, 105.43, 105.545, 105.34, 105.49, 2901, 0.0
2021-05-26 10:10:00, 105.46, 105.79, 105.46, 105.77, 4626, 0.0
2021-05-26 10:11:00, 105.89, 106.15, 105.84, 106.105, 3718, 0.0
2021-05-26 10:12:00, 106.11, 106.175, 105.98, 106.175, 3320, 0.0
2021-05-26 10:13:00, 106.24, 106.24, 106.035, 106.16, 2735, 0.0
2021-05-26 10:14:00, 106.19, 106.53, 106.19, 106.53, 4173, 0.0
2021-05-26 10:15:00, 106.61, 106.61, 106.39, 106.5, 4883, 0.0
2021-05-26 10:16:00, 106.55, 107.13, 106.55, 106.975, 6407, 0.0
2021-05-26 10:17:00, 106.97, 107.045, 106.8, 106.85, 5220, 0.0
2021-05-26 10:18:00, 106.85, 106.95, 106.62, 106.76, 2778, 0.0
2021-05-26 10:19:00, 106.7, 106.81, 106.625, 106.76, 2019, 0.0
2021-05-26 10:20:00, 106.69, 107, 106.56, 106.96, 3661, 0.0
2021-05-26 10:21:00, 106.8, 107.41, 106.79, 107.225, 4643, 0.0
2021-05-26 10:22:00, 107.2, 107.21, 106.76, 106.77, 10009, 0.0
2021-05-26 10:23:00, 106.81, 107.06, 106.745, 106.93, 16354, 0.0
2021-05-26 10:24:00, 106.96, 107, 106.88, 106.975, 4869, 0.0
2021-05-26 10:25:00, 107.025, 107.42, 107.025, 107.42, 3436, 0.0
2021-05-26 10:26:00, 107.4, 107.5, 107.265, 107.355, 5214, 0.0
2021-05-26 10:27:00, 107.43, 107.71, 107.34, 107.585, 5040, 0.0
2021-05-26 10:28:00, 107.48, 107.79, 107.47, 107.58, 4040, 0.0
2021-05-26 10:29:00, 107.635, 107.84, 107.615, 107.67, 10580, 0.0
2021-05-26 10:30:00, 107.74, 108.02, 107.62, 107.715, 20255, 0.0
2021-05-26 10:31:00, 107.715, 108, 107.63, 107.95, 17120, 0.0
2021-05-26 10:32:00, 107.935, 108.12, 107.74, 108.04, 17744, 0.0
2021-05-26 10:33:00, 107.96, 108.075, 107.85, 107.99, 13001, 0.0
2021-05-26 10:34:00, 107.95, 108.165, 107.875, 108.12, 11282, 0.0
2021-05-26 10:35:00, 108.07, 108.215, 108, 108, 8114, 0.0
2021-05-26 10:36:00, 108.005, 108.05, 107.85, 108.05, 6357, 0.0
2021-05-26 10:37:00, 107.95, 108.18, 107.95, 108.15, 3052, 0.0
2021-05-26 10:38:00, 108.14, 108.445, 108.03, 108.445, 4673, 0.0
2021-05-26 10:39:00, 108.31, 108.31, 108, 108, 4054, 0.0
2021-05-26 10:40:00, 107.925, 108.19, 107.925, 108.18, 3458, 0.0
2021-05-26 10:41:00, 108.275, 108.61, 108.275, 108.565, 3458, 0.0
2021-05-26 10:42:00, 108.43, 108.49, 108.29, 108.29, 2443, 0.0
2021-05-26 10:43:00, 108.21, 108.39, 108.21, 108.39, 1485, 0.0
2021-05-26 10:44:00, 108.425, 109.06, 108.25, 108.87, 9242, 0.0
