Date, Open, High, Low, Close, Volume, Open Interest
2021-05-12 11:00:00, 87.11, 87.34, 86.8, 86.8, 5728, 0.0
2021-05-12 11:05:00, 86.69, 87.01, 86.54, 87, 8508, 0.0
2021-05-12 11:10:00, 86.9, 87.39, 86.9, 87.19, 6665, 0.0
2021-05-12 11:15:00, 87.17, 87.51, 87.03, 87.49, 9142, 0.0
2021-05-12 11:20:00, 87.41, 88.32, 87.41, 88.19, 6430, 0.0
2021-05-12 11:25:00, 87.96, 88.41, 87.96, 88.31, 8877, 0.0
2021-05-12 11:30:00, 88.27, 89.7, 88.25, 89.36, 19202, 0.0
2021-05-12 11:35:00, 89.53, 89.59, 89.09, 89.16, 4919, 0.0
2021-05-12 11:40:00, 89.28, 89.54, 89.11, 89.42, 3927, 0.0
2021-05-12 11:45:00, 89.27, 89.7, 89.17, 89.575, 2413, 0.0
2021-05-12 11:50:00, 89.56, 89.98, 89.56, 89.98, 3907, 0.0
2021-05-12 11:55:00, 89.79, 89.95, 89.57, 89.66, 4215, 0.0
2021-05-12 12:00:00, 89.59, 90.005, 89.325, 90.005, 3464, 0.0
2021-05-12 12:05:00, 90.05, 90.19, 89.83, 89.85, 980, 0.0
2021-05-12 12:10:00, 89.75, 89.9, 89.72, 89.83, 15812, 0.0
2021-05-12 12:15:00, 89.81, 89.81, 89.55, 89.58, 5441, 0.0
2021-05-12 12:20:00, 89.56, 89.67, 89.39, 89.39, 3265, 0.0
2021-05-12 12:25:00, 89.57, 89.99, 89.56, 89.76, 5626, 0.0
2021-05-12 12:30:00, 89.95, 90.21, 89.905, 90.025, 7976, 0.0
2021-05-12 12:35:00, 90.02, 90.27, 89.99, 90.11, 7555, 0.0
2021-05-12 12:40:00, 90.18, 90.45, 90.05, 90.43, 3139, 0.0
2021-05-12 12:45:00, 90.46, 90.46, 89.95, 89.95, 5252, 0.0
2021-05-12 12:50:00, 89.96, 89.96, 89.63, 89.64, 1089, 0.0
2021-05-12 12:55:00, 89.8, 89.8, 89.285, 89.285, 1465, 0.0
2021-05-12 13:00:00, 89.285, 89.88, 89.13, 89.64, 5632, 0.0
2021-05-12 13:05:00, 89.46, 89.46, 89.25, 89.39, 1809, 0.0
2021-05-12 13:10:00, 89.23, 89.23, 88.84, 88.93, 2519, 0.0
2021-05-12 13:15:00, 88.91, 89.045, 88.8, 89.045, 4524, 0.0
2021-05-12 13:20:00, 89.23, 89.34, 88.89, 89.04, 4470, 0.0
2021-05-12 13:25:00, 88.9, 89.19, 88.89, 89.1, 3402, 0.0
2021-05-12 13:30:00, 89.07, 89.13, 88.68, 88.9, 4430, 0.0
2021-05-12 13:35:00, 88.79, 88.94, 88.625, 88.89, 11615, 0.0
2021-05-12 13:40:00, 88.87, 89.05, 88.85, 89.04, 2354, 0.0
2021-05-12 13:45:00, 89.06, 89.06, 88.68, 88.77, 5342, 0.0
2021-05-12 13:50:00, 88.775, 89.23, 88.755, 89.15, 7914, 0.0
2021-05-12 13:55:00, 89.01, 89.1, 88.4, 88.45, 3190, 0.0
2021-05-12 14:00:00, 88.47, 88.47, 88.19, 88.24, 2188, 0.0
2021-05-12 14:05:00, 88.235, 88.4, 88.07, 88.33, 3693, 0.0
2021-05-12 14:10:00, 88.26, 88.33, 88.08, 88.32, 4914, 0.0
2021-05-12 14:15:00, 88.17, 88.49, 88.16, 88.23, 6351, 0.0
2021-05-12 14:20:00, 88.33, 88.93, 88.33, 88.51, 8116, 0.0
2021-05-12 14:25:00, 88.52, 89.065, 88.51, 89.06, 14155, 0.0
2021-05-12 14:30:00, 89.06, 89.14, 88.69, 88.85, 8415, 0.0
2021-05-12 14:35:00, 88.83, 88.89, 88.69, 88.76, 4603, 0.0
2021-05-12 14:40:00, 88.715, 89.12, 88.68, 89.07, 13999, 0.0
2021-05-12 14:45:00, 89.095, 89.445, 89.05, 89.08, 10151, 0.0
2021-05-12 14:50:00, 88.83, 89.13, 88.76, 89.06, 11946, 0.0
2021-05-12 14:55:00, 88.95, 89.87, 88.95, 89.41, 24157, 0.0
2021-05-13 08:30:00, 90.91, 92.11, 90.88, 91.56, 18506, 0.0
2021-05-13 08:35:00, 91.35, 93.38, 91.35, 92.915, 36326, 0.0
2021-05-13 08:40:00, 93.04, 94.07, 92.47, 93.45, 28200, 0.0
2021-05-13 08:45:00, 93.65, 93.91, 92.825, 93.01, 30966, 0.0
2021-05-13 08:50:00, 93, 94.23, 93, 93.99, 18697, 0.0
2021-05-13 08:55:00, 93.65, 94.17, 93.46, 94.17, 15465, 0.0
2021-05-13 09:00:00, 94.16, 94.7, 93.915, 94.6, 14450, 0.0
2021-05-13 09:05:00, 94.66, 95.09, 94.57, 94.76, 15928, 0.0
2021-05-13 09:10:00, 94.58, 94.83, 94.13, 94.695, 16059, 0.0
2021-05-13 09:15:00, 94.8, 95.25, 94.62, 94.93, 13106, 0.0
2021-05-13 09:20:00, 94.77, 94.86, 94.23, 94.49, 10450, 0.0
2021-05-13 09:25:00, 94.45, 94.49, 93.49, 93.67, 15538, 0.0
2021-05-13 09:30:00, 93.89, 94.06, 93.28, 93.9, 8469, 0.0
2021-05-13 09:35:00, 93.87, 93.94, 93.45, 93.8, 4994, 0.0
2021-05-13 09:40:00, 93.7, 93.94, 93.395, 93.61, 17733, 0.0
2021-05-13 09:45:00, 93.49, 94.46, 93.47, 94.17, 5821, 0.0
2021-05-13 09:50:00, 94.26, 94.57, 94.19, 94.57, 9221, 0.0
2021-05-13 09:55:00, 94.64, 95.08, 94.64, 95.08, 6501, 0.0
2021-05-13 10:00:00, 95.1, 95.18, 94.61, 94.76, 7062, 0.0
2021-05-13 10:05:00, 94.69, 95.28, 94.51, 95.27, 5591, 0.0
2021-05-13 10:10:00, 95.025, 95.38, 94.71, 94.88, 9290, 0.0
2021-05-13 10:15:00, 94.75, 94.76, 93.82, 94.14, 12296, 0.0
2021-05-13 10:20:00, 93.99, 94.08, 93.645, 93.77, 13995, 0.0
2021-05-13 10:25:00, 93.76, 93.815, 93.435, 93.63, 18721, 0.0
2021-05-13 10:30:00, 93.55, 93.8, 93.55, 93.725, 12381, 0.0
2021-05-13 10:35:00, 93.72, 94.335, 93.645, 94.09, 7442, 0.0
2021-05-13 10:40:00, 93.88, 93.88, 92.84, 93, 7736, 0.0
2021-05-13 10:45:00, 93.03, 93.19, 92.97, 93.095, 5900, 0.0
2021-05-13 10:50:00, 93.09, 93.18, 92.88, 93.06, 4454, 0.0
2021-05-13 10:55:00, 93.15, 93.2, 92.97, 93.195, 6270, 0.0
2021-05-13 11:00:00, 93.29, 93.74, 93.08, 93.23, 7397, 0.0
2021-05-13 11:05:00, 93.06, 93.11, 92.715, 92.965, 5824, 0.0
2021-05-13 11:10:00, 93.19, 93.49, 93.16, 93.49, 5597, 0.0
2021-05-13 11:15:00, 93.54, 93.93, 93.44, 93.45, 15132, 0.0
2021-05-13 11:20:00, 93.41, 93.57, 93.22, 93.22, 2638, 0.0
2021-05-13 11:25:00, 93.39, 93.98, 93.39, 93.95, 3101, 0.0
2021-05-13 11:30:00, 94.02, 94.23, 94.02, 94.15, 4232, 0.0
2021-05-13 11:35:00, 94.01, 94.1, 93.7, 93.7, 3460, 0.0
2021-05-13 11:40:00, 93.83, 93.94, 93.79, 93.94, 2920, 0.0
2021-05-13 11:45:00, 93.905, 94.03, 93.63, 93.705, 5077, 0.0
2021-05-13 11:50:00, 93.35, 93.48, 93.14, 93.3, 6307, 0.0
2021-05-13 11:55:00, 92.67, 92.7, 92.48, 92.555, 1440, 0.0
2021-05-13 12:00:00, 92.63, 92.71, 92.285, 92.51, 4916, 0.0
2021-05-13 12:05:00, 92.48, 92.94, 92.35, 92.76, 4539, 0.0
2021-05-13 12:10:00, 92.63, 93.14, 92.62, 93, 3910, 0.0
2021-05-13 12:15:00, 93.035, 93.07, 92.77, 92.805, 6256, 0.0
2021-05-13 12:20:00, 92.785, 92.92, 92.75, 92.9, 12863, 0.0
2021-05-13 12:25:00, 92.85, 93.05, 92.85, 92.98, 5338, 0.0
2021-05-13 12:30:00, 92.94, 93.05, 92.14, 92.15, 15159, 0.0
2021-05-13 12:35:00, 92.125, 92.32, 91.78, 92.11, 7281, 0.0
2021-05-13 12:40:00, 91.98, 92, 91.58, 91.59, 4567, 0.0
2021-05-13 12:45:00, 91.64, 91.67, 91.28, 91.35, 4839, 0.0
2021-05-13 12:50:00, 91.48, 92.08, 91.45, 92.08, 5164, 0.0
2021-05-13 12:55:00, 92.025, 92.14, 91.67, 91.67, 1443, 0.0
2021-05-13 13:00:00, 91.87, 92.385, 91.87, 92.27, 1210, 0.0
2021-05-13 13:05:00, 92.11, 92.765, 92.025, 92.545, 5365, 0.0
2021-05-13 13:10:00, 92.465, 92.48, 92.245, 92.45, 3114, 0.0
2021-05-13 13:15:00, 92.47, 92.485, 91.31, 91.64, 8525, 0.0
2021-05-13 13:20:00, 91.61, 92.1, 91.6, 91.64, 5091, 0.0
2021-05-13 13:25:00, 91.46, 91.49, 90.85, 91.03, 10086, 0.0
2021-05-13 13:30:00, 90.73, 90.88, 90.65, 90.88, 1697, 0.0
2021-05-13 13:35:00, 90.9, 91.32, 90.85, 90.96, 9072, 0.0
2021-05-13 13:40:00, 91.07, 91.95, 91.025, 91.93, 7243, 0.0
2021-05-13 13:45:00, 91.96, 92.05, 91.57, 92.05, 5633, 0.0
2021-05-13 13:50:00, 91.83, 91.89, 91.72, 91.87, 4304, 0.0
2021-05-13 13:55:00, 91.95, 92.12, 91.89, 92, 6492, 0.0
2021-05-13 14:00:00, 92.15, 92.54, 92.12, 92.12, 7281, 0.0
2021-05-13 14:05:00, 92.13, 92.37, 92.125, 92.26, 3764, 0.0
2021-05-13 14:10:00, 92.29, 92.3, 92.09, 92.3, 5125, 0.0
2021-05-13 14:15:00, 92.46, 92.66, 92.35, 92.56, 7278, 0.0
2021-05-13 14:20:00, 92.56, 92.86, 92.45, 92.86, 9367, 0.0
2021-05-13 14:25:00, 92.86, 92.92, 92.64, 92.86, 2964, 0.0
2021-05-13 14:30:00, 92.93, 93.3, 92.93, 93.18, 5899, 0.0
2021-05-13 14:35:00, 93.18, 93.73, 93.18, 93.625, 7570, 0.0
2021-05-13 14:40:00, 93.645, 94.09, 93.47, 93.98, 11249, 0.0
2021-05-13 14:45:00, 94.01, 94.615, 93.92, 94.615, 12056, 0.0
2021-05-13 14:50:00, 94.34, 95.16, 94.34, 95.14, 21793, 0.0
2021-05-13 14:55:00, 95.03, 95.42, 95, 95.26, 24773, 0.0
2021-05-14 08:30:00, 95.87, 96.405, 94.86, 95.27, 28328, 0.0
2021-05-14 08:35:00, 95.26, 95.39, 94.41, 94.62, 17034, 0.0
2021-05-14 08:40:00, 94.5, 94.57, 93.26, 94.18, 30407, 0.0
2021-05-14 08:45:00, 94.11, 94.6, 93.27, 93.55, 12746, 0.0
2021-05-14 08:50:00, 93.61, 94.29, 92.99, 94.17, 12931, 0.0
2021-05-14 08:55:00, 94.23, 95.08, 94.23, 94.85, 7308, 0.0
2021-05-14 09:00:00, 94.9, 95.605, 94.83, 95.49, 9287, 0.0
2021-05-14 09:05:00, 95.39, 95.98, 95.34, 95.98, 12581, 0.0
2021-05-14 09:10:00, 96.17, 96.43, 95.87, 95.98, 7026, 0.0
2021-05-14 09:15:00, 95.98, 96.57, 95.93, 96.33, 7392, 0.0
2021-05-14 09:20:00, 96.29, 97.36, 96.29, 96.96, 11119, 0.0
2021-05-14 09:25:00, 97.04, 97.47, 96.805, 97.07, 5495, 0.0
2021-05-14 09:30:00, 97.19, 97.72, 97.185, 97.32, 13538, 0.0
2021-05-14 09:35:00, 97.26, 97.565, 97.23, 97.55, 6821, 0.0
2021-05-14 09:40:00, 97.41, 97.57, 97.23, 97.275, 7825, 0.0
2021-05-14 09:45:00, 97.35, 97.75, 97.34, 97.555, 9404, 0.0
2021-05-14 09:50:00, 97.7, 97.78, 96.86, 96.92, 8193, 0.0
2021-05-14 09:55:00, 96.77, 96.94, 96.56, 96.72, 6786, 0.0
2021-05-14 10:00:00, 96.7, 96.71, 96.33, 96.625, 7589, 0.0
2021-05-14 10:05:00, 96.56, 96.625, 96.37, 96.37, 2847, 0.0
2021-05-14 10:10:00, 96.34, 97.46, 96.3, 97.2, 8276, 0.0
2021-05-14 10:15:00, 97.35, 97.61, 97.34, 97.5, 2779, 0.0
2021-05-14 10:20:00, 97.5, 97.535, 96.98, 97.05, 2821, 0.0
2021-05-14 10:25:00, 97.1, 97.1, 96.76, 96.93, 1774, 0.0
2021-05-14 10:30:00, 96.95, 97.03, 96.75, 96.82, 3176, 0.0
2021-05-14 10:35:00, 97, 97, 96.78, 96.78, 2253, 0.0
2021-05-14 10:40:00, 96.91, 96.91, 96.63, 96.675, 3732, 0.0
2021-05-14 10:45:00, 96.95, 97.26, 96.945, 97.14, 2634, 0.0
2021-05-14 10:50:00, 96.9, 96.9, 96.6, 96.84, 5012, 0.0
2021-05-14 10:55:00, 96.88, 97.01, 96.66, 96.98, 3732, 0.0
2021-05-14 11:00:00, 97.13, 97.16, 96.865, 97.05, 1450, 0.0
2021-05-14 11:05:00, 97.15, 97.535, 97.15, 97.445, 4436, 0.0
2021-05-14 11:10:00, 97.21, 97.285, 97.21, 97.245, 760, 0.0
2021-05-14 11:15:00, 97.175, 97.32, 97.05, 97.3, 2950, 0.0
2021-05-14 11:20:00, 97.36, 97.36, 96.95, 96.95, 3095, 0.0
2021-05-14 11:25:00, 97.05, 97.05, 96.81, 96.97, 2126, 0.0
2021-05-14 11:30:00, 96.92, 97.27, 96.92, 97.15, 2087, 0.0
2021-05-14 11:35:00, 97.01, 97.02, 96.92, 96.925, 2150, 0.0
2021-05-14 11:40:00, 96.99, 97.01, 96.725, 96.77, 2071, 0.0
2021-05-14 11:45:00, 96.845, 96.93, 96.84, 96.89, 857, 0.0
2021-05-14 11:50:00, 96.8, 96.96, 96.72, 96.83, 4097, 0.0
2021-05-14 11:55:00, 96.85, 97.16, 96.85, 96.97, 5405, 0.0
2021-05-14 12:00:00, 96.58, 96.58, 96.54, 96.54, 660, 0.0
2021-05-14 12:05:00, 96.43, 96.525, 96.37, 96.5, 2704, 0.0
2021-05-14 12:10:00, 96.51, 96.67, 96.28, 96.44, 3085, 0.0
2021-05-14 12:15:00, 96.32, 96.35, 96.21, 96.35, 3183, 0.0
2021-05-14 12:20:00, 96.36, 96.44, 96.22, 96.28, 1319, 0.0
2021-05-14 12:25:00, 96.26, 96.65, 96.26, 96.54, 3067, 0.0
2021-05-14 12:30:00, 96.49, 96.49, 96.17, 96.19, 1555, 0.0
2021-05-14 12:35:00, 96.34, 96.34, 96.14, 96.15, 1945, 0.0
2021-05-14 12:40:00, 96.08, 96.16, 95.83, 95.9, 4270, 0.0
2021-05-14 12:45:00, 95.88, 95.88, 95.43, 95.605, 8138, 0.0
2021-05-14 12:50:00, 95.61, 95.63, 95.36, 95.36, 2657, 0.0
2021-05-14 12:55:00, 95.39, 95.71, 95.39, 95.65, 2845, 0.0
2021-05-14 13:00:00, 95.59, 95.73, 95.48, 95.61, 2973, 0.0
2021-05-14 13:05:00, 95.74, 95.93, 95.7, 95.84, 4296, 0.0
2021-05-14 13:10:00, 95.94, 95.94, 95.6, 95.6, 3108, 0.0
2021-05-14 13:15:00, 95.52, 95.66, 95.46, 95.66, 1723, 0.0
2021-05-14 13:20:00, 95.68, 96.14, 95.68, 95.95, 3256, 0.0
2021-05-14 13:25:00, 96.11, 96.43, 96.11, 96.24, 2141, 0.0
2021-05-14 13:30:00, 96.21, 96.295, 96.14, 96.255, 2209, 0.0
2021-05-14 13:35:00, 96.26, 96.46, 96.2, 96.26, 4969, 0.0
2021-05-14 13:40:00, 96.15, 96.21, 95.975, 96.03, 5895, 0.0
2021-05-14 13:45:00, 96.06, 96.07, 95.86, 95.94, 5361, 0.0
2021-05-14 13:50:00, 95.87, 95.87, 95.73, 95.87, 2353, 0.0
2021-05-14 13:55:00, 95.975, 96.2, 95.94, 95.96, 4111, 0.0
2021-05-14 14:00:00, 95.96, 96, 95.81, 95.87, 3663, 0.0
2021-05-14 14:05:00, 95.84, 95.93, 95.74, 95.74, 1535, 0.0
2021-05-14 14:10:00, 95.71, 95.915, 95.71, 95.74, 3224, 0.0
2021-05-14 14:15:00, 95.965, 96.06, 95.795, 95.88, 3454, 0.0
2021-05-14 14:20:00, 95.86, 95.86, 95.365, 95.42, 12899, 0.0
2021-05-14 14:25:00, 95.43, 95.54, 95.03, 95.23, 14435, 0.0
2021-05-14 14:30:00, 95.2, 95.85, 95.2, 95.69, 14338, 0.0
2021-05-14 14:35:00, 95.69, 95.72, 95.5, 95.72, 6599, 0.0
2021-05-14 14:40:00, 95.705, 95.99, 95.68, 95.89, 4899, 0.0
2021-05-14 14:45:00, 95.845, 96.23, 95.845, 96.2, 6687, 0.0
2021-05-14 14:50:00, 96.03, 96.13, 95.91, 96.13, 10240, 0.0
2021-05-14 14:55:00, 96.17, 96.69, 96.17, 96.57, 16926, 0.0
2021-05-17 08:30:00, 96.21, 96.53, 95.78, 96.2, 9423, 0.0
2021-05-17 08:35:00, 96.15, 96.32, 95.14, 95.24, 6451, 0.0
2021-05-17 08:40:00, 95.53, 95.76, 95.12, 95.16, 7676, 0.0
2021-05-17 08:45:00, 94.94, 95.615, 94.795, 95.46, 9764, 0.0
2021-05-17 08:50:00, 95.415, 95.55, 94.31, 94.31, 5097, 0.0
2021-05-17 08:55:00, 94.13, 94.45, 93.99, 94.035, 4570, 0.0
2021-05-17 09:00:00, 94, 94.105, 93.25, 93.73, 4697, 0.0
2021-05-17 09:05:00, 93.88, 93.945, 93.13, 93.32, 5701, 0.0
2021-05-17 09:10:00, 93.35, 94.43, 93.35, 94.09, 6101, 0.0
2021-05-17 09:15:00, 93.91, 94.43, 93.69, 94.43, 4169, 0.0
2021-05-17 09:20:00, 94.47, 94.76, 94.44, 94.53, 5096, 0.0
2021-05-17 09:25:00, 94.38, 94.46, 93.44, 93.44, 3923, 0.0
2021-05-17 09:30:00, 93.44, 94.04, 93.44, 93.845, 4285, 0.0
2021-05-17 09:35:00, 93.93, 94.46, 93.93, 94.31, 6673, 0.0
2021-05-17 09:40:00, 93.9, 94.21, 93.79, 93.91, 4655, 0.0
2021-05-17 09:45:00, 93.89, 94.1, 93.53, 93.575, 5086, 0.0
2021-05-17 09:50:00, 93.69, 94, 93.465, 93.54, 5602, 0.0
2021-05-17 09:55:00, 93.46, 93.745, 93.06, 93.06, 5501, 0.0
2021-05-17 10:00:00, 93.165, 93.165, 92.39, 92.69, 9760, 0.0
2021-05-17 10:05:00, 92.66, 92.76, 92.07, 92.3, 6399, 0.0
2021-05-17 10:10:00, 92.265, 92.28, 91.89, 92.2, 7102, 0.0
2021-05-17 10:15:00, 92.07, 92.38, 91.97, 92.105, 6140, 0.0
2021-05-17 10:20:00, 92.27, 92.7, 92.27, 92.45, 6392, 0.0
2021-05-17 10:25:00, 92.33, 92.44, 92, 92.14, 3100, 0.0
2021-05-17 10:30:00, 92.23, 92.565, 91.8, 92.555, 4743, 0.0
2021-05-17 10:35:00, 92.64, 92.74, 92.42, 92.45, 7770, 0.0
2021-05-17 10:40:00, 92.48, 92.75, 92.445, 92.58, 3010, 0.0
2021-05-17 10:45:00, 92.5, 92.605, 91.8, 91.8, 3992, 0.0
2021-05-17 10:50:00, 91.94, 91.96, 91.64, 91.92, 3109, 0.0
2021-05-17 10:55:00, 91.99, 92.195, 91.89, 92.05, 5072, 0.0
2021-05-17 11:00:00, 92.03, 92.08, 91.76, 91.79, 4286, 0.0
2021-05-17 11:05:00, 91.9, 91.98, 91.565, 91.64, 4723, 0.0
2021-05-17 11:10:00, 91.63, 91.85, 91.32, 91.32, 5903, 0.0
2021-05-17 11:15:00, 91.26, 91.53, 91.24, 91.34, 4509, 0.0
2021-05-17 11:20:00, 91.16, 91.34, 90.93, 91.04, 4339, 0.0
2021-05-17 11:25:00, 91.09, 91.09, 90.85, 90.86, 4581, 0.0
2021-05-17 11:30:00, 90.83, 90.89, 90.66, 90.82, 6748, 0.0
2021-05-17 11:35:00, 90.74, 91.07, 90.72, 90.89, 5745, 0.0
2021-05-17 11:40:00, 90.86, 91.19, 90.86, 91.07, 6539, 0.0
2021-05-17 11:45:00, 91.05, 91.08, 90.6, 90.6, 2882, 0.0
2021-05-17 11:50:00, 90.5, 90.52, 90.3, 90.33, 2702, 0.0
2021-05-17 11:55:00, 90.27, 90.32, 90.12, 90.23, 2644, 0.0
2021-05-17 12:00:00, 90.18, 90.42, 90.16, 90.16, 2897, 0.0
2021-05-17 12:05:00, 90.14, 90.18, 89.61, 89.71, 4501, 0.0
2021-05-17 12:10:00, 89.67, 89.81, 89.475, 89.56, 6012, 0.0
2021-05-17 12:15:00, 89.57, 90.08, 89.52, 89.76, 6645, 0.0
2021-05-17 12:20:00, 89.93, 90, 89.66, 90, 4612, 0.0
2021-05-17 12:25:00, 90.08, 90.44, 89.92, 90.4, 15567, 0.0
2021-05-17 12:30:00, 90.415, 90.58, 89.82, 90.58, 9374, 0.0
2021-05-17 12:35:00, 90.64, 90.64, 90.14, 90.14, 2554, 0.0
2021-05-17 12:40:00, 90.17, 90.28, 89.98, 90.16, 4817, 0.0
2021-05-17 12:45:00, 90.16, 90.76, 90.16, 90.72, 6467, 0.0
2021-05-17 12:50:00, 90.64, 90.64, 90.46, 90.46, 786, 0.0
2021-05-17 12:55:00, 90.4, 90.66, 90.4, 90.51, 2133, 0.0
2021-05-17 13:00:00, 90.495, 90.64, 90.34, 90.34, 1948, 0.0
2021-05-17 13:05:00, 90.285, 90.48, 90.24, 90.25, 7552, 0.0
2021-05-17 13:10:00, 90.48, 90.545, 90.36, 90.36, 3573, 0.0
2021-05-17 13:15:00, 90.43, 90.63, 90.395, 90.55, 3197, 0.0
2021-05-17 13:20:00, 90.51, 90.85, 90.51, 90.77, 7658, 0.0
2021-05-17 13:25:00, 90.79, 90.79, 90.48, 90.48, 3602, 0.0
2021-05-17 13:30:00, 90.44, 90.78, 90.44, 90.5, 2812, 0.0
2021-05-17 13:35:00, 90.4, 90.4, 89.98, 90.16, 5048, 0.0
2021-05-17 13:40:00, 90.3, 90.67, 90.28, 90.6, 5310, 0.0
2021-05-17 13:45:00, 90.62, 91.2, 90.51, 91.2, 6602, 0.0
2021-05-17 13:50:00, 91.22, 91.67, 91.18, 91.58, 24368, 0.0
2021-05-17 13:55:00, 91.6, 91.79, 91.39, 91.46, 10956, 0.0
2021-05-17 14:00:00, 91.42, 91.95, 91.41, 91.75, 2706, 0.0
2021-05-17 14:05:00, 91.68, 92, 91.68, 92, 2593, 0.0
2021-05-17 14:10:00, 91.95, 91.95, 91.4, 91.59, 5592, 0.0
2021-05-17 14:15:00, 91.63, 91.69, 91.48, 91.6, 3849, 0.0
2021-05-17 14:20:00, 91.49, 91.49, 91.19, 91.395, 3781, 0.0
2021-05-17 14:25:00, 91.255, 91.5, 91.23, 91.43, 5063, 0.0
2021-05-17 14:30:00, 91.47, 91.85, 91.47, 91.74, 4879, 0.0
2021-05-17 14:35:00, 91.72, 91.72, 91.55, 91.63, 1881, 0.0
2021-05-17 14:40:00, 91.59, 91.79, 91.59, 91.79, 4944, 0.0
2021-05-17 14:45:00, 91.76, 92.12, 91.7, 92.07, 10261, 0.0
2021-05-17 14:50:00, 92.2, 92.32, 91.93, 92.135, 14447, 0.0
2021-05-17 14:55:00, 92.19, 92.36, 92.19, 92.29, 11191, 0.0
2021-05-18 08:30:00, 92.95, 94.21, 92.65, 94.09, 11068, 0.0
2021-05-18 08:35:00, 93.88, 94.98, 93.79, 94.88, 9595, 0.0
2021-05-18 08:40:00, 94.97, 95.19, 94.46, 94.95, 7916, 0.0
2021-05-18 08:45:00, 94.82, 95.87, 94.82, 95.77, 14108, 0.0
2021-05-18 08:50:00, 95.71, 96.06, 95.185, 96.05, 13505, 0.0
2021-05-18 08:55:00, 96, 96.64, 95.76, 96.23, 10167, 0.0
2021-05-18 09:00:00, 96.275, 96.58, 95.975, 96.01, 10345, 0.0
2021-05-18 09:05:00, 96.12, 96.24, 95.74, 95.85, 5057, 0.0
2021-05-18 09:10:00, 96.1, 96.3, 95.84, 96.24, 5488, 0.0
2021-05-18 09:15:00, 96.235, 97.24, 96.235, 97.12, 5420, 0.0
2021-05-18 09:20:00, 97.08, 97.37, 96.85, 96.85, 5361, 0.0
2021-05-18 09:25:00, 97.2, 97.23, 96.87, 96.94, 4231, 0.0
2021-05-18 09:30:00, 97.06, 97.5, 97.06, 97.31, 6989, 0.0
2021-05-18 09:35:00, 97.46, 97.8, 97.46, 97.57, 5507, 0.0
2021-05-18 09:40:00, 97.71, 97.72, 96.73, 96.91, 6293, 0.0
2021-05-18 09:45:00, 97.04, 97.33, 96.66, 96.94, 12239, 0.0
2021-05-18 09:50:00, 96.95, 97.05, 96.705, 96.705, 3163, 0.0
2021-05-18 09:55:00, 96.8, 96.89, 96.47, 96.47, 6940, 0.0
2021-05-18 10:00:00, 96.48, 96.6, 96.21, 96.22, 5929, 0.0
2021-05-18 10:05:00, 96.23, 96.33, 95.86, 95.95, 4697, 0.0
2021-05-18 10:10:00, 96.06, 96.085, 95.8, 95.82, 3874, 0.0
2021-05-18 10:15:00, 96.05, 96.34, 96.05, 96.34, 1777, 0.0
2021-05-18 10:20:00, 96.4, 96.4, 95.91, 96.21, 2492, 0.0
2021-05-18 10:25:00, 96.37, 96.47, 96.27, 96.33, 2030, 0.0
2021-05-18 10:30:00, 96.34, 96.41, 95.66, 95.935, 4093, 0.0
2021-05-18 10:35:00, 95.99, 96.24, 95.81, 96.05, 8608, 0.0
2021-05-18 10:40:00, 96.12, 96.31, 95.98, 96.23, 2145, 0.0
2021-05-18 10:45:00, 96.28, 96.28, 95.89, 96.2, 4395, 0.0
2021-05-18 10:50:00, 95.96, 95.96, 95.59, 95.59, 2612, 0.0
2021-05-18 10:55:00, 95.6, 95.69, 95.25, 95.61, 6320, 0.0
2021-05-18 11:00:00, 95.73, 95.85, 95.57, 95.68, 2988, 0.0
2021-05-18 11:05:00, 95.53, 96.03, 95.38, 95.88, 3585, 0.0
2021-05-18 11:10:00, 95.875, 96.07, 95.85, 95.93, 4760, 0.0
2021-05-18 11:15:00, 95.85, 95.94, 95.79, 95.87, 4256, 0.0
2021-05-18 11:20:00, 96.03, 96.23, 95.76, 96.17, 1283, 0.0
2021-05-18 11:25:00, 96.22, 96.31, 96, 96.11, 4067, 0.0
2021-05-18 11:30:00, 96.13, 96.32, 96.07, 96.27, 2211, 0.0
2021-05-18 11:35:00, 96.21, 96.21, 96.035, 96.1, 2088, 0.0
2021-05-18 11:40:00, 96.24, 96.3, 96.22, 96.3, 1699, 0.0
2021-05-18 11:45:00, 96.39, 96.77, 96.39, 96.48, 4037, 0.0
2021-05-18 11:50:00, 96.45, 96.47, 96.17, 96.22, 4027, 0.0
2021-05-18 11:55:00, 96.22, 96.22, 95.64, 95.73, 5925, 0.0
2021-05-18 12:00:00, 95.77, 95.77, 95.09, 95.22, 7356, 0.0
2021-05-18 12:05:00, 95.235, 95.31, 95.06, 95.28, 7335, 0.0
2021-05-18 12:10:00, 95.21, 95.44, 95.13, 95.25, 6723, 0.0
2021-05-18 12:15:00, 95.275, 95.55, 95.07, 95.18, 3263, 0.0
2021-05-18 12:20:00, 95.235, 95.25, 94.965, 95.01, 2579, 0.0
2021-05-18 12:25:00, 94.99, 95.16, 94.93, 95.16, 3655, 0.0
2021-05-18 12:30:00, 95.12, 95.66, 95.11, 95.6, 3699, 0.0
2021-05-18 12:35:00, 95.76, 95.82, 95.29, 95.29, 2442, 0.0
2021-05-18 12:40:00, 95.45, 95.45, 95.34, 95.36, 919, 0.0
2021-05-18 12:45:00, 95.37, 95.57, 95.37, 95.37, 635, 0.0
2021-05-18 12:50:00, 95.34, 95.34, 95.325, 95.325, 200, 0.0
2021-05-18 12:55:00, 95.365, 95.46, 95.365, 95.46, 2401, 0.0
2021-05-18 13:00:00, 95.58, 95.585, 95.05, 95.05, 1953, 0.0
2021-05-18 13:05:00, 95.08, 95.41, 95.08, 95.18, 2246, 0.0
2021-05-18 13:10:00, 95.21, 95.27, 95.14, 95.26, 1655, 0.0
2021-05-18 13:15:00, 95.32, 95.64, 95.32, 95.37, 3422, 0.0
2021-05-18 13:20:00, 95.35, 95.5, 94.84, 95.05, 2880, 0.0
2021-05-18 13:25:00, 95.04, 95.15, 94.95, 95.045, 3611, 0.0
2021-05-18 13:30:00, 95.13, 95.19, 94.66, 94.66, 3635, 0.0
2021-05-18 13:35:00, 94.76, 94.89, 94.565, 94.77, 4799, 0.0
2021-05-18 13:40:00, 94.76, 94.84, 94.41, 94.595, 4519, 0.0
2021-05-18 13:45:00, 94.5, 94.82, 94.43, 94.82, 2934, 0.0
2021-05-18 13:50:00, 94.78, 94.91, 94.74, 94.75, 3773, 0.0
2021-05-18 13:55:00, 94.62, 95.11, 94.62, 95.11, 2969, 0.0
2021-05-18 14:00:00, 95.22, 95.54, 95.215, 95.51, 2290, 0.0
2021-05-18 14:05:00, 95.55, 95.57, 95.42, 95.57, 2771, 0.0
2021-05-18 14:10:00, 95.52, 95.73, 95.44, 95.62, 2934, 0.0
2021-05-18 14:15:00, 95.68, 95.93, 95.595, 95.93, 5246, 0.0
2021-05-18 14:20:00, 95.9, 96.255, 95.77, 96.23, 6922, 0.0
2021-05-18 14:25:00, 96.26, 96.43, 96.08, 96.08, 6211, 0.0
2021-05-18 14:30:00, 96.055, 96.29, 95.77, 95.8, 4519, 0.0
2021-05-18 14:35:00, 95.77, 95.84, 95.53, 95.7, 4172, 0.0
2021-05-18 14:40:00, 95.85, 95.995, 95.71, 95.71, 4820, 0.0
2021-05-18 14:45:00, 95.72, 95.8, 95.4, 95.4, 8016, 0.0
2021-05-18 14:50:00, 95.26, 95.275, 95.03, 95.16, 6731, 0.0
2021-05-18 14:55:00, 95.08, 95.27, 95.08, 95.25, 12661, 0.0
2021-05-19 08:00:00, 92.8, 92.8, 92.8, 92.8, 200, 0.0
2021-05-19 08:25:00, 92.8, 92.8, 92.8, 92.8, 1008, 0.0
2021-05-19 08:30:00, 93.2, 94.6, 93, 93.01, 21241, 0.0
2021-05-19 08:35:00, 92.86, 94.93, 92.81, 94, 15845, 0.0
2021-05-19 08:40:00, 93.99, 94.66, 93.24, 94.17, 15996, 0.0
2021-05-19 08:45:00, 93.97, 95.1, 93.86, 94.99, 13463, 0.0
2021-05-19 08:50:00, 95.09, 95.58, 94.93, 95.035, 6545, 0.0
2021-05-19 08:55:00, 95, 95.31, 94.48, 95.1, 10034, 0.0
2021-05-19 09:00:00, 95.17, 95.54, 94.42, 94.45, 4997, 0.0
2021-05-19 09:05:00, 94.52, 95.54, 94.21, 95.35, 4694, 0.0
2021-05-19 09:10:00, 95.5, 96.355, 95.47, 96.21, 6207, 0.0
2021-05-19 09:15:00, 95.86, 96.61, 95.745, 96.61, 14984, 0.0
2021-05-19 09:20:00, 96.595, 96.8, 96.45, 96.53, 4935, 0.0
2021-05-19 09:25:00, 96.75, 97.47, 96.49, 96.49, 7559, 0.0
2021-05-19 09:30:00, 96.52, 96.93, 96.14, 96.4, 7867, 0.0
2021-05-19 09:35:00, 96.37, 96.76, 96.08, 96.19, 7233, 0.0
2021-05-19 09:40:00, 96.07, 96.73, 96, 96.73, 2702, 0.0
2021-05-19 09:45:00, 96.69, 96.8, 96.39, 96.39, 2350, 0.0
2021-05-19 09:50:00, 96.3, 96.69, 96.13, 96.13, 5310, 0.0
2021-05-19 09:55:00, 96.285, 96.35, 95.83, 95.86, 4583, 0.0
2021-05-19 10:00:00, 95.98, 96.035, 95.42, 95.44, 3095, 0.0
2021-05-19 10:05:00, 95.39, 95.6, 95.2, 95.45, 3689, 0.0
2021-05-19 10:10:00, 95.39, 96.005, 95.21, 95.98, 4111, 0.0
2021-05-19 10:15:00, 95.95, 96.35, 95.815, 96.16, 2899, 0.0
2021-05-19 10:20:00, 96.22, 96.4, 95.95, 96, 1957, 0.0
2021-05-19 10:25:00, 95.97, 96.12, 95.7, 95.7, 2349, 0.0
2021-05-19 10:30:00, 95.77, 95.84, 95.585, 95.585, 2030, 0.0
2021-05-19 10:35:00, 95.77, 96.13, 95.77, 96.13, 2155, 0.0
2021-05-19 10:40:00, 96.17, 96.18, 95.69, 95.9, 2405, 0.0
2021-05-19 10:45:00, 95.7, 95.83, 95.51, 95.73, 1255, 0.0
2021-05-19 10:50:00, 95.34, 95.35, 95.05, 95.05, 2904, 0.0
2021-05-19 10:55:00, 95.09, 95.09, 94.99, 95.05, 829, 0.0
2021-05-19 11:00:00, 95.21, 95.27, 94.86, 94.9, 2315, 0.0
2021-05-19 11:05:00, 95.06, 95.1, 94.88, 94.88, 1344, 0.0
2021-05-19 11:10:00, 94.94, 95.27, 94.94, 95.26, 2216, 0.0
2021-05-19 11:15:00, 95.27, 95.31, 95.13, 95.27, 2565, 0.0
2021-05-19 11:20:00, 95.05, 95.18, 95.05, 95.18, 404, 0.0
2021-05-19 11:25:00, 95.01, 95.14, 94.98, 95.14, 1832, 0.0
2021-05-19 11:30:00, 95.25, 95.28, 95.07, 95.07, 1448, 0.0
2021-05-19 11:35:00, 94.97, 95.11, 94.8, 94.8, 1027, 0.0
2021-05-19 11:40:00, 94.92, 94.92, 94.63, 94.75, 1777, 0.0
2021-05-19 11:45:00, 94.77, 94.835, 94.69, 94.82, 1800, 0.0
2021-05-19 11:50:00, 94.74, 94.74, 94.445, 94.545, 1394, 0.0
2021-05-19 11:55:00, 94.45, 94.49, 94.325, 94.39, 1128, 0.0
2021-05-19 12:00:00, 94.4, 94.84, 94.38, 94.81, 2697, 0.0
2021-05-19 12:05:00, 94.62, 95.02, 94.54, 94.92, 1847, 0.0
2021-05-19 12:10:00, 94.89, 95.2, 94.89, 95.1, 662, 0.0
2021-05-19 12:15:00, 95.15, 95.24, 95.05, 95.05, 1179, 0.0
2021-05-19 12:20:00, 95.1, 95.1, 94.96, 94.97, 529, 0.0
2021-05-19 12:25:00, 94.94, 95.16, 94.94, 95.15, 764, 0.0
2021-05-19 12:30:00, 95.26, 95.26, 94.89, 94.89, 1114, 0.0
2021-05-19 12:35:00, 94.985, 95.17, 94.985, 95.17, 1554, 0.0
2021-05-19 12:40:00, 95.21, 95.32, 95.04, 95.06, 1238, 0.0
2021-05-19 12:45:00, 94.99, 95.02, 94.99, 95, 701, 0.0
2021-05-19 12:50:00, 95.06, 95.32, 95.02, 95.21, 1106, 0.0
2021-05-19 12:55:00, 95.24, 95.56, 95.17, 95.21, 2758, 0.0
2021-05-19 13:00:00, 95.34, 95.61, 94.85, 94.96, 3058, 0.0
2021-05-19 13:05:00, 94.895, 95.15, 94.895, 95.14, 2537, 0.0
2021-05-19 13:10:00, 95.13, 95.2, 94.945, 95.14, 2438, 0.0
2021-05-19 13:15:00, 94.81, 95.2, 94.81, 95.07, 987, 0.0
2021-05-19 13:20:00, 95.37, 96.47, 95.37, 96.195, 5828, 0.0
2021-05-19 13:25:00, 96.43, 96.43, 96.19, 96.35, 1566, 0.0
2021-05-19 13:30:00, 96.44, 96.55, 96.15, 96.26, 4733, 0.0
2021-05-19 13:35:00, 96.12, 96.29, 95.85, 96.04, 2121, 0.0
2021-05-19 13:40:00, 95.83, 96.13, 95.83, 96.13, 550, 0.0
2021-05-19 13:45:00, 96.09, 96.1, 95.57, 95.57, 2042, 0.0
2021-05-19 13:50:00, 95.61, 95.76, 95.585, 95.76, 1810, 0.0
2021-05-19 13:55:00, 95.68, 96.215, 95.67, 96.06, 3005, 0.0
2021-05-19 14:00:00, 96.06, 96.06, 95.61, 95.83, 1187, 0.0
2021-05-19 14:05:00, 95.81, 96.205, 95.8, 96.17, 2198, 0.0
2021-05-19 14:10:00, 96.27, 96.67, 96.27, 96.63, 2813, 0.0
2021-05-19 14:15:00, 96.605, 96.67, 96.31, 96.31, 2381, 0.0
2021-05-19 14:20:00, 96.16, 96.34, 96.045, 96.34, 2115, 0.0
2021-05-19 14:25:00, 96.41, 96.55, 96.19, 96.51, 3702, 0.0
2021-05-19 14:30:00, 96.41, 96.55, 96.31, 96.55, 5921, 0.0
2021-05-19 14:35:00, 96.5, 96.6, 96.25, 96.36, 4510, 0.0
2021-05-19 14:40:00, 96.28, 96.44, 96.27, 96.27, 1283, 0.0
2021-05-19 14:45:00, 96.18, 96.18, 95.87, 95.92, 2350, 0.0
2021-05-19 14:50:00, 95.93, 96.74, 95.93, 96.71, 6054, 0.0
2021-05-19 14:55:00, 96.52, 96.7, 96.47, 96.58, 7792, 0.0
2021-05-20 08:30:00, 98.07, 99.2, 97.895, 98.955, 14091, 0.0
2021-05-20 08:35:00, 98.99, 99.245, 98.65, 99.17, 10114, 0.0
2021-05-20 08:40:00, 99.19, 99.665, 99.13, 99.43, 5963, 0.0
2021-05-20 08:45:00, 99.44, 100, 99.125, 99.6, 9181, 0.0
2021-05-20 08:50:00, 99.81, 99.95, 99.45, 99.51, 8255, 0.0
2021-05-20 08:55:00, 99.555, 100.02, 99.33, 99.76, 12646, 0.0
2021-05-20 09:00:00, 99.76, 99.94, 99.47, 99.72, 8609, 0.0
2021-05-20 09:05:00, 99.62, 100.06, 98.98, 99.03, 11022, 0.0
2021-05-20 09:10:00, 98.98, 99.29, 98.53, 98.63, 6710, 0.0
2021-05-20 09:15:00, 98.56, 98.705, 98.37, 98.37, 3295, 0.0
2021-05-20 09:20:00, 98.455, 98.52, 98.21, 98.39, 4900, 0.0
2021-05-20 09:25:00, 98.355, 98.94, 98.18, 98.77, 4906, 0.0
2021-05-20 09:30:00, 99.005, 99.05, 98.49, 98.78, 3873, 0.0
2021-05-20 09:35:00, 98.775, 98.89, 98.37, 98.385, 2985, 0.0
2021-05-20 09:40:00, 98.5, 98.53, 98.04, 98.44, 5107, 0.0
2021-05-20 09:45:00, 98.59, 98.915, 98.53, 98.915, 2761, 0.0
2021-05-20 09:50:00, 98.89, 98.97, 98.71, 98.97, 1824, 0.0
2021-05-20 09:55:00, 98.955, 99.36, 98.955, 99.28, 3447, 0.0
2021-05-20 10:00:00, 99.36, 99.5, 99.2, 99.425, 1814, 0.0
2021-05-20 10:05:00, 99.5, 99.51, 99.14, 99.26, 2866, 0.0
2021-05-20 10:10:00, 99.4, 99.59, 99.275, 99.51, 2941, 0.0
2021-05-20 10:15:00, 99.61, 99.79, 99.5, 99.5, 1909, 0.0
2021-05-20 10:20:00, 99.51, 99.51, 99.11, 99.51, 3820, 0.0
2021-05-20 10:25:00, 99.54, 99.58, 99.43, 99.49, 2361, 0.0
2021-05-20 10:30:00, 99.535, 99.645, 99.455, 99.49, 1740, 0.0
2021-05-20 10:35:00, 99.6, 99.6, 99.2, 99.33, 3312, 0.0
2021-05-20 10:40:00, 99.35, 99.43, 99.1, 99.25, 2854, 0.0
2021-05-20 10:45:00, 99.34, 99.5, 99.33, 99.33, 1372, 0.0
2021-05-20 10:50:00, 99.415, 99.6, 99.415, 99.6, 1436, 0.0
2021-05-20 10:55:00, 99.55, 99.63, 99.47, 99.63, 946, 0.0
2021-05-20 11:00:00, 99.56, 99.64, 99.21, 99.58, 4521, 0.0
2021-05-20 11:05:00, 99.67, 99.74, 99.56, 99.57, 1544, 0.0
2021-05-20 11:10:00, 99.62, 99.62, 99.13, 99.13, 2712, 0.0
2021-05-20 11:15:00, 98.99, 99.4, 98.99, 99.345, 1766, 0.0
2021-05-20 11:20:00, 99.36, 99.36, 99, 99, 2740, 0.0
2021-05-20 11:25:00, 99.03, 99.08, 98.76, 99.06, 2821, 0.0
2021-05-20 11:30:00, 99.02, 99.08, 99, 99.02, 812, 0.0
2021-05-20 11:35:00, 99.2, 99.21, 98.81, 98.88, 1892, 0.0
2021-05-20 11:40:00, 98.91, 99.005, 98.87, 98.95, 1545, 0.0
2021-05-20 11:45:00, 99, 99.3, 99, 99.24, 1834, 0.0
2021-05-20 11:50:00, 99.36, 99.48, 99.31, 99.37, 824, 0.0
2021-05-20 11:55:00, 99.47, 99.69, 99.47, 99.65, 1712, 0.0
2021-05-20 12:00:00, 99.57, 99.76, 99.54, 99.745, 2177, 0.0
2021-05-20 12:05:00, 99.8, 99.865, 99.745, 99.745, 1233, 0.0
2021-05-20 12:10:00, 99.72, 99.755, 99.56, 99.58, 2647, 0.0
2021-05-20 12:15:00, 99.58, 99.98, 99.58, 99.94, 2483, 0.0
2021-05-20 12:20:00, 99.96, 100.01, 99.95, 99.99, 2321, 0.0
2021-05-20 12:25:00, 99.99, 100.03, 99.82, 100, 3357, 0.0
2021-05-20 12:30:00, 99.98, 100.09, 99.87, 99.95, 3039, 0.0
2021-05-20 12:35:00, 100.015, 100.03, 99.69, 99.85, 3650, 0.0
2021-05-20 12:40:00, 99.78, 99.78, 99.67, 99.77, 2195, 0.0
2021-05-20 12:45:00, 99.86, 99.86, 99.69, 99.83, 2512, 0.0
2021-05-20 12:50:00, 99.66, 99.75, 99.425, 99.425, 1440, 0.0
2021-05-20 12:55:00, 99.33, 99.33, 99.14, 99.23, 2475, 0.0
2021-05-20 13:00:00, 99.37, 99.37, 99.05, 99.21, 4115, 0.0
2021-05-20 13:05:00, 99.2, 99.24, 99.01, 99.02, 1763, 0.0
2021-05-20 13:10:00, 99.01, 99.145, 98.76, 99.105, 3553, 0.0
2021-05-20 13:15:00, 99.19, 99.4, 98.955, 99.29, 3829, 0.0
2021-05-20 13:20:00, 99.27, 99.315, 99.14, 99.16, 1352, 0.0
2021-05-20 13:25:00, 99.19, 99.32, 99.04, 99.31, 3038, 0.0
2021-05-20 13:30:00, 99.34, 99.35, 99.14, 99.27, 2609, 0.0
2021-05-20 13:35:00, 99.26, 99.37, 99, 99.09, 4790, 0.0
2021-05-20 13:40:00, 99.05, 99.33, 99.05, 99.28, 2439, 0.0
2021-05-20 13:45:00, 99.4, 99.68, 99.4, 99.58, 3425, 0.0
2021-05-20 13:50:00, 99.57, 99.67, 99.24, 99.67, 6745, 0.0
2021-05-20 13:55:00, 99.68, 99.77, 99.68, 99.69, 2840, 0.0
2021-05-20 14:00:00, 99.73, 99.83, 99.57, 99.82, 3264, 0.0
2021-05-20 14:05:00, 99.78, 100.05, 99.78, 100.05, 2752, 0.0
2021-05-20 14:10:00, 99.91, 99.94, 99.7, 99.7, 5997, 0.0
2021-05-20 14:15:00, 99.69, 100.13, 99.69, 100.08, 2859, 0.0
2021-05-20 14:20:00, 100.085, 100.17, 99.89, 100.165, 5115, 0.0
2021-05-20 14:25:00, 100.12, 100.19, 100.05, 100.13, 2806, 0.0
2021-05-20 14:30:00, 100.29, 100.49, 100.22, 100.34, 8999, 0.0
2021-05-20 14:35:00, 100.39, 100.43, 100.17, 100.36, 4832, 0.0
2021-05-20 14:40:00, 100.345, 100.49, 100.27, 100.29, 8271, 0.0
2021-05-20 14:45:00, 100.4, 100.48, 100.31, 100.39, 5526, 0.0
2021-05-20 14:50:00, 100.35, 100.7, 100.22, 100.67, 8365, 0.0
2021-05-20 14:55:00, 100.61, 100.67, 100.355, 100.43, 28374, 0.0
2021-05-21 08:30:00, 100.125, 100.57, 100, 100.19, 16273, 0.0
2021-05-21 08:35:00, 100.19, 100.19, 98.77, 99.12, 17754, 0.0
2021-05-21 08:40:00, 99.19, 99.35, 98.71, 98.89, 13116, 0.0
2021-05-21 08:45:00, 98.89, 99.68, 98.63, 99.56, 5526, 0.0
2021-05-21 08:50:00, 99.84, 100, 99.6, 99.92, 3674, 0.0
2021-05-21 08:55:00, 100.05, 100.82, 99.96, 100.77, 8773, 0.0
2021-05-21 09:00:00, 100.75, 101.18, 100.64, 101.15, 11669, 0.0
2021-05-21 09:05:00, 100.95, 100.98, 100.34, 100.8, 3841, 0.0
2021-05-21 09:10:00, 100.87, 101.05, 100.62, 100.79, 5603, 0.0
2021-05-21 09:15:00, 100.68, 100.68, 99.52, 99.88, 8429, 0.0
2021-05-21 09:20:00, 99.89, 100.43, 99.75, 100.33, 3384, 0.0
2021-05-21 09:25:00, 100.41, 100.66, 100.41, 100.66, 3106, 0.0
2021-05-21 09:30:00, 100.76, 100.96, 100.74, 100.93, 1597, 0.0
2021-05-21 09:35:00, 100.9, 100.92, 100.21, 100.46, 2968, 0.0
2021-05-21 09:40:00, 100.39, 100.47, 100.1, 100.11, 4457, 0.0
2021-05-21 09:45:00, 100.22, 100.32, 99.99, 100.25, 2867, 0.0
2021-05-21 09:50:00, 100.47, 100.65, 100.305, 100.32, 2424, 0.0
2021-05-21 09:55:00, 100.33, 100.51, 100.33, 100.51, 1135, 0.0
2021-05-21 10:00:00, 100.63, 100.79, 100.535, 100.535, 2394, 0.0
2021-05-21 10:05:00, 100.58, 100.68, 100.52, 100.67, 4663, 0.0
2021-05-21 10:10:00, 100.715, 101.63, 100.715, 101.6, 3898, 0.0
2021-05-21 10:15:00, 101.61, 101.65, 101.42, 101.48, 4492, 0.0
2021-05-21 10:20:00, 101.44, 101.44, 101.24, 101.28, 3738, 0.0
2021-05-21 10:25:00, 101.31, 101.31, 100.75, 100.83, 2282, 0.0
2021-05-21 10:30:00, 100.81, 101.12, 100.81, 101.03, 3121, 0.0
2021-05-21 10:35:00, 100.96, 101.405, 100.96, 101.29, 3470, 0.0
2021-05-21 10:40:00, 101.26, 101.43, 101.11, 101.37, 2108, 0.0
2021-05-21 10:45:00, 101.36, 101.51, 101.22, 101.29, 1760, 0.0
2021-05-21 10:50:00, 101.3, 101.51, 101.05, 101.05, 2249, 0.0
2021-05-21 10:55:00, 101.1, 101.26, 101.02, 101.2, 3333, 0.0
2021-05-21 11:00:00, 101.235, 101.45, 101.235, 101.42, 1073, 0.0
2021-05-21 11:05:00, 101.41, 101.9, 101.41, 101.68, 6707, 0.0
2021-05-21 11:10:00, 101.64, 101.64, 101.33, 101.41, 3497, 0.0
2021-05-21 11:15:00, 101.42, 101.52, 101.37, 101.505, 1476, 0.0
2021-05-21 11:20:00, 101.48, 101.6, 101.46, 101.59, 2104, 0.0
2021-05-21 11:25:00, 101.61, 101.79, 101.59, 101.79, 1774, 0.0
2021-05-21 11:30:00, 101.79, 101.91, 101.76, 101.91, 1107, 0.0
2021-05-21 11:35:00, 101.88, 102.16, 101.87, 102.09, 3578, 0.0
2021-05-21 11:40:00, 102.11, 102.12, 101.75, 101.98, 4449, 0.0
2021-05-21 11:45:00, 101.95, 101.97, 101.7, 101.92, 2932, 0.0
2021-05-21 11:50:00, 101.89, 101.89, 101.37, 101.37, 5930, 0.0
2021-05-21 11:55:00, 101.37, 101.67, 101.28, 101.63, 5056, 0.0
2021-05-21 12:00:00, 101.62, 101.62, 101.41, 101.475, 2415, 0.0
2021-05-21 12:05:00, 101.44, 101.44, 101.25, 101.25, 1604, 0.0
2021-05-21 12:10:00, 101.53, 101.68, 101.28, 101.39, 3669, 0.0
2021-05-21 12:15:00, 101.4, 101.4, 100.95, 101.03, 3481, 0.0
2021-05-21 12:20:00, 101.12, 101.36, 101.12, 101.32, 2815, 0.0
2021-05-21 12:25:00, 101.16, 101.41, 101.16, 101.3, 1709, 0.0
2021-05-21 12:30:00, 101.37, 101.56, 101.36, 101.495, 2726, 0.0
2021-05-21 12:35:00, 101.54, 101.54, 101.27, 101.285, 4052, 0.0
2021-05-21 12:40:00, 101.27, 101.44, 101.27, 101.44, 801, 0.0
2021-05-21 12:45:00, 101.39, 101.5, 101.35, 101.5, 1735, 0.0
2021-05-21 12:50:00, 101.51, 101.52, 101.41, 101.48, 1493, 0.0
2021-05-21 12:55:00, 101.47, 101.47, 101.41, 101.43, 1372, 0.0
2021-05-21 13:00:00, 101.55, 101.77, 101.45, 101.53, 3157, 0.0
2021-05-21 13:05:00, 101.48, 101.66, 101.45, 101.56, 2262, 0.0
2021-05-21 13:10:00, 101.58, 101.67, 101.58, 101.645, 2154, 0.0
2021-05-21 13:15:00, 101.59, 101.59, 101.555, 101.57, 747, 0.0
2021-05-21 13:20:00, 101.55, 101.63, 101.51, 101.55, 1108, 0.0
2021-05-21 13:25:00, 101.57, 101.66, 101.37, 101.43, 2037, 0.0
2021-05-21 13:30:00, 101.49, 101.62, 101.42, 101.455, 1186, 0.0
2021-05-21 13:35:00, 101.43, 101.535, 101.36, 101.475, 1587, 0.0
2021-05-21 13:40:00, 101.58, 101.67, 101.58, 101.63, 1735, 0.0
2021-05-21 13:45:00, 101.54, 101.6, 101.41, 101.5, 2297, 0.0
2021-05-21 13:50:00, 101.47, 101.51, 101.4, 101.45, 1337, 0.0
2021-05-21 13:55:00, 101.49, 101.56, 101.41, 101.505, 1714, 0.0
2021-05-21 14:00:00, 101.505, 101.7, 101.505, 101.67, 4105, 0.0
2021-05-21 14:05:00, 101.675, 101.85, 101.64, 101.75, 3468, 0.0
2021-05-21 14:10:00, 101.67, 101.91, 101.67, 101.815, 4009, 0.0
2021-05-21 14:15:00, 101.78, 102.04, 101.76, 101.98, 4049, 0.0
2021-05-21 14:20:00, 102.01, 102.15, 101.99, 102.04, 2508, 0.0
2021-05-21 14:25:00, 102.04, 102.23, 101.96, 102.15, 8679, 0.0
2021-05-21 14:30:00, 102.2, 102.2, 101.63, 101.63, 4636, 0.0
2021-05-21 14:35:00, 101.69, 101.81, 101.58, 101.76, 3746, 0.0
2021-05-21 14:40:00, 101.68, 101.75, 101.63, 101.63, 3831, 0.0
2021-05-21 14:45:00, 101.61, 101.61, 101.25, 101.35, 3902, 0.0
2021-05-21 14:50:00, 101.34, 101.51, 101.23, 101.23, 8251, 0.0
2021-05-21 14:55:00, 101.14, 101.14, 100.9, 100.91, 11620, 0.0
2021-05-24 08:30:00, 101.2, 101.245, 100.66, 100.7, 3502, 0.0
2021-05-24 08:35:00, 100.55, 101.41, 100.47, 101.31, 7066, 0.0
2021-05-24 08:40:00, 101.3, 101.535, 101.22, 101.53, 4533, 0.0
2021-05-24 08:45:00, 101.68, 101.75, 101.46, 101.46, 4983, 0.0
2021-05-24 08:50:00, 101.6, 101.75, 100.66, 100.66, 4592, 0.0
2021-05-24 08:55:00, 100.62, 100.65, 99.79, 99.79, 6675, 0.0
2021-05-24 09:00:00, 100, 100.17, 98.85, 98.99, 9170, 0.0
2021-05-24 09:05:00, 98.96, 99.115, 98.25, 98.56, 8432, 0.0
2021-05-24 09:10:00, 98.86, 99.15, 98.8, 98.84, 7200, 0.0
2021-05-24 09:15:00, 98.91, 99.01, 98.42, 98.55, 4599, 0.0
2021-05-24 09:20:00, 98.6, 98.86, 98.35, 98.63, 7208, 0.0
2021-05-24 09:25:00, 98.67, 99.315, 98.61, 99.315, 6303, 0.0
2021-05-24 09:30:00, 99.26, 99.735, 99.06, 99.735, 5620, 0.0
2021-05-24 09:35:00, 99.35, 99.56, 99.16, 99.425, 3861, 0.0
2021-05-24 09:40:00, 99.38, 99.48, 98.615, 98.62, 3419, 0.0
2021-05-24 09:45:00, 98.65, 98.73, 98.31, 98.31, 3139, 0.0
2021-05-24 09:50:00, 98.17, 98.45, 98.17, 98.45, 1900, 0.0
2021-05-24 09:55:00, 98.64, 98.855, 98.59, 98.85, 2042, 0.0
2021-05-24 10:00:00, 98.89, 98.89, 98.74, 98.89, 2188, 0.0
2021-05-24 10:05:00, 98.85, 99.06, 98.85, 98.97, 2001, 0.0
2021-05-24 10:10:00, 98.99, 99.32, 98.88, 99.18, 3414, 0.0
2021-05-24 10:15:00, 99.2, 99.23, 98.86, 99.2, 2800, 0.0
2021-05-24 10:20:00, 99.09, 99.115, 98.8, 98.8, 1325, 0.0
2021-05-24 10:25:00, 98.68, 98.68, 98.43, 98.51, 1205, 0.0
2021-05-24 10:30:00, 98.39, 98.585, 98.27, 98.44, 2312, 0.0
2021-05-24 10:35:00, 98.79, 98.83, 98.71, 98.83, 1165, 0.0
2021-05-24 10:40:00, 98.89, 99.04, 98.81, 98.85, 1671, 0.0
2021-05-24 10:45:00, 98.93, 99.16, 98.86, 99.16, 1418, 0.0
2021-05-24 10:50:00, 99.135, 99.135, 98.81, 98.855, 1489, 0.0
2021-05-24 10:55:00, 98.87, 100.535, 98.74, 99.92, 40691, 0.0
2021-05-24 11:00:00, 99.91, 100.68, 99.64, 100.2, 27153, 0.0
2021-05-24 11:05:00, 100, 100.12, 99.53, 99.87, 10398, 0.0
2021-05-24 11:10:00, 99.77, 99.77, 99.1, 99.26, 6624, 0.0
2021-05-24 11:15:00, 99.31, 99.32, 98.98, 99.04, 1473, 0.0
2021-05-24 11:20:00, 99.13, 99.19, 99.07, 99.09, 770, 0.0
2021-05-24 11:25:00, 98.98, 99.44, 98.98, 99.44, 2854, 0.0
2021-05-24 11:30:00, 99.445, 99.445, 99.27, 99.36, 1680, 0.0
2021-05-24 11:35:00, 99.365, 99.365, 98.97, 98.98, 1855, 0.0
2021-05-24 11:40:00, 99.08, 99.08, 98.67, 98.67, 1777, 0.0
2021-05-24 11:45:00, 98.74, 98.96, 98.74, 98.89, 1757, 0.0
2021-05-24 11:50:00, 98.86, 98.89, 98.57, 98.66, 3571, 0.0
2021-05-24 11:55:00, 98.71, 98.94, 98.69, 98.92, 1474, 0.0
2021-05-24 12:00:00, 99.13, 99.36, 99.12, 99.29, 1441, 0.0
2021-05-24 12:05:00, 99.43, 99.56, 99.38, 99.53, 2836, 0.0
2021-05-24 12:10:00, 99.41, 99.41, 99.285, 99.285, 585, 0.0
2021-05-24 12:15:00, 99.48, 99.53, 99.48, 99.53, 1291, 0.0
2021-05-24 12:20:00, 99.4, 99.42, 99.32, 99.38, 632, 0.0
2021-05-24 12:25:00, 99.37, 99.41, 99.37, 99.41, 429, 0.0
2021-05-24 12:30:00, 99.265, 99.73, 99.26, 99.71, 1931, 0.0
2021-05-24 12:35:00, 99.625, 99.83, 99.625, 99.83, 1019, 0.0
2021-05-24 12:40:00, 99.82, 99.82, 99.53, 99.57, 1197, 0.0
2021-05-24 12:45:00, 99.65, 99.86, 99.65, 99.86, 1426, 0.0
2021-05-24 12:50:00, 99.94, 100, 99.82, 99.94, 2623, 0.0
2021-05-24 12:55:00, 99.95, 99.95, 99.725, 99.75, 941, 0.0
2021-05-24 13:00:00, 99.66, 99.79, 99.66, 99.79, 1167, 0.0
2021-05-24 13:05:00, 99.87, 100.13, 99.86, 100.13, 1405, 0.0
2021-05-24 13:10:00, 100.18, 100.18, 99.92, 100.04, 1404, 0.0
2021-05-24 13:15:00, 99.99, 100.02, 99.82, 100.02, 1418, 0.0
2021-05-24 13:20:00, 100.02, 100.35, 100, 100.35, 4879, 0.0
2021-05-24 13:25:00, 100.33, 100.35, 100.23, 100.23, 2157, 0.0
2021-05-24 13:30:00, 100.24, 100.34, 100.16, 100.34, 1538, 0.0
2021-05-24 13:35:00, 100.4, 100.56, 100.37, 100.5, 2868, 0.0
2021-05-24 13:40:00, 100.56, 100.71, 100.48, 100.68, 4175, 0.0
2021-05-24 13:45:00, 100.78, 101.02, 100.73, 100.835, 2793, 0.0
2021-05-24 13:50:00, 100.96, 101.07, 100.93, 100.94, 2020, 0.0
2021-05-24 13:55:00, 100.94, 101.17, 100.91, 100.91, 3036, 0.0
2021-05-24 14:00:00, 100.94, 101.09, 100.94, 101.09, 2708, 0.0
2021-05-24 14:05:00, 101, 101.245, 101, 101.13, 3882, 0.0
2021-05-24 14:10:00, 101.24, 101.3, 101.21, 101.25, 3539, 0.0
2021-05-24 14:15:00, 101.25, 101.25, 100.96, 101.08, 4632, 0.0
2021-05-24 14:20:00, 101.08, 101.38, 101.05, 101.26, 5058, 0.0
2021-05-24 14:25:00, 101.18, 101.24, 101.07, 101.11, 3362, 0.0
2021-05-24 14:30:00, 101.11, 101.2, 101.04, 101.1, 4947, 0.0
2021-05-24 14:35:00, 101.21, 101.63, 101.21, 101.535, 5950, 0.0
2021-05-24 14:40:00, 101.55, 101.85, 101.39, 101.82, 12978, 0.0
2021-05-24 14:45:00, 101.82, 102.09, 101.72, 101.995, 12812, 0.0
2021-05-24 14:50:00, 101.97, 101.97, 101.3, 101.39, 10114, 0.0
2021-05-24 14:55:00, 101.43, 101.43, 101.07, 101.08, 13619, 0.0
2021-05-25 08:25:00, 101.4, 101.4, 101.4, 101.4, 100, 0.0
2021-05-25 08:30:00, 101.335, 102.67, 101.305, 102.39, 19433, 0.0
2021-05-25 08:35:00, 101.95, 102.09, 101.19, 101.63, 32814, 0.0
2021-05-25 08:40:00, 101.77, 102.05, 101.45, 101.58, 15403, 0.0
2021-05-25 08:45:00, 101.43, 101.72, 100.7, 100.99, 7182, 0.0
2021-05-25 08:50:00, 101.01, 101.045, 99.83, 100.09, 9056, 0.0
2021-05-25 08:55:00, 100.03, 100.1, 99.55, 100, 6615, 0.0
2021-05-25 09:00:00, 100.035, 100.29, 99.68, 100.06, 8234, 0.0
2021-05-25 09:05:00, 100.26, 100.4, 100.04, 100.1, 4115, 0.0
2021-05-25 09:10:00, 99.96, 100.53, 99.96, 100.53, 8985, 0.0
2021-05-25 09:15:00, 100.675, 100.85, 100.53, 100.605, 1663, 0.0
2021-05-25 09:20:00, 100.57, 101.02, 100.485, 100.97, 3022, 0.0
2021-05-25 09:25:00, 101, 101.05, 100.9, 101.01, 3401, 0.0
2021-05-25 09:30:00, 101.055, 101.06, 100.51, 100.68, 6277, 0.0
2021-05-25 09:35:00, 100.82, 101.03, 100.81, 101.03, 2882, 0.0
2021-05-25 09:40:00, 100.95, 101.17, 100.83, 101.17, 1937, 0.0
2021-05-25 09:45:00, 101.18, 101.23, 100.94, 101.18, 12685, 0.0
2021-05-25 09:50:00, 101.08, 101.48, 101.08, 101.4, 2603, 0.0
2021-05-25 09:55:00, 101.31, 101.94, 101.3, 101.875, 3885, 0.0
2021-05-25 10:00:00, 101.82, 101.82, 101.28, 101.28, 5412, 0.0
2021-05-25 10:05:00, 101.06, 101.12, 100.91, 101.02, 3512, 0.0
2021-05-25 10:10:00, 101.15, 101.18, 100.83, 101.18, 2986, 0.0
2021-05-25 10:15:00, 101.09, 101.105, 100.6, 100.745, 2433, 0.0
2021-05-25 10:20:00, 100.76, 100.85, 100.51, 100.6, 2234, 0.0
2021-05-25 10:25:00, 100.65, 100.68, 100.42, 100.63, 4361, 0.0
2021-05-25 10:30:00, 100.865, 100.89, 100.105, 100.18, 8686, 0.0
2021-05-25 10:35:00, 100.23, 100.42, 100.205, 100.205, 3728, 0.0
2021-05-25 10:40:00, 100.29, 100.36, 100.17, 100.36, 2599, 0.0
2021-05-25 10:45:00, 100.26, 100.42, 100.225, 100.25, 2771, 0.0
2021-05-25 10:50:00, 100.38, 100.515, 100.24, 100.5, 2164, 0.0
2021-05-25 10:55:00, 100.47, 100.67, 100.43, 100.61, 3432, 0.0
2021-05-25 11:00:00, 100.69, 100.69, 100.4, 100.595, 2353, 0.0
2021-05-25 11:05:00, 100.73, 100.73, 100.52, 100.61, 4973, 0.0
2021-05-25 11:10:00, 100.61, 100.67, 100.52, 100.655, 2720, 0.0
2021-05-25 11:15:00, 100.62, 100.62, 100.34, 100.36, 2617, 0.0
2021-05-25 11:20:00, 100.49, 100.59, 100.41, 100.58, 2951, 0.0
2021-05-25 11:25:00, 100.55, 100.65, 100.5, 100.65, 2897, 0.0
2021-05-25 11:30:00, 100.63, 100.93, 100.63, 100.88, 5696, 0.0
2021-05-25 11:35:00, 100.865, 100.94, 100.55, 100.58, 4132, 0.0
2021-05-25 11:40:00, 100.425, 100.52, 100.25, 100.51, 4181, 0.0
2021-05-25 11:45:00, 100.52, 100.58, 100.47, 100.47, 2867, 0.0
2021-05-25 11:50:00, 100.49, 100.525, 100.44, 100.525, 3664, 0.0
2021-05-25 11:55:00, 100.52, 100.585, 100.48, 100.54, 2766, 0.0
2021-05-25 12:00:00, 100.51, 100.56, 100.455, 100.56, 2020, 0.0
2021-05-25 12:05:00, 100.55, 100.705, 100.525, 100.585, 3356, 0.0
2021-05-25 12:10:00, 100.47, 100.59, 100.44, 100.53, 4189, 0.0
2021-05-25 12:15:00, 100.64, 100.85, 100.6, 100.84, 3348, 0.0
2021-05-25 12:20:00, 100.8, 100.86, 100.77, 100.84, 3750, 0.0
2021-05-25 12:25:00, 100.74, 100.76, 100.34, 100.4, 4523, 0.0
2021-05-25 12:30:00, 100.33, 100.33, 100.17, 100.21, 4417, 0.0
2021-05-25 12:35:00, 100.17, 100.22, 100.045, 100.055, 3188, 0.0
2021-05-25 12:40:00, 100, 100.09, 99.965, 100.075, 2950, 0.0
2021-05-25 12:45:00, 99.99, 100.16, 99.99, 100.105, 4011, 0.0
2021-05-25 12:50:00, 100.105, 100.175, 99.83, 99.91, 3622, 0.0
2021-05-25 12:55:00, 99.96, 100.02, 99.95, 100.01, 2155, 0.0
2021-05-25 13:00:00, 100, 100.025, 99.675, 99.76, 3946, 0.0
2021-05-25 13:05:00, 99.775, 99.81, 99.695, 99.77, 3912, 0.0
2021-05-25 13:10:00, 99.78, 99.84, 99.755, 99.79, 2243, 0.0
2021-05-25 13:15:00, 99.785, 99.79, 99.555, 99.61, 4261, 0.0
2021-05-25 13:20:00, 99.61, 99.67, 99.475, 99.575, 4341, 0.0
2021-05-25 13:25:00, 99.56, 99.7, 99.52, 99.555, 3359, 0.0
2021-05-25 13:30:00, 99.53, 99.72, 99.53, 99.66, 9686, 0.0
2021-05-25 13:35:00, 99.6, 99.79, 99.6, 99.78, 3066, 0.0
2021-05-25 13:40:00, 99.79, 99.86, 99.67, 99.67, 2442, 0.0
2021-05-25 13:45:00, 99.585, 99.585, 99.235, 99.29, 3564, 0.0
2021-05-25 13:50:00, 99.27, 99.355, 99.19, 99.355, 1552, 0.0
2021-05-25 13:55:00, 99.31, 99.32, 99.2, 99.265, 2778, 0.0
2021-05-25 14:00:00, 99.28, 99.285, 98.75, 98.79, 3597, 0.0
2021-05-25 14:05:00, 98.85, 98.97, 98.85, 98.95, 1709, 0.0
2021-05-25 14:10:00, 98.77, 99, 98.74, 98.965, 3915, 0.0
2021-05-25 14:15:00, 98.94, 99.1, 98.94, 99.07, 4742, 0.0
2021-05-25 14:20:00, 99.09, 99.4, 99.085, 99.36, 2768, 0.0
2021-05-25 14:25:00, 99.4, 99.46, 99.3, 99.375, 3120, 0.0
2021-05-25 14:30:00, 99.355, 99.36, 99.26, 99.34, 4538, 0.0
2021-05-25 14:35:00, 99.38, 99.4, 99.15, 99.21, 4345, 0.0
2021-05-25 14:40:00, 99.23, 99.405, 99.2, 99.32, 4154, 0.0
2021-05-25 14:45:00, 99.35, 99.42, 99.335, 99.335, 4113, 0.0
2021-05-25 14:50:00, 99.34, 99.4, 99.02, 99.105, 8918, 0.0
2021-05-25 14:55:00, 99.09, 99.54, 99.03, 99.43, 11600, 0.0
2021-05-26 08:30:00, 100.035, 100.92, 100.035, 100.805, 21051, 0.0
2021-05-26 08:35:00, 100.67, 101, 100.61, 100.66, 7494, 0.0
2021-05-26 08:40:00, 100.72, 101.03, 100.63, 100.75, 12844, 0.0
2021-05-26 08:45:00, 100.75, 101.2, 100.37, 100.78, 15524, 0.0
2021-05-26 08:50:00, 100.82, 101.25, 100.71, 100.965, 7596, 0.0
2021-05-26 08:55:00, 101.01, 101.32, 101.01, 101.17, 11264, 0.0
2021-05-26 09:00:00, 101.31, 101.32, 100.24, 100.4, 7500, 0.0
2021-05-26 09:05:00, 100.535, 101.04, 100.535, 101, 4592, 0.0
2021-05-26 09:10:00, 101.01, 101.1, 100.67, 101.1, 8528, 0.0
2021-05-26 09:15:00, 101.07, 101.7, 101, 101.645, 4786, 0.0
2021-05-26 09:20:00, 101.54, 102.11, 101.54, 102.11, 11906, 0.0
2021-05-26 09:25:00, 102.02, 102.69, 101.93, 102.66, 19997, 0.0
2021-05-26 09:30:00, 102.66, 103.34, 102.66, 103.08, 11065, 0.0
2021-05-26 09:35:00, 103.12, 103.73, 103.105, 103.44, 16251, 0.0
2021-05-26 09:40:00, 103.48, 104.315, 103.48, 104.17, 17044, 0.0
2021-05-26 09:45:00, 104.23, 104.65, 104.12, 104.24, 16425, 0.0
2021-05-26 09:50:00, 104.255, 104.68, 104.25, 104.415, 10901, 0.0
2021-05-26 09:55:00, 104.41, 105.05, 104.25, 104.67, 16933, 0.0
2021-05-26 10:00:00, 104.66, 105.55, 104.66, 105.42, 29895, 0.0
2021-05-26 10:05:00, 105.36, 105.71, 105.24, 105.49, 17317, 0.0
2021-05-26 10:10:00, 105.46, 106.53, 105.46, 106.53, 18572, 0.0
2021-05-26 10:15:00, 106.61, 107.13, 106.39, 106.76, 21307, 0.0
2021-05-26 10:20:00, 106.69, 107.41, 106.56, 106.975, 39536, 0.0
2021-05-26 10:25:00, 107.025, 107.84, 107.025, 107.67, 28310, 0.0
2021-05-26 10:30:00, 107.74, 108.165, 107.62, 108.12, 79402, 0.0
2021-05-26 10:35:00, 108.07, 108.445, 107.85, 108, 26250, 0.0
2021-05-26 10:40:00, 107.925, 109.06, 107.925, 108.87, 20086, 0.0
