Date, Open, High, Low, Close, Volume, Open Interest
2021-05-10 09:45:00, 180.11, 180.11, 180.07, 180.07, 660, 0.0
2021-05-10 09:50:00, 179.865, 180.34, 179.865, 180.34, 3253, 0.0
2021-05-10 09:55:00, 180.34, 180.44, 180.34, 180.44, 410, 0.0
2021-05-10 10:00:00, 180.32, 180.32, 180.32, 180.32, 100, 0.0
2021-05-10 10:05:00, 180.43, 180.49, 180.39, 180.39, 533, 0.0
2021-05-10 10:10:00, 180.39, 180.48, 180.39, 180.48, 667, 0.0
2021-05-10 10:15:00, 180.585, 180.72, 180.585, 180.72, 771, 0.0
2021-05-10 10:20:00, 180.68, 181.1, 180.65, 181.1, 2151, 0.0
2021-05-10 10:25:00, 180.97, 181.01, 180.97, 181.01, 200, 0.0
2021-05-10 10:30:00, 180.81, 180.98, 180.76, 180.98, 841, 0.0
2021-05-10 10:35:00, 180.95, 180.95, 180.85, 180.85, 290, 0.0
2021-05-10 10:40:00, 180.925, 180.925, 180.87, 180.89, 338, 0.0
2021-05-10 10:45:00, 180.79, 180.835, 180.74, 180.74, 635, 0.0
2021-05-10 10:50:00, 180.78, 180.78, 180.67, 180.68, 546, 0.0
2021-05-10 10:55:00, 180.71, 180.76, 180.71, 180.75, 786, 0.0
2021-05-10 11:00:00, 180.76, 180.775, 180.63, 180.66, 448, 0.0
2021-05-10 11:05:00, 180.73, 180.75, 180.73, 180.75, 201, 0.0
2021-05-10 11:10:00, 180.72, 180.83, 180.72, 180.83, 622, 0.0
2021-05-10 11:15:00, 180.77, 180.77, 180.77, 180.77, 200, 0.0
2021-05-10 11:20:00, 180.86, 180.86, 180.84, 180.84, 214, 0.0
2021-05-10 11:25:00, 180.85, 180.85, 180.85, 180.85, 102, 0.0
2021-05-10 11:35:00, 180.6, 180.715, 180.6, 180.675, 1000, 0.0
2021-05-10 11:40:00, 180.79, 180.805, 180.63, 180.75, 2043, 0.0
2021-05-10 11:45:00, 180.77, 180.87, 180.735, 180.87, 1033, 0.0
2021-05-10 11:50:00, 180.8, 180.81, 180.71, 180.81, 427, 0.0
2021-05-10 11:55:00, 180.8, 181.12, 180.8, 181.12, 1062, 0.0
2021-05-10 12:00:00, 181.07, 181.07, 180.97, 180.97, 269, 0.0
2021-05-10 12:05:00, 181.09, 181.09, 181, 181, 366, 0.0
2021-05-10 12:10:00, 181.18, 181.21, 181.18, 181.2, 563, 0.0
2021-05-10 12:15:00, 181.18, 181.22, 181.13, 181.13, 452, 0.0
2021-05-10 12:20:00, 181.11, 181.17, 181.11, 181.17, 401, 0.0
2021-05-10 12:25:00, 181.01, 181.2, 181.01, 181.2, 948, 0.0
2021-05-10 12:30:00, 181.18, 181.28, 181.17, 181.23, 650, 0.0
2021-05-10 12:35:00, 181.17, 181.23, 181.17, 181.21, 729, 0.0
2021-05-10 12:55:00, 181.22, 181.22, 181.22, 181.22, 128, 0.0
2021-05-10 13:00:00, 180.95, 180.95, 180.925, 180.925, 4800, 0.0
2021-05-10 13:05:00, 180.935, 181, 180.935, 181, 742, 0.0
2021-05-10 13:10:00, 180.98, 180.98, 180.98, 180.98, 144, 0.0
2021-05-10 13:15:00, 181.03, 181.09, 180.71, 180.71, 1837, 0.0
2021-05-10 13:20:00, 180.76, 180.965, 180.76, 180.965, 353, 0.0
2021-05-10 13:25:00, 180.575, 180.695, 180.575, 180.62, 1129, 0.0
2021-05-10 13:30:00, 180.48, 180.61, 180.48, 180.61, 238, 0.0
2021-05-10 13:35:00, 180.71, 180.71, 180.71, 180.71, 100, 0.0
2021-05-10 13:40:00, 180.4, 180.4, 180.4, 180.4, 169, 0.0
2021-05-10 13:50:00, 180.07, 180.12, 180.07, 180.12, 266, 0.0
2021-05-10 14:00:00, 180.09, 180.09, 180.09, 180.09, 145, 0.0
2021-05-10 14:05:00, 180.08, 180.08, 180.08, 180.08, 103, 0.0
2021-05-10 14:10:00, 179.98, 179.98, 179.98, 179.98, 238, 0.0
2021-05-10 14:15:00, 180.06, 180.06, 180.06, 180.06, 100, 0.0
2021-05-10 14:20:00, 179.9, 179.9, 179.75, 179.75, 534, 0.0
2021-05-10 14:25:00, 179.63, 179.64, 179.63, 179.64, 226, 0.0
2021-05-10 14:35:00, 179.93, 179.93, 179.85, 179.85, 4530, 0.0
2021-05-10 14:40:00, 180.05, 180.155, 180.03, 180.07, 741, 0.0
2021-05-10 14:45:00, 180.04, 180.15, 179.91, 179.91, 1357, 0.0
2021-05-10 14:50:00, 179.9, 180.105, 179.79, 179.79, 3120, 0.0
2021-05-10 14:55:00, 179.9, 179.94, 179.41, 179.625, 3604, 0.0
2021-05-11 08:30:00, 180.71, 180.71, 178.3, 178.3, 1155, 0.0
2021-05-11 08:35:00, 178.285, 179.66, 178.14, 178.315, 2303, 0.0
2021-05-11 08:40:00, 178.15, 178.6, 178.1, 178.1, 597, 0.0
2021-05-11 08:45:00, 178.42, 178.685, 178.42, 178.61, 543, 0.0
2021-05-11 08:50:00, 178.475, 178.475, 178.02, 178.02, 3286, 0.0
2021-05-11 08:55:00, 177.68, 177.68, 177.22, 177.22, 1196, 0.0
2021-05-11 09:00:00, 177.345, 177.74, 177.19, 177.74, 423, 0.0
2021-05-11 09:05:00, 177.61, 177.61, 177.49, 177.49, 304, 0.0
2021-05-11 09:10:00, 177.62, 177.62, 177.42, 177.59, 650, 0.0
2021-05-11 09:15:00, 177.34, 177.48, 177.26, 177.31, 668, 0.0
2021-05-11 09:20:00, 177.3, 177.42, 176.51, 176.51, 1011, 0.0
2021-05-11 09:25:00, 176.32, 176.79, 176.255, 176.79, 2039, 0.0
2021-05-11 09:30:00, 176.905, 176.905, 176.2, 176.2, 1434, 0.0
2021-05-11 09:35:00, 176.46, 176.49, 176.46, 176.49, 570, 0.0
2021-05-11 09:40:00, 176.98, 176.98, 176.66, 176.71, 1258, 0.0
2021-05-11 09:45:00, 176.63, 176.82, 176.59, 176.73, 3513, 0.0
2021-05-11 09:50:00, 176.77, 176.85, 176.59, 176.8, 1649, 0.0
2021-05-11 09:55:00, 176.73, 176.73, 176.565, 176.575, 953, 0.0
2021-05-11 10:05:00, 176.37, 176.37, 176.09, 176.23, 877, 0.0
2021-05-11 10:10:00, 176.04, 176.04, 175.89, 175.89, 221, 0.0
2021-05-11 10:15:00, 175.81, 176.21, 175.595, 176.21, 2305, 0.0
2021-05-11 10:20:00, 176.27, 176.35, 176.27, 176.35, 370, 0.0
2021-05-11 10:30:00, 176.845, 176.845, 176.845, 176.845, 114, 0.0
2021-05-11 10:35:00, 176.85, 176.895, 176.72, 176.72, 1540, 0.0
2021-05-11 10:40:00, 176.7, 176.7, 176.44, 176.44, 514, 0.0
2021-05-11 10:45:00, 176.325, 176.325, 176.325, 176.325, 100, 0.0
2021-05-11 10:50:00, 176.43, 176.43, 176.43, 176.43, 294, 0.0
2021-05-11 10:55:00, 176.57, 176.61, 176.57, 176.59, 633, 0.0
2021-05-11 11:00:00, 176.525, 176.625, 176.51, 176.625, 529, 0.0
2021-05-11 11:05:00, 176.62, 176.62, 176.61, 176.61, 200, 0.0
2021-05-11 11:10:00, 176.32, 176.32, 176.29, 176.29, 210, 0.0
2021-05-11 11:15:00, 176.29, 176.29, 176.13, 176.13, 447, 0.0
2021-05-11 11:25:00, 176.04, 176.05, 175.94, 175.97, 665, 0.0
2021-05-11 11:30:00, 175.575, 175.58, 175.5, 175.5, 847, 0.0
2021-05-11 11:35:00, 175.15, 175.15, 175.095, 175.095, 579, 0.0
2021-05-11 11:40:00, 174.94, 175.13, 174.94, 175.09, 781, 0.0
2021-05-11 11:45:00, 175.105, 175.105, 175.01, 175.01, 200, 0.0
2021-05-11 11:50:00, 174.78, 174.78, 174.78, 174.78, 100, 0.0
2021-05-11 11:55:00, 175.01, 175.04, 175.01, 175.04, 402, 0.0
2021-05-11 12:15:00, 175.55, 175.55, 175.55, 175.55, 295, 0.0
2021-05-11 12:25:00, 175.65, 175.65, 175.63, 175.63, 202, 0.0
2021-05-11 12:30:00, 175.615, 175.615, 175.615, 175.615, 110, 0.0
2021-05-11 12:35:00, 175.66, 175.66, 175.66, 175.66, 108, 0.0
2021-05-11 12:45:00, 175.74, 175.74, 175.63, 175.63, 233, 0.0
2021-05-11 12:50:00, 175.46, 175.46, 175.37, 175.37, 305, 0.0
2021-05-11 12:55:00, 175.21, 175.31, 175.21, 175.31, 406, 0.0
2021-05-11 13:00:00, 175.44, 175.45, 175.37, 175.37, 630, 0.0
2021-05-11 13:05:00, 175.52, 175.52, 175.025, 175.11, 410, 0.0
2021-05-11 13:10:00, 175.02, 175.07, 174.95, 175.05, 497, 0.0
2021-05-11 13:20:00, 175.14, 175.35, 175.14, 175.35, 1331, 0.0
2021-05-11 13:25:00, 175.52, 175.53, 175.52, 175.53, 387, 0.0
2021-05-11 13:35:00, 175.32, 175.32, 175.1, 175.1, 213, 0.0
2021-05-11 13:40:00, 175.06, 175.22, 175.06, 175.22, 359, 0.0
2021-05-11 13:45:00, 175.1, 175.14, 175.1, 175.14, 278, 0.0
2021-05-11 13:50:00, 175.23, 175.23, 175.16, 175.16, 233, 0.0
2021-05-11 13:55:00, 175.14, 175.19, 175.14, 175.19, 200, 0.0
2021-05-11 14:05:00, 175.22, 175.29, 175.19, 175.21, 773, 0.0
2021-05-11 14:10:00, 175.18, 175.18, 175.18, 175.18, 103, 0.0
2021-05-11 14:15:00, 175.15, 175.15, 175.15, 175.15, 139, 0.0
2021-05-11 14:20:00, 175.53, 175.61, 175.53, 175.61, 539, 0.0
2021-05-11 14:25:00, 175.67, 175.67, 175.48, 175.48, 387, 0.0
2021-05-11 14:30:00, 175.55, 175.55, 175.1, 175.1, 376, 0.0
2021-05-11 14:35:00, 175.04, 175.11, 175.01, 175.08, 1338, 0.0
2021-05-11 14:40:00, 175.06, 175.06, 175.04, 175.04, 248, 0.0
2021-05-11 14:45:00, 175.1, 175.35, 175.1, 175.29, 1054, 0.0
2021-05-11 14:50:00, 175.34, 175.55, 175.26, 175.26, 2049, 0.0
2021-05-11 14:55:00, 175.14, 175.175, 175.04, 175.05, 2095, 0.0
2021-05-12 08:30:00, 173.8, 173.96, 173, 173.96, 700, 0.0
2021-05-12 08:35:00, 174.035, 174.19, 173.8, 173.8, 790, 0.0
2021-05-12 08:40:00, 173.71, 174.31, 173.67, 174.15, 1729, 0.0
2021-05-12 08:45:00, 174.1, 174.14, 173.52, 173.52, 1255, 0.0
2021-05-12 08:50:00, 173.47, 173.55, 173.31, 173.33, 1947, 0.0
2021-05-12 08:55:00, 173.15, 173.15, 172.99, 172.99, 695, 0.0
2021-05-12 09:00:00, 173.02, 173.02, 173.02, 173.02, 133, 0.0
2021-05-12 09:05:00, 173.59, 173.6, 173.57, 173.57, 473, 0.0
2021-05-12 09:10:00, 173.59, 173.59, 173.4, 173.53, 576, 0.0
2021-05-12 09:15:00, 173.79, 173.94, 173.78, 173.94, 1138, 0.0
2021-05-12 09:20:00, 174.24, 174.24, 174.185, 174.185, 332, 0.0
2021-05-12 09:25:00, 174.17, 174.17, 173.89, 173.89, 237, 0.0
2021-05-12 09:30:00, 173.58, 173.58, 173.5, 173.5, 202, 0.0
2021-05-12 09:35:00, 173.19, 173.31, 173.19, 173.295, 1109, 0.0
2021-05-12 09:40:00, 172.78, 172.8, 172.78, 172.8, 345, 0.0
2021-05-12 09:45:00, 172.85, 172.85, 172.85, 172.85, 102, 0.0
2021-05-12 09:55:00, 172.89, 172.89, 172.89, 172.89, 133, 0.0
2021-05-12 10:00:00, 172.91, 172.915, 172.91, 172.915, 380, 0.0
2021-05-12 10:05:00, 172.97, 173.11, 172.87, 173.11, 539, 0.0
2021-05-12 10:10:00, 173.08, 173.15, 173.02, 173.13, 1819, 0.0
2021-05-12 10:15:00, 172.95, 172.99, 172.95, 172.95, 333, 0.0
2021-05-12 10:20:00, 172.74, 172.74, 172.68, 172.68, 607, 0.0
2021-05-12 10:25:00, 172.43, 172.61, 172.43, 172.61, 279, 0.0
2021-05-12 10:30:00, 172.55, 172.57, 172.55, 172.57, 722, 0.0
2021-05-12 10:35:00, 172.47, 172.47, 172.38, 172.4, 945, 0.0
2021-05-12 10:40:00, 172.39, 172.74, 172.35, 172.615, 1957, 0.0
2021-05-12 10:45:00, 172.615, 172.615, 172.37, 172.37, 640, 0.0
2021-05-12 10:50:00, 172.03, 172.1, 172, 172.02, 1828, 0.0
2021-05-12 10:55:00, 172.005, 172.005, 171.695, 171.695, 1118, 0.0
2021-05-12 11:10:00, 172.1, 172.17, 172.1, 172.17, 308, 0.0
2021-05-12 11:15:00, 171.92, 171.92, 171.92, 171.92, 100, 0.0
2021-05-12 11:20:00, 172.25, 172.25, 172.25, 172.25, 134, 0.0
2021-05-12 11:25:00, 172.36, 172.36, 172.35, 172.35, 333, 0.0
2021-05-12 11:30:00, 172.11, 172.11, 172.11, 172.11, 283, 0.0
2021-05-12 11:40:00, 171.615, 171.8, 171.56, 171.8, 2541, 0.0
2021-05-12 11:45:00, 171.82, 171.98, 171.77, 171.98, 1147, 0.0
2021-05-12 11:50:00, 171.9, 171.9, 171.9, 171.9, 100, 0.0
2021-05-12 11:55:00, 171.845, 171.875, 171.845, 171.875, 200, 0.0
2021-05-12 12:00:00, 171.89, 172.11, 171.89, 172.03, 854, 0.0
2021-05-12 12:05:00, 171.91, 171.91, 171.91, 171.91, 100, 0.0
2021-05-12 12:10:00, 172.01, 172.01, 172.01, 172.01, 100, 0.0
2021-05-12 12:15:00, 172, 172, 172, 172, 226, 0.0
2021-05-12 12:20:00, 171.67, 171.675, 171.67, 171.675, 209, 0.0
2021-05-12 12:25:00, 171.655, 171.655, 171.54, 171.6, 600, 0.0
2021-05-12 12:30:00, 171.44, 171.44, 171.4, 171.4, 200, 0.0
2021-05-12 12:35:00, 171.575, 171.575, 171.495, 171.495, 200, 0.0
2021-05-12 12:40:00, 171.49, 171.49, 171.49, 171.49, 143, 0.0
2021-05-12 12:50:00, 171.45, 171.66, 171.45, 171.66, 211, 0.0
2021-05-12 12:55:00, 171.69, 171.69, 171.69, 171.69, 100, 0.0
2021-05-12 13:05:00, 171.47, 171.47, 171.47, 171.47, 122, 0.0
2021-05-12 13:15:00, 171.31, 171.35, 171.27, 171.29, 1203, 0.0
2021-05-12 13:20:00, 171.335, 171.38, 171.31, 171.31, 353, 0.0
2021-05-12 13:25:00, 171.51, 171.51, 171.51, 171.51, 102, 0.0
2021-05-12 13:30:00, 171.33, 171.61, 171.32, 171.61, 440, 0.0
2021-05-12 13:40:00, 171.91, 171.91, 171.91, 171.91, 106, 0.0
2021-05-12 13:45:00, 171.835, 171.87, 171.835, 171.87, 273, 0.0
2021-05-12 13:50:00, 171.99, 171.99, 171.98, 171.98, 238, 0.0
2021-05-12 13:55:00, 171.94, 171.99, 171.94, 171.96, 472, 0.0
2021-05-12 14:00:00, 171.79, 171.79, 171.79, 171.79, 133, 0.0
2021-05-12 14:05:00, 171.89, 171.99, 171.89, 171.99, 200, 0.0
2021-05-12 14:10:00, 171.89, 171.89, 171.89, 171.89, 200, 0.0
2021-05-12 14:20:00, 171.81, 171.84, 171.78, 171.79, 647, 0.0
2021-05-12 14:25:00, 171.75, 171.775, 171.75, 171.775, 233, 0.0
2021-05-12 14:30:00, 172.02, 172.17, 172.02, 172.07, 2156, 0.0
2021-05-12 14:35:00, 171.9, 171.92, 171.88, 171.91, 568, 0.0
2021-05-12 14:40:00, 171.96, 172.14, 171.96, 172.14, 616, 0.0
2021-05-12 14:45:00, 172.13, 172.13, 171.88, 171.93, 1513, 0.0
2021-05-12 14:50:00, 171.91, 172.02, 171.795, 172, 3527, 0.0
2021-05-12 14:55:00, 171.93, 172.23, 171.93, 172.03, 9243, 0.0
2021-05-13 08:30:00, 172.13, 172.13, 172.13, 172.13, 101, 0.0
2021-05-13 08:35:00, 172.25, 172.4, 172.25, 172.4, 319, 0.0
2021-05-13 08:40:00, 172.43, 172.495, 172.35, 172.475, 1701, 0.0
2021-05-13 08:45:00, 172.44, 172.495, 172.2, 172.41, 1474, 0.0
2021-05-13 08:50:00, 172.23, 172.45, 172.23, 172.43, 1527, 0.0
2021-05-13 08:55:00, 172.41, 172.41, 172.15, 172.15, 715, 0.0
2021-05-13 09:00:00, 172.39, 172.6, 172.33, 172.6, 2512, 0.0
2021-05-13 09:05:00, 172.6, 172.655, 172.47, 172.54, 932, 0.0
2021-05-13 09:10:00, 172.54, 172.59, 172.455, 172.455, 881, 0.0
2021-05-13 09:15:00, 172.6, 173.025, 172.58, 172.96, 1381, 0.0
2021-05-13 09:20:00, 172.97, 173.05, 172.97, 173.05, 447, 0.0
2021-05-13 09:25:00, 173.03, 173.03, 172.7, 172.7, 602, 0.0
2021-05-13 09:30:00, 173.11, 173.11, 173.11, 173.11, 100, 0.0
2021-05-13 09:35:00, 172.875, 172.98, 172.87, 172.98, 780, 0.0
2021-05-13 09:40:00, 172.845, 172.845, 172.845, 172.845, 227, 0.0
2021-05-13 09:45:00, 172.75, 172.99, 172.75, 172.955, 830, 0.0
2021-05-13 09:50:00, 172.95, 172.95, 172.885, 172.945, 1440, 0.0
2021-05-13 09:55:00, 172.96, 173.33, 172.95, 173.33, 629, 0.0
2021-05-13 10:00:00, 173.51, 173.59, 173.51, 173.59, 295, 0.0
2021-05-13 10:05:00, 173.5, 173.5, 173.43, 173.46, 497, 0.0
2021-05-13 10:15:00, 173.035, 173.19, 172.93, 173.19, 521, 0.0
2021-05-13 10:25:00, 173.06, 173.06, 173.06, 173.06, 103, 0.0
2021-05-13 10:30:00, 173.26, 173.35, 173.26, 173.35, 234, 0.0
2021-05-13 10:35:00, 173.46, 173.62, 173.46, 173.62, 528, 0.0
2021-05-13 10:40:00, 173.435, 173.435, 173.435, 173.435, 200, 0.0
2021-05-13 10:45:00, 173.46, 173.475, 173.37, 173.475, 703, 0.0
2021-05-13 10:50:00, 173.545, 173.6, 173.515, 173.515, 596, 0.0
2021-05-13 10:55:00, 173.49, 173.49, 173.49, 173.49, 100, 0.0
2021-05-13 11:00:00, 173.66, 173.905, 173.485, 173.485, 1108, 0.0
2021-05-13 11:05:00, 173.475, 173.58, 173.46, 173.47, 2985, 0.0
2021-05-13 11:10:00, 173.59, 173.605, 172.88, 172.955, 7724, 0.0
2021-05-13 11:15:00, 173.035, 173.23, 172.92, 173.23, 534, 0.0
2021-05-13 11:20:00, 172.99, 173.12, 172.99, 173.12, 304, 0.0
2021-05-13 11:25:00, 173.1, 173.175, 173.1, 173.145, 642, 0.0
2021-05-13 11:30:00, 173.12, 173.12, 173.12, 173.12, 100, 0.0
2021-05-13 11:40:00, 173.1, 173.1, 173.1, 173.1, 100, 0.0
2021-05-13 11:45:00, 173.24, 173.24, 173.24, 173.24, 133, 0.0
2021-05-13 11:50:00, 173.205, 173.205, 173.205, 173.205, 110, 0.0
2021-05-13 12:05:00, 172.92, 172.92, 172.92, 172.92, 210, 0.0
2021-05-13 12:10:00, 173.1, 173.1, 173.1, 173.1, 100, 0.0
2021-05-13 12:15:00, 173.12, 173.12, 173.12, 173.12, 100, 0.0
2021-05-13 12:20:00, 172.83, 172.83, 172.83, 172.83, 276, 0.0
2021-05-13 12:25:00, 173.01, 173.01, 172.99, 172.99, 312, 0.0
2021-05-13 12:30:00, 172.81, 172.81, 172.55, 172.55, 300, 0.0
2021-05-13 12:35:00, 172.59, 172.605, 172.59, 172.605, 201, 0.0
2021-05-13 12:40:00, 172.44, 172.44, 172.44, 172.44, 128, 0.0
2021-05-13 12:50:00, 172.545, 172.545, 172.52, 172.52, 356, 0.0
2021-05-13 12:55:00, 172.52, 172.52, 172.52, 172.52, 128, 0.0
2021-05-13 13:00:00, 172.84, 172.89, 172.84, 172.89, 300, 0.0
2021-05-13 13:05:00, 172.89, 173.135, 172.89, 173.135, 556, 0.0
2021-05-13 13:10:00, 173.195, 173.25, 173.15, 173.22, 702, 0.0
2021-05-13 13:15:00, 173.05, 173.16, 173.05, 173.16, 698, 0.0
2021-05-13 13:20:00, 173.205, 173.27, 173.085, 173.22, 750, 0.0
2021-05-13 13:25:00, 173.175, 173.19, 173.13, 173.155, 924, 0.0
2021-05-13 13:30:00, 173.155, 173.21, 173.06, 173.1, 929, 0.0
2021-05-13 13:35:00, 173.18, 173.21, 173.1, 173.1, 932, 0.0
2021-05-13 13:40:00, 173.155, 173.155, 173.155, 173.155, 100, 0.0
2021-05-13 13:45:00, 173.12, 173.18, 173.05, 173.18, 585, 0.0
2021-05-13 13:50:00, 173.165, 173.165, 173.06, 173.08, 1122, 0.0
2021-05-13 13:55:00, 173.085, 173.16, 172.86, 173.16, 2405, 0.0
2021-05-13 14:00:00, 173, 173.145, 172.99, 173.105, 1107, 0.0
2021-05-13 14:05:00, 173.13, 173.16, 173.13, 173.16, 201, 0.0
2021-05-13 14:15:00, 173.11, 173.24, 173.11, 173.24, 335, 0.0
2021-05-13 14:25:00, 173.54, 173.67, 173.44, 173.67, 902, 0.0
2021-05-13 14:30:00, 173.695, 173.695, 173.63, 173.69, 432, 0.0
2021-05-13 14:35:00, 173.49, 173.49, 173.49, 173.49, 101, 0.0
2021-05-13 14:40:00, 173.63, 173.78, 173.63, 173.71, 691, 0.0
2021-05-13 14:45:00, 173.76, 173.77, 173.74, 173.74, 922, 0.0
2021-05-13 14:50:00, 173.65, 173.69, 173.46, 173.69, 3233, 0.0
2021-05-13 14:55:00, 173.59, 173.73, 173.58, 173.595, 5308, 0.0
2021-05-14 08:30:00, 174.46, 174.46, 174.46, 174.46, 117, 0.0
2021-05-14 08:35:00, 174.265, 174.265, 173.81, 173.81, 200, 0.0
2021-05-14 08:40:00, 174.14, 174.14, 174.05, 174.05, 367, 0.0
2021-05-14 08:45:00, 174.415, 174.42, 174.415, 174.42, 200, 0.0
2021-05-14 08:55:00, 173.97, 173.97, 173.65, 173.65, 459, 0.0
2021-05-14 09:00:00, 173.98, 174, 173.98, 174, 266, 0.0
2021-05-14 09:05:00, 174.27, 174.33, 174.085, 174.125, 714, 0.0
2021-05-14 09:15:00, 174.62, 174.85, 174.62, 174.85, 949, 0.0
2021-05-14 09:20:00, 175.235, 175.3, 175.235, 175.3, 203, 0.0
2021-05-14 09:25:00, 175.13, 175.13, 175.04, 175.04, 300, 0.0
2021-05-14 09:30:00, 175.03, 175.03, 175.03, 175.03, 630, 0.0
2021-05-14 09:35:00, 175.23, 175.29, 175.23, 175.29, 562, 0.0
2021-05-14 09:40:00, 175.245, 175.245, 175.09, 175.15, 658, 0.0
2021-05-14 09:45:00, 175.285, 175.295, 175.285, 175.295, 212, 0.0
2021-05-14 09:50:00, 175.66, 175.66, 175.6, 175.66, 310, 0.0
2021-05-14 09:55:00, 175.63, 175.89, 175.63, 175.82, 577, 0.0
2021-05-14 10:00:00, 175.83, 175.9, 175.8, 175.9, 363, 0.0
2021-05-14 10:05:00, 175.815, 175.815, 175.815, 175.815, 167, 0.0
2021-05-14 10:10:00, 175.83, 176.14, 175.83, 176.14, 732, 0.0
2021-05-14 10:15:00, 175.955, 175.955, 175.955, 175.955, 200, 0.0
2021-05-14 10:20:00, 175.91, 175.91, 175.49, 175.49, 407, 0.0
2021-05-14 10:30:00, 175.15, 175.16, 175.15, 175.16, 299, 0.0
2021-05-14 10:35:00, 175.26, 175.26, 175.26, 175.26, 101, 0.0
2021-05-14 10:40:00, 175.26, 175.26, 175.23, 175.23, 233, 0.0
2021-05-14 10:55:00, 174.91, 174.91, 174.91, 174.91, 102, 0.0
2021-05-14 11:00:00, 174.915, 174.915, 174.915, 174.915, 100, 0.0
2021-05-14 11:05:00, 174.73, 174.76, 174.71, 174.71, 333, 0.0
2021-05-14 11:10:00, 174.72, 174.89, 174.68, 174.89, 1138, 0.0
2021-05-14 11:15:00, 174.85, 174.94, 174.73, 174.835, 1691, 0.0
2021-05-14 11:20:00, 174.81, 174.81, 174.705, 174.75, 416, 0.0
2021-05-14 11:25:00, 174.76, 174.76, 174.76, 174.76, 100, 0.0
2021-05-14 11:30:00, 174.74, 174.74, 174.74, 174.74, 124, 0.0
2021-05-14 11:35:00, 174.82, 174.82, 174.82, 174.82, 100, 0.0
2021-05-14 11:40:00, 174.8, 174.8, 174.8, 174.8, 246, 0.0
2021-05-14 11:45:00, 174.82, 174.86, 174.82, 174.86, 434, 0.0
2021-05-14 11:55:00, 175.2, 175.2, 175.05, 175.05, 282, 0.0
2021-05-14 12:00:00, 175.03, 175.03, 175.03, 175.03, 100, 0.0
2021-05-14 12:05:00, 175.11, 175.11, 175.11, 175.11, 100, 0.0
2021-05-14 12:15:00, 174.96, 174.96, 174.96, 174.96, 233, 0.0
2021-05-14 12:20:00, 175.15, 175.15, 175.15, 175.15, 100, 0.0
2021-05-14 12:25:00, 175.08, 175.08, 175.08, 175.08, 100, 0.0
2021-05-14 12:30:00, 174.97, 174.97, 174.97, 174.97, 151, 0.0
2021-05-14 12:35:00, 175.02, 175.02, 175.02, 175.02, 137, 0.0
2021-05-14 12:40:00, 175, 175, 175, 175, 100, 0.0
2021-05-14 12:45:00, 175.07, 175.07, 174.94, 174.94, 367, 0.0
2021-05-14 12:50:00, 175.04, 175.04, 175.04, 175.04, 100, 0.0
2021-05-14 12:55:00, 174.98, 174.98, 174.98, 174.98, 100, 0.0
2021-05-14 13:05:00, 174.9, 174.9, 174.9, 174.9, 104, 0.0
2021-05-14 13:10:00, 174.83, 174.88, 174.82, 174.88, 651, 0.0
2021-05-14 13:20:00, 174.925, 174.96, 174.79, 174.805, 720, 0.0
2021-05-14 13:25:00, 174.805, 174.82, 174.78, 174.82, 333, 0.0
2021-05-14 13:30:00, 175.045, 175.045, 175.045, 175.045, 100, 0.0
2021-05-14 13:40:00, 175.045, 175.045, 175.045, 175.045, 100, 0.0
2021-05-14 13:45:00, 175.105, 175.25, 175.105, 175.17, 789, 0.0
2021-05-14 13:50:00, 175.28, 175.32, 175.28, 175.32, 300, 0.0
2021-05-14 13:55:00, 175.36, 175.36, 175.3, 175.3, 300, 0.0
2021-05-14 14:00:00, 175.35, 175.37, 175.35, 175.37, 205, 0.0
2021-05-14 14:05:00, 175.29, 175.37, 175.29, 175.37, 200, 0.0
2021-05-14 14:10:00, 175.34, 175.34, 175.27, 175.27, 369, 0.0
2021-05-14 14:20:00, 175.39, 175.39, 175.355, 175.355, 505, 0.0
2021-05-14 14:30:00, 175.26, 175.26, 175.05, 175.08, 554, 0.0
2021-05-14 14:35:00, 175.165, 175.165, 175, 175.04, 720, 0.0
2021-05-14 14:40:00, 175.03, 175.06, 175.03, 175.05, 643, 0.0
2021-05-14 14:45:00, 175.05, 175.155, 174.99, 175.11, 1204, 0.0
2021-05-14 14:50:00, 174.99, 175.3, 174.99, 175.3, 2699, 0.0
2021-05-14 14:55:00, 175.26, 175.26, 175.05, 175.1, 2653, 0.0
2021-05-17 08:30:00, 175.04, 175.11, 174.39, 174.66, 516, 0.0
2021-05-17 08:35:00, 174.66, 174.66, 174.66, 174.66, 333, 0.0
2021-05-17 08:55:00, 173.91, 174.01, 173.91, 174.01, 493, 0.0
2021-05-17 09:00:00, 173.84, 174.13, 173.84, 174.13, 209, 0.0
2021-05-17 09:05:00, 173.915, 173.93, 173.61, 173.61, 669, 0.0
2021-05-17 09:10:00, 173.365, 173.54, 172.91, 172.91, 1773, 0.0
2021-05-17 09:15:00, 172.81, 173.28, 172.81, 173.28, 995, 0.0
2021-05-17 09:20:00, 173.55, 173.76, 173.55, 173.76, 952, 0.0
2021-05-17 09:25:00, 173.79, 173.79, 173.52, 173.52, 707, 0.0
2021-05-17 09:30:00, 173.5, 173.5, 173, 173.07, 854, 0.0
2021-05-17 09:35:00, 172.96, 173, 172.96, 173, 412, 0.0
2021-05-17 09:40:00, 172.88, 172.99, 172.88, 172.98, 327, 0.0
2021-05-17 09:45:00, 173.01, 173.01, 173.01, 173.01, 100, 0.0
2021-05-17 09:50:00, 173.25, 173.25, 173.25, 173.25, 116, 0.0
2021-05-17 09:55:00, 173.23, 173.27, 173.23, 173.27, 360, 0.0
2021-05-17 10:00:00, 173.52, 173.52, 173.52, 173.52, 128, 0.0
2021-05-17 10:05:00, 173.66, 173.66, 173.66, 173.66, 103, 0.0
2021-05-17 10:10:00, 173.33, 173.33, 173.33, 173.33, 200, 0.0
2021-05-17 10:15:00, 173.25, 173.25, 173.25, 173.25, 133, 0.0
2021-05-17 10:25:00, 173.11, 173.11, 173.05, 173.05, 550, 0.0
2021-05-17 10:30:00, 173.2, 173.38, 173.19, 173.38, 714, 0.0
2021-05-17 10:40:00, 173.4, 173.4, 173.4, 173.4, 100, 0.0
2021-05-17 10:50:00, 173.42, 173.42, 173.42, 173.42, 100, 0.0
2021-05-17 10:55:00, 173.45, 173.45, 173.45, 173.45, 100, 0.0
2021-05-17 11:00:00, 173.31, 173.31, 173.31, 173.31, 102, 0.0
2021-05-17 11:05:00, 173.09, 173.09, 173.09, 173.09, 100, 0.0
2021-05-17 11:10:00, 173.3, 173.3, 173.3, 173.3, 100, 0.0
2021-05-17 11:15:00, 173.33, 173.33, 173.3, 173.3, 204, 0.0
2021-05-17 11:25:00, 173.57, 173.57, 173.57, 173.57, 110, 0.0
2021-05-17 11:30:00, 173.5, 173.5, 173.48, 173.48, 335, 0.0
2021-05-17 11:45:00, 173.325, 173.325, 173.325, 173.325, 100, 0.0
2021-05-17 11:50:00, 173.24, 173.24, 173.09, 173.09, 328, 0.0
2021-05-17 11:55:00, 173, 173, 172.94, 172.99, 1378, 0.0
2021-05-17 12:00:00, 173.03, 173.05, 173.03, 173.05, 300, 0.0
2021-05-17 12:10:00, 173.01, 173.06, 172.91, 173.06, 618, 0.0
2021-05-17 12:15:00, 173.13, 173.13, 173.13, 173.13, 100, 0.0
2021-05-17 12:30:00, 173.125, 173.125, 173.125, 173.125, 120, 0.0
2021-05-17 12:40:00, 173.06, 173.06, 173, 173, 305, 0.0
2021-05-17 12:55:00, 173.005, 173.005, 173.005, 173.005, 100, 0.0
2021-05-17 13:15:00, 173.07, 173.07, 173.07, 173.07, 133, 0.0
2021-05-17 13:45:00, 173.25, 173.25, 173.25, 173.25, 115, 0.0
2021-05-17 13:50:00, 173.38, 173.38, 173.38, 173.38, 144, 0.0
2021-05-17 14:00:00, 173.495, 173.495, 173.48, 173.48, 202, 0.0
2021-05-17 14:05:00, 173.63, 173.63, 173.63, 173.63, 100, 0.0
2021-05-17 14:10:00, 173.45, 173.45, 173.43, 173.43, 553, 0.0
2021-05-17 14:15:00, 173.41, 173.41, 173.31, 173.31, 1003, 0.0
2021-05-17 14:20:00, 173.31, 173.32, 173.31, 173.32, 300, 0.0
2021-05-17 14:25:00, 173.19, 173.19, 173.04, 173.04, 334, 0.0
2021-05-17 14:30:00, 173.1, 173.16, 173.1, 173.11, 349, 0.0
2021-05-17 14:35:00, 173.03, 173.03, 172.99, 173, 811, 0.0
2021-05-17 14:40:00, 173.11, 173.22, 173.105, 173.13, 585, 0.0
2021-05-17 14:45:00, 173.18, 173.19, 173.03, 173.03, 722, 0.0
2021-05-17 14:50:00, 173.04, 173.13, 172.79, 172.83, 1812, 0.0
2021-05-17 14:55:00, 172.87, 173.08, 172.84, 172.95, 3290, 0.0
2021-05-18 08:30:00, 173.8, 173.8, 172.37, 172.37, 517, 0.0
2021-05-18 08:35:00, 172.56, 172.59, 172.56, 172.59, 360, 0.0
2021-05-18 08:40:00, 171.96, 171.985, 171.765, 171.765, 710, 0.0
2021-05-18 08:45:00, 171.66, 171.945, 171.455, 171.945, 1298, 0.0
2021-05-18 08:50:00, 171.87, 171.99, 171.7, 171.965, 2215, 0.0
2021-05-18 08:55:00, 171.985, 171.985, 171.7, 171.83, 681, 0.0
2021-05-18 09:00:00, 172.12, 172.24, 172.015, 172.19, 777, 0.0
2021-05-18 09:05:00, 171.93, 171.93, 171.78, 171.78, 264, 0.0
2021-05-18 09:10:00, 171.46, 171.68, 171.34, 171.67, 1074, 0.0
2021-05-18 09:15:00, 171.61, 172.105, 171.57, 172.04, 674, 0.0
2021-05-18 09:20:00, 172.04, 172.07, 172.04, 172.07, 209, 0.0
2021-05-18 09:25:00, 171.92, 172.03, 171.885, 172.03, 300, 0.0
2021-05-18 09:30:00, 171.945, 172.31, 171.945, 172.31, 938, 0.0
2021-05-18 09:35:00, 172.21, 172.21, 172.18, 172.18, 318, 0.0
2021-05-18 09:40:00, 172.24, 172.38, 172.24, 172.38, 584, 0.0
2021-05-18 09:45:00, 172.27, 172.37, 172.255, 172.37, 609, 0.0
2021-05-18 09:50:00, 172.515, 172.6, 172.38, 172.38, 827, 0.0
2021-05-18 09:55:00, 172.365, 172.365, 172.15, 172.15, 1099, 0.0
2021-05-18 10:00:00, 172.36, 172.65, 172.36, 172.61, 832, 0.0
2021-05-18 10:05:00, 172.54, 172.54, 172.405, 172.41, 654, 0.0
2021-05-18 10:10:00, 172.455, 172.58, 172.455, 172.54, 797, 0.0
2021-05-18 10:15:00, 172.575, 172.65, 172.53, 172.65, 827, 0.0
2021-05-18 10:20:00, 172.65, 172.81, 172.49, 172.81, 1020, 0.0
2021-05-18 10:25:00, 172.695, 172.695, 172.6, 172.6, 311, 0.0
2021-05-18 10:30:00, 172.45, 172.57, 172.45, 172.45, 344, 0.0
2021-05-18 10:35:00, 172.32, 172.32, 172.27, 172.27, 241, 0.0
2021-05-18 10:40:00, 172.1, 172.29, 172.1, 172.29, 659, 0.0
2021-05-18 10:45:00, 172.27, 172.27, 172.11, 172.11, 241, 0.0
2021-05-18 10:50:00, 172.11, 172.11, 172.04, 172.04, 392, 0.0
2021-05-18 10:55:00, 172.08, 172.1, 172.08, 172.1, 343, 0.0
2021-05-18 11:00:00, 172.14, 172.39, 172.12, 172.39, 794, 0.0
2021-05-18 11:05:00, 172.4, 172.525, 172.3, 172.31, 827, 0.0
2021-05-18 11:10:00, 172.325, 172.35, 172.325, 172.35, 272, 0.0
2021-05-18 11:15:00, 172.435, 172.45, 172.435, 172.45, 347, 0.0
2021-05-18 11:20:00, 172.48, 172.48, 172.47, 172.47, 304, 0.0
2021-05-18 11:25:00, 172.395, 172.45, 172.39, 172.42, 1322, 0.0
2021-05-18 11:30:00, 172.435, 172.63, 172.435, 172.605, 527, 0.0
2021-05-18 11:35:00, 172.59, 172.63, 172.58, 172.595, 1097, 0.0
2021-05-18 11:40:00, 172.58, 172.58, 172.44, 172.55, 1051, 0.0
2021-05-18 11:45:00, 172.54, 172.64, 172.5, 172.63, 688, 0.0
2021-05-18 11:50:00, 172.59, 172.79, 172.59, 172.79, 206, 0.0
2021-05-18 11:55:00, 172.785, 172.815, 172.545, 172.545, 757, 0.0
2021-05-18 12:00:00, 172.63, 172.91, 172.63, 172.91, 1464, 0.0
2021-05-18 12:05:00, 172.905, 173.055, 172.89, 173.055, 1012, 0.0
2021-05-18 12:10:00, 173.07, 173.11, 173.07, 173.105, 790, 0.0
2021-05-18 12:15:00, 173.02, 173.22, 173.02, 173.22, 1796, 0.0
2021-05-18 12:20:00, 173.26, 173.47, 173.26, 173.47, 2400, 0.0
2021-05-18 12:25:00, 173.51, 173.65, 173.23, 173.23, 5104, 0.0
2021-05-18 12:30:00, 173.115, 173.115, 173.115, 173.115, 100, 0.0
2021-05-18 12:35:00, 173.195, 173.21, 173.12, 173.21, 361, 0.0
2021-05-18 12:40:00, 173.11, 173.12, 173.055, 173.12, 301, 0.0
2021-05-18 12:45:00, 173.12, 173.12, 172.87, 172.87, 636, 0.0
2021-05-18 12:50:00, 173.035, 173.13, 173.02, 173.1, 1134, 0.0
2021-05-18 13:00:00, 172.925, 173.01, 172.925, 172.97, 500, 0.0
2021-05-18 13:05:00, 173.1, 173.1, 173.035, 173.035, 316, 0.0
2021-05-18 13:10:00, 172.86, 172.925, 172.86, 172.925, 218, 0.0
2021-05-18 13:15:00, 172.905, 172.905, 172.785, 172.82, 413, 0.0
2021-05-18 13:20:00, 172.77, 172.77, 172.62, 172.62, 348, 0.0
2021-05-18 13:25:00, 172.525, 172.57, 172.465, 172.465, 400, 0.0
2021-05-18 13:30:00, 172.51, 172.51, 172.42, 172.42, 535, 0.0
2021-05-18 13:35:00, 172.415, 172.5, 172.39, 172.45, 1667, 0.0
2021-05-18 13:40:00, 172.55, 172.66, 172.47, 172.545, 1784, 0.0
2021-05-18 13:45:00, 172.365, 172.45, 172.36, 172.445, 575, 0.0
2021-05-18 13:50:00, 172.48, 172.74, 172.47, 172.48, 3135, 0.0
2021-05-18 13:55:00, 172.34, 172.475, 172.34, 172.475, 999, 0.0
2021-05-18 14:00:00, 172.405, 172.59, 172.4, 172.59, 708, 0.0
2021-05-18 14:05:00, 172.585, 172.75, 172.56, 172.75, 2279, 0.0
2021-05-18 14:10:00, 172.77, 172.81, 172.6, 172.6, 2378, 0.0
2021-05-18 14:15:00, 172.735, 172.8, 172.61, 172.61, 3485, 0.0
2021-05-18 14:20:00, 172.59, 172.59, 172.485, 172.485, 1112, 0.0
2021-05-18 14:25:00, 172.56, 172.63, 172.52, 172.52, 1144, 0.0
2021-05-18 14:30:00, 172.45, 172.55, 172.41, 172.55, 1317, 0.0
2021-05-18 14:35:00, 172.55, 172.755, 172.545, 172.755, 1700, 0.0
2021-05-18 14:40:00, 172.76, 172.87, 172.76, 172.8, 1776, 0.0
2021-05-18 14:45:00, 172.765, 172.795, 172.49, 172.515, 2617, 0.0
2021-05-18 14:50:00, 172.48, 172.57, 172.17, 172.17, 6248, 0.0
2021-05-18 14:55:00, 172.23, 172.28, 172.04, 172.04, 5249, 0.0
2021-05-19 08:30:00, 171.2, 171.2, 169.93, 170.17, 2050, 0.0
2021-05-19 08:35:00, 169.96, 169.96, 169.21, 169.21, 466, 0.0
2021-05-19 08:40:00, 170.16, 170.32, 170.15, 170.32, 599, 0.0
2021-05-19 08:45:00, 170.01, 170.01, 170.01, 170.01, 100, 0.0
2021-05-19 08:50:00, 169.925, 170.31, 169.925, 170.31, 273, 0.0
2021-05-19 08:55:00, 170.43, 170.52, 170.33, 170.35, 935, 0.0
2021-05-19 09:00:00, 170.42, 170.42, 170.135, 170.135, 508, 0.0
2021-05-19 09:05:00, 170.225, 170.33, 169.98, 170.33, 4212, 0.0
2021-05-19 09:10:00, 169.84, 169.84, 169.84, 169.84, 200, 0.0
2021-05-19 09:15:00, 169.88, 169.88, 169.78, 169.86, 534, 0.0
2021-05-19 09:20:00, 169.93, 170, 169.78, 169.99, 1145, 0.0
2021-05-19 09:25:00, 169.85, 170.31, 169.84, 170.31, 619, 0.0
2021-05-19 09:30:00, 170.4, 170.42, 170.38, 170.42, 544, 0.0
2021-05-19 09:35:00, 170.22, 170.22, 170.22, 170.22, 194, 0.0
2021-05-19 09:40:00, 170.11, 170.21, 170.11, 170.21, 687, 0.0
2021-05-19 09:45:00, 170.45, 170.62, 170.41, 170.62, 419, 0.0
2021-05-19 09:50:00, 170.54, 171.01, 170.54, 171.005, 509, 0.0
2021-05-19 09:55:00, 170.97, 170.97, 170.91, 170.91, 1074, 0.0
2021-05-19 10:00:00, 170.81, 170.855, 170.81, 170.855, 248, 0.0
2021-05-19 10:05:00, 171.075, 171.1, 171.075, 171.1, 209, 0.0
2021-05-19 10:10:00, 171.37, 171.385, 171.35, 171.35, 715, 0.0
2021-05-19 10:15:00, 171.75, 171.86, 171.665, 171.83, 1527, 0.0
2021-05-19 10:20:00, 171.755, 171.755, 171.68, 171.73, 1407, 0.0
2021-05-19 10:25:00, 171.65, 171.82, 171.65, 171.82, 653, 0.0
2021-05-19 10:30:00, 171.83, 171.97, 171.82, 171.94, 954, 0.0
2021-05-19 10:35:00, 171.715, 171.97, 171.685, 171.96, 2923, 0.0
2021-05-19 10:40:00, 171.91, 171.93, 171.85, 171.85, 345, 0.0
2021-05-19 10:45:00, 171.875, 172, 171.855, 171.855, 2784, 0.0
2021-05-19 10:50:00, 171.77, 171.77, 171.65, 171.65, 445, 0.0
2021-05-19 10:55:00, 171.79, 171.79, 171.79, 171.79, 100, 0.0
2021-05-19 11:00:00, 171.88, 171.88, 171.84, 171.84, 229, 0.0
2021-05-19 11:05:00, 171.87, 171.87, 171.87, 171.87, 340, 0.0
2021-05-19 11:10:00, 171.86, 171.86, 171.69, 171.69, 235, 0.0
2021-05-19 11:15:00, 171.6, 171.84, 171.6, 171.79, 730, 0.0
2021-05-19 11:20:00, 171.865, 171.99, 171.85, 171.99, 516, 0.0
2021-05-19 11:30:00, 171.84, 172, 171.84, 171.93, 532, 0.0
2021-05-19 11:35:00, 172.03, 172.03, 171.915, 172.03, 1541, 0.0
2021-05-19 11:40:00, 172.2, 172.2, 172.05, 172.05, 1224, 0.0
2021-05-19 11:45:00, 172.14, 172.14, 172.06, 172.06, 894, 0.0
2021-05-19 11:50:00, 171.99, 172.08, 171.99, 172.08, 223, 0.0
2021-05-19 11:55:00, 172.12, 172.15, 172.12, 172.15, 317, 0.0
2021-05-19 12:00:00, 172.065, 172.16, 172.065, 172.16, 492, 0.0
2021-05-19 12:10:00, 172.165, 172.22, 172.165, 172.22, 267, 0.0
2021-05-19 12:20:00, 172.22, 172.22, 172.16, 172.16, 436, 0.0
2021-05-19 12:25:00, 172.13, 172.19, 172.13, 172.19, 413, 0.0
2021-05-19 12:30:00, 172.195, 172.195, 172.06, 172.06, 628, 0.0
2021-05-19 12:35:00, 171.97, 172.09, 171.97, 172.03, 755, 0.0
2021-05-19 12:45:00, 171.74, 171.83, 171.74, 171.83, 645, 0.0
2021-05-19 12:50:00, 171.93, 171.93, 171.93, 171.93, 330, 0.0
2021-05-19 12:55:00, 172.1, 172.1, 171.93, 171.93, 609, 0.0
2021-05-19 13:00:00, 172.03, 172.15, 171.785, 171.85, 926, 0.0
2021-05-19 13:05:00, 171.68, 171.78, 171.65, 171.78, 732, 0.0
2021-05-19 13:10:00, 171.715, 171.715, 171.61, 171.61, 1205, 0.0
2021-05-19 13:15:00, 171.64, 171.68, 171.44, 171.44, 1240, 0.0
2021-05-19 13:20:00, 171.89, 172.29, 171.89, 172.29, 249, 0.0
2021-05-19 13:25:00, 172.44, 172.44, 172.44, 172.44, 100, 0.0
2021-05-19 13:30:00, 172.06, 172.06, 172.03, 172.03, 323, 0.0
2021-05-19 13:35:00, 172.105, 172.105, 171.74, 171.74, 266, 0.0
2021-05-19 13:40:00, 171.73, 171.85, 171.61, 171.85, 868, 0.0
2021-05-19 13:45:00, 171.81, 171.92, 171.81, 171.88, 2274, 0.0
2021-05-19 13:50:00, 171.845, 171.9, 171.8, 171.86, 874, 0.0
2021-05-19 13:55:00, 171.935, 171.955, 171.895, 171.9, 738, 0.0
2021-05-19 14:00:00, 171.87, 171.9, 171.78, 171.9, 2924, 0.0
2021-05-19 14:05:00, 171.82, 171.9, 171.82, 171.84, 791, 0.0
2021-05-19 14:10:00, 172.11, 172.18, 172.11, 172.13, 546, 0.0
2021-05-19 14:15:00, 172.17, 172.17, 172.11, 172.13, 940, 0.0
2021-05-19 14:20:00, 172.11, 172.16, 172.11, 172.16, 261, 0.0
2021-05-19 14:25:00, 172.42, 172.42, 172.37, 172.37, 260, 0.0
2021-05-19 14:30:00, 172.26, 172.29, 172.19, 172.29, 799, 0.0
2021-05-19 14:35:00, 172.31, 172.31, 172.31, 172.31, 333, 0.0
2021-05-19 14:40:00, 172.32, 172.35, 172.25, 172.35, 1019, 0.0
2021-05-19 14:45:00, 172.345, 172.35, 172.29, 172.33, 2214, 0.0
2021-05-19 14:50:00, 172.48, 172.89, 172.48, 172.87, 4167, 0.0
2021-05-19 14:55:00, 172.985, 173.22, 172.89, 173.16, 4938, 0.0
2021-05-20 08:30:00, 172.89, 173.19, 172.66, 172.98, 774, 0.0
2021-05-20 08:35:00, 173.19, 173.57, 173.16, 173.545, 594, 0.0
2021-05-20 08:40:00, 173.71, 173.75, 173.62, 173.71, 1371, 0.0
2021-05-20 08:45:00, 173.805, 174.36, 173.805, 174.36, 609, 0.0
2021-05-20 08:50:00, 174.48, 174.48, 174.11, 174.275, 1990, 0.0
2021-05-20 08:55:00, 174.35, 174.35, 173.74, 173.74, 326, 0.0
2021-05-20 09:00:00, 173.68, 173.68, 173.63, 173.63, 318, 0.0
2021-05-20 09:05:00, 173.61, 173.67, 173.61, 173.67, 374, 0.0
2021-05-20 09:10:00, 173.68, 173.68, 173.425, 173.425, 201, 0.0
2021-05-20 09:15:00, 173.61, 173.61, 173.33, 173.33, 709, 0.0
2021-05-20 09:20:00, 173.405, 173.405, 173.405, 173.405, 110, 0.0
2021-05-20 09:25:00, 173.45, 173.47, 173.45, 173.47, 436, 0.0
2021-05-20 09:40:00, 174.2, 174.2, 174.11, 174.11, 316, 0.0
2021-05-20 09:45:00, 173.95, 174.13, 173.95, 174.13, 454, 0.0
2021-05-20 09:50:00, 174.05, 174.05, 174.05, 174.05, 100, 0.0
2021-05-20 09:55:00, 174.29, 174.31, 174.29, 174.31, 233, 0.0
2021-05-20 10:05:00, 174.32, 174.33, 174.28, 174.28, 604, 0.0
2021-05-20 10:10:00, 174.29, 174.335, 174.1, 174.1, 450, 0.0
2021-05-20 10:25:00, 174.09, 174.09, 174.09, 174.09, 149, 0.0
2021-05-20 10:30:00, 174.29, 174.47, 174.29, 174.47, 312, 0.0
2021-05-20 10:40:00, 174.61, 174.67, 174.61, 174.67, 310, 0.0
2021-05-20 10:45:00, 174.83, 174.89, 174.62, 174.62, 781, 0.0
2021-05-20 10:50:00, 174.765, 174.785, 174.54, 174.54, 2159, 0.0
2021-05-20 11:00:00, 174.23, 174.23, 174.23, 174.23, 316, 0.0
2021-05-20 11:05:00, 174.19, 174.19, 174.19, 174.19, 225, 0.0
2021-05-20 11:15:00, 174.23, 174.24, 174.23, 174.24, 379, 0.0
2021-05-20 11:25:00, 174.1, 174.1, 173.96, 174.05, 608, 0.0
2021-05-20 11:30:00, 174.175, 174.175, 174.07, 174.07, 276, 0.0
2021-05-20 11:35:00, 173.88, 173.88, 173.88, 173.88, 200, 0.0
2021-05-20 11:40:00, 173.76, 173.76, 173.76, 173.76, 133, 0.0
2021-05-20 11:45:00, 173.8, 173.8, 173.8, 173.8, 204, 0.0
2021-05-20 11:50:00, 173.88, 173.89, 173.83, 173.86, 691, 0.0
2021-05-20 11:55:00, 173.82, 173.95, 173.82, 173.95, 382, 0.0
2021-05-20 12:05:00, 173.95, 173.95, 173.91, 173.91, 553, 0.0
2021-05-20 12:10:00, 173.97, 173.97, 173.78, 173.79, 711, 0.0
2021-05-20 12:15:00, 173.79, 173.87, 173.7, 173.785, 2291, 0.0
2021-05-20 12:20:00, 173.7, 173.7, 173.7, 173.7, 143, 0.0
2021-05-20 12:25:00, 173.52, 173.545, 173.52, 173.545, 204, 0.0
2021-05-20 12:30:00, 173.515, 173.57, 173.515, 173.57, 554, 0.0
2021-05-20 12:35:00, 173.56, 173.56, 173.56, 173.56, 136, 0.0
2021-05-20 12:45:00, 173.56, 173.56, 173.55, 173.55, 310, 0.0
2021-05-20 12:55:00, 173.31, 173.31, 173.31, 173.31, 133, 0.0
2021-05-20 13:00:00, 173.45, 173.48, 173.45, 173.48, 273, 0.0
2021-05-20 13:05:00, 173.42, 173.455, 173.42, 173.455, 216, 0.0
2021-05-20 13:20:00, 173.4, 173.41, 173.4, 173.41, 528, 0.0
2021-05-20 13:25:00, 173.37, 173.37, 173.37, 173.37, 100, 0.0
2021-05-20 13:30:00, 173.26, 173.26, 173.26, 173.26, 210, 0.0
2021-05-20 13:35:00, 173.48, 173.48, 173.48, 173.48, 133, 0.0
2021-05-20 13:40:00, 173.53, 173.62, 173.53, 173.62, 347, 0.0
2021-05-20 13:45:00, 173.49, 173.59, 173.49, 173.59, 450, 0.0
2021-05-20 13:50:00, 173.69, 173.69, 173.69, 173.69, 110, 0.0
2021-05-20 13:55:00, 173.67, 173.67, 173.63, 173.63, 441, 0.0
2021-05-20 14:00:00, 173.49, 173.49, 173.43, 173.43, 285, 0.0
2021-05-20 14:05:00, 173.415, 173.445, 173.415, 173.445, 200, 0.0
2021-05-20 14:20:00, 173.8, 173.8, 173.8, 173.8, 110, 0.0
2021-05-20 14:25:00, 173.79, 173.805, 173.77, 173.79, 916, 0.0
2021-05-20 14:30:00, 173.81, 173.825, 173.71, 173.73, 739, 0.0
2021-05-20 14:35:00, 173.71, 173.71, 173.64, 173.64, 654, 0.0
2021-05-20 14:40:00, 173.59, 173.59, 173.23, 173.23, 786, 0.0
2021-05-20 14:45:00, 173.275, 173.4, 173.275, 173.31, 1114, 0.0
2021-05-20 14:50:00, 173.08, 173.43, 173.02, 173.43, 1903, 0.0
2021-05-20 14:55:00, 173.37, 173.37, 173.22, 173.32, 2432, 0.0
2021-05-21 08:30:00, 173.48, 174.83, 173.48, 174.39, 497, 0.0
2021-05-21 08:35:00, 174.65, 174.72, 174.37, 174.4, 920, 0.0
2021-05-21 08:40:00, 174.04, 174.04, 174.02, 174.02, 200, 0.0
2021-05-21 08:45:00, 174.14, 174.14, 174.01, 174.01, 206, 0.0
2021-05-21 08:55:00, 174.13, 174.84, 174.02, 174.72, 2158, 0.0
2021-05-21 09:00:00, 174.31, 174.31, 174.01, 174.01, 509, 0.0
2021-05-21 09:05:00, 173.76, 173.76, 173.76, 173.76, 100, 0.0
2021-05-21 09:10:00, 173.675, 173.675, 173.58, 173.58, 227, 0.0
2021-05-21 09:15:00, 173.61, 173.71, 173.6, 173.66, 879, 0.0
2021-05-21 09:25:00, 173.49, 173.49, 173.49, 173.49, 100, 0.0
2021-05-21 09:30:00, 173.65, 173.665, 173.65, 173.665, 200, 0.0
2021-05-21 09:35:00, 173.74, 173.74, 173.74, 173.74, 164, 0.0
2021-05-21 09:40:00, 173.75, 173.76, 173.75, 173.76, 242, 0.0
2021-05-21 09:45:00, 173.66, 173.8, 173.66, 173.8, 454, 0.0
2021-05-21 09:50:00, 173.8, 173.83, 173.6, 173.83, 1115, 0.0
2021-05-21 10:05:00, 173.75, 173.75, 173.75, 173.75, 133, 0.0
2021-05-21 10:10:00, 173.76, 173.76, 173.76, 173.76, 100, 0.0
2021-05-21 10:15:00, 173.75, 173.75, 173.75, 173.75, 142, 0.0
2021-05-21 10:20:00, 173.83, 173.83, 173.825, 173.825, 234, 0.0
2021-05-21 10:30:00, 173.46, 173.47, 173.45, 173.45, 366, 0.0
2021-05-21 10:40:00, 173.28, 173.28, 173.28, 173.28, 100, 0.0
2021-05-21 10:45:00, 173.23, 173.25, 173.23, 173.25, 219, 0.0
2021-05-21 10:50:00, 173.19, 173.22, 173.17, 173.17, 444, 0.0
2021-05-21 11:00:00, 173.05, 173.05, 173.05, 173.05, 155, 0.0
2021-05-21 11:05:00, 173, 173.14, 173, 173.14, 1443, 0.0
2021-05-21 11:10:00, 172.87, 172.87, 172.87, 172.87, 149, 0.0
2021-05-21 11:20:00, 172.82, 172.82, 172.66, 172.66, 340, 0.0
2021-05-21 11:30:00, 172.72, 172.72, 172.66, 172.66, 259, 0.0
2021-05-21 11:40:00, 172.8, 172.88, 172.8, 172.88, 547, 0.0
2021-05-21 11:45:00, 172.83, 172.83, 172.83, 172.83, 100, 0.0
2021-05-21 11:50:00, 172.61, 172.64, 172.61, 172.64, 321, 0.0
2021-05-21 11:55:00, 172.58, 172.73, 172.58, 172.73, 410, 0.0
2021-05-21 12:00:00, 172.71, 172.93, 172.71, 172.93, 435, 0.0
2021-05-21 12:10:00, 172.93, 173.03, 172.93, 173.03, 205, 0.0
2021-05-21 12:25:00, 173.095, 173.095, 173.095, 173.095, 100, 0.0
2021-05-21 12:30:00, 173.13, 173.13, 173.13, 173.13, 101, 0.0
2021-05-21 12:35:00, 173.15, 173.15, 173.15, 173.15, 100, 0.0
2021-05-21 12:40:00, 173.18, 173.18, 173.18, 173.18, 203, 0.0
2021-05-21 12:45:00, 173.33, 173.33, 173.33, 173.33, 169, 0.0
2021-05-21 13:00:00, 173.43, 173.43, 173.43, 173.43, 110, 0.0
2021-05-21 13:05:00, 173.3, 173.45, 173.3, 173.45, 249, 0.0
2021-05-21 13:10:00, 173.45, 173.45, 173.45, 173.45, 100, 0.0
2021-05-21 13:15:00, 173.32, 173.32, 173.32, 173.32, 128, 0.0
2021-05-21 13:20:00, 173.29, 173.29, 173.29, 173.29, 203, 0.0
2021-05-21 13:35:00, 173.26, 173.26, 173.01, 173.01, 294, 0.0
2021-05-21 13:45:00, 173.07, 173.1, 173.07, 173.1, 205, 0.0
2021-05-21 13:50:00, 173.14, 173.14, 173.14, 173.14, 205, 0.0
2021-05-21 13:55:00, 173.2, 173.2, 173.2, 173.2, 137, 0.0
2021-05-21 14:05:00, 173.27, 173.27, 173.27, 173.27, 100, 0.0
2021-05-21 14:10:00, 173.35, 173.35, 173.35, 173.35, 102, 0.0
2021-05-21 14:15:00, 173.37, 173.37, 173.37, 173.37, 121, 0.0
2021-05-21 14:20:00, 173.44, 173.535, 173.44, 173.535, 233, 0.0
2021-05-21 14:25:00, 173.49, 173.49, 173.49, 173.49, 101, 0.0
2021-05-21 14:30:00, 173.51, 173.61, 173.51, 173.6, 608, 0.0
2021-05-21 14:35:00, 173.53, 173.53, 173.53, 173.53, 225, 0.0
2021-05-21 14:45:00, 173.28, 173.35, 173.28, 173.34, 813, 0.0
2021-05-21 14:50:00, 173.55, 173.7, 173.47, 173.47, 1196, 0.0
2021-05-21 14:55:00, 173.56, 173.6, 173.43, 173.6, 1789, 0.0
2021-05-24 08:30:00, 174.57, 174.57, 174.57, 174.57, 141, 0.0
2021-05-24 08:35:00, 174.76, 174.76, 174.21, 174.21, 644, 0.0
2021-05-24 08:40:00, 174.42, 174.42, 174.42, 174.42, 177, 0.0
2021-05-24 08:45:00, 174.45, 174.45, 174.45, 174.45, 101, 0.0
2021-05-24 08:50:00, 174.45, 174.61, 174.45, 174.61, 635, 0.0
2021-05-24 08:55:00, 174.6, 174.6, 174.565, 174.6, 503, 0.0
2021-05-24 09:00:00, 174.66, 174.66, 174.65, 174.65, 233, 0.0
2021-05-24 09:05:00, 174.79, 174.89, 174.79, 174.89, 441, 0.0
2021-05-24 09:10:00, 174.67, 174.89, 174.67, 174.89, 580, 0.0
2021-05-24 09:15:00, 174.845, 174.845, 174.845, 174.845, 134, 0.0
2021-05-24 09:20:00, 174.93, 174.93, 174.86, 174.86, 304, 0.0
2021-05-24 09:25:00, 174.91, 174.91, 174.91, 174.91, 154, 0.0
2021-05-24 09:30:00, 174.73, 174.73, 174.64, 174.69, 518, 0.0
2021-05-24 09:35:00, 174.63, 174.63, 174.59, 174.59, 200, 0.0
2021-05-24 09:40:00, 174.75, 174.75, 174.74, 174.74, 358, 0.0
2021-05-24 09:45:00, 174.66, 174.66, 174.66, 174.66, 227, 0.0
2021-05-24 09:55:00, 174.65, 174.65, 174.57, 174.57, 678, 0.0
2021-05-24 10:00:00, 174.35, 174.37, 174.35, 174.37, 485, 0.0
2021-05-24 10:05:00, 174.21, 174.21, 174.21, 174.21, 251, 0.0
2021-05-24 10:10:00, 174.38, 174.38, 174.38, 174.38, 260, 0.0
2021-05-24 10:25:00, 174.46, 174.46, 174.46, 174.46, 163, 0.0
2021-05-24 10:45:00, 174.55, 174.58, 174.55, 174.58, 323, 0.0
2021-05-24 10:50:00, 174.35, 174.35, 174.35, 174.35, 100, 0.0
2021-05-24 11:15:00, 174.09, 174.09, 174.09, 174.09, 139, 0.0
2021-05-24 11:20:00, 173.97, 173.97, 173.97, 173.97, 150, 0.0
2021-05-24 11:40:00, 173.97, 173.97, 173.73, 173.73, 350, 0.0
2021-05-24 11:45:00, 173.74, 173.74, 173.72, 173.72, 200, 0.0
2021-05-24 11:55:00, 173.505, 173.505, 173.505, 173.505, 100, 0.0
2021-05-24 12:00:00, 173.52, 173.52, 173.52, 173.52, 145, 0.0
2021-05-24 12:15:00, 173.42, 173.42, 173.42, 173.42, 202, 0.0
2021-05-24 12:20:00, 173.52, 173.52, 173.52, 173.52, 135, 0.0
2021-05-24 12:25:00, 173.64, 173.64, 173.64, 173.64, 103, 0.0
2021-05-24 12:45:00, 174.13, 174.13, 174.13, 174.13, 273, 0.0
2021-05-24 13:25:00, 174.24, 174.24, 174.24, 174.24, 228, 0.0
2021-05-24 13:35:00, 174.34, 174.41, 174.34, 174.41, 322, 0.0
2021-05-24 13:40:00, 174.54, 174.54, 174.54, 174.54, 101, 0.0
2021-05-24 13:45:00, 174.565, 174.565, 174.52, 174.52, 227, 0.0
2021-05-24 13:50:00, 174.5, 174.53, 174.5, 174.53, 236, 0.0
2021-05-24 14:05:00, 174.49, 174.54, 174.49, 174.54, 423, 0.0
2021-05-24 14:10:00, 174.535, 174.535, 174.535, 174.535, 103, 0.0
2021-05-24 14:15:00, 174.47, 174.59, 174.47, 174.59, 203, 0.0
2021-05-24 14:20:00, 174.55, 174.55, 174.55, 174.55, 136, 0.0
2021-05-24 14:25:00, 174.55, 174.55, 174.55, 174.55, 213, 0.0
2021-05-24 14:30:00, 174.57, 174.61, 174.57, 174.61, 338, 0.0
2021-05-24 14:35:00, 174.68, 174.68, 174.68, 174.68, 276, 0.0
2021-05-24 14:40:00, 174.71, 174.71, 174.71, 174.71, 107, 0.0
2021-05-24 14:50:00, 174.67, 174.67, 174.385, 174.385, 506, 0.0
2021-05-24 14:55:00, 174.28, 174.35, 174.24, 174.27, 1856, 0.0
2021-05-25 08:30:00, 174.23, 174.23, 174.18, 174.22, 300, 0.0
2021-05-25 08:40:00, 173.64, 173.77, 173.64, 173.77, 448, 0.0
2021-05-25 08:45:00, 173.79, 173.79, 173.79, 173.79, 238, 0.0
2021-05-25 09:00:00, 174.065, 174.065, 174.055, 174.055, 433, 0.0
2021-05-25 09:05:00, 173.805, 173.805, 173.805, 173.805, 301, 0.0
2021-05-25 09:10:00, 173.74, 173.81, 173.69, 173.72, 700, 0.0
2021-05-25 09:15:00, 173.63, 173.69, 173.63, 173.69, 202, 0.0
2021-05-25 09:20:00, 173.8, 173.8, 173.75, 173.75, 200, 0.0
2021-05-25 09:25:00, 173.845, 173.845, 173.845, 173.845, 100, 0.0
2021-05-25 09:30:00, 173.71, 173.71, 173.63, 173.63, 546, 0.0
2021-05-25 09:40:00, 173.79, 173.79, 173.79, 173.79, 100, 0.0
2021-05-25 09:45:00, 174.16, 174.16, 174.15, 174.15, 200, 0.0
2021-05-25 09:50:00, 174.06, 174.06, 174.06, 174.06, 301, 0.0
2021-05-25 10:00:00, 174.3, 174.3, 174.29, 174.29, 233, 0.0
2021-05-25 10:05:00, 174.26, 174.26, 174.17, 174.17, 300, 0.0
2021-05-25 10:15:00, 174.38, 174.38, 174.38, 174.38, 100, 0.0
2021-05-25 10:20:00, 174.57, 174.57, 174.49, 174.49, 305, 0.0
2021-05-25 10:30:00, 174.44, 174.47, 174.405, 174.47, 633, 0.0
2021-05-25 10:40:00, 174.33, 174.38, 174.305, 174.38, 1036, 0.0
2021-05-25 10:45:00, 174.25, 174.47, 174.25, 174.445, 999, 0.0
2021-05-25 10:55:00, 174.39, 174.39, 174.39, 174.39, 106, 0.0
2021-05-25 11:00:00, 174.4, 174.4, 174.4, 174.4, 100, 0.0
2021-05-25 11:05:00, 174.12, 174.12, 174.12, 174.12, 102, 0.0
2021-05-25 11:10:00, 174.06, 174.06, 174.06, 174.06, 106, 0.0
2021-05-25 11:15:00, 174.33, 174.33, 174.33, 174.33, 105, 0.0
2021-05-25 11:25:00, 174.25, 174.25, 174.25, 174.25, 119, 0.0
2021-05-25 11:30:00, 174.31, 174.365, 174.31, 174.365, 282, 0.0
2021-05-25 11:35:00, 174.39, 174.39, 174.34, 174.34, 315, 0.0
2021-05-25 11:50:00, 174.31, 174.31, 174.31, 174.31, 101, 0.0
2021-05-25 11:55:00, 174.4, 174.4, 174.4, 174.4, 200, 0.0
2021-05-25 12:00:00, 174.35, 174.35, 174.35, 174.35, 102, 0.0
2021-05-25 12:05:00, 174.12, 174.12, 174.12, 174.12, 100, 0.0
2021-05-25 12:10:00, 174.24, 174.24, 174.24, 174.24, 100, 0.0
2021-05-25 12:25:00, 174.21, 174.21, 174.21, 174.21, 113, 0.0
2021-05-25 12:35:00, 174.3, 174.3, 174.3, 174.3, 100, 0.0
2021-05-25 12:40:00, 174.16, 174.16, 174.16, 174.16, 126, 0.0
2021-05-25 12:45:00, 174.25, 174.25, 174.25, 174.25, 100, 0.0
2021-05-25 12:50:00, 174.28, 174.28, 174.28, 174.28, 136, 0.0
2021-05-25 12:55:00, 174.15, 174.15, 174.15, 174.15, 133, 0.0
2021-05-25 13:10:00, 174.1, 174.1, 174.1, 174.1, 105, 0.0
2021-05-25 13:15:00, 174.06, 174.06, 174.05, 174.05, 233, 0.0
2021-05-25 13:20:00, 173.94, 173.94, 173.93, 173.93, 207, 0.0
2021-05-25 13:25:00, 173.81, 173.81, 173.81, 173.81, 100, 0.0
2021-05-25 13:30:00, 173.73, 173.73, 173.57, 173.57, 333, 0.0
2021-05-25 13:35:00, 173.66, 173.66, 173.66, 173.66, 103, 0.0
2021-05-25 13:40:00, 173.76, 173.76, 173.76, 173.76, 168, 0.0
2021-05-25 13:50:00, 173.67, 173.68, 173.56, 173.56, 334, 0.0
2021-05-25 13:55:00, 173.79, 173.79, 173.79, 173.79, 103, 0.0
2021-05-25 14:00:00, 173.67, 173.69, 173.67, 173.69, 233, 0.0
2021-05-25 14:05:00, 173.83, 173.83, 173.83, 173.83, 300, 0.0
2021-05-25 14:10:00, 173.84, 173.85, 173.84, 173.85, 401, 0.0
2021-05-25 14:15:00, 173.83, 173.83, 173.83, 173.83, 174, 0.0
2021-05-25 14:20:00, 173.89, 173.89, 173.89, 173.89, 101, 0.0
2021-05-25 14:25:00, 174.07, 174.08, 174.07, 174.08, 201, 0.0
2021-05-25 14:30:00, 174.09, 174.17, 173.97, 173.97, 551, 0.0
2021-05-25 14:35:00, 174.06, 174.06, 174.06, 174.06, 103, 0.0
2021-05-25 14:40:00, 174.02, 174.02, 173.94, 173.94, 210, 0.0
2021-05-25 14:45:00, 173.87, 173.895, 173.74, 173.74, 1215, 0.0
2021-05-25 14:50:00, 173.625, 173.66, 173.56, 173.56, 1694, 0.0
2021-05-25 14:55:00, 173.59, 173.72, 173.59, 173.67, 1313, 0.0
2021-05-26 08:40:00, 174.035, 174.035, 174.035, 174.035, 100, 0.0
2021-05-26 08:45:00, 174.065, 174.065, 173.8, 173.83, 1481, 0.0
2021-05-26 08:50:00, 174.13, 174.13, 174.055, 174.055, 375, 0.0
2021-05-26 08:55:00, 173.66, 173.66, 173.5, 173.57, 836, 0.0
2021-05-26 09:00:00, 173.74, 173.74, 173.74, 173.74, 111, 0.0
2021-05-26 09:05:00, 173.675, 173.745, 173.675, 173.745, 215, 0.0
2021-05-26 09:10:00, 173.665, 173.72, 173.665, 173.675, 722, 0.0
2021-05-26 09:15:00, 173.71, 173.81, 173.71, 173.79, 401, 0.0
2021-05-26 09:20:00, 173.79, 173.8, 173.79, 173.8, 214, 0.0
2021-05-26 09:25:00, 173.69, 173.69, 173.69, 173.69, 100, 0.0
2021-05-26 09:30:00, 173.57, 173.57, 173.48, 173.49, 625, 0.0
2021-05-26 09:35:00, 173.52, 173.52, 173.49, 173.49, 219, 0.0
2021-05-26 09:40:00, 173.41, 173.53, 173.41, 173.53, 332, 0.0
2021-05-26 09:45:00, 173.38, 173.38, 173.38, 173.38, 150, 0.0
2021-05-26 10:05:00, 173.31, 173.31, 173.31, 173.31, 110, 0.0
2021-05-26 10:10:00, 172.96, 172.96, 172.96, 172.96, 138, 0.0
2021-05-26 10:15:00, 172.87, 172.87, 172.87, 172.87, 100, 0.0
2021-05-26 10:35:00, 173.19, 173.19, 173.19, 173.19, 112, 0.0
2021-05-26 10:40:00, 172.87, 172.87, 172.87, 172.87, 144, 0.0
