Date, Open, High, Low, Close, Volume, Open Interest
2021-05-20 14:08:00, 36.36, 36.36, 36.36, 36.36, 300, 0.0
2021-05-20 14:09:00, 36.35, 36.35, 36.35, 36.35, 748, 0.0
2021-05-20 14:10:00, 36.36, 36.37, 36.36, 36.37, 539, 0.0
2021-05-20 14:11:00, 36.37, 36.38, 36.37, 36.38, 400, 0.0
2021-05-20 14:12:00, 36.38, 36.38, 36.38, 36.38, 700, 0.0
2021-05-20 14:13:00, 36.375, 36.38, 36.375, 36.38, 300, 0.0
2021-05-20 14:15:00, 36.385, 36.385, 36.38, 36.38, 1003, 0.0
2021-05-20 14:16:00, 36.38, 36.38, 36.38, 36.38, 102, 0.0
2021-05-20 14:19:00, 36.385, 36.4, 36.385, 36.4, 908, 0.0
2021-05-20 14:20:00, 36.395, 36.395, 36.39, 36.39, 404, 0.0
2021-05-20 14:21:00, 36.395, 36.4, 36.395, 36.395, 1100, 0.0
2021-05-20 14:22:00, 36.4, 36.4, 36.395, 36.395, 802, 0.0
2021-05-20 14:23:00, 36.39, 36.39, 36.39, 36.39, 102, 0.0
2021-05-20 14:24:00, 36.405, 36.41, 36.405, 36.41, 600, 0.0
2021-05-20 14:25:00, 36.405, 36.41, 36.405, 36.41, 620, 0.0
2021-05-20 14:26:00, 36.41, 36.41, 36.41, 36.41, 202, 0.0
2021-05-20 14:27:00, 36.41, 36.415, 36.41, 36.415, 1200, 0.0
2021-05-20 14:28:00, 36.415, 36.415, 36.415, 36.415, 300, 0.0
2021-05-20 14:29:00, 36.415, 36.415, 36.415, 36.415, 400, 0.0
2021-05-20 14:30:00, 36.41, 36.41, 36.375, 36.375, 1703, 0.0
2021-05-20 14:31:00, 36.37, 36.38, 36.365, 36.375, 1150, 0.0
2021-05-20 14:32:00, 36.375, 36.385, 36.375, 36.385, 7488, 0.0
2021-05-20 14:33:00, 36.385, 36.39, 36.385, 36.385, 1107, 0.0
2021-05-20 14:34:00, 36.39, 36.39, 36.385, 36.385, 1149, 0.0
2021-05-20 14:35:00, 36.38, 36.395, 36.38, 36.39, 1499, 0.0
2021-05-20 14:36:00, 36.4, 36.4, 36.4, 36.4, 364, 0.0
2021-05-20 14:37:00, 36.4, 36.4, 36.4, 36.4, 700, 0.0
2021-05-20 14:38:00, 36.42, 36.42, 36.42, 36.42, 822, 0.0
2021-05-20 14:39:00, 36.42, 36.42, 36.42, 36.42, 430, 0.0
2021-05-20 14:40:00, 36.43, 36.43, 36.43, 36.43, 359, 0.0
2021-05-20 14:41:00, 36.43, 36.43, 36.43, 36.43, 846, 0.0
2021-05-20 14:42:00, 36.43, 36.43, 36.42, 36.42, 1213, 0.0
2021-05-20 14:44:00, 36.42, 36.42, 36.42, 36.42, 325, 0.0
2021-05-20 14:45:00, 36.41, 36.42, 36.41, 36.42, 2196, 0.0
2021-05-20 14:46:00, 36.43, 36.43, 36.42, 36.425, 2450, 0.0
2021-05-20 14:47:00, 36.44, 36.46, 36.44, 36.46, 1200, 0.0
2021-05-20 14:48:00, 36.47, 36.47, 36.43, 36.435, 4972, 0.0
2021-05-20 14:49:00, 36.43, 36.435, 36.4, 36.4, 1098, 0.0
2021-05-20 14:50:00, 36.4, 36.43, 36.4, 36.41, 3267, 0.0
2021-05-20 14:51:00, 36.41, 36.41, 36.39, 36.39, 977, 0.0
2021-05-20 14:52:00, 36.4, 36.425, 36.4, 36.425, 874, 0.0
2021-05-20 14:53:00, 36.425, 36.45, 36.425, 36.45, 1207, 0.0
2021-05-20 14:54:00, 36.445, 36.46, 36.445, 36.46, 2330, 0.0
2021-05-20 14:55:00, 36.46, 36.46, 36.45, 36.45, 533, 0.0
2021-05-20 14:56:00, 36.44, 36.44, 36.42, 36.42, 1191, 0.0
2021-05-20 14:57:00, 36.41, 36.42, 36.41, 36.415, 1674, 0.0
2021-05-20 14:58:00, 36.41, 36.41, 36.36, 36.36, 2891, 0.0
2021-05-20 14:59:00, 36.36, 36.4, 36.35, 36.4, 5414, 0.0
2021-05-21 08:30:00, 36.57, 36.6, 36.57, 36.6, 696, 0.0
2021-05-21 08:31:00, 36.68, 36.685, 36.68, 36.685, 300, 0.0
2021-05-21 08:32:00, 36.72, 36.72, 36.67, 36.67, 726, 0.0
2021-05-21 08:33:00, 36.64, 36.64, 36.64, 36.64, 700, 0.0
2021-05-21 08:34:00, 36.58, 36.58, 36.48, 36.48, 334, 0.0
2021-05-21 08:35:00, 36.49, 36.49, 36.46, 36.46, 600, 0.0
2021-05-21 08:37:00, 36.46, 36.46, 36.46, 36.46, 500, 0.0
2021-05-21 08:38:00, 36.51, 36.53, 36.51, 36.53, 200, 0.0
2021-05-21 08:41:00, 36.45, 36.45, 36.45, 36.45, 200, 0.0
2021-05-21 08:44:00, 36.44, 36.44, 36.44, 36.44, 118, 0.0
2021-05-21 08:46:00, 36.46, 36.46, 36.45, 36.45, 500, 0.0
2021-05-21 08:47:00, 36.45, 36.45, 36.45, 36.45, 100, 0.0
2021-05-21 08:48:00, 36.47, 36.47, 36.46, 36.46, 200, 0.0
2021-05-21 08:50:00, 36.42, 36.42, 36.41, 36.41, 200, 0.0
2021-05-21 08:51:00, 36.42, 36.42, 36.4, 36.4, 300, 0.0
2021-05-21 08:53:00, 36.44, 36.44, 36.44, 36.44, 103, 0.0
2021-05-21 08:54:00, 36.4, 36.4, 36.38, 36.38, 259, 0.0
2021-05-21 08:56:00, 36.35, 36.42, 36.35, 36.42, 701, 0.0
2021-05-21 08:57:00, 36.42, 36.42, 36.405, 36.405, 700, 0.0
2021-05-21 08:58:00, 36.39, 36.39, 36.39, 36.39, 100, 0.0
2021-05-21 08:59:00, 36.37, 36.37, 36.37, 36.37, 100, 0.0
2021-05-21 09:00:00, 36.33, 36.33, 36.32, 36.32, 200, 0.0
2021-05-21 09:01:00, 36.3, 36.32, 36.3, 36.32, 550, 0.0
2021-05-21 09:02:00, 36.31, 36.33, 36.31, 36.33, 800, 0.0
2021-05-21 09:03:00, 36.33, 36.37, 36.33, 36.37, 1400, 0.0
2021-05-21 09:04:00, 36.365, 36.405, 36.365, 36.405, 400, 0.0
2021-05-21 09:05:00, 36.4, 36.425, 36.4, 36.425, 700, 0.0
2021-05-21 09:06:00, 36.44, 36.455, 36.44, 36.44, 495, 0.0
2021-05-21 09:07:00, 36.44, 36.44, 36.44, 36.44, 100, 0.0
2021-05-21 09:08:00, 36.435, 36.435, 36.435, 36.435, 300, 0.0
2021-05-21 09:09:00, 36.4, 36.41, 36.4, 36.41, 400, 0.0
2021-05-21 09:10:00, 36.43, 36.43, 36.43, 36.43, 105, 0.0
2021-05-21 09:11:00, 36.425, 36.425, 36.425, 36.425, 100, 0.0
2021-05-21 09:12:00, 36.42, 36.42, 36.42, 36.42, 300, 0.0
2021-05-21 09:15:00, 36.47, 36.47, 36.47, 36.47, 203, 0.0
2021-05-21 09:16:00, 36.44, 36.44, 36.44, 36.44, 108, 0.0
2021-05-21 09:17:00, 36.48, 36.48, 36.48, 36.48, 108, 0.0
2021-05-21 09:18:00, 36.47, 36.47, 36.47, 36.47, 502, 0.0
2021-05-21 09:20:00, 36.47, 36.47, 36.47, 36.47, 100, 0.0
2021-05-21 09:21:00, 36.46, 36.46, 36.46, 36.46, 300, 0.0
2021-05-21 09:22:00, 36.45, 36.45, 36.45, 36.45, 100, 0.0
2021-05-21 09:30:00, 36.48, 36.48, 36.47, 36.47, 400, 0.0
2021-05-21 09:36:00, 36.45, 36.45, 36.45, 36.45, 102, 0.0
2021-05-21 09:37:00, 36.42, 36.42, 36.4, 36.405, 550, 0.0
2021-05-21 09:39:00, 36.41, 36.41, 36.4, 36.4, 500, 0.0
2021-05-21 09:40:00, 36.42, 36.43, 36.42, 36.43, 300, 0.0
2021-05-21 09:45:00, 36.43, 36.43, 36.43, 36.43, 219, 0.0
2021-05-21 09:46:00, 36.43, 36.43, 36.43, 36.43, 100, 0.0
2021-05-21 09:47:00, 36.45, 36.45, 36.45, 36.45, 100, 0.0
2021-05-21 09:48:00, 36.45, 36.45, 36.45, 36.45, 151, 0.0
2021-05-21 09:49:00, 36.45, 36.45, 36.45, 36.45, 100, 0.0
2021-05-21 09:51:00, 36.46, 36.46, 36.46, 36.46, 100, 0.0
2021-05-21 09:52:00, 36.43, 36.43, 36.41, 36.41, 500, 0.0
2021-05-21 10:00:00, 36.4, 36.4, 36.4, 36.4, 200, 0.0
2021-05-21 10:01:00, 36.4, 36.4, 36.37, 36.37, 303, 0.0
2021-05-21 10:02:00, 36.36, 36.36, 36.36, 36.36, 100, 0.0
2021-05-21 10:03:00, 36.35, 36.35, 36.35, 36.35, 204, 0.0
2021-05-21 10:04:00, 36.34, 36.34, 36.34, 36.34, 189, 0.0
2021-05-21 10:05:00, 36.34, 36.34, 36.34, 36.34, 311, 0.0
2021-05-21 10:06:00, 36.385, 36.385, 36.385, 36.385, 200, 0.0
2021-05-21 10:09:00, 36.41, 36.41, 36.41, 36.41, 300, 0.0
2021-05-21 10:16:00, 36.41, 36.41, 36.41, 36.41, 200, 0.0
2021-05-21 10:18:00, 36.41, 36.41, 36.41, 36.41, 321, 0.0
2021-05-21 10:19:00, 36.43, 36.43, 36.43, 36.43, 101, 0.0
2021-05-21 10:20:00, 36.44, 36.44, 36.44, 36.44, 105, 0.0
2021-05-21 10:22:00, 36.48, 36.48, 36.48, 36.48, 150, 0.0
2021-05-21 10:24:00, 36.485, 36.485, 36.485, 36.485, 108, 0.0
2021-05-21 10:26:00, 36.48, 36.48, 36.47, 36.47, 467, 0.0
2021-05-21 10:27:00, 36.47, 36.47, 36.44, 36.44, 1001, 0.0
2021-05-21 10:28:00, 36.43, 36.43, 36.42, 36.425, 410, 0.0
2021-05-21 10:29:00, 36.41, 36.41, 36.41, 36.41, 300, 0.0
2021-05-21 10:31:00, 36.42, 36.42, 36.42, 36.42, 200, 0.0
2021-05-21 10:33:00, 36.47, 36.47, 36.47, 36.47, 138, 0.0
2021-05-21 10:35:00, 36.45, 36.45, 36.45, 36.45, 600, 0.0
2021-05-21 10:37:00, 36.44, 36.44, 36.43, 36.43, 1192, 0.0
2021-05-21 10:38:00, 36.41, 36.41, 36.41, 36.41, 104, 0.0
2021-05-21 10:39:00, 36.4, 36.4, 36.4, 36.4, 372, 0.0
2021-05-21 10:40:00, 36.38, 36.38, 36.38, 36.38, 100, 0.0
2021-05-21 10:41:00, 36.39, 36.39, 36.39, 36.39, 100, 0.0
2021-05-21 10:42:00, 36.38, 36.38, 36.38, 36.38, 138, 0.0
2021-05-21 10:43:00, 36.36, 36.36, 36.36, 36.36, 101, 0.0
2021-05-21 10:45:00, 36.37, 36.37, 36.36, 36.36, 310, 0.0
2021-05-21 10:47:00, 36.4, 36.4, 36.4, 36.4, 300, 0.0
2021-05-21 10:48:00, 36.4, 36.4, 36.4, 36.4, 501, 0.0
2021-05-21 10:49:00, 36.41, 36.41, 36.4, 36.4, 400, 0.0
2021-05-21 10:51:00, 36.38, 36.38, 36.38, 36.38, 318, 0.0
2021-05-21 10:54:00, 36.37, 36.37, 36.34, 36.34, 904, 0.0
2021-05-21 10:55:00, 36.33, 36.33, 36.32, 36.32, 225, 0.0
2021-05-21 10:56:00, 36.31, 36.31, 36.31, 36.31, 107, 0.0
2021-05-21 10:57:00, 36.32, 36.32, 36.32, 36.32, 200, 0.0
2021-05-21 10:58:00, 36.32, 36.33, 36.32, 36.33, 210, 0.0
2021-05-21 10:59:00, 36.34, 36.34, 36.33, 36.33, 500, 0.0
2021-05-21 11:00:00, 36.32, 36.32, 36.32, 36.32, 272, 0.0
2021-05-21 11:01:00, 36.33, 36.33, 36.33, 36.33, 100, 0.0
2021-05-21 11:02:00, 36.34, 36.34, 36.34, 36.34, 101, 0.0
2021-05-21 11:03:00, 36.35, 36.35, 36.35, 36.35, 118, 0.0
2021-05-21 11:04:00, 36.35, 36.365, 36.35, 36.365, 401, 0.0
2021-05-21 11:05:00, 36.36, 36.36, 36.34, 36.34, 803, 0.0
2021-05-21 11:06:00, 36.34, 36.34, 36.33, 36.33, 200, 0.0
2021-05-21 11:08:00, 36.31, 36.31, 36.3, 36.3, 500, 0.0
2021-05-21 11:09:00, 36.28, 36.28, 36.27, 36.27, 1000, 0.0
2021-05-21 11:11:00, 36.29, 36.29, 36.29, 36.29, 202, 0.0
2021-05-21 11:15:00, 36.33, 36.33, 36.33, 36.33, 110, 0.0
2021-05-21 11:16:00, 36.3, 36.3, 36.3, 36.3, 491, 0.0
2021-05-21 11:18:00, 36.3, 36.3, 36.3, 36.3, 100, 0.0
2021-05-21 11:19:00, 36.305, 36.305, 36.305, 36.305, 100, 0.0
2021-05-21 11:20:00, 36.31, 36.31, 36.31, 36.31, 501, 0.0
2021-05-21 11:21:00, 36.325, 36.325, 36.325, 36.325, 169, 0.0
2021-05-21 11:25:00, 36.3, 36.305, 36.3, 36.305, 404, 0.0
2021-05-21 11:26:00, 36.29, 36.29, 36.29, 36.29, 110, 0.0
2021-05-21 11:27:00, 36.28, 36.29, 36.28, 36.29, 500, 0.0
2021-05-21 11:29:00, 36.3, 36.3, 36.3, 36.3, 220, 0.0
2021-05-21 11:30:00, 36.31, 36.31, 36.31, 36.31, 194, 0.0
2021-05-21 11:31:00, 36.31, 36.31, 36.29, 36.29, 701, 0.0
2021-05-21 11:32:00, 36.29, 36.29, 36.29, 36.29, 100, 0.0
2021-05-21 11:34:00, 36.28, 36.28, 36.28, 36.28, 243, 0.0
2021-05-21 11:35:00, 36.29, 36.295, 36.29, 36.295, 200, 0.0
2021-05-21 11:36:00, 36.305, 36.305, 36.305, 36.305, 300, 0.0
2021-05-21 11:38:00, 36.31, 36.31, 36.31, 36.31, 100, 0.0
2021-05-21 11:46:00, 36.29, 36.29, 36.28, 36.28, 206, 0.0
2021-05-21 11:47:00, 36.27, 36.27, 36.27, 36.27, 700, 0.0
2021-05-21 11:48:00, 36.27, 36.29, 36.27, 36.29, 410, 0.0
2021-05-21 11:52:00, 36.305, 36.305, 36.305, 36.305, 104, 0.0
2021-05-21 11:53:00, 36.29, 36.29, 36.27, 36.27, 800, 0.0
2021-05-21 11:54:00, 36.27, 36.28, 36.27, 36.27, 815, 0.0
2021-05-21 11:55:00, 36.255, 36.255, 36.255, 36.255, 100, 0.0
2021-05-21 11:56:00, 36.26, 36.26, 36.26, 36.26, 197, 0.0
2021-05-21 11:57:00, 36.26, 36.26, 36.26, 36.26, 219, 0.0
2021-05-21 11:58:00, 36.27, 36.27, 36.27, 36.27, 340, 0.0
2021-05-21 11:59:00, 36.275, 36.275, 36.275, 36.275, 101, 0.0
2021-05-21 12:01:00, 36.29, 36.29, 36.29, 36.29, 186, 0.0
2021-05-21 12:05:00, 36.32, 36.32, 36.32, 36.32, 319, 0.0
2021-05-21 12:06:00, 36.33, 36.33, 36.33, 36.33, 180, 0.0
2021-05-21 12:07:00, 36.335, 36.335, 36.335, 36.335, 170, 0.0
2021-05-21 12:08:00, 36.33, 36.33, 36.33, 36.33, 100, 0.0
2021-05-21 12:13:00, 36.3, 36.3, 36.3, 36.3, 243, 0.0
2021-05-21 12:17:00, 36.29, 36.29, 36.29, 36.29, 105, 0.0
2021-05-21 12:19:00, 36.29, 36.29, 36.29, 36.29, 200, 0.0
2021-05-21 12:21:00, 36.29, 36.29, 36.29, 36.29, 110, 0.0
2021-05-21 12:22:00, 36.29, 36.29, 36.29, 36.29, 190, 0.0
2021-05-21 12:23:00, 36.3, 36.3, 36.3, 36.3, 305, 0.0
2021-05-21 12:25:00, 36.295, 36.295, 36.295, 36.295, 109, 0.0
2021-05-21 12:27:00, 36.3, 36.3, 36.3, 36.3, 200, 0.0
2021-05-21 12:28:00, 36.31, 36.31, 36.31, 36.31, 100, 0.0
2021-05-21 12:31:00, 36.33, 36.33, 36.33, 36.33, 100, 0.0
2021-05-21 12:33:00, 36.32, 36.32, 36.31, 36.31, 401, 0.0
2021-05-21 12:34:00, 36.32, 36.32, 36.32, 36.32, 100, 0.0
2021-05-21 12:38:00, 36.31, 36.31, 36.31, 36.31, 467, 0.0
2021-05-21 12:39:00, 36.32, 36.32, 36.32, 36.32, 149, 0.0
2021-05-21 12:40:00, 36.325, 36.325, 36.325, 36.325, 100, 0.0
2021-05-21 12:42:00, 36.31, 36.31, 36.31, 36.31, 850, 0.0
2021-05-21 12:43:00, 36.31, 36.31, 36.31, 36.31, 310, 0.0
2021-05-21 12:45:00, 36.32, 36.32, 36.32, 36.32, 100, 0.0
2021-05-21 12:47:00, 36.305, 36.305, 36.305, 36.305, 201, 0.0
2021-05-21 12:48:00, 36.295, 36.3, 36.295, 36.3, 601, 0.0
2021-05-21 12:49:00, 36.3, 36.3, 36.3, 36.3, 111, 0.0
2021-05-21 12:50:00, 36.32, 36.32, 36.315, 36.315, 300, 0.0
2021-05-21 12:55:00, 36.31, 36.31, 36.31, 36.31, 100, 0.0
2021-05-21 12:59:00, 36.29, 36.29, 36.29, 36.29, 500, 0.0
2021-05-21 13:00:00, 36.295, 36.295, 36.29, 36.29, 300, 0.0
2021-05-21 13:01:00, 36.28, 36.28, 36.28, 36.28, 529, 0.0
2021-05-21 13:02:00, 36.28, 36.28, 36.28, 36.28, 100, 0.0
2021-05-21 13:03:00, 36.29, 36.3, 36.29, 36.3, 300, 0.0
2021-05-21 13:04:00, 36.29, 36.29, 36.29, 36.29, 300, 0.0
2021-05-21 13:05:00, 36.305, 36.305, 36.305, 36.305, 105, 0.0
2021-05-21 13:07:00, 36.32, 36.32, 36.32, 36.32, 200, 0.0
2021-05-21 13:08:00, 36.325, 36.325, 36.325, 36.325, 300, 0.0
2021-05-21 13:09:00, 36.32, 36.32, 36.32, 36.32, 100, 0.0
2021-05-21 13:10:00, 36.32, 36.32, 36.32, 36.32, 100, 0.0
2021-05-21 13:12:00, 36.32, 36.32, 36.32, 36.32, 100, 0.0
2021-05-21 13:13:00, 36.31, 36.31, 36.3, 36.3, 200, 0.0
2021-05-21 13:14:00, 36.29, 36.29, 36.285, 36.285, 748, 0.0
2021-05-21 13:17:00, 36.28, 36.28, 36.28, 36.28, 139, 0.0
2021-05-21 13:18:00, 36.28, 36.28, 36.28, 36.28, 100, 0.0
2021-05-21 13:20:00, 36.26, 36.265, 36.26, 36.265, 367, 0.0
2021-05-21 13:23:00, 36.25, 36.25, 36.25, 36.25, 100, 0.0
2021-05-21 13:24:00, 36.24, 36.24, 36.24, 36.24, 101, 0.0
2021-05-21 13:26:00, 36.245, 36.245, 36.245, 36.245, 327, 0.0
2021-05-21 13:27:00, 36.245, 36.245, 36.24, 36.24, 581, 0.0
2021-05-21 13:28:00, 36.24, 36.245, 36.24, 36.245, 1100, 0.0
2021-05-21 13:29:00, 36.245, 36.245, 36.245, 36.245, 502, 0.0
2021-05-21 13:30:00, 36.25, 36.25, 36.25, 36.25, 210, 0.0
2021-05-21 13:31:00, 36.25, 36.26, 36.25, 36.26, 210, 0.0
2021-05-21 13:32:00, 36.27, 36.27, 36.265, 36.265, 487, 0.0
2021-05-21 13:33:00, 36.265, 36.265, 36.265, 36.265, 270, 0.0
2021-05-21 13:34:00, 36.265, 36.265, 36.265, 36.265, 375, 0.0
2021-05-21 13:36:00, 36.25, 36.26, 36.25, 36.25, 582, 0.0
2021-05-21 13:37:00, 36.255, 36.255, 36.255, 36.255, 100, 0.0
2021-05-21 13:39:00, 36.225, 36.225, 36.225, 36.225, 215, 0.0
2021-05-21 13:40:00, 36.225, 36.225, 36.225, 36.225, 466, 0.0
2021-05-21 13:41:00, 36.23, 36.23, 36.23, 36.23, 100, 0.0
2021-05-21 13:42:00, 36.25, 36.25, 36.245, 36.245, 297, 0.0
2021-05-21 13:43:00, 36.24, 36.24, 36.24, 36.24, 100, 0.0
2021-05-21 13:45:00, 36.26, 36.26, 36.26, 36.26, 301, 0.0
2021-05-21 13:47:00, 36.25, 36.25, 36.24, 36.24, 500, 0.0
2021-05-21 13:49:00, 36.24, 36.24, 36.24, 36.24, 303, 0.0
2021-05-21 13:50:00, 36.24, 36.25, 36.24, 36.25, 301, 0.0
2021-05-21 13:52:00, 36.26, 36.26, 36.26, 36.26, 302, 0.0
2021-05-21 13:53:00, 36.25, 36.26, 36.25, 36.26, 450, 0.0
2021-05-21 13:55:00, 36.265, 36.265, 36.265, 36.265, 100, 0.0
2021-05-21 13:57:00, 36.26, 36.26, 36.26, 36.26, 417, 0.0
2021-05-21 13:58:00, 36.265, 36.265, 36.265, 36.265, 162, 0.0
2021-05-21 13:59:00, 36.27, 36.27, 36.27, 36.27, 401, 0.0
2021-05-21 14:02:00, 36.27, 36.27, 36.27, 36.27, 100, 0.0
2021-05-21 14:04:00, 36.28, 36.28, 36.28, 36.28, 400, 0.0
2021-05-21 14:05:00, 36.285, 36.29, 36.285, 36.29, 367, 0.0
2021-05-21 14:06:00, 36.27, 36.27, 36.27, 36.27, 508, 0.0
2021-05-21 14:07:00, 36.28, 36.28, 36.28, 36.28, 100, 0.0
2021-05-21 14:09:00, 36.29, 36.29, 36.28, 36.28, 340, 0.0
2021-05-21 14:11:00, 36.3, 36.3, 36.3, 36.3, 500, 0.0
2021-05-21 14:12:00, 36.295, 36.31, 36.295, 36.31, 436, 0.0
2021-05-21 14:13:00, 36.31, 36.31, 36.31, 36.31, 100, 0.0
2021-05-21 14:15:00, 36.32, 36.32, 36.32, 36.32, 510, 0.0
2021-05-21 14:16:00, 36.32, 36.32, 36.32, 36.32, 204, 0.0
2021-05-21 14:17:00, 36.31, 36.31, 36.31, 36.31, 696, 0.0
2021-05-21 14:18:00, 36.29, 36.3, 36.29, 36.3, 400, 0.0
2021-05-21 14:19:00, 36.3, 36.3, 36.3, 36.3, 200, 0.0
2021-05-21 14:20:00, 36.31, 36.33, 36.31, 36.33, 615, 0.0
2021-05-21 14:21:00, 36.32, 36.34, 36.32, 36.34, 501, 0.0
2021-05-21 14:23:00, 36.35, 36.35, 36.35, 36.35, 425, 0.0
2021-05-21 14:24:00, 36.34, 36.345, 36.34, 36.345, 200, 0.0
2021-05-21 14:25:00, 36.33, 36.33, 36.32, 36.33, 379, 0.0
2021-05-21 14:26:00, 36.33, 36.33, 36.33, 36.33, 100, 0.0
2021-05-21 14:27:00, 36.33, 36.33, 36.33, 36.33, 200, 0.0
2021-05-21 14:28:00, 36.33, 36.33, 36.33, 36.33, 116, 0.0
2021-05-21 14:30:00, 36.32, 36.32, 36.31, 36.31, 1100, 0.0
2021-05-21 14:31:00, 36.31, 36.31, 36.31, 36.31, 406, 0.0
2021-05-21 14:32:00, 36.29, 36.3, 36.29, 36.3, 878, 0.0
2021-05-21 14:33:00, 36.3, 36.3, 36.29, 36.29, 404, 0.0
2021-05-21 14:34:00, 36.29, 36.29, 36.29, 36.29, 333, 0.0
2021-05-21 14:35:00, 36.3, 36.305, 36.3, 36.3, 1640, 0.0
2021-05-21 14:36:00, 36.3, 36.3, 36.3, 36.3, 476, 0.0
2021-05-21 14:37:00, 36.3, 36.31, 36.3, 36.31, 889, 0.0
2021-05-21 14:38:00, 36.3, 36.3, 36.3, 36.3, 1736, 0.0
2021-05-21 14:39:00, 36.29, 36.29, 36.28, 36.28, 637, 0.0
2021-05-21 14:40:00, 36.28, 36.28, 36.28, 36.28, 654, 0.0
2021-05-21 14:42:00, 36.25, 36.25, 36.23, 36.23, 801, 0.0
2021-05-21 14:43:00, 36.23, 36.25, 36.23, 36.245, 975, 0.0
2021-05-21 14:44:00, 36.24, 36.24, 36.215, 36.215, 214, 0.0
2021-05-21 14:46:00, 36.225, 36.23, 36.22, 36.22, 852, 0.0
2021-05-21 14:47:00, 36.225, 36.23, 36.22, 36.23, 310, 0.0
2021-05-21 14:48:00, 36.22, 36.22, 36.22, 36.22, 218, 0.0
2021-05-21 14:49:00, 36.23, 36.24, 36.22, 36.23, 1772, 0.0
2021-05-21 14:50:00, 36.23, 36.24, 36.22, 36.22, 2047, 0.0
2021-05-21 14:51:00, 36.19, 36.195, 36.19, 36.195, 605, 0.0
2021-05-21 14:52:00, 36.215, 36.22, 36.215, 36.22, 830, 0.0
2021-05-21 14:53:00, 36.22, 36.24, 36.22, 36.24, 1400, 0.0
2021-05-21 14:54:00, 36.23, 36.24, 36.19, 36.19, 4218, 0.0
2021-05-21 14:55:00, 36.195, 36.22, 36.195, 36.215, 2204, 0.0
2021-05-21 14:56:00, 36.205, 36.21, 36.2, 36.2, 2428, 0.0
2021-05-21 14:57:00, 36.205, 36.205, 36.16, 36.19, 5589, 0.0
2021-05-21 14:58:00, 36.19, 36.205, 36.17, 36.17, 1631, 0.0
2021-05-21 14:59:00, 36.18, 36.225, 36.175, 36.22, 5583, 0.0
2021-05-24 08:30:00, 36.51, 36.51, 36.51, 36.51, 100, 0.0
2021-05-24 08:31:00, 36.45, 36.49, 36.45, 36.48, 1000, 0.0
2021-05-24 08:33:00, 36.51, 36.51, 36.51, 36.51, 100, 0.0
2021-05-24 08:35:00, 36.52, 36.535, 36.52, 36.52, 1202, 0.0
2021-05-24 08:36:00, 36.53, 36.53, 36.51, 36.53, 962, 0.0
2021-05-24 08:37:00, 36.495, 36.505, 36.495, 36.505, 365, 0.0
2021-05-24 08:38:00, 36.505, 36.51, 36.505, 36.51, 300, 0.0
2021-05-24 08:39:00, 36.545, 36.545, 36.545, 36.545, 110, 0.0
2021-05-24 08:40:00, 36.56, 36.59, 36.56, 36.59, 607, 0.0
2021-05-24 08:41:00, 36.565, 36.59, 36.565, 36.59, 207, 0.0
2021-05-24 08:42:00, 36.565, 36.565, 36.545, 36.545, 207, 0.0
2021-05-24 08:43:00, 36.59, 36.59, 36.59, 36.59, 195, 0.0
2021-05-24 08:44:00, 36.545, 36.545, 36.545, 36.545, 181, 0.0
2021-05-24 08:45:00, 36.565, 36.565, 36.565, 36.565, 201, 0.0
2021-05-24 08:46:00, 36.575, 36.59, 36.575, 36.59, 237, 0.0
2021-05-24 08:47:00, 36.595, 36.605, 36.595, 36.605, 414, 0.0
2021-05-24 08:48:00, 36.625, 36.63, 36.625, 36.625, 963, 0.0
2021-05-24 08:49:00, 36.63, 36.65, 36.63, 36.65, 1214, 0.0
2021-05-24 08:50:00, 36.665, 36.665, 36.65, 36.655, 1235, 0.0
2021-05-24 08:51:00, 36.645, 36.645, 36.645, 36.645, 234, 0.0
2021-05-24 08:52:00, 36.665, 36.665, 36.665, 36.665, 132, 0.0
2021-05-24 08:54:00, 36.655, 36.665, 36.655, 36.665, 384, 0.0
2021-05-24 08:55:00, 36.685, 36.69, 36.685, 36.69, 258, 0.0
2021-05-24 08:56:00, 36.695, 36.715, 36.695, 36.715, 1232, 0.0
2021-05-24 08:57:00, 36.715, 36.715, 36.695, 36.705, 930, 0.0
2021-05-24 08:58:00, 36.725, 36.725, 36.69, 36.695, 590, 0.0
2021-05-24 08:59:00, 36.7, 36.725, 36.7, 36.725, 308, 0.0
2021-05-24 09:00:00, 36.735, 36.735, 36.71, 36.715, 700, 0.0
2021-05-24 09:01:00, 36.71, 36.73, 36.71, 36.725, 400, 0.0
2021-05-24 09:02:00, 36.735, 36.76, 36.73, 36.76, 1665, 0.0
2021-05-24 09:03:00, 36.76, 36.76, 36.75, 36.75, 400, 0.0
2021-05-24 09:04:00, 36.77, 36.785, 36.77, 36.785, 201, 0.0
2021-05-24 09:05:00, 36.795, 36.795, 36.79, 36.795, 300, 0.0
2021-05-24 09:06:00, 36.8, 36.82, 36.8, 36.82, 200, 0.0
2021-05-24 09:07:00, 36.805, 36.805, 36.8, 36.8, 300, 0.0
2021-05-24 09:08:00, 36.785, 36.795, 36.785, 36.785, 1000, 0.0
2021-05-24 09:09:00, 36.795, 36.795, 36.795, 36.795, 100, 0.0
2021-05-24 09:10:00, 36.765, 36.765, 36.765, 36.765, 100, 0.0
2021-05-24 09:11:00, 36.77, 36.775, 36.77, 36.775, 200, 0.0
2021-05-24 09:12:00, 36.775, 36.775, 36.775, 36.775, 104, 0.0
2021-05-24 09:13:00, 36.78, 36.805, 36.775, 36.805, 709, 0.0
2021-05-24 09:14:00, 36.785, 36.785, 36.77, 36.77, 400, 0.0
2021-05-24 09:15:00, 36.78, 36.81, 36.78, 36.81, 503, 0.0
2021-05-24 09:16:00, 36.785, 36.785, 36.77, 36.77, 526, 0.0
2021-05-24 09:17:00, 36.785, 36.785, 36.785, 36.785, 200, 0.0
2021-05-24 09:18:00, 36.795, 36.8, 36.795, 36.8, 300, 0.0
2021-05-24 09:19:00, 36.815, 36.835, 36.815, 36.835, 412, 0.0
2021-05-24 09:20:00, 36.83, 36.83, 36.83, 36.83, 176, 0.0
2021-05-24 09:21:00, 36.81, 36.81, 36.81, 36.81, 100, 0.0
2021-05-24 09:22:00, 36.81, 36.83, 36.805, 36.83, 618, 0.0
2021-05-24 09:23:00, 36.83, 36.83, 36.805, 36.805, 420, 0.0
2021-05-24 09:24:00, 36.825, 36.825, 36.805, 36.805, 325, 0.0
2021-05-24 09:25:00, 36.82, 36.825, 36.79, 36.79, 900, 0.0
2021-05-24 09:27:00, 36.79, 36.8, 36.79, 36.8, 400, 0.0
2021-05-24 09:28:00, 36.795, 36.795, 36.78, 36.78, 318, 0.0
2021-05-24 09:30:00, 36.795, 36.815, 36.795, 36.815, 906, 0.0
2021-05-24 09:31:00, 36.815, 36.82, 36.81, 36.81, 786, 0.0
2021-05-24 09:32:00, 36.81, 36.81, 36.795, 36.795, 300, 0.0
2021-05-24 09:33:00, 36.79, 36.82, 36.79, 36.82, 237, 0.0
2021-05-24 09:34:00, 36.795, 36.81, 36.795, 36.81, 737, 0.0
2021-05-24 09:35:00, 36.805, 36.805, 36.805, 36.805, 100, 0.0
2021-05-24 09:36:00, 36.785, 36.785, 36.78, 36.78, 318, 0.0
2021-05-24 09:37:00, 36.78, 36.78, 36.78, 36.78, 355, 0.0
2021-05-24 09:38:00, 36.77, 36.77, 36.765, 36.765, 200, 0.0
2021-05-24 09:39:00, 36.755, 36.755, 36.745, 36.745, 500, 0.0
2021-05-24 09:40:00, 36.74, 36.755, 36.74, 36.755, 318, 0.0
2021-05-24 09:41:00, 36.78, 36.785, 36.78, 36.785, 200, 0.0
2021-05-24 09:42:00, 36.79, 36.795, 36.79, 36.79, 702, 0.0
2021-05-24 09:43:00, 36.8, 36.8, 36.8, 36.8, 1000, 0.0
2021-05-24 09:44:00, 36.815, 36.82, 36.815, 36.82, 200, 0.0
2021-05-24 09:45:00, 36.83, 36.84, 36.83, 36.835, 421, 0.0
2021-05-24 09:46:00, 36.83, 36.84, 36.83, 36.84, 800, 0.0
2021-05-24 09:47:00, 36.84, 36.84, 36.825, 36.83, 1011, 0.0
2021-05-24 09:48:00, 36.83, 36.83, 36.815, 36.83, 1039, 0.0
2021-05-24 09:49:00, 36.84, 36.845, 36.84, 36.845, 419, 0.0
2021-05-24 09:50:00, 36.86, 36.86, 36.855, 36.855, 200, 0.0
2021-05-24 09:51:00, 36.86, 36.86, 36.835, 36.835, 200, 0.0
2021-05-24 09:52:00, 36.84, 36.84, 36.835, 36.835, 318, 0.0
2021-05-24 09:54:00, 36.845, 36.845, 36.845, 36.845, 236, 0.0
2021-05-24 09:55:00, 36.855, 36.855, 36.85, 36.85, 436, 0.0
2021-05-24 09:57:00, 36.89, 36.89, 36.88, 36.88, 400, 0.0
2021-05-24 09:59:00, 36.87, 36.87, 36.865, 36.865, 1018, 0.0
2021-05-24 10:00:00, 36.86, 36.86, 36.85, 36.85, 800, 0.0
2021-05-24 10:01:00, 36.84, 36.84, 36.83, 36.83, 606, 0.0
2021-05-24 10:02:00, 36.84, 36.84, 36.82, 36.825, 400, 0.0
2021-05-24 10:03:00, 36.805, 36.805, 36.805, 36.805, 100, 0.0
2021-05-24 10:04:00, 36.81, 36.81, 36.805, 36.805, 400, 0.0
2021-05-24 10:05:00, 36.785, 36.8, 36.785, 36.795, 1000, 0.0
2021-05-24 10:06:00, 36.795, 36.795, 36.79, 36.79, 200, 0.0
2021-05-24 10:08:00, 36.775, 36.775, 36.775, 36.775, 300, 0.0
2021-05-24 10:09:00, 36.77, 36.77, 36.77, 36.77, 200, 0.0
2021-05-24 10:10:00, 36.76, 36.765, 36.76, 36.765, 207, 0.0
2021-05-24 10:11:00, 36.765, 36.77, 36.765, 36.77, 202, 0.0
2021-05-24 10:12:00, 36.755, 36.755, 36.755, 36.755, 107, 0.0
2021-05-24 10:13:00, 36.765, 36.77, 36.765, 36.765, 418, 0.0
2021-05-24 10:14:00, 36.765, 36.765, 36.745, 36.745, 618, 0.0
2021-05-24 10:16:00, 36.755, 36.77, 36.755, 36.77, 620, 0.0
2021-05-24 10:17:00, 36.755, 36.77, 36.755, 36.765, 763, 0.0
2021-05-24 10:18:00, 36.77, 36.77, 36.77, 36.77, 121, 0.0
2021-05-24 10:19:00, 36.77, 36.775, 36.76, 36.775, 689, 0.0
2021-05-24 10:21:00, 36.775, 36.785, 36.775, 36.785, 344, 0.0
2021-05-24 10:22:00, 36.775, 36.775, 36.775, 36.775, 118, 0.0
2021-05-24 10:23:00, 36.78, 36.78, 36.78, 36.78, 118, 0.0
2021-05-24 10:25:00, 36.775, 36.785, 36.775, 36.785, 1801, 0.0
2021-05-24 10:26:00, 36.78, 36.78, 36.78, 36.78, 200, 0.0
2021-05-24 10:29:00, 36.785, 36.785, 36.765, 36.765, 1508, 0.0
2021-05-24 10:30:00, 36.765, 36.765, 36.76, 36.76, 300, 0.0
2021-05-24 10:31:00, 36.75, 36.765, 36.75, 36.765, 500, 0.0
2021-05-24 10:32:00, 36.765, 36.765, 36.76, 36.76, 300, 0.0
2021-05-24 10:33:00, 36.76, 36.76, 36.76, 36.76, 100, 0.0
2021-05-24 10:34:00, 36.76, 36.76, 36.755, 36.755, 200, 0.0
2021-05-24 10:35:00, 36.76, 36.76, 36.755, 36.755, 300, 0.0
2021-05-24 10:36:00, 36.745, 36.745, 36.745, 36.745, 113, 0.0
2021-05-24 10:37:00, 36.765, 36.765, 36.765, 36.765, 500, 0.0
2021-05-24 10:38:00, 36.765, 36.765, 36.76, 36.76, 500, 0.0
2021-05-24 10:39:00, 36.78, 36.78, 36.78, 36.78, 234, 0.0
2021-05-24 10:40:00, 36.77, 36.77, 36.77, 36.77, 477, 0.0
2021-05-24 10:42:00, 36.785, 36.785, 36.785, 36.785, 592, 0.0
2021-05-24 10:44:00, 36.79, 36.8, 36.79, 36.795, 909, 0.0
2021-05-24 10:45:00, 36.795, 36.795, 36.785, 36.79, 950, 0.0
2021-05-24 10:47:00, 36.78, 36.78, 36.77, 36.77, 400, 0.0
2021-05-24 10:48:00, 36.765, 36.765, 36.765, 36.765, 211, 0.0
2021-05-24 10:50:00, 36.76, 36.765, 36.76, 36.765, 400, 0.0
2021-05-24 10:51:00, 36.77, 36.775, 36.77, 36.775, 733, 0.0
2021-05-24 10:52:00, 36.77, 36.77, 36.77, 36.77, 518, 0.0
2021-05-24 10:53:00, 36.79, 36.795, 36.79, 36.795, 305, 0.0
2021-05-24 10:54:00, 36.795, 36.795, 36.785, 36.79, 1356, 0.0
2021-05-24 10:55:00, 36.8, 36.8, 36.79, 36.79, 300, 0.0
2021-05-24 10:56:00, 36.795, 36.795, 36.79, 36.79, 300, 0.0
2021-05-24 10:57:00, 36.78, 36.78, 36.78, 36.78, 100, 0.0
2021-05-24 11:00:00, 36.78, 36.795, 36.78, 36.795, 311, 0.0
2021-05-24 11:01:00, 36.795, 36.795, 36.79, 36.79, 401, 0.0
2021-05-24 11:03:00, 36.775, 36.78, 36.775, 36.78, 300, 0.0
2021-05-24 11:04:00, 36.775, 36.775, 36.77, 36.77, 400, 0.0
2021-05-24 11:05:00, 36.775, 36.775, 36.775, 36.775, 100, 0.0
2021-05-24 11:08:00, 36.785, 36.785, 36.78, 36.78, 620, 0.0
2021-05-24 11:09:00, 36.775, 36.775, 36.775, 36.775, 200, 0.0
2021-05-24 11:11:00, 36.775, 36.775, 36.775, 36.775, 300, 0.0
2021-05-24 11:13:00, 36.765, 36.765, 36.765, 36.765, 100, 0.0
2021-05-24 11:14:00, 36.78, 36.795, 36.78, 36.79, 1063, 0.0
2021-05-24 11:17:00, 36.785, 36.785, 36.785, 36.785, 100, 0.0
2021-05-24 11:20:00, 36.79, 36.79, 36.785, 36.785, 600, 0.0
2021-05-24 11:21:00, 36.79, 36.79, 36.785, 36.785, 500, 0.0
2021-05-24 11:22:00, 36.8, 36.805, 36.8, 36.805, 300, 0.0
2021-05-24 11:23:00, 36.8, 36.805, 36.8, 36.805, 200, 0.0
2021-05-24 11:24:00, 36.785, 36.785, 36.785, 36.785, 100, 0.0
2021-05-24 11:26:00, 36.795, 36.795, 36.795, 36.795, 100, 0.0
2021-05-24 11:28:00, 36.795, 36.795, 36.785, 36.79, 503, 0.0
2021-05-24 11:30:00, 36.79, 36.79, 36.79, 36.79, 100, 0.0
2021-05-24 11:31:00, 36.79, 36.79, 36.79, 36.79, 100, 0.0
2021-05-24 11:32:00, 36.82, 36.82, 36.81, 36.81, 218, 0.0
2021-05-24 11:33:00, 36.82, 36.825, 36.82, 36.825, 400, 0.0
2021-05-24 11:34:00, 36.825, 36.83, 36.825, 36.83, 300, 0.0
2021-05-24 11:36:00, 36.845, 36.845, 36.845, 36.845, 168, 0.0
2021-05-24 11:38:00, 36.845, 36.845, 36.845, 36.845, 198, 0.0
2021-05-24 11:39:00, 36.84, 36.84, 36.84, 36.84, 200, 0.0
2021-05-24 11:41:00, 36.835, 36.84, 36.835, 36.84, 300, 0.0
2021-05-24 11:42:00, 36.835, 36.84, 36.835, 36.84, 300, 0.0
2021-05-24 11:43:00, 36.84, 36.84, 36.84, 36.84, 100, 0.0
2021-05-24 11:44:00, 36.85, 36.86, 36.85, 36.86, 200, 0.0
2021-05-24 11:45:00, 36.87, 36.87, 36.87, 36.87, 300, 0.0
2021-05-24 11:46:00, 36.88, 36.88, 36.88, 36.88, 100, 0.0
2021-05-24 11:47:00, 36.87, 36.87, 36.87, 36.87, 300, 0.0
2021-05-24 11:48:00, 36.88, 36.88, 36.88, 36.88, 501, 0.0
2021-05-24 11:49:00, 36.875, 36.875, 36.875, 36.875, 100, 0.0
2021-05-24 11:50:00, 36.885, 36.885, 36.88, 36.88, 218, 0.0
2021-05-24 11:52:00, 36.89, 36.89, 36.875, 36.875, 1021, 0.0
2021-05-24 11:53:00, 36.875, 36.875, 36.875, 36.875, 200, 0.0
2021-05-24 11:54:00, 36.875, 36.875, 36.875, 36.875, 100, 0.0
2021-05-24 11:55:00, 36.875, 36.875, 36.87, 36.87, 201, 0.0
2021-05-24 11:57:00, 36.865, 36.865, 36.855, 36.855, 200, 0.0
2021-05-24 12:00:00, 36.855, 36.855, 36.85, 36.85, 200, 0.0
2021-05-24 12:02:00, 36.845, 36.845, 36.835, 36.835, 325, 0.0
2021-05-24 12:03:00, 36.835, 36.835, 36.83, 36.83, 800, 0.0
2021-05-24 12:04:00, 36.835, 36.835, 36.825, 36.825, 368, 0.0
2021-05-24 12:05:00, 36.825, 36.83, 36.825, 36.825, 800, 0.0
2021-05-24 12:06:00, 36.825, 36.825, 36.825, 36.825, 100, 0.0
2021-05-24 12:07:00, 36.825, 36.825, 36.825, 36.825, 400, 0.0
2021-05-24 12:08:00, 36.825, 36.825, 36.825, 36.825, 468, 0.0
2021-05-24 12:09:00, 36.825, 36.83, 36.825, 36.825, 700, 0.0
2021-05-24 12:10:00, 36.825, 36.825, 36.825, 36.825, 531, 0.0
2021-05-24 12:11:00, 36.825, 36.825, 36.825, 36.825, 1102, 0.0
2021-05-24 12:12:00, 36.83, 36.83, 36.825, 36.825, 469, 0.0
2021-05-24 12:13:00, 36.83, 36.83, 36.83, 36.83, 350, 0.0
2021-05-24 12:15:00, 36.835, 36.835, 36.835, 36.835, 374, 0.0
2021-05-24 12:16:00, 36.84, 36.855, 36.84, 36.855, 815, 0.0
2021-05-24 12:17:00, 36.86, 36.865, 36.86, 36.86, 1293, 0.0
2021-05-24 12:19:00, 36.855, 36.855, 36.85, 36.85, 633, 0.0
2021-05-24 12:23:00, 36.835, 36.835, 36.835, 36.835, 400, 0.0
2021-05-24 12:24:00, 36.83, 36.835, 36.83, 36.835, 400, 0.0
2021-05-24 12:25:00, 36.835, 36.835, 36.835, 36.835, 200, 0.0
2021-05-24 12:26:00, 36.835, 36.835, 36.835, 36.835, 400, 0.0
2021-05-24 12:27:00, 36.835, 36.835, 36.835, 36.835, 364, 0.0
2021-05-24 12:28:00, 36.835, 36.84, 36.835, 36.84, 600, 0.0
2021-05-24 12:29:00, 36.845, 36.875, 36.84, 36.875, 1931, 0.0
2021-05-24 12:30:00, 36.88, 36.88, 36.87, 36.875, 2159, 0.0
2021-05-24 12:31:00, 36.885, 36.885, 36.855, 36.855, 1093, 0.0
2021-05-24 12:33:00, 36.855, 36.855, 36.855, 36.855, 100, 0.0
2021-05-24 12:35:00, 36.855, 36.855, 36.855, 36.855, 100, 0.0
2021-05-24 12:36:00, 36.85, 36.85, 36.845, 36.845, 302, 0.0
2021-05-24 12:38:00, 36.845, 36.845, 36.845, 36.845, 200, 0.0
2021-05-24 12:39:00, 36.845, 36.845, 36.845, 36.845, 100, 0.0
2021-05-24 12:40:00, 36.845, 36.845, 36.845, 36.845, 100, 0.0
2021-05-24 12:41:00, 36.84, 36.84, 36.84, 36.84, 200, 0.0
2021-05-24 12:42:00, 36.83, 36.83, 36.83, 36.83, 100, 0.0
2021-05-24 12:43:00, 36.83, 36.845, 36.83, 36.845, 701, 0.0
2021-05-24 12:44:00, 36.855, 36.855, 36.855, 36.855, 100, 0.0
2021-05-24 12:45:00, 36.85, 36.85, 36.85, 36.85, 600, 0.0
2021-05-24 12:48:00, 36.855, 36.855, 36.855, 36.855, 200, 0.0
2021-05-24 12:49:00, 36.86, 36.86, 36.86, 36.86, 200, 0.0
2021-05-24 12:50:00, 36.855, 36.855, 36.855, 36.855, 200, 0.0
2021-05-24 12:51:00, 36.855, 36.855, 36.855, 36.855, 100, 0.0
2021-05-24 12:52:00, 36.86, 36.86, 36.86, 36.86, 224, 0.0
2021-05-24 12:53:00, 36.86, 36.86, 36.855, 36.855, 524, 0.0
2021-05-24 12:54:00, 36.86, 36.86, 36.86, 36.86, 146, 0.0
2021-05-24 12:55:00, 36.855, 36.855, 36.855, 36.855, 112, 0.0
2021-05-24 12:56:00, 36.86, 36.86, 36.86, 36.86, 160, 0.0
2021-05-24 12:58:00, 36.855, 36.855, 36.845, 36.85, 1220, 0.0
2021-05-24 13:00:00, 36.865, 36.865, 36.865, 36.865, 100, 0.0
2021-05-24 13:03:00, 36.89, 36.895, 36.89, 36.895, 664, 0.0
2021-05-24 13:04:00, 36.885, 36.885, 36.88, 36.88, 700, 0.0
2021-05-24 13:07:00, 36.885, 36.885, 36.875, 36.875, 300, 0.0
2021-05-24 13:09:00, 36.88, 36.88, 36.88, 36.88, 202, 0.0
2021-05-24 13:10:00, 36.885, 36.885, 36.885, 36.885, 1084, 0.0
2021-05-24 13:11:00, 36.89, 36.895, 36.89, 36.895, 888, 0.0
2021-05-24 13:12:00, 36.895, 36.895, 36.89, 36.89, 3792, 0.0
2021-05-24 13:13:00, 36.89, 36.89, 36.885, 36.885, 3457, 0.0
2021-05-24 13:14:00, 36.89, 36.89, 36.885, 36.885, 2298, 0.0
2021-05-24 13:15:00, 36.885, 36.885, 36.875, 36.885, 769, 0.0
2021-05-24 13:17:00, 36.89, 36.89, 36.885, 36.885, 300, 0.0
2021-05-24 13:18:00, 36.885, 36.895, 36.885, 36.895, 532, 0.0
2021-05-24 13:19:00, 36.895, 36.895, 36.895, 36.895, 1957, 0.0
2021-05-24 13:20:00, 36.895, 36.895, 36.89, 36.89, 1977, 0.0
2021-05-24 13:21:00, 36.895, 36.9, 36.895, 36.9, 400, 0.0
2021-05-24 13:22:00, 36.895, 36.895, 36.895, 36.895, 822, 0.0
2021-05-24 13:23:00, 36.895, 36.895, 36.885, 36.885, 5186, 0.0
2021-05-24 13:24:00, 36.89, 36.89, 36.89, 36.89, 201, 0.0
2021-05-24 13:25:00, 36.9, 36.91, 36.9, 36.9, 1500, 0.0
2021-05-24 13:26:00, 36.895, 36.895, 36.89, 36.89, 1960, 0.0
2021-05-24 13:27:00, 36.895, 36.895, 36.895, 36.895, 103, 0.0
2021-05-24 13:29:00, 36.885, 36.885, 36.885, 36.885, 904, 0.0
2021-05-24 13:30:00, 36.89, 36.89, 36.89, 36.89, 401, 0.0
2021-05-24 13:31:00, 36.885, 36.885, 36.885, 36.885, 817, 0.0
2021-05-24 13:32:00, 36.885, 36.885, 36.885, 36.885, 418, 0.0
2021-05-24 13:33:00, 36.885, 36.885, 36.875, 36.875, 810, 0.0
2021-05-24 13:34:00, 36.88, 36.88, 36.87, 36.875, 2437, 0.0
2021-05-24 13:35:00, 36.89, 36.89, 36.89, 36.89, 900, 0.0
2021-05-24 13:36:00, 36.895, 36.895, 36.895, 36.895, 100, 0.0
2021-05-24 13:37:00, 36.9, 36.9, 36.9, 36.9, 200, 0.0
2021-05-24 13:38:00, 36.895, 36.895, 36.895, 36.895, 100, 0.0
2021-05-24 13:39:00, 36.91, 36.925, 36.91, 36.925, 201, 0.0
2021-05-24 13:40:00, 36.93, 36.93, 36.925, 36.925, 718, 0.0
2021-05-24 13:41:00, 36.925, 36.925, 36.925, 36.925, 136, 0.0
2021-05-24 13:42:00, 36.93, 36.93, 36.92, 36.93, 700, 0.0
2021-05-24 13:43:00, 36.93, 36.93, 36.93, 36.93, 100, 0.0
2021-05-24 13:45:00, 36.925, 36.925, 36.905, 36.905, 510, 0.0
2021-05-24 13:46:00, 36.905, 36.905, 36.9, 36.9, 4121, 0.0
2021-05-24 13:47:00, 36.89, 36.9, 36.885, 36.9, 1704, 0.0
2021-05-24 13:48:00, 36.91, 36.91, 36.905, 36.905, 722, 0.0
2021-05-24 13:49:00, 36.91, 36.91, 36.91, 36.91, 218, 0.0
2021-05-24 13:50:00, 36.91, 36.91, 36.905, 36.905, 218, 0.0
2021-05-24 13:51:00, 36.905, 36.905, 36.905, 36.905, 110, 0.0
2021-05-24 13:52:00, 36.905, 36.91, 36.9, 36.91, 4504, 0.0
2021-05-24 13:53:00, 36.905, 36.91, 36.9, 36.91, 7027, 0.0
2021-05-24 13:54:00, 36.9, 36.9, 36.895, 36.9, 864, 0.0
2021-05-24 13:56:00, 36.915, 36.915, 36.91, 36.91, 700, 0.0
2021-05-24 13:57:00, 36.895, 36.895, 36.895, 36.895, 400, 0.0
2021-05-24 13:58:00, 36.875, 36.875, 36.865, 36.865, 1700, 0.0
2021-05-24 13:59:00, 36.87, 36.88, 36.87, 36.88, 819, 0.0
2021-05-24 14:00:00, 36.87, 36.87, 36.865, 36.87, 890, 0.0
2021-05-24 14:01:00, 36.87, 36.87, 36.87, 36.87, 202, 0.0
2021-05-24 14:02:00, 36.875, 36.875, 36.875, 36.875, 100, 0.0
2021-05-24 14:04:00, 36.88, 36.885, 36.875, 36.885, 1308, 0.0
2021-05-24 14:05:00, 36.89, 36.89, 36.89, 36.89, 1563, 0.0
2021-05-24 14:06:00, 36.89, 36.9, 36.89, 36.89, 1416, 0.0
2021-05-24 14:07:00, 36.88, 36.89, 36.88, 36.89, 516, 0.0
2021-05-24 14:08:00, 36.895, 36.91, 36.895, 36.91, 702, 0.0
2021-05-24 14:09:00, 36.9, 36.9, 36.895, 36.9, 839, 0.0
2021-05-24 14:11:00, 36.91, 36.91, 36.9, 36.9, 1294, 0.0
2021-05-24 14:12:00, 36.895, 36.895, 36.885, 36.89, 1498, 0.0
2021-05-24 14:13:00, 36.89, 36.89, 36.89, 36.89, 300, 0.0
2021-05-24 14:14:00, 36.895, 36.895, 36.89, 36.895, 2351, 0.0
2021-05-24 14:15:00, 36.88, 36.895, 36.875, 36.895, 2234, 0.0
2021-05-24 14:16:00, 36.9, 36.92, 36.9, 36.92, 900, 0.0
2021-05-24 14:17:00, 36.915, 36.92, 36.91, 36.91, 1771, 0.0
2021-05-24 14:18:00, 36.9, 36.9, 36.9, 36.9, 1125, 0.0
2021-05-24 14:19:00, 36.92, 36.92, 36.92, 36.92, 100, 0.0
2021-05-24 14:20:00, 36.91, 36.92, 36.91, 36.92, 916, 0.0
2021-05-24 14:21:00, 36.915, 36.915, 36.915, 36.915, 112, 0.0
2021-05-24 14:22:00, 36.91, 36.915, 36.91, 36.91, 534, 0.0
2021-05-24 14:23:00, 36.92, 36.92, 36.915, 36.915, 519, 0.0
2021-05-24 14:24:00, 36.915, 36.92, 36.915, 36.915, 804, 0.0
2021-05-24 14:25:00, 36.92, 36.94, 36.915, 36.94, 1322, 0.0
2021-05-24 14:26:00, 36.93, 36.93, 36.91, 36.91, 1397, 0.0
2021-05-24 14:27:00, 36.91, 36.91, 36.91, 36.91, 635, 0.0
2021-05-24 14:29:00, 36.91, 36.91, 36.905, 36.905, 3486, 0.0
2021-05-24 14:30:00, 36.905, 36.905, 36.885, 36.885, 2617, 0.0
2021-05-24 14:31:00, 36.885, 36.9, 36.885, 36.9, 2600, 0.0
2021-05-24 14:32:00, 36.895, 36.91, 36.895, 36.895, 2939, 0.0
2021-05-24 14:33:00, 36.905, 36.91, 36.905, 36.91, 1300, 0.0
2021-05-24 14:34:00, 36.91, 36.93, 36.91, 36.93, 617, 0.0
2021-05-24 14:35:00, 36.93, 36.93, 36.925, 36.925, 584, 0.0
2021-05-24 14:36:00, 36.92, 36.935, 36.92, 36.935, 3119, 0.0
2021-05-24 14:37:00, 36.94, 36.95, 36.94, 36.95, 1719, 0.0
2021-05-24 14:38:00, 36.95, 36.955, 36.945, 36.945, 928, 0.0
2021-05-24 14:39:00, 36.94, 36.94, 36.9, 36.91, 1926, 0.0
2021-05-24 14:40:00, 36.92, 36.925, 36.915, 36.92, 2070, 0.0
2021-05-24 14:41:00, 36.925, 36.93, 36.925, 36.925, 2324, 0.0
2021-05-24 14:42:00, 36.925, 36.925, 36.915, 36.915, 5208, 0.0
2021-05-24 14:43:00, 36.92, 36.925, 36.92, 36.925, 900, 0.0
2021-05-24 14:44:00, 36.93, 36.93, 36.93, 36.93, 1525, 0.0
2021-05-24 14:45:00, 36.94, 36.94, 36.915, 36.915, 3630, 0.0
2021-05-24 14:46:00, 36.92, 36.93, 36.92, 36.925, 1500, 0.0
2021-05-24 14:47:00, 36.925, 36.925, 36.915, 36.915, 2356, 0.0
2021-05-24 14:48:00, 36.915, 36.92, 36.915, 36.915, 847, 0.0
2021-05-24 14:49:00, 36.915, 36.93, 36.91, 36.93, 2852, 0.0
2021-05-24 14:50:00, 36.95, 36.965, 36.93, 36.955, 3658, 0.0
2021-05-24 14:51:00, 36.955, 36.955, 36.93, 36.935, 1991, 0.0
2021-05-24 14:52:00, 36.935, 36.94, 36.935, 36.94, 1945, 0.0
2021-05-24 14:53:00, 36.945, 36.95, 36.935, 36.94, 1678, 0.0
2021-05-24 14:54:00, 36.935, 36.965, 36.92, 36.955, 5666, 0.0
2021-05-24 14:55:00, 36.945, 36.945, 36.93, 36.94, 1115, 0.0
2021-05-24 14:56:00, 36.94, 36.94, 36.9, 36.9, 2571, 0.0
2021-05-24 14:57:00, 36.9, 36.9, 36.89, 36.895, 1889, 0.0
2021-05-24 14:58:00, 36.88, 36.88, 36.875, 36.88, 1766, 0.0
2021-05-24 14:59:00, 36.875, 36.875, 36.86, 36.86, 1569, 0.0
2021-05-25 08:30:00, 36.94, 36.94, 36.94, 36.94, 130, 0.0
2021-05-25 08:31:00, 36.79, 36.79, 36.79, 36.79, 100, 0.0
2021-05-25 08:34:00, 36.81, 36.81, 36.79, 36.79, 700, 0.0
2021-05-25 08:37:00, 36.74, 36.74, 36.73, 36.73, 1000, 0.0
2021-05-25 08:38:00, 36.72, 36.725, 36.715, 36.725, 1211, 0.0
2021-05-25 08:39:00, 36.715, 36.715, 36.69, 36.69, 1008, 0.0
2021-05-25 08:40:00, 36.695, 36.695, 36.695, 36.695, 105, 0.0
2021-05-25 08:42:00, 36.705, 36.705, 36.705, 36.705, 100, 0.0
2021-05-25 08:43:00, 36.725, 36.725, 36.725, 36.725, 104, 0.0
2021-05-25 08:44:00, 36.705, 36.705, 36.695, 36.695, 200, 0.0
2021-05-25 08:45:00, 36.71, 36.76, 36.71, 36.76, 709, 0.0
2021-05-25 08:48:00, 36.735, 36.735, 36.735, 36.735, 1300, 0.0
2021-05-25 08:49:00, 36.745, 36.745, 36.74, 36.74, 500, 0.0
2021-05-25 08:51:00, 36.695, 36.695, 36.695, 36.695, 1125, 0.0
2021-05-25 08:53:00, 36.735, 36.75, 36.735, 36.75, 300, 0.0
2021-05-25 08:55:00, 36.775, 36.775, 36.775, 36.775, 105, 0.0
2021-05-25 08:56:00, 36.82, 36.82, 36.82, 36.82, 410, 0.0
2021-05-25 09:00:00, 36.805, 36.805, 36.805, 36.805, 501, 0.0
2021-05-25 09:01:00, 36.725, 36.725, 36.725, 36.725, 201, 0.0
2021-05-25 09:04:00, 36.795, 36.795, 36.78, 36.78, 607, 0.0
2021-05-25 09:05:00, 36.785, 36.785, 36.785, 36.785, 117, 0.0
2021-05-25 09:06:00, 36.79, 36.79, 36.79, 36.79, 100, 0.0
2021-05-25 09:08:00, 36.81, 36.81, 36.81, 36.81, 133, 0.0
2021-05-25 09:09:00, 36.8, 36.8, 36.785, 36.785, 200, 0.0
2021-05-25 09:10:00, 36.805, 36.805, 36.805, 36.805, 100, 0.0
2021-05-25 09:12:00, 36.77, 36.77, 36.77, 36.77, 100, 0.0
2021-05-25 09:13:00, 36.785, 36.785, 36.785, 36.785, 405, 0.0
2021-05-25 09:14:00, 36.765, 36.765, 36.765, 36.765, 925, 0.0
2021-05-25 09:17:00, 36.75, 36.75, 36.75, 36.75, 105, 0.0
2021-05-25 09:18:00, 36.76, 36.76, 36.76, 36.76, 100, 0.0
2021-05-25 09:19:00, 36.755, 36.755, 36.755, 36.755, 300, 0.0
2021-05-25 09:21:00, 36.76, 36.76, 36.745, 36.745, 300, 0.0
2021-05-25 09:22:00, 36.76, 36.76, 36.75, 36.75, 500, 0.0
2021-05-25 09:25:00, 36.75, 36.75, 36.75, 36.75, 100, 0.0
2021-05-25 09:26:00, 36.72, 36.72, 36.72, 36.72, 100, 0.0
2021-05-25 09:28:00, 36.705, 36.705, 36.705, 36.705, 100, 0.0
2021-05-25 09:29:00, 36.705, 36.71, 36.705, 36.705, 800, 0.0
2021-05-25 09:32:00, 36.725, 36.725, 36.71, 36.71, 300, 0.0
2021-05-25 09:34:00, 36.68, 36.69, 36.68, 36.69, 306, 0.0
2021-05-25 09:35:00, 36.695, 36.695, 36.695, 36.695, 106, 0.0
2021-05-25 09:38:00, 36.7, 36.71, 36.7, 36.71, 300, 0.0
2021-05-25 09:40:00, 36.705, 36.705, 36.705, 36.705, 102, 0.0
2021-05-25 09:43:00, 36.695, 36.695, 36.695, 36.695, 217, 0.0
2021-05-25 09:45:00, 36.705, 36.705, 36.705, 36.705, 109, 0.0
2021-05-25 09:46:00, 36.71, 36.71, 36.71, 36.71, 100, 0.0
2021-05-25 09:48:00, 36.675, 36.675, 36.675, 36.675, 322, 0.0
2021-05-25 09:49:00, 36.68, 36.68, 36.68, 36.68, 205, 0.0
2021-05-25 09:50:00, 36.66, 36.66, 36.66, 36.66, 206, 0.0
2021-05-25 09:52:00, 36.615, 36.615, 36.615, 36.615, 105, 0.0
2021-05-25 09:54:00, 36.64, 36.645, 36.64, 36.645, 1100, 0.0
2021-05-25 09:57:00, 36.655, 36.655, 36.655, 36.655, 500, 0.0
2021-05-25 09:58:00, 36.665, 36.665, 36.665, 36.665, 728, 0.0
2021-05-25 09:59:00, 36.665, 36.665, 36.665, 36.665, 300, 0.0
2021-05-25 10:00:00, 36.675, 36.68, 36.665, 36.665, 1514, 0.0
2021-05-25 10:01:00, 36.665, 36.665, 36.665, 36.665, 186, 0.0
2021-05-25 10:02:00, 36.675, 36.675, 36.66, 36.66, 210, 0.0
2021-05-25 10:03:00, 36.665, 36.665, 36.655, 36.655, 500, 0.0
2021-05-25 10:04:00, 36.655, 36.675, 36.655, 36.675, 657, 0.0
2021-05-25 10:05:00, 36.675, 36.675, 36.67, 36.67, 394, 0.0
2021-05-25 10:06:00, 36.66, 36.66, 36.645, 36.645, 416, 0.0
2021-05-25 10:08:00, 36.64, 36.64, 36.64, 36.64, 300, 0.0
2021-05-25 10:09:00, 36.66, 36.665, 36.66, 36.665, 718, 0.0
2021-05-25 10:10:00, 36.665, 36.67, 36.665, 36.67, 247, 0.0
2021-05-25 10:11:00, 36.68, 36.695, 36.68, 36.695, 753, 0.0
2021-05-25 10:13:00, 36.7, 36.705, 36.7, 36.705, 200, 0.0
2021-05-25 10:14:00, 36.705, 36.705, 36.705, 36.705, 200, 0.0
2021-05-25 10:15:00, 36.705, 36.715, 36.705, 36.715, 701, 0.0
2021-05-25 10:16:00, 36.715, 36.715, 36.69, 36.69, 514, 0.0
2021-05-25 10:17:00, 36.695, 36.7, 36.695, 36.7, 302, 0.0
2021-05-25 10:18:00, 36.7, 36.7, 36.7, 36.7, 100, 0.0
2021-05-25 10:20:00, 36.73, 36.73, 36.73, 36.73, 101, 0.0
2021-05-25 10:21:00, 36.74, 36.74, 36.74, 36.74, 363, 0.0
2021-05-25 10:22:00, 36.75, 36.75, 36.73, 36.73, 320, 0.0
2021-05-25 10:24:00, 36.72, 36.73, 36.72, 36.73, 319, 0.0
2021-05-25 10:25:00, 36.76, 36.76, 36.76, 36.76, 219, 0.0
2021-05-25 10:26:00, 36.75, 36.75, 36.75, 36.75, 100, 0.0
2021-05-25 10:29:00, 36.765, 36.765, 36.765, 36.765, 100, 0.0
2021-05-25 10:30:00, 36.745, 36.75, 36.745, 36.75, 1202, 0.0
2021-05-25 10:31:00, 36.725, 36.725, 36.725, 36.725, 300, 0.0
2021-05-25 10:32:00, 36.745, 36.745, 36.745, 36.745, 200, 0.0
2021-05-25 10:33:00, 36.75, 36.75, 36.74, 36.74, 200, 0.0
2021-05-25 10:35:00, 36.72, 36.72, 36.72, 36.72, 300, 0.0
2021-05-25 10:37:00, 36.7, 36.7, 36.7, 36.7, 145, 0.0
2021-05-25 10:38:00, 36.695, 36.7, 36.695, 36.7, 300, 0.0
2021-05-25 10:39:00, 36.7, 36.7, 36.7, 36.7, 100, 0.0
2021-05-25 10:41:00, 36.705, 36.705, 36.705, 36.705, 114, 0.0
2021-05-25 10:42:00, 36.705, 36.705, 36.705, 36.705, 118, 0.0
2021-05-25 10:44:00, 36.69, 36.69, 36.68, 36.68, 702, 0.0
2021-05-25 10:45:00, 36.67, 36.675, 36.67, 36.675, 200, 0.0
2021-05-25 10:46:00, 36.675, 36.675, 36.675, 36.675, 100, 0.0
2021-05-25 10:49:00, 36.695, 36.695, 36.695, 36.695, 200, 0.0
2021-05-25 10:52:00, 36.665, 36.665, 36.665, 36.665, 208, 0.0
2021-05-25 10:53:00, 36.675, 36.675, 36.67, 36.67, 640, 0.0
2021-05-25 10:54:00, 36.675, 36.675, 36.66, 36.66, 776, 0.0
2021-05-25 10:56:00, 36.66, 36.66, 36.66, 36.66, 100, 0.0
2021-05-25 10:57:00, 36.655, 36.655, 36.655, 36.655, 111, 0.0
2021-05-25 10:58:00, 36.665, 36.665, 36.665, 36.665, 200, 0.0
2021-05-25 10:59:00, 36.66, 36.66, 36.655, 36.655, 200, 0.0
2021-05-25 11:00:00, 36.67, 36.67, 36.67, 36.67, 200, 0.0
2021-05-25 11:01:00, 36.665, 36.665, 36.665, 36.665, 301, 0.0
2021-05-25 11:04:00, 36.675, 36.68, 36.675, 36.68, 200, 0.0
2021-05-25 11:05:00, 36.685, 36.685, 36.685, 36.685, 101, 0.0
2021-05-25 11:09:00, 36.675, 36.675, 36.675, 36.675, 100, 0.0
2021-05-25 11:10:00, 36.675, 36.685, 36.675, 36.685, 300, 0.0
2021-05-25 11:11:00, 36.685, 36.685, 36.685, 36.685, 700, 0.0
2021-05-25 11:14:00, 36.695, 36.695, 36.685, 36.685, 504, 0.0
2021-05-25 11:15:00, 36.69, 36.69, 36.69, 36.69, 100, 0.0
2021-05-25 11:17:00, 36.685, 36.685, 36.685, 36.685, 100, 0.0
2021-05-25 11:18:00, 36.7, 36.7, 36.695, 36.695, 300, 0.0
2021-05-25 11:19:00, 36.695, 36.695, 36.695, 36.695, 100, 0.0
2021-05-25 11:20:00, 36.7, 36.705, 36.7, 36.7, 604, 0.0
2021-05-25 11:21:00, 36.695, 36.695, 36.695, 36.695, 202, 0.0
2021-05-25 11:22:00, 36.705, 36.705, 36.705, 36.705, 205, 0.0
2021-05-25 11:23:00, 36.705, 36.705, 36.705, 36.705, 229, 0.0
2021-05-25 11:26:00, 36.725, 36.725, 36.725, 36.725, 200, 0.0
2021-05-25 11:29:00, 36.705, 36.705, 36.7, 36.7, 1000, 0.0
2021-05-25 11:31:00, 36.705, 36.715, 36.705, 36.715, 409, 0.0
2021-05-25 11:32:00, 36.715, 36.715, 36.715, 36.715, 300, 0.0
2021-05-25 11:33:00, 36.715, 36.715, 36.705, 36.705, 600, 0.0
2021-05-25 11:36:00, 36.705, 36.705, 36.705, 36.705, 200, 0.0
2021-05-25 11:37:00, 36.715, 36.715, 36.715, 36.715, 100, 0.0
2021-05-25 11:39:00, 36.71, 36.71, 36.71, 36.71, 200, 0.0
2021-05-25 11:41:00, 36.725, 36.725, 36.71, 36.71, 406, 0.0
2021-05-25 11:42:00, 36.715, 36.72, 36.715, 36.72, 200, 0.0
2021-05-25 11:43:00, 36.725, 36.735, 36.725, 36.735, 400, 0.0
2021-05-25 11:44:00, 36.735, 36.735, 36.735, 36.735, 100, 0.0
2021-05-25 11:46:00, 36.74, 36.74, 36.74, 36.74, 116, 0.0
2021-05-25 11:48:00, 36.715, 36.715, 36.715, 36.715, 100, 0.0
2021-05-25 11:49:00, 36.715, 36.715, 36.715, 36.715, 504, 0.0
2021-05-25 11:50:00, 36.715, 36.715, 36.71, 36.71, 1606, 0.0
2021-05-25 11:54:00, 36.725, 36.725, 36.725, 36.725, 100, 0.0
2021-05-25 11:55:00, 36.735, 36.735, 36.735, 36.735, 128, 0.0
2021-05-25 11:56:00, 36.74, 36.74, 36.735, 36.735, 300, 0.0
2021-05-25 11:57:00, 36.745, 36.745, 36.745, 36.745, 1601, 0.0
2021-05-25 11:59:00, 36.735, 36.735, 36.735, 36.735, 100, 0.0
2021-05-25 12:00:00, 36.72, 36.72, 36.72, 36.72, 200, 0.0
2021-05-25 12:01:00, 36.715, 36.715, 36.695, 36.695, 508, 0.0
2021-05-25 12:02:00, 36.695, 36.695, 36.695, 36.695, 1700, 0.0
2021-05-25 12:03:00, 36.69, 36.69, 36.69, 36.69, 101, 0.0
2021-05-25 12:05:00, 36.69, 36.695, 36.69, 36.695, 200, 0.0
2021-05-25 12:06:00, 36.705, 36.705, 36.705, 36.705, 110, 0.0
2021-05-25 12:08:00, 36.705, 36.71, 36.705, 36.71, 200, 0.0
2021-05-25 12:09:00, 36.71, 36.71, 36.695, 36.695, 600, 0.0
2021-05-25 12:10:00, 36.675, 36.69, 36.675, 36.69, 286, 0.0
2021-05-25 12:11:00, 36.695, 36.695, 36.695, 36.695, 105, 0.0
2021-05-25 12:12:00, 36.725, 36.725, 36.725, 36.725, 100, 0.0
2021-05-25 12:14:00, 36.73, 36.73, 36.73, 36.73, 100, 0.0
2021-05-25 12:15:00, 36.725, 36.725, 36.725, 36.725, 200, 0.0
2021-05-25 12:16:00, 36.73, 36.75, 36.73, 36.75, 409, 0.0
2021-05-25 12:21:00, 36.745, 36.745, 36.745, 36.745, 100, 0.0
2021-05-25 12:23:00, 36.725, 36.725, 36.725, 36.725, 100, 0.0
2021-05-25 12:24:00, 36.71, 36.72, 36.71, 36.72, 306, 0.0
2021-05-25 12:25:00, 36.72, 36.72, 36.715, 36.715, 720, 0.0
2021-05-25 12:26:00, 36.715, 36.715, 36.715, 36.715, 200, 0.0
2021-05-25 12:27:00, 36.725, 36.725, 36.715, 36.715, 200, 0.0
2021-05-25 12:28:00, 36.715, 36.715, 36.715, 36.715, 100, 0.0
2021-05-25 12:29:00, 36.715, 36.72, 36.715, 36.715, 400, 0.0
2021-05-25 12:30:00, 36.715, 36.715, 36.715, 36.715, 102, 0.0
2021-05-25 12:31:00, 36.72, 36.72, 36.715, 36.715, 201, 0.0
2021-05-25 12:33:00, 36.735, 36.735, 36.73, 36.73, 204, 0.0
2021-05-25 12:35:00, 36.725, 36.725, 36.725, 36.725, 100, 0.0
2021-05-25 12:36:00, 36.725, 36.725, 36.7, 36.7, 501, 0.0
2021-05-25 12:37:00, 36.71, 36.71, 36.71, 36.71, 217, 0.0
2021-05-25 12:38:00, 36.72, 36.72, 36.72, 36.72, 100, 0.0
2021-05-25 12:40:00, 36.705, 36.705, 36.7, 36.7, 733, 0.0
2021-05-25 12:42:00, 36.67, 36.67, 36.67, 36.67, 100, 0.0
2021-05-25 12:43:00, 36.675, 36.675, 36.675, 36.675, 136, 0.0
2021-05-25 12:45:00, 36.665, 36.665, 36.665, 36.665, 121, 0.0
2021-05-25 12:46:00, 36.66, 36.66, 36.66, 36.66, 110, 0.0
2021-05-25 12:48:00, 36.645, 36.645, 36.645, 36.645, 196, 0.0
2021-05-25 12:49:00, 36.63, 36.63, 36.63, 36.63, 100, 0.0
2021-05-25 12:50:00, 36.64, 36.64, 36.64, 36.64, 271, 0.0
2021-05-25 12:51:00, 36.635, 36.635, 36.635, 36.635, 510, 0.0
2021-05-25 12:52:00, 36.635, 36.635, 36.635, 36.635, 1925, 0.0
2021-05-25 12:53:00, 36.635, 36.635, 36.635, 36.635, 100, 0.0
2021-05-25 12:54:00, 36.635, 36.635, 36.635, 36.635, 705, 0.0
2021-05-25 12:55:00, 36.64, 36.65, 36.635, 36.65, 534, 0.0
2021-05-25 12:57:00, 36.645, 36.645, 36.64, 36.64, 314, 0.0
2021-05-25 12:58:00, 36.625, 36.625, 36.62, 36.62, 202, 0.0
2021-05-25 13:01:00, 36.62, 36.62, 36.62, 36.62, 410, 0.0
2021-05-25 13:03:00, 36.64, 36.64, 36.64, 36.64, 200, 0.0
2021-05-25 13:04:00, 36.63, 36.63, 36.63, 36.63, 100, 0.0
2021-05-25 13:07:00, 36.64, 36.66, 36.64, 36.66, 501, 0.0
2021-05-25 13:10:00, 36.655, 36.655, 36.655, 36.655, 200, 0.0
2021-05-25 13:11:00, 36.655, 36.655, 36.65, 36.65, 223, 0.0
2021-05-25 13:12:00, 36.66, 36.66, 36.66, 36.66, 101, 0.0
2021-05-25 13:13:00, 36.67, 36.67, 36.65, 36.65, 300, 0.0
2021-05-25 13:17:00, 36.655, 36.655, 36.655, 36.655, 200, 0.0
2021-05-25 13:18:00, 36.65, 36.66, 36.65, 36.66, 365, 0.0
2021-05-25 13:19:00, 36.665, 36.665, 36.665, 36.665, 201, 0.0
2021-05-25 13:20:00, 36.665, 36.665, 36.665, 36.665, 400, 0.0
2021-05-25 13:23:00, 36.675, 36.675, 36.665, 36.665, 200, 0.0
2021-05-25 13:26:00, 36.645, 36.645, 36.645, 36.645, 100, 0.0
2021-05-25 13:29:00, 36.645, 36.645, 36.645, 36.645, 101, 0.0
2021-05-25 13:31:00, 36.665, 36.665, 36.665, 36.665, 100, 0.0
2021-05-25 13:32:00, 36.665, 36.665, 36.66, 36.66, 300, 0.0
2021-05-25 13:33:00, 36.66, 36.66, 36.66, 36.66, 100, 0.0
2021-05-25 13:34:00, 36.66, 36.66, 36.66, 36.66, 200, 0.0
2021-05-25 13:37:00, 36.67, 36.67, 36.67, 36.67, 207, 0.0
2021-05-25 13:38:00, 36.665, 36.665, 36.665, 36.665, 301, 0.0
2021-05-25 13:39:00, 36.665, 36.665, 36.665, 36.665, 200, 0.0
2021-05-25 13:40:00, 36.665, 36.68, 36.665, 36.68, 449, 0.0
2021-05-25 13:41:00, 36.675, 36.675, 36.675, 36.675, 705, 0.0
2021-05-25 13:42:00, 36.69, 36.695, 36.69, 36.695, 900, 0.0
2021-05-25 13:44:00, 36.69, 36.69, 36.69, 36.69, 100, 0.0
2021-05-25 13:45:00, 36.675, 36.675, 36.675, 36.675, 400, 0.0
2021-05-25 13:46:00, 36.675, 36.675, 36.675, 36.675, 100, 0.0
2021-05-25 13:47:00, 36.675, 36.675, 36.675, 36.675, 101, 0.0
2021-05-25 13:48:00, 36.675, 36.68, 36.675, 36.68, 400, 0.0
2021-05-25 13:49:00, 36.685, 36.685, 36.685, 36.685, 105, 0.0
2021-05-25 13:50:00, 36.675, 36.675, 36.675, 36.675, 104, 0.0
2021-05-25 13:51:00, 36.695, 36.695, 36.695, 36.695, 100, 0.0
2021-05-25 13:52:00, 36.685, 36.685, 36.685, 36.685, 308, 0.0
2021-05-25 13:53:00, 36.685, 36.685, 36.68, 36.685, 2110, 0.0
2021-05-25 13:54:00, 36.69, 36.7, 36.69, 36.7, 300, 0.0
2021-05-25 13:55:00, 36.71, 36.71, 36.705, 36.705, 300, 0.0
2021-05-25 13:56:00, 36.715, 36.715, 36.715, 36.715, 1215, 0.0
2021-05-25 13:57:00, 36.715, 36.715, 36.715, 36.715, 100, 0.0
2021-05-25 13:58:00, 36.715, 36.715, 36.715, 36.715, 900, 0.0
2021-05-25 13:59:00, 36.7, 36.7, 36.7, 36.7, 129, 0.0
2021-05-25 14:00:00, 36.685, 36.685, 36.685, 36.685, 271, 0.0
2021-05-25 14:01:00, 36.675, 36.675, 36.675, 36.675, 200, 0.0
2021-05-25 14:02:00, 36.675, 36.675, 36.675, 36.675, 359, 0.0
2021-05-25 14:03:00, 36.675, 36.675, 36.675, 36.675, 900, 0.0
2021-05-25 14:04:00, 36.675, 36.675, 36.675, 36.675, 518, 0.0
2021-05-25 14:06:00, 36.685, 36.685, 36.685, 36.685, 200, 0.0
2021-05-25 14:07:00, 36.685, 36.685, 36.685, 36.685, 200, 0.0
2021-05-25 14:08:00, 36.68, 36.68, 36.67, 36.67, 485, 0.0
2021-05-25 14:09:00, 36.665, 36.665, 36.66, 36.66, 205, 0.0
2021-05-25 14:10:00, 36.675, 36.675, 36.675, 36.675, 117, 0.0
2021-05-25 14:12:00, 36.68, 36.685, 36.68, 36.685, 200, 0.0
2021-05-25 14:13:00, 36.685, 36.685, 36.68, 36.68, 406, 0.0
2021-05-25 14:14:00, 36.685, 36.685, 36.685, 36.685, 100, 0.0
2021-05-25 14:15:00, 36.685, 36.685, 36.685, 36.685, 801, 0.0
2021-05-25 14:16:00, 36.685, 36.69, 36.685, 36.685, 1082, 0.0
2021-05-25 14:17:00, 36.685, 36.685, 36.685, 36.685, 2617, 0.0
2021-05-25 14:18:00, 36.685, 36.685, 36.685, 36.685, 674, 0.0
2021-05-25 14:19:00, 36.685, 36.7, 36.68, 36.7, 601, 0.0
2021-05-25 14:20:00, 36.69, 36.695, 36.685, 36.685, 599, 0.0
2021-05-25 14:21:00, 36.685, 36.695, 36.685, 36.695, 1516, 0.0
2021-05-25 14:22:00, 36.695, 36.695, 36.695, 36.695, 200, 0.0
2021-05-25 14:23:00, 36.695, 36.695, 36.685, 36.685, 866, 0.0
2021-05-25 14:24:00, 36.695, 36.695, 36.695, 36.695, 196, 0.0
2021-05-25 14:25:00, 36.69, 36.7, 36.685, 36.7, 526, 0.0
2021-05-25 14:26:00, 36.695, 36.695, 36.695, 36.695, 100, 0.0
2021-05-25 14:27:00, 36.695, 36.695, 36.68, 36.68, 2315, 0.0
2021-05-25 14:28:00, 36.675, 36.675, 36.675, 36.675, 242, 0.0
2021-05-25 14:29:00, 36.68, 36.685, 36.68, 36.685, 1770, 0.0
2021-05-25 14:30:00, 36.675, 36.685, 36.675, 36.685, 915, 0.0
2021-05-25 14:31:00, 36.685, 36.685, 36.685, 36.685, 530, 0.0
2021-05-25 14:32:00, 36.68, 36.68, 36.67, 36.67, 616, 0.0
2021-05-25 14:33:00, 36.635, 36.635, 36.635, 36.635, 301, 0.0
2021-05-25 14:34:00, 36.635, 36.635, 36.635, 36.635, 2813, 0.0
2021-05-25 14:35:00, 36.64, 36.645, 36.64, 36.645, 2104, 0.0
2021-05-25 14:36:00, 36.655, 36.655, 36.655, 36.655, 865, 0.0
2021-05-25 14:37:00, 36.655, 36.66, 36.62, 36.62, 733, 0.0
2021-05-25 14:38:00, 36.625, 36.625, 36.62, 36.62, 493, 0.0
2021-05-25 14:39:00, 36.615, 36.615, 36.6, 36.6, 457, 0.0
2021-05-25 14:40:00, 36.595, 36.595, 36.59, 36.59, 701, 0.0
2021-05-25 14:41:00, 36.59, 36.595, 36.59, 36.59, 2129, 0.0
2021-05-25 14:42:00, 36.6, 36.6, 36.59, 36.59, 1194, 0.0
2021-05-25 14:43:00, 36.595, 36.595, 36.575, 36.58, 1073, 0.0
2021-05-25 14:44:00, 36.57, 36.58, 36.57, 36.58, 1327, 0.0
2021-05-25 14:45:00, 36.58, 36.6, 36.58, 36.595, 1470, 0.0
2021-05-25 14:46:00, 36.595, 36.595, 36.595, 36.595, 400, 0.0
2021-05-25 14:47:00, 36.595, 36.595, 36.59, 36.59, 1326, 0.0
2021-05-25 14:48:00, 36.59, 36.59, 36.57, 36.57, 2743, 0.0
2021-05-25 14:49:00, 36.57, 36.575, 36.57, 36.57, 1133, 0.0
2021-05-25 14:50:00, 36.565, 36.575, 36.555, 36.555, 4419, 0.0
2021-05-25 14:51:00, 36.555, 36.56, 36.55, 36.555, 2303, 0.0
2021-05-25 14:52:00, 36.555, 36.575, 36.555, 36.575, 2330, 0.0
2021-05-25 14:53:00, 36.575, 36.58, 36.57, 36.575, 2605, 0.0
2021-05-25 14:54:00, 36.585, 36.585, 36.515, 36.53, 2476, 0.0
2021-05-25 14:55:00, 36.515, 36.56, 36.51, 36.555, 2241, 0.0
2021-05-25 14:56:00, 36.55, 36.55, 36.52, 36.525, 2023, 0.0
2021-05-25 14:57:00, 36.525, 36.555, 36.52, 36.555, 3044, 0.0
2021-05-25 14:58:00, 36.53, 36.555, 36.525, 36.545, 1832, 0.0
2021-05-25 14:59:00, 36.545, 36.55, 36.515, 36.515, 4436, 0.0
2021-05-26 08:30:00, 36.575, 36.62, 36.56, 36.62, 1202, 0.0
2021-05-26 08:33:00, 36.69, 36.69, 36.69, 36.69, 300, 0.0
2021-05-26 08:34:00, 36.705, 36.705, 36.705, 36.705, 295, 0.0
2021-05-26 08:35:00, 36.67, 36.68, 36.67, 36.68, 565, 0.0
2021-05-26 08:37:00, 36.62, 36.62, 36.615, 36.615, 401, 0.0
2021-05-26 08:38:00, 36.595, 36.61, 36.595, 36.61, 200, 0.0
2021-05-26 08:39:00, 36.56, 36.595, 36.56, 36.595, 700, 0.0
2021-05-26 08:40:00, 36.605, 36.605, 36.595, 36.6, 500, 0.0
2021-05-26 08:41:00, 36.61, 36.63, 36.61, 36.63, 305, 0.0
2021-05-26 08:46:00, 36.585, 36.59, 36.585, 36.59, 201, 0.0
2021-05-26 08:47:00, 36.605, 36.605, 36.605, 36.605, 100, 0.0
2021-05-26 08:49:00, 36.63, 36.63, 36.63, 36.63, 102, 0.0
2021-05-26 08:50:00, 36.64, 36.65, 36.64, 36.65, 402, 0.0
2021-05-26 08:52:00, 36.67, 36.68, 36.67, 36.68, 200, 0.0
2021-05-26 08:53:00, 36.69, 36.69, 36.69, 36.69, 197, 0.0
2021-05-26 08:55:00, 36.71, 36.71, 36.71, 36.71, 100, 0.0
2021-05-26 08:56:00, 36.72, 36.72, 36.72, 36.72, 104, 0.0
2021-05-26 08:57:00, 36.715, 36.715, 36.715, 36.715, 136, 0.0
2021-05-26 08:58:00, 36.715, 36.73, 36.715, 36.73, 200, 0.0
2021-05-26 09:00:00, 36.755, 36.755, 36.755, 36.755, 151, 0.0
2021-05-26 09:01:00, 36.745, 36.745, 36.745, 36.745, 1603, 0.0
2021-05-26 09:03:00, 36.7, 36.7, 36.7, 36.7, 126, 0.0
2021-05-26 09:05:00, 36.64, 36.65, 36.64, 36.65, 720, 0.0
2021-05-26 09:07:00, 36.665, 36.665, 36.66, 36.66, 222, 0.0
2021-05-26 09:08:00, 36.655, 36.655, 36.655, 36.655, 101, 0.0
2021-05-26 09:10:00, 36.63, 36.63, 36.62, 36.62, 201, 0.0
2021-05-26 09:11:00, 36.61, 36.62, 36.61, 36.62, 900, 0.0
2021-05-26 09:12:00, 36.64, 36.64, 36.64, 36.64, 101, 0.0
2021-05-26 09:13:00, 36.66, 36.66, 36.65, 36.65, 200, 0.0
2021-05-26 09:14:00, 36.65, 36.65, 36.65, 36.65, 202, 0.0
2021-05-26 09:15:00, 36.675, 36.675, 36.675, 36.675, 100, 0.0
2021-05-26 09:16:00, 36.67, 36.67, 36.655, 36.655, 310, 0.0
2021-05-26 09:18:00, 36.68, 36.68, 36.68, 36.68, 109, 0.0
2021-05-26 09:21:00, 36.66, 36.66, 36.66, 36.66, 213, 0.0
2021-05-26 09:22:00, 36.665, 36.665, 36.665, 36.665, 110, 0.0
2021-05-26 09:24:00, 36.665, 36.67, 36.665, 36.67, 525, 0.0
2021-05-26 09:25:00, 36.68, 36.68, 36.68, 36.68, 111, 0.0
2021-05-26 09:27:00, 36.67, 36.67, 36.67, 36.67, 200, 0.0
2021-05-26 09:28:00, 36.66, 36.66, 36.66, 36.66, 103, 0.0
2021-05-26 09:29:00, 36.655, 36.655, 36.655, 36.655, 133, 0.0
2021-05-26 09:30:00, 36.65, 36.65, 36.65, 36.65, 100, 0.0
2021-05-26 09:31:00, 36.665, 36.685, 36.665, 36.685, 400, 0.0
2021-05-26 09:32:00, 36.665, 36.665, 36.66, 36.66, 630, 0.0
2021-05-26 09:34:00, 36.655, 36.655, 36.655, 36.655, 100, 0.0
2021-05-26 09:35:00, 36.63, 36.63, 36.63, 36.63, 428, 0.0
2021-05-26 09:36:00, 36.635, 36.635, 36.635, 36.635, 147, 0.0
2021-05-26 09:37:00, 36.615, 36.615, 36.615, 36.615, 285, 0.0
2021-05-26 09:39:00, 36.605, 36.605, 36.605, 36.605, 200, 0.0
2021-05-26 09:41:00, 36.595, 36.595, 36.59, 36.59, 622, 0.0
2021-05-26 09:42:00, 36.575, 36.58, 36.57, 36.58, 400, 0.0
2021-05-26 09:43:00, 36.565, 36.565, 36.565, 36.565, 109, 0.0
2021-05-26 09:44:00, 36.575, 36.595, 36.575, 36.595, 204, 0.0
2021-05-26 09:45:00, 36.585, 36.595, 36.585, 36.59, 314, 0.0
2021-05-26 09:46:00, 36.595, 36.595, 36.595, 36.595, 100, 0.0
2021-05-26 09:47:00, 36.6, 36.605, 36.6, 36.605, 340, 0.0
2021-05-26 09:48:00, 36.595, 36.595, 36.595, 36.595, 100, 0.0
2021-05-26 09:50:00, 36.595, 36.605, 36.595, 36.605, 350, 0.0
2021-05-26 09:53:00, 36.6, 36.6, 36.595, 36.595, 600, 0.0
2021-05-26 09:54:00, 36.615, 36.62, 36.615, 36.615, 718, 0.0
2021-05-26 09:55:00, 36.615, 36.615, 36.615, 36.615, 718, 0.0
2021-05-26 09:56:00, 36.615, 36.615, 36.605, 36.605, 606, 0.0
2021-05-26 09:58:00, 36.605, 36.605, 36.605, 36.605, 200, 0.0
2021-05-26 09:59:00, 36.605, 36.605, 36.605, 36.605, 234, 0.0
2021-05-26 10:00:00, 36.6, 36.61, 36.6, 36.6, 789, 0.0
2021-05-26 10:01:00, 36.61, 36.61, 36.61, 36.61, 343, 0.0
2021-05-26 10:04:00, 36.61, 36.61, 36.605, 36.605, 379, 0.0
2021-05-26 10:05:00, 36.605, 36.61, 36.605, 36.61, 650, 0.0
2021-05-26 10:06:00, 36.61, 36.615, 36.605, 36.605, 910, 0.0
2021-05-26 10:07:00, 36.615, 36.625, 36.615, 36.615, 754, 0.0
2021-05-26 10:09:00, 36.625, 36.635, 36.625, 36.635, 600, 0.0
2021-05-26 10:10:00, 36.63, 36.63, 36.625, 36.625, 300, 0.0
2021-05-26 10:12:00, 36.625, 36.625, 36.625, 36.625, 350, 0.0
2021-05-26 10:13:00, 36.625, 36.625, 36.615, 36.615, 607, 0.0
2021-05-26 10:14:00, 36.605, 36.615, 36.605, 36.615, 520, 0.0
2021-05-26 10:15:00, 36.625, 36.625, 36.615, 36.615, 500, 0.0
2021-05-26 10:17:00, 36.595, 36.595, 36.595, 36.595, 506, 0.0
2021-05-26 10:18:00, 36.595, 36.595, 36.595, 36.595, 100, 0.0
2021-05-26 10:19:00, 36.585, 36.585, 36.585, 36.585, 2300, 0.0
2021-05-26 10:20:00, 36.6, 36.6, 36.6, 36.6, 200, 0.0
2021-05-26 10:21:00, 36.605, 36.605, 36.605, 36.605, 102, 0.0
2021-05-26 10:22:00, 36.625, 36.625, 36.625, 36.625, 355, 0.0
2021-05-26 10:24:00, 36.63, 36.63, 36.615, 36.615, 1525, 0.0
2021-05-26 10:25:00, 36.615, 36.62, 36.615, 36.615, 956, 0.0
2021-05-26 10:26:00, 36.615, 36.615, 36.615, 36.615, 1100, 0.0
2021-05-26 10:29:00, 36.615, 36.615, 36.61, 36.615, 505, 0.0
2021-05-26 10:30:00, 36.61, 36.61, 36.61, 36.61, 302, 0.0
2021-05-26 10:32:00, 36.605, 36.605, 36.605, 36.605, 178, 0.0
2021-05-26 10:33:00, 36.6, 36.6, 36.595, 36.595, 322, 0.0
2021-05-26 10:36:00, 36.565, 36.565, 36.56, 36.56, 200, 0.0
2021-05-26 10:37:00, 36.56, 36.56, 36.56, 36.56, 101, 0.0
2021-05-26 10:38:00, 36.555, 36.555, 36.55, 36.55, 400, 0.0
2021-05-26 10:39:00, 36.545, 36.545, 36.54, 36.54, 501, 0.0
2021-05-26 10:40:00, 36.51, 36.51, 36.51, 36.51, 101, 0.0
2021-05-26 10:42:00, 36.51, 36.51, 36.51, 36.51, 165, 0.0
2021-05-26 10:43:00, 36.51, 36.51, 36.51, 36.51, 218, 0.0
