Date, Open, High, Low, Close, Volume, Open Interest
2021-05-21 12:41:00, 318.55, 318.55, 318.51, 318.51, 357, 0.0
2021-05-21 12:43:00, 318.32, 318.37, 318.3, 318.37, 737, 0.0
2021-05-21 12:44:00, 318.44, 318.44, 318.44, 318.44, 122, 0.0
2021-05-21 12:45:00, 318.46, 318.46, 318.41, 318.41, 514, 0.0
2021-05-21 12:46:00, 318.48, 318.48, 318.48, 318.48, 133, 0.0
2021-05-21 12:47:00, 318.33, 318.33, 318.33, 318.33, 268, 0.0
2021-05-21 12:48:00, 318.36, 318.36, 318.3, 318.3, 819, 0.0
2021-05-21 12:49:00, 318.21, 318.29, 318.21, 318.29, 302, 0.0
2021-05-21 12:50:00, 318.29, 318.39, 318.27, 318.39, 889, 0.0
2021-05-21 12:51:00, 318.41, 318.41, 318.4, 318.4, 632, 0.0
2021-05-21 12:52:00, 318.39, 318.39, 318.29, 318.29, 241, 0.0
2021-05-21 12:53:00, 318.36, 318.36, 318.35, 318.35, 387, 0.0
2021-05-21 12:54:00, 318.38, 318.39, 318.38, 318.39, 425, 0.0
2021-05-21 12:55:00, 318.41, 318.41, 318.34, 318.34, 464, 0.0
2021-05-21 12:56:00, 318.41, 318.41, 318.39, 318.39, 212, 0.0
2021-05-21 12:57:00, 318.4, 318.45, 318.4, 318.44, 497, 0.0
2021-05-21 12:58:00, 318.46, 318.47, 318.4, 318.4, 1447, 0.0
2021-05-21 12:59:00, 318.5, 318.5, 318.49, 318.49, 616, 0.0
2021-05-21 13:00:00, 318.59, 318.59, 318.53, 318.56, 565, 0.0
2021-05-21 13:01:00, 318.67, 318.77, 318.64, 318.77, 1154, 0.0
2021-05-21 13:03:00, 318.7, 318.71, 318.7, 318.71, 876, 0.0
2021-05-21 13:04:00, 318.75, 318.75, 318.56, 318.66, 2776, 0.0
2021-05-21 13:05:00, 318.62, 318.71, 318.62, 318.68, 995, 0.0
2021-05-21 13:06:00, 318.8, 318.87, 318.77, 318.87, 1190, 0.0
2021-05-21 13:07:00, 318.8, 318.89, 318.8, 318.89, 225, 0.0
2021-05-21 13:08:00, 318.94, 318.99, 318.86, 318.86, 1653, 0.0
2021-05-21 13:09:00, 318.92, 318.93, 318.86, 318.87, 1057, 0.0
2021-05-21 13:10:00, 318.86, 318.91, 318.8, 318.8, 865, 0.0
2021-05-21 13:11:00, 318.86, 318.86, 318.84, 318.84, 596, 0.0
2021-05-21 13:12:00, 318.86, 318.955, 318.85, 318.93, 5308, 0.0
2021-05-21 13:13:00, 318.935, 318.935, 318.89, 318.9, 709, 0.0
2021-05-21 13:14:00, 318.925, 318.925, 318.925, 318.925, 215, 0.0
2021-05-21 13:15:00, 318.68, 318.68, 318.68, 318.68, 431, 0.0
2021-05-21 13:16:00, 318.65, 318.65, 318.65, 318.65, 160, 0.0
2021-05-21 13:17:00, 318.57, 318.57, 318.47, 318.47, 633, 0.0
2021-05-21 13:18:00, 318.4, 318.4, 318.39, 318.39, 406, 0.0
2021-05-21 13:19:00, 318.24, 318.24, 318.22, 318.22, 230, 0.0
2021-05-21 13:20:00, 318.14, 318.14, 318.08, 318.08, 322, 0.0
2021-05-21 13:21:00, 318.13, 318.21, 318.13, 318.19, 912, 0.0
2021-05-21 13:22:00, 318.11, 318.22, 318.08, 318.22, 930, 0.0
2021-05-21 13:23:00, 318.22, 318.22, 318.18, 318.18, 227, 0.0
2021-05-21 13:24:00, 318.18, 318.18, 318.06, 318.06, 618, 0.0
2021-05-21 13:25:00, 318.14, 318.17, 318.14, 318.17, 239, 0.0
2021-05-21 13:26:00, 318.32, 318.34, 318.28, 318.33, 692, 0.0
2021-05-21 13:27:00, 318.32, 318.35, 318.14, 318.14, 1539, 0.0
2021-05-21 13:28:00, 318.05, 318.05, 317.99, 318.005, 992, 0.0
2021-05-21 13:30:00, 317.98, 317.98, 317.98, 317.98, 181, 0.0
2021-05-21 13:31:00, 317.95, 318.09, 317.95, 318.09, 379, 0.0
2021-05-21 13:32:00, 318.06, 318.18, 318.06, 318.18, 431, 0.0
2021-05-21 13:35:00, 317.84, 317.84, 317.84, 317.84, 348, 0.0
2021-05-21 13:36:00, 317.965, 317.965, 317.93, 317.93, 502, 0.0
2021-05-21 13:37:00, 317.93, 317.93, 317.93, 317.93, 144, 0.0
2021-05-21 13:38:00, 317.7, 317.7, 317.45, 317.45, 1377, 0.0
2021-05-21 13:39:00, 317.645, 317.645, 317.62, 317.62, 665, 0.0
2021-05-21 13:40:00, 317.69, 317.69, 317.69, 317.69, 275, 0.0
2021-05-21 13:41:00, 317.84, 317.84, 317.84, 317.84, 522, 0.0
2021-05-21 13:42:00, 317.8, 317.805, 317.8, 317.8, 534, 0.0
2021-05-21 13:43:00, 317.71, 317.765, 317.71, 317.75, 516, 0.0
2021-05-21 13:44:00, 317.77, 317.825, 317.77, 317.825, 634, 0.0
2021-05-21 13:45:00, 317.77, 317.91, 317.76, 317.91, 879, 0.0
2021-05-21 13:46:00, 317.92, 318, 317.9, 318, 988, 0.0
2021-05-21 13:47:00, 317.98, 317.98, 317.85, 317.94, 805, 0.0
2021-05-21 13:48:00, 317.84, 317.84, 317.84, 317.84, 239, 0.0
2021-05-21 13:50:00, 317.88, 317.88, 317.88, 317.88, 106, 0.0
2021-05-21 13:51:00, 317.99, 318.015, 317.95, 317.95, 449, 0.0
2021-05-21 13:52:00, 317.94, 318.19, 317.94, 318.19, 921, 0.0
2021-05-21 13:53:00, 318.145, 318.16, 318.145, 318.16, 453, 0.0
2021-05-21 13:54:00, 318.03, 318.03, 318.01, 318.01, 1155, 0.0
2021-05-21 13:55:00, 318.03, 318.03, 317.99, 318, 562, 0.0
2021-05-21 13:56:00, 318.075, 318.075, 318.05, 318.05, 649, 0.0
2021-05-21 13:57:00, 318.03, 318.03, 317.945, 317.945, 483, 0.0
2021-05-21 13:59:00, 317.92, 318, 317.92, 318, 524, 0.0
2021-05-21 14:00:00, 317.85, 317.96, 317.85, 317.94, 904, 0.0
2021-05-21 14:01:00, 317.835, 317.835, 317.78, 317.82, 1005, 0.0
2021-05-21 14:02:00, 317.89, 317.93, 317.89, 317.9, 665, 0.0
2021-05-21 14:03:00, 317.75, 317.75, 317.75, 317.75, 290, 0.0
2021-05-21 14:04:00, 317.71, 317.72, 317.69, 317.72, 636, 0.0
2021-05-21 14:05:00, 317.74, 317.79, 317.74, 317.79, 826, 0.0
2021-05-21 14:06:00, 317.78, 317.78, 317.54, 317.61, 1339, 0.0
2021-05-21 14:07:00, 317.58, 317.58, 317.58, 317.58, 202, 0.0
2021-05-21 14:08:00, 317.53, 317.53, 317.53, 317.53, 148, 0.0
2021-05-21 14:09:00, 317.56, 317.56, 317.56, 317.56, 181, 0.0
2021-05-21 14:10:00, 317.59, 317.59, 317.58, 317.58, 365, 0.0
2021-05-21 14:11:00, 317.48, 317.67, 317.48, 317.67, 685, 0.0
2021-05-21 14:12:00, 317.72, 317.84, 317.72, 317.84, 668, 0.0
2021-05-21 14:13:00, 317.725, 317.725, 317.71, 317.71, 442, 0.0
2021-05-21 14:14:00, 317.71, 317.71, 317.71, 317.71, 501, 0.0
2021-05-21 14:15:00, 317.765, 317.83, 317.765, 317.83, 333, 0.0
2021-05-21 14:16:00, 317.88, 317.9, 317.82, 317.82, 662, 0.0
2021-05-21 14:17:00, 317.76, 317.76, 317.76, 317.76, 697, 0.0
2021-05-21 14:18:00, 317.64, 317.74, 317.64, 317.71, 979, 0.0
2021-05-21 14:20:00, 317.74, 317.925, 317.74, 317.925, 923, 0.0
2021-05-21 14:21:00, 317.91, 317.955, 317.89, 317.9, 987, 0.0
2021-05-21 14:22:00, 317.9, 317.94, 317.9, 317.92, 529, 0.0
2021-05-21 14:24:00, 317.88, 317.98, 317.88, 317.965, 580, 0.0
2021-05-21 14:25:00, 317.92, 317.95, 317.66, 317.86, 1553, 0.0
2021-05-21 14:26:00, 317.81, 317.81, 317.65, 317.65, 1026, 0.0
2021-05-21 14:27:00, 317.685, 317.84, 317.685, 317.84, 1197, 0.0
2021-05-21 14:28:00, 317.86, 318, 317.86, 317.985, 1308, 0.0
2021-05-21 14:29:00, 317.99, 318, 317.99, 318, 735, 0.0
2021-05-21 14:30:00, 318, 318.01, 317.95, 318.01, 1815, 0.0
2021-05-21 14:31:00, 317.87, 317.87, 317.77, 317.81, 1254, 0.0
2021-05-21 14:32:00, 317.77, 317.82, 317.63, 317.63, 1561, 0.0
2021-05-21 14:33:00, 317.61, 317.62, 317.61, 317.62, 515, 0.0
2021-05-21 14:34:00, 317.44, 317.44, 317.26, 317.265, 1283, 0.0
2021-05-21 14:35:00, 317.345, 317.345, 317.345, 317.345, 282, 0.0
2021-05-21 14:36:00, 317.345, 317.35, 317.33, 317.35, 324, 0.0
2021-05-21 14:37:00, 317.35, 317.38, 317.33, 317.35, 1168, 0.0
2021-05-21 14:38:00, 317.31, 317.31, 317.26, 317.26, 275, 0.0
2021-05-21 14:39:00, 317.345, 317.45, 317.345, 317.45, 490, 0.0
2021-05-21 14:40:00, 317.31, 317.45, 317.31, 317.45, 787, 0.0
2021-05-21 14:41:00, 317.34, 317.34, 317.34, 317.34, 825, 0.0
2021-05-21 14:42:00, 317.31, 317.31, 317.21, 317.21, 1045, 0.0
2021-05-21 14:43:00, 317.25, 317.25, 317.14, 317.14, 944, 0.0
2021-05-21 14:44:00, 317.26, 317.29, 317.26, 317.29, 349, 0.0
2021-05-21 14:45:00, 317.2, 317.2, 317.175, 317.18, 483, 0.0
2021-05-21 14:46:00, 317.05, 317.06, 317.05, 317.06, 791, 0.0
2021-05-21 14:47:00, 316.89, 316.91, 316.86, 316.86, 1529, 0.0
2021-05-21 14:48:00, 316.74, 316.74, 316.58, 316.58, 1910, 0.0
2021-05-21 14:49:00, 316.59, 316.7, 316.52, 316.66, 2144, 0.0
2021-05-21 14:50:00, 316.65, 316.65, 316.22, 316.55, 4092, 0.0
2021-05-21 14:51:00, 316.52, 316.56, 316.52, 316.56, 401, 0.0
2021-05-21 14:52:00, 316.62, 316.79, 316.62, 316.7, 749, 0.0
2021-05-21 14:53:00, 316.68, 316.78, 316.67, 316.76, 2564, 0.0
2021-05-21 14:54:00, 316.76, 316.76, 315.9, 316.11, 6301, 0.0
2021-05-21 14:55:00, 316.22, 316.46, 316.17, 316.21, 4672, 0.0
2021-05-21 14:56:00, 316.17, 316.23, 315.94, 315.94, 3854, 0.0
2021-05-21 14:57:00, 316.09, 316.12, 315.87, 316.05, 3520, 0.0
2021-05-21 14:58:00, 316.04, 316.12, 315.98, 316.06, 5388, 0.0
2021-05-21 14:59:00, 316.015, 316.33, 315.98, 316.15, 4981, 0.0
2021-05-24 08:30:00, 318.38, 318.72, 318.2, 318.43, 4104, 0.0
2021-05-24 08:31:00, 318.23, 319.54, 318.22, 319.43, 5174, 0.0
2021-05-24 08:32:00, 320.22, 321.03, 320.22, 321.03, 6722, 0.0
2021-05-24 08:33:00, 320.42, 321, 320.42, 320.77, 1880, 0.0
2021-05-24 08:34:00, 321.1, 321.1, 320.25, 320.34, 2097, 0.0
2021-05-24 08:35:00, 320.29, 320.61, 320.07, 320.34, 1915, 0.0
2021-05-24 08:36:00, 320.83, 320.88, 320.47, 320.87, 2099, 0.0
2021-05-24 08:37:00, 320.99, 321.11, 320.79, 320.88, 1911, 0.0
2021-05-24 08:38:00, 320.85, 320.85, 320.51, 320.62, 1006, 0.0
2021-05-24 08:39:00, 320.5, 320.5, 320.41, 320.41, 518, 0.0
2021-05-24 08:40:00, 320.825, 320.825, 320.46, 320.62, 783, 0.0
2021-05-24 08:41:00, 320.66, 321.19, 320.66, 321.19, 964, 0.0
2021-05-24 08:42:00, 321.31, 321.65, 321.31, 321.5, 966, 0.0
2021-05-24 08:43:00, 321.54, 321.7, 321.435, 321.455, 915, 0.0
2021-05-24 08:44:00, 321.34, 321.35, 321.19, 321.19, 654, 0.0
2021-05-24 08:45:00, 321.74, 321.78, 321.68, 321.7, 929, 0.0
2021-05-24 08:46:00, 321.83, 321.84, 321.49, 321.49, 1754, 0.0
2021-05-24 08:47:00, 321.51, 321.56, 321.39, 321.52, 1360, 0.0
2021-05-24 08:48:00, 321.68, 321.68, 321.4, 321.4, 834, 0.0
2021-05-24 08:49:00, 321.12, 321.5, 321.12, 321.5, 5124, 0.0
2021-05-24 08:50:00, 321.5, 321.86, 321.5, 321.765, 2671, 0.0
2021-05-24 08:51:00, 321.69, 321.69, 321.51, 321.51, 6804, 0.0
2021-05-24 08:52:00, 321.54, 322.15, 321.54, 321.95, 2377, 0.0
2021-05-24 08:53:00, 322.15, 322.25, 322.13, 322.15, 1400, 0.0
2021-05-24 08:54:00, 322.22, 322.26, 321.93, 321.93, 1969, 0.0
2021-05-24 08:55:00, 321.88, 322, 321.81, 321.88, 817, 0.0
2021-05-24 08:56:00, 322.03, 322.03, 321.89, 321.89, 401, 0.0
2021-05-24 08:57:00, 321.95, 321.95, 321.93, 321.93, 453, 0.0
2021-05-24 08:58:00, 322.06, 322.06, 322.06, 322.06, 206, 0.0
2021-05-24 08:59:00, 322.15, 322.15, 322.11, 322.11, 317, 0.0
2021-05-24 09:00:00, 322.13, 322.165, 322.13, 322.165, 967, 0.0
2021-05-24 09:01:00, 322.245, 322.46, 322.22, 322.23, 905, 0.0
2021-05-24 09:02:00, 322.3, 322.3, 322.11, 322.17, 821, 0.0
2021-05-24 09:03:00, 322.42, 322.42, 322.34, 322.34, 714, 0.0
2021-05-24 09:04:00, 322.47, 322.47, 322.39, 322.39, 333, 0.0
2021-05-24 09:05:00, 322.38, 322.42, 322.27, 322.31, 769, 0.0
2021-05-24 09:06:00, 322.35, 322.35, 322.19, 322.26, 2011, 0.0
2021-05-24 09:07:00, 322.15, 322.23, 322.03, 322.05, 1113, 0.0
2021-05-24 09:08:00, 321.91, 321.94, 321.85, 321.94, 1186, 0.0
2021-05-24 09:09:00, 322.055, 322.19, 322.055, 322.09, 731, 0.0
2021-05-24 09:10:00, 322.28, 322.38, 322.27, 322.38, 801, 0.0
2021-05-24 09:11:00, 322.5, 322.5, 322.31, 322.375, 684, 0.0
2021-05-24 09:12:00, 322.46, 322.725, 322.42, 322.725, 1478, 0.0
2021-05-24 09:13:00, 322.785, 322.83, 322.785, 322.81, 487, 0.0
2021-05-24 09:14:00, 322.75, 322.82, 322.75, 322.79, 306, 0.0
2021-05-24 09:15:00, 322.865, 323.255, 322.845, 323.21, 4969, 0.0
2021-05-24 09:16:00, 323.155, 323.29, 323.14, 323.26, 6572, 0.0
2021-05-24 09:17:00, 323.305, 323.38, 323.28, 323.38, 2895, 0.0
2021-05-24 09:18:00, 323.4, 323.4, 323.38, 323.38, 650, 0.0
2021-05-24 09:19:00, 323.42, 323.42, 323.04, 323.04, 1426, 0.0
2021-05-24 09:20:00, 323.175, 323.56, 323.175, 323.22, 3364, 0.0
2021-05-24 09:21:00, 323.32, 323.76, 323.31, 323.76, 2179, 0.0
2021-05-24 09:22:00, 323.785, 324.025, 323.77, 324.025, 22036, 0.0
2021-05-24 09:23:00, 324.085, 324.355, 324.035, 324.295, 16877, 0.0
2021-05-24 09:24:00, 324.295, 324.34, 324.04, 324.04, 7372, 0.0
2021-05-24 09:25:00, 323.89, 323.995, 323.7, 323.77, 9618, 0.0
2021-05-24 09:26:00, 323.71, 323.85, 323.64, 323.85, 4415, 0.0
2021-05-24 09:27:00, 323.83, 324.03, 323.83, 324.03, 778, 0.0
2021-05-24 09:28:00, 324.09, 324.69, 324.06, 324.69, 7973, 0.0
2021-05-24 09:29:00, 324.545, 324.545, 324.31, 324.415, 2555, 0.0
2021-05-24 09:30:00, 324.31, 324.31, 324.045, 324.045, 1605, 0.0
2021-05-24 09:31:00, 324.08, 324.13, 323.98, 324.03, 2250, 0.0
2021-05-24 09:32:00, 324.04, 324.31, 324.04, 324.31, 513, 0.0
2021-05-24 09:33:00, 324.1, 324.14, 324.08, 324.115, 6246, 0.0
2021-05-24 09:34:00, 324.13, 324.53, 324.11, 324.53, 2676, 0.0
2021-05-24 09:35:00, 324.395, 324.51, 324.395, 324.51, 485, 0.0
2021-05-24 09:36:00, 324.69, 324.76, 324.595, 324.75, 5255, 0.0
2021-05-24 09:37:00, 324.735, 324.84, 324.665, 324.84, 6297, 0.0
2021-05-24 09:38:00, 324.865, 324.92, 324.77, 324.78, 2452, 0.0
2021-05-24 09:39:00, 324.81, 324.81, 324.74, 324.745, 1094, 0.0
2021-05-24 09:40:00, 324.81, 324.82, 324.665, 324.73, 1052, 0.0
2021-05-24 09:41:00, 324.73, 324.85, 324.71, 324.82, 1492, 0.0
2021-05-24 09:42:00, 324.72, 324.85, 324.7, 324.76, 1918, 0.0
2021-05-24 09:43:00, 324.53, 324.53, 324.53, 324.53, 483, 0.0
2021-05-24 09:44:00, 324.535, 324.73, 324.49, 324.73, 1482, 0.0
2021-05-24 09:45:00, 324.77, 324.77, 324.61, 324.61, 1104, 0.0
2021-05-24 09:46:00, 324.59, 324.61, 324.44, 324.44, 1294, 0.0
2021-05-24 09:47:00, 324.59, 324.59, 324.42, 324.42, 478, 0.0
2021-05-24 09:48:00, 324.57, 324.57, 324.26, 324.26, 747, 0.0
2021-05-24 09:49:00, 324.45, 324.45, 324.29, 324.29, 548, 0.0
2021-05-24 09:50:00, 324.32, 324.32, 324.23, 324.23, 422, 0.0
2021-05-24 09:51:00, 324.29, 324.31, 324.25, 324.28, 1015, 0.0
2021-05-24 09:52:00, 324.31, 324.31, 324.14, 324.18, 525, 0.0
2021-05-24 09:53:00, 324.105, 324.14, 324.105, 324.14, 547, 0.0
2021-05-24 09:54:00, 324.19, 324.39, 324.19, 324.39, 784, 0.0
2021-05-24 09:55:00, 324.49, 324.55, 324.43, 324.51, 1069, 0.0
2021-05-24 09:56:00, 324.5, 324.6, 324.41, 324.45, 1030, 0.0
2021-05-24 09:57:00, 324.45, 324.625, 324.45, 324.625, 1190, 0.0
2021-05-24 09:58:00, 324.725, 324.86, 324.71, 324.71, 2210, 0.0
2021-05-24 09:59:00, 324.69, 324.74, 324.56, 324.73, 9483, 0.0
2021-05-24 10:00:00, 324.72, 324.82, 324.66, 324.66, 3383, 0.0
2021-05-24 10:01:00, 324.64, 324.795, 324.62, 324.795, 4409, 0.0
2021-05-24 10:02:00, 324.76, 324.93, 324.76, 324.79, 1576, 0.0
2021-05-24 10:03:00, 324.75, 324.91, 324.75, 324.87, 1086, 0.0
2021-05-24 10:04:00, 324.77, 324.77, 324.77, 324.77, 233, 0.0
2021-05-24 10:05:00, 324.73, 324.93, 324.73, 324.93, 6579, 0.0
2021-05-24 10:06:00, 324.815, 325.02, 324.815, 324.88, 2344, 0.0
2021-05-24 10:07:00, 324.98, 325, 324.98, 325, 378, 0.0
2021-05-24 10:08:00, 325.01, 325.06, 325.01, 325.02, 788, 0.0
2021-05-24 10:09:00, 324.89, 324.89, 324.89, 324.89, 203, 0.0
2021-05-24 10:13:00, 325.02, 325.02, 325.02, 325.02, 129, 0.0
2021-05-24 10:16:00, 324.88, 325.01, 324.88, 325.01, 625, 0.0
2021-05-24 10:17:00, 325.06, 325.43, 325.06, 325.4, 1018, 0.0
2021-05-24 10:18:00, 325.38, 325.57, 325.38, 325.505, 6351, 0.0
2021-05-24 10:19:00, 325.37, 325.37, 325.25, 325.25, 352, 0.0
2021-05-24 10:20:00, 325.3, 325.3, 325.16, 325.16, 941, 0.0
2021-05-24 10:21:00, 325.05, 325.05, 324.91, 324.98, 1014, 0.0
2021-05-24 10:22:00, 324.95, 324.95, 324.85, 324.87, 740, 0.0
2021-05-24 10:23:00, 324.86, 324.9, 324.86, 324.9, 238, 0.0
2021-05-24 10:24:00, 324.92, 324.92, 324.78, 324.78, 946, 0.0
2021-05-24 10:25:00, 324.65, 324.65, 324.62, 324.625, 1509, 0.0
2021-05-24 10:26:00, 324.58, 324.61, 324.58, 324.61, 2066, 0.0
2021-05-24 10:27:00, 324.58, 324.69, 324.5, 324.68, 865, 0.0
2021-05-24 10:28:00, 324.68, 324.79, 324.68, 324.74, 1840, 0.0
2021-05-24 10:29:00, 324.73, 324.75, 324.73, 324.75, 551, 0.0
2021-05-24 10:30:00, 324.865, 324.895, 324.84, 324.895, 400, 0.0
2021-05-24 10:31:00, 324.98, 325.04, 324.82, 324.82, 1165, 0.0
2021-05-24 10:32:00, 324.735, 324.75, 324.735, 324.75, 415, 0.0
2021-05-24 10:33:00, 324.795, 324.795, 324.745, 324.745, 218, 0.0
2021-05-24 10:34:00, 324.85, 324.85, 324.85, 324.85, 152, 0.0
2021-05-24 10:35:00, 324.88, 324.88, 324.88, 324.88, 488, 0.0
2021-05-24 10:36:00, 324.88, 324.88, 324.88, 324.88, 352, 0.0
2021-05-24 10:37:00, 324.98, 325, 324.98, 324.99, 553, 0.0
2021-05-24 10:39:00, 324.985, 324.985, 324.985, 324.985, 303, 0.0
2021-05-24 10:40:00, 324.945, 324.945, 324.945, 324.945, 287, 0.0
2021-05-24 10:42:00, 324.94, 325.02, 324.94, 325.02, 453, 0.0
2021-05-24 10:43:00, 325.2, 325.2, 325.2, 325.2, 357, 0.0
2021-05-24 10:44:00, 325.35, 325.37, 325.35, 325.37, 412, 0.0
2021-05-24 10:45:00, 325.36, 325.39, 325.35, 325.39, 466, 0.0
2021-05-24 10:46:00, 325.26, 325.31, 325.21, 325.31, 1365, 0.0
2021-05-24 10:47:00, 325.35, 325.58, 325.35, 325.56, 1821, 0.0
2021-05-24 10:48:00, 325.3, 325.3, 325.3, 325.3, 228, 0.0
2021-05-24 10:49:00, 325.33, 325.36, 325.31, 325.31, 664, 0.0
2021-05-24 10:50:00, 325.21, 325.24, 325.13, 325.13, 760, 0.0
2021-05-24 10:51:00, 325.17, 325.19, 325.15, 325.19, 540, 0.0
2021-05-24 10:52:00, 325.17, 325.17, 325, 325, 532, 0.0
2021-05-24 10:53:00, 325.1, 325.19, 325.1, 325.19, 516, 0.0
2021-05-24 10:54:00, 325.12, 325.18, 325.12, 325.18, 484, 0.0
2021-05-24 10:55:00, 325.21, 325.21, 325.03, 325.18, 1105, 0.0
2021-05-24 10:56:00, 325.065, 325.08, 325.065, 325.08, 301, 0.0
2021-05-24 10:57:00, 325.08, 325.08, 325.08, 325.08, 314, 0.0
2021-05-24 11:00:00, 325.22, 325.45, 325.22, 325.45, 672, 0.0
2021-05-24 11:01:00, 325.68, 325.82, 325.68, 325.82, 461, 0.0
2021-05-24 11:02:00, 325.85, 325.85, 325.79, 325.79, 574, 0.0
2021-05-24 11:03:00, 325.72, 325.72, 325.68, 325.68, 275, 0.0
2021-05-24 11:04:00, 325.73, 325.82, 325.71, 325.71, 1090, 0.0
2021-05-24 11:05:00, 325.765, 325.765, 325.65, 325.68, 544, 0.0
2021-05-24 11:06:00, 325.68, 325.68, 325.65, 325.65, 327, 0.0
2021-05-24 11:08:00, 325.48, 325.48, 325.46, 325.48, 497, 0.0
2021-05-24 11:09:00, 325.4, 325.41, 325.31, 325.31, 599, 0.0
2021-05-24 11:10:00, 325.28, 325.28, 325.11, 325.11, 591, 0.0
2021-05-24 11:11:00, 325.19, 325.19, 325.13, 325.13, 580, 0.0
2021-05-24 11:12:00, 325.07, 325.07, 325.03, 325.03, 517, 0.0
2021-05-24 11:13:00, 324.98, 324.995, 324.95, 324.985, 2191, 0.0
2021-05-24 11:14:00, 325.01, 325.18, 325.01, 325.17, 1795, 0.0
2021-05-24 11:15:00, 325.21, 325.21, 324.97, 324.97, 632, 0.0
2021-05-24 11:16:00, 325.09, 325.115, 325.09, 325.115, 427, 0.0
2021-05-24 11:17:00, 325.19, 325.19, 325.05, 325.08, 682, 0.0
2021-05-24 11:18:00, 325.15, 325.16, 325.15, 325.16, 200, 0.0
2021-05-24 11:19:00, 325.21, 325.21, 325.19, 325.19, 499, 0.0
2021-05-24 11:20:00, 325.06, 325.06, 324.95, 324.95, 291, 0.0
2021-05-24 11:21:00, 325, 325, 325, 325, 327, 0.0
2021-05-24 11:22:00, 324.98, 325.04, 324.9, 324.9, 692, 0.0
2021-05-24 11:23:00, 324.88, 324.88, 324.85, 324.85, 200, 0.0
2021-05-24 11:24:00, 324.79, 324.81, 324.7, 324.71, 907, 0.0
2021-05-24 11:25:00, 324.78, 324.78, 324.78, 324.78, 300, 0.0
2021-05-24 11:26:00, 324.79, 324.79, 324.55, 324.55, 716, 0.0
2021-05-24 11:29:00, 324.74, 324.74, 324.74, 324.74, 101, 0.0
2021-05-24 11:30:00, 324.81, 324.93, 324.81, 324.93, 215, 0.0
2021-05-24 11:32:00, 324.95, 324.95, 324.92, 324.92, 443, 0.0
2021-05-24 11:33:00, 324.71, 324.71, 324.675, 324.675, 362, 0.0
2021-05-24 11:34:00, 324.515, 324.59, 324.515, 324.59, 1417, 0.0
2021-05-24 11:35:00, 324.58, 324.58, 324.58, 324.58, 400, 0.0
2021-05-24 11:36:00, 324.59, 324.59, 324.56, 324.56, 606, 0.0
2021-05-24 11:37:00, 324.51, 324.59, 324.51, 324.59, 421, 0.0
2021-05-24 11:38:00, 324.65, 324.71, 324.65, 324.66, 751, 0.0
2021-05-24 11:39:00, 324.55, 324.55, 324.44, 324.44, 466, 0.0
2021-05-24 11:40:00, 324.23, 324.23, 324.19, 324.19, 291, 0.0
2021-05-24 11:41:00, 324.11, 324.12, 324.07, 324.12, 749, 0.0
2021-05-24 11:42:00, 324.17, 324.43, 324.155, 324.43, 732, 0.0
2021-05-24 11:43:00, 324.28, 324.28, 324.28, 324.28, 312, 0.0
2021-05-24 11:44:00, 324.13, 324.13, 323.955, 324.08, 1111, 0.0
2021-05-24 11:45:00, 323.985, 324.11, 323.985, 324.09, 595, 0.0
2021-05-24 11:46:00, 324, 324.055, 323.99, 324.055, 821, 0.0
2021-05-24 11:47:00, 324.05, 324.135, 324.02, 324.05, 1978, 0.0
2021-05-24 11:48:00, 324.14, 324.16, 324.125, 324.16, 1230, 0.0
2021-05-24 11:49:00, 324.22, 324.3, 324.21, 324.3, 516, 0.0
2021-05-24 11:50:00, 324.16, 324.28, 324.16, 324.28, 424, 0.0
2021-05-24 11:51:00, 324.31, 324.31, 324.25, 324.25, 300, 0.0
2021-05-24 11:53:00, 324.09, 324.09, 324.09, 324.09, 115, 0.0
2021-05-24 11:54:00, 324.12, 324.12, 324.11, 324.11, 201, 0.0
2021-05-24 11:55:00, 324.1, 324.1, 324.07, 324.07, 200, 0.0
2021-05-24 11:56:00, 324.23, 324.35, 324.23, 324.35, 368, 0.0
2021-05-24 11:58:00, 324.45, 324.45, 324.45, 324.45, 200, 0.0
2021-05-24 12:03:00, 324.61, 324.61, 324.52, 324.52, 416, 0.0
2021-05-24 12:04:00, 324.52, 324.55, 324.52, 324.55, 301, 0.0
2021-05-24 12:05:00, 324.48, 324.48, 324.48, 324.48, 113, 0.0
2021-05-24 12:06:00, 324.44, 324.61, 324.44, 324.61, 512, 0.0
2021-05-24 12:07:00, 324.55, 324.56, 324.55, 324.56, 268, 0.0
2021-05-24 12:08:00, 324.52, 324.52, 324.45, 324.45, 375, 0.0
2021-05-24 12:09:00, 324.385, 324.385, 324.34, 324.38, 602, 0.0
2021-05-24 12:10:00, 324.44, 324.5, 324.44, 324.5, 502, 0.0
2021-05-24 12:11:00, 324.57, 324.59, 324.57, 324.59, 301, 0.0
2021-05-24 12:12:00, 324.64, 324.64, 324.64, 324.64, 301, 0.0
2021-05-24 12:13:00, 324.58, 324.58, 324.58, 324.58, 313, 0.0
2021-05-24 12:14:00, 324.57, 324.62, 324.57, 324.59, 600, 0.0
2021-05-24 12:15:00, 324.63, 324.63, 324.63, 324.63, 207, 0.0
2021-05-24 12:16:00, 324.62, 324.62, 324.62, 324.62, 200, 0.0
2021-05-24 12:17:00, 324.66, 324.66, 324.65, 324.65, 362, 0.0
2021-05-24 12:18:00, 324.65, 324.65, 324.63, 324.63, 435, 0.0
2021-05-24 12:20:00, 324.71, 324.73, 324.7, 324.73, 682, 0.0
2021-05-24 12:21:00, 324.72, 324.72, 324.72, 324.72, 312, 0.0
2021-05-24 12:22:00, 324.75, 324.8, 324.75, 324.8, 470, 0.0
2021-05-24 12:23:00, 324.8, 324.8, 324.8, 324.8, 102, 0.0
2021-05-24 12:24:00, 324.88, 324.88, 324.79, 324.79, 290, 0.0
2021-05-24 12:25:00, 324.72, 324.72, 324.7, 324.7, 301, 0.0
2021-05-24 12:26:00, 324.61, 324.61, 324.61, 324.61, 341, 0.0
2021-05-24 12:27:00, 324.64, 324.65, 324.64, 324.65, 735, 0.0
2021-05-24 12:28:00, 324.805, 324.805, 324.76, 324.76, 419, 0.0
2021-05-24 12:29:00, 324.76, 324.76, 324.65, 324.66, 471, 0.0
2021-05-24 12:30:00, 324.71, 324.75, 324.71, 324.75, 428, 0.0
2021-05-24 12:31:00, 324.69, 324.69, 324.62, 324.62, 564, 0.0
2021-05-24 12:32:00, 324.68, 324.68, 324.55, 324.55, 479, 0.0
2021-05-24 12:33:00, 324.63, 324.63, 324.63, 324.63, 259, 0.0
2021-05-24 12:35:00, 324.74, 324.74, 324.74, 324.74, 802, 0.0
2021-05-24 12:36:00, 324.76, 324.83, 324.76, 324.83, 332, 0.0
2021-05-24 12:37:00, 324.83, 324.83, 324.71, 324.71, 606, 0.0
2021-05-24 12:39:00, 324.89, 324.89, 324.89, 324.89, 419, 0.0
2021-05-24 12:40:00, 324.93, 324.93, 324.93, 324.93, 116, 0.0
2021-05-24 12:41:00, 324.83, 324.83, 324.74, 324.74, 429, 0.0
2021-05-24 12:42:00, 324.74, 324.76, 324.74, 324.755, 362, 0.0
2021-05-24 12:44:00, 324.82, 324.82, 324.81, 324.82, 903, 0.0
2021-05-24 12:45:00, 324.79, 324.79, 324.72, 324.72, 542, 0.0
2021-05-24 12:46:00, 324.775, 324.775, 324.74, 324.74, 219, 0.0
2021-05-24 12:47:00, 324.72, 324.72, 324.66, 324.66, 806, 0.0
2021-05-24 12:48:00, 324.68, 324.68, 324.66, 324.665, 700, 0.0
2021-05-24 12:49:00, 324.78, 324.78, 324.78, 324.78, 100, 0.0
2021-05-24 12:51:00, 324.9, 324.92, 324.89, 324.9, 416, 0.0
2021-05-24 12:52:00, 324.89, 325.03, 324.89, 325.03, 1195, 0.0
2021-05-24 12:53:00, 324.99, 324.99, 324.99, 324.99, 172, 0.0
2021-05-24 12:56:00, 324.92, 324.92, 324.9, 324.9, 401, 0.0
2021-05-24 12:58:00, 324.85, 324.85, 324.74, 324.77, 453, 0.0
2021-05-24 12:59:00, 324.74, 324.77, 324.74, 324.77, 745, 0.0
2021-05-24 13:00:00, 324.77, 324.77, 324.72, 324.72, 1473, 0.0
2021-05-24 13:01:00, 324.75, 324.75, 324.72, 324.74, 755, 0.0
2021-05-24 13:02:00, 324.76, 324.76, 324.665, 324.67, 593, 0.0
2021-05-24 13:03:00, 324.69, 324.8, 324.69, 324.77, 618, 0.0
2021-05-24 13:04:00, 324.71, 324.735, 324.68, 324.71, 1139, 0.0
2021-05-24 13:05:00, 324.79, 324.975, 324.775, 324.975, 1547, 0.0
2021-05-24 13:06:00, 324.98, 325.025, 324.98, 325.02, 1766, 0.0
2021-05-24 13:07:00, 325.1, 325.27, 325.1, 325.27, 880, 0.0
2021-05-24 13:08:00, 325.22, 325.34, 325.22, 325.34, 1077, 0.0
2021-05-24 13:09:00, 325.39, 325.4, 325.39, 325.4, 734, 0.0
2021-05-24 13:10:00, 325.39, 325.455, 325.39, 325.455, 440, 0.0
2021-05-24 13:11:00, 325.4, 325.4, 325.31, 325.31, 415, 0.0
2021-05-24 13:12:00, 325.34, 325.4, 325.34, 325.4, 509, 0.0
2021-05-24 13:13:00, 325.42, 325.42, 325.41, 325.41, 345, 0.0
2021-05-24 13:14:00, 325.4, 325.41, 325.23, 325.24, 826, 0.0
2021-05-24 13:15:00, 325.15, 325.17, 325.14, 325.14, 887, 0.0
2021-05-24 13:16:00, 325.15, 325.15, 325.09, 325.09, 699, 0.0
2021-05-24 13:17:00, 325.07, 325.07, 325.07, 325.07, 295, 0.0
2021-05-24 13:19:00, 325.15, 325.15, 325.11, 325.11, 256, 0.0
2021-05-24 13:20:00, 325.22, 325.26, 325.21, 325.23, 1507, 0.0
2021-05-24 13:21:00, 325.23, 325.5, 325.23, 325.47, 1257, 0.0
2021-05-24 13:22:00, 325.51, 325.55, 325.5, 325.55, 949, 0.0
2021-05-24 13:23:00, 325.5, 325.56, 325.5, 325.56, 1487, 0.0
2021-05-24 13:24:00, 325.57, 325.69, 325.515, 325.69, 1363, 0.0
2021-05-24 13:25:00, 325.675, 325.685, 325.61, 325.61, 1386, 0.0
2021-05-24 13:27:00, 325.685, 325.73, 325.63, 325.67, 1505, 0.0
2021-05-24 13:28:00, 325.7, 325.7, 325.7, 325.7, 335, 0.0
2021-05-24 13:29:00, 325.63, 325.63, 325.56, 325.56, 444, 0.0
2021-05-24 13:30:00, 325.47, 325.5, 325.455, 325.49, 4564, 0.0
2021-05-24 13:31:00, 325.48, 325.48, 325.48, 325.48, 493, 0.0
2021-05-24 13:33:00, 325.68, 325.68, 325.68, 325.68, 163, 0.0
2021-05-24 13:34:00, 325.75, 325.75, 325.75, 325.75, 488, 0.0
2021-05-24 13:35:00, 325.715, 325.715, 325.675, 325.675, 602, 0.0
2021-05-24 13:36:00, 325.88, 325.91, 325.88, 325.91, 862, 0.0
2021-05-24 13:37:00, 325.86, 325.86, 325.785, 325.785, 316, 0.0
2021-05-24 13:38:00, 325.92, 325.92, 325.92, 325.92, 200, 0.0
2021-05-24 13:39:00, 325.89, 325.89, 325.89, 325.89, 321, 0.0
2021-05-24 13:40:00, 325.8, 325.9, 325.795, 325.9, 831, 0.0
2021-05-24 13:41:00, 325.89, 325.89, 325.84, 325.87, 871, 0.0
2021-05-24 13:42:00, 325.84, 325.87, 325.82, 325.82, 1027, 0.0
2021-05-24 13:43:00, 325.7, 325.7, 325.645, 325.645, 1063, 0.0
2021-05-24 13:44:00, 325.655, 325.81, 325.595, 325.81, 3638, 0.0
2021-05-24 13:45:00, 325.78, 325.81, 325.78, 325.8, 641, 0.0
2021-05-24 13:46:00, 325.8, 325.8, 325.8, 325.8, 141, 0.0
2021-05-24 13:47:00, 325.76, 325.76, 325.66, 325.66, 1234, 0.0
2021-05-24 13:48:00, 325.71, 325.71, 325.64, 325.66, 1637, 0.0
2021-05-24 13:49:00, 325.71, 325.72, 325.69, 325.69, 1031, 0.0
2021-05-24 13:50:00, 325.64, 325.65, 325.61, 325.65, 549, 0.0
2021-05-24 13:51:00, 325.71, 325.71, 325.7, 325.7, 829, 0.0
2021-05-24 13:52:00, 325.69, 325.695, 325.64, 325.64, 909, 0.0
2021-05-24 13:53:00, 325.61, 325.61, 325.52, 325.54, 875, 0.0
2021-05-24 13:54:00, 325.6, 325.7, 325.59, 325.68, 415, 0.0
2021-05-24 13:55:00, 325.79, 325.79, 325.73, 325.76, 374, 0.0
2021-05-24 13:56:00, 325.73, 325.77, 325.73, 325.75, 934, 0.0
2021-05-24 13:58:00, 325.73, 325.73, 325.73, 325.73, 103, 0.0
2021-05-24 14:00:00, 325.51, 325.51, 325.51, 325.51, 286, 0.0
2021-05-24 14:01:00, 325.59, 325.64, 325.59, 325.64, 546, 0.0
2021-05-24 14:02:00, 325.625, 325.625, 325.545, 325.545, 903, 0.0
2021-05-24 14:03:00, 325.52, 325.52, 325.45, 325.47, 1341, 0.0
2021-05-24 14:04:00, 325.45, 325.45, 325.27, 325.27, 517, 0.0
2021-05-24 14:05:00, 325.25, 325.25, 325.135, 325.135, 2974, 0.0
2021-05-24 14:06:00, 325.16, 325.23, 325.16, 325.2, 1736, 0.0
2021-05-24 14:07:00, 325.19, 325.27, 325.19, 325.27, 1634, 0.0
2021-05-24 14:08:00, 325.11, 325.195, 325.105, 325.19, 873, 0.0
2021-05-24 14:09:00, 325.23, 325.23, 325.185, 325.185, 856, 0.0
2021-05-24 14:10:00, 325.22, 325.22, 325.22, 325.22, 410, 0.0
2021-05-24 14:11:00, 325.31, 325.31, 325.31, 325.31, 301, 0.0
2021-05-24 14:12:00, 325.285, 325.3, 325.245, 325.3, 547, 0.0
2021-05-24 14:13:00, 325.09, 325.11, 325.09, 325.11, 546, 0.0
2021-05-24 14:14:00, 325.01, 325.02, 325, 325, 879, 0.0
2021-05-24 14:15:00, 324.88, 324.88, 324.7, 324.71, 1544, 0.0
2021-05-24 14:16:00, 324.63, 324.68, 324.57, 324.585, 2106, 0.0
2021-05-24 14:17:00, 324.59, 324.775, 324.59, 324.755, 1990, 0.0
2021-05-24 14:18:00, 324.765, 324.8, 324.705, 324.705, 7513, 0.0
2021-05-24 14:19:00, 324.71, 324.72, 324.67, 324.695, 2183, 0.0
2021-05-24 14:20:00, 324.72, 324.86, 324.72, 324.855, 1203, 0.0
2021-05-24 14:21:00, 324.9, 324.965, 324.9, 324.94, 2576, 0.0
2021-05-24 14:22:00, 324.945, 324.945, 324.82, 324.85, 1057, 0.0
2021-05-24 14:23:00, 324.8, 324.8, 324.69, 324.69, 865, 0.0
2021-05-24 14:24:00, 324.68, 324.78, 324.68, 324.75, 1160, 0.0
2021-05-24 14:25:00, 324.68, 324.75, 324.68, 324.745, 754, 0.0
2021-05-24 14:26:00, 324.66, 324.69, 324.66, 324.68, 678, 0.0
2021-05-24 14:27:00, 324.525, 324.525, 324.525, 324.525, 335, 0.0
2021-05-24 14:28:00, 324.475, 324.56, 324.475, 324.56, 1114, 0.0
2021-05-24 14:29:00, 324.52, 324.69, 324.51, 324.665, 1970, 0.0
2021-05-24 14:30:00, 324.63, 324.645, 324.56, 324.645, 1271, 0.0
2021-05-24 14:31:00, 324.64, 324.64, 324.43, 324.43, 1397, 0.0
2021-05-24 14:32:00, 324.41, 324.41, 324.3, 324.3, 1415, 0.0
2021-05-24 14:33:00, 324.31, 324.35, 324.27, 324.28, 1197, 0.0
2021-05-24 14:34:00, 324.3, 324.44, 324.3, 324.44, 644, 0.0
2021-05-24 14:35:00, 324.48, 324.52, 324.43, 324.47, 1319, 0.0
2021-05-24 14:36:00, 324.4, 324.51, 324.4, 324.49, 619, 0.0
2021-05-24 14:37:00, 324.59, 324.62, 324.58, 324.58, 449, 0.0
2021-05-24 14:38:00, 324.61, 324.91, 324.61, 324.88, 1966, 0.0
2021-05-24 14:39:00, 324.93, 325.03, 324.93, 325.03, 1287, 0.0
2021-05-24 14:40:00, 324.91, 324.99, 324.85, 324.9, 2128, 0.0
2021-05-24 14:41:00, 324.79, 324.79, 324.69, 324.77, 1562, 0.0
2021-05-24 14:42:00, 324.79, 324.79, 324.7, 324.775, 4687, 0.0
2021-05-24 14:43:00, 324.825, 324.825, 324.73, 324.77, 1118, 0.0
2021-05-24 14:44:00, 324.7, 324.7, 324.59, 324.61, 1321, 0.0
2021-05-24 14:45:00, 324.57, 324.65, 324.5, 324.5, 1071, 0.0
2021-05-24 14:46:00, 324.63, 324.64, 324.58, 324.58, 1024, 0.0
2021-05-24 14:47:00, 324.62, 324.64, 324.59, 324.64, 1453, 0.0
2021-05-24 14:48:00, 324.53, 324.66, 324.53, 324.65, 1116, 0.0
2021-05-24 14:49:00, 324.65, 324.65, 324.56, 324.59, 2286, 0.0
2021-05-24 14:50:00, 324.64, 324.89, 324.545, 324.85, 3929, 0.0
2021-05-24 14:51:00, 324.85, 324.97, 324.81, 324.91, 1962, 0.0
2021-05-24 14:52:00, 324.89, 324.96, 324.83, 324.96, 3736, 0.0
2021-05-24 14:53:00, 324.94, 325.02, 324.86, 324.92, 3419, 0.0
2021-05-24 14:54:00, 324.88, 325.17, 324.88, 325.17, 3545, 0.0
2021-05-24 14:55:00, 325.08, 325.14, 324.84, 324.89, 3565, 0.0
2021-05-24 14:56:00, 324.92, 324.97, 324.75, 324.96, 4222, 0.0
2021-05-24 14:57:00, 324.93, 324.93, 324.73, 324.76, 4599, 0.0
2021-05-24 14:58:00, 324.77, 324.88, 324.68, 324.69, 5679, 0.0
2021-05-24 14:59:00, 324.6, 324.755, 324.37, 324.68, 5996, 0.0
2021-05-25 08:30:00, 326.845, 326.86, 324.89, 326.77, 17745, 0.0
2021-05-25 08:31:00, 326.84, 327.635, 326.84, 327.36, 10360, 0.0
2021-05-25 08:32:00, 327.43, 328.05, 327.22, 328.02, 11928, 0.0
2021-05-25 08:33:00, 328.07, 328.14, 326.78, 326.78, 4166, 0.0
2021-05-25 08:34:00, 326.81, 326.865, 326.01, 326.17, 4356, 0.0
2021-05-25 08:35:00, 325.59, 325.915, 325.37, 325.91, 7107, 0.0
2021-05-25 08:36:00, 326.17, 326.17, 325.655, 325.995, 4245, 0.0
2021-05-25 08:37:00, 325.87, 325.93, 325.695, 325.825, 4940, 0.0
2021-05-25 08:38:00, 325.79, 326.11, 325.605, 325.935, 7013, 0.0
2021-05-25 08:39:00, 325.89, 326.105, 325.81, 326.07, 9521, 0.0
2021-05-25 08:40:00, 326.14, 326.545, 325.995, 326.47, 3595, 0.0
2021-05-25 08:41:00, 326.6, 326.89, 326.455, 326.78, 4531, 0.0
2021-05-25 08:42:00, 327.06, 327.23, 326.96, 327.22, 3526, 0.0
2021-05-25 08:43:00, 327.17, 327.27, 326.96, 326.96, 4669, 0.0
2021-05-25 08:44:00, 327.06, 327.33, 327.01, 327.32, 2166, 0.0
2021-05-25 08:45:00, 327.15, 327.15, 326.15, 326.15, 2120, 0.0
2021-05-25 08:46:00, 326.01, 326.575, 326.01, 326.55, 2445, 0.0
2021-05-25 08:47:00, 326.735, 326.755, 326.59, 326.64, 2404, 0.0
2021-05-25 08:48:00, 326.66, 326.84, 326.66, 326.84, 1903, 0.0
2021-05-25 08:49:00, 326.64, 327.09, 326.64, 326.825, 4560, 0.0
2021-05-25 08:50:00, 326.74, 327.25, 326.74, 327.19, 9416, 0.0
2021-05-25 08:51:00, 327.2, 327.2, 326.505, 326.505, 6583, 0.0
2021-05-25 08:52:00, 326.52, 326.875, 326.52, 326.735, 7665, 0.0
2021-05-25 08:53:00, 326.715, 326.82, 326.62, 326.79, 10990, 0.0
2021-05-25 08:54:00, 326.83, 326.97, 326.59, 326.69, 3508, 0.0
2021-05-25 08:55:00, 326.71, 327.13, 326.71, 327.1, 3601, 0.0
2021-05-25 08:56:00, 327.15, 327.29, 327.15, 327.22, 1821, 0.0
2021-05-25 08:57:00, 327.215, 327.33, 326.79, 326.82, 9218, 0.0
2021-05-25 08:58:00, 326.895, 326.925, 326.775, 326.81, 3223, 0.0
2021-05-25 08:59:00, 327.015, 327.04, 326.735, 326.78, 7652, 0.0
2021-05-25 09:00:00, 326.84, 327, 326.77, 326.98, 5689, 0.0
2021-05-25 09:01:00, 326.955, 327.65, 326.955, 327.07, 7334, 0.0
2021-05-25 09:02:00, 327.07, 327.46, 326.99, 327.4, 2783, 0.0
2021-05-25 09:03:00, 327.75, 328.44, 327.75, 328.17, 4832, 0.0
2021-05-25 09:04:00, 328.06, 328.06, 327.48, 327.58, 4534, 0.0
2021-05-25 09:05:00, 327.53, 328.06, 327.53, 327.78, 2664, 0.0
2021-05-25 09:06:00, 327.78, 328.435, 327.78, 328.435, 2669, 0.0
2021-05-25 09:07:00, 328.425, 328.49, 328.11, 328.2, 2619, 0.0
2021-05-25 09:08:00, 328.18, 328.555, 328.14, 328.45, 7136, 0.0
2021-05-25 09:09:00, 328.48, 328.53, 328.35, 328.49, 2330, 0.0
2021-05-25 09:10:00, 328.58, 328.91, 328.57, 328.65, 6645, 0.0
2021-05-25 09:11:00, 328.63, 328.75, 328.41, 328.51, 6966, 0.0
2021-05-25 09:12:00, 328.545, 329, 328.545, 328.875, 3384, 0.0
2021-05-25 09:13:00, 328.865, 328.97, 328.79, 328.79, 4242, 0.0
2021-05-25 09:14:00, 328.77, 328.78, 328.54, 328.54, 2299, 0.0
2021-05-25 09:15:00, 328.51, 328.835, 328.35, 328.835, 2404, 0.0
2021-05-25 09:16:00, 328.78, 328.78, 328.57, 328.73, 4992, 0.0
2021-05-25 09:17:00, 328.71, 328.75, 328.58, 328.71, 5005, 0.0
2021-05-25 09:18:00, 328.34, 328.38, 328.17, 328.29, 938, 0.0
2021-05-25 09:19:00, 328.54, 328.54, 328.18, 328.18, 2387, 0.0
2021-05-25 09:20:00, 328.15, 328.48, 328.15, 328.315, 3172, 0.0
2021-05-25 09:21:00, 328.305, 328.585, 328.305, 328.555, 2185, 0.0
2021-05-25 09:22:00, 328.5, 328.555, 328.24, 328.255, 1661, 0.0
2021-05-25 09:23:00, 328.34, 328.39, 328.26, 328.3, 1611, 0.0
2021-05-25 09:24:00, 328.34, 328.43, 328.34, 328.43, 1328, 0.0
2021-05-25 09:25:00, 328.39, 328.475, 328.35, 328.475, 981, 0.0
2021-05-25 09:26:00, 328.415, 328.44, 328.21, 328.21, 1145, 0.0
2021-05-25 09:27:00, 328.165, 328.505, 328.165, 328.505, 560, 0.0
2021-05-25 09:28:00, 328.48, 328.68, 328.47, 328.68, 1055, 0.0
2021-05-25 09:29:00, 328.755, 329.015, 328.755, 328.995, 3179, 0.0
2021-05-25 09:30:00, 329.1, 329.1, 328.72, 328.75, 907, 0.0
2021-05-25 09:31:00, 328.745, 328.85, 328.57, 328.66, 831, 0.0
2021-05-25 09:32:00, 328.16, 328.2, 327.79, 327.81, 2694, 0.0
2021-05-25 09:33:00, 327.72, 327.72, 327.655, 327.7, 1448, 0.0
2021-05-25 09:34:00, 327.6, 327.6, 327.26, 327.29, 2230, 0.0
2021-05-25 09:35:00, 327.59, 327.62, 327.55, 327.55, 1285, 0.0
2021-05-25 09:36:00, 327.6, 327.64, 327.6, 327.64, 500, 0.0
2021-05-25 09:37:00, 327.42, 327.42, 327.28, 327.28, 477, 0.0
2021-05-25 09:38:00, 327.38, 327.38, 327.335, 327.335, 434, 0.0
2021-05-25 09:39:00, 327.43, 327.535, 327.43, 327.5, 502, 0.0
2021-05-25 09:40:00, 327.47, 327.54, 327.32, 327.32, 793, 0.0
2021-05-25 09:41:00, 327.14, 327.26, 327.14, 327.195, 1506, 0.0
2021-05-25 09:42:00, 327.25, 327.42, 327.245, 327.42, 1922, 0.0
2021-05-25 09:43:00, 327.46, 327.46, 327.46, 327.46, 206, 0.0
2021-05-25 09:44:00, 327.525, 327.995, 327.51, 327.9, 1860, 0.0
2021-05-25 09:45:00, 328.02, 328.28, 328.02, 328.15, 1000, 0.0
2021-05-25 09:46:00, 328.17, 328.17, 327.98, 327.98, 1070, 0.0
2021-05-25 09:47:00, 327.94, 328.04, 327.91, 328.02, 2588, 0.0
2021-05-25 09:48:00, 327.89, 328.265, 327.89, 328.265, 1264, 0.0
2021-05-25 09:49:00, 328.36, 328.38, 328.12, 328.12, 1370, 0.0
2021-05-25 09:50:00, 328.16, 328.16, 327.9, 327.98, 1203, 0.0
2021-05-25 09:51:00, 327.99, 328.145, 327.96, 328.11, 3067, 0.0
2021-05-25 09:52:00, 328.02, 328.05, 328, 328.05, 988, 0.0
2021-05-25 09:53:00, 328.065, 328.355, 328.065, 328.315, 1421, 0.0
2021-05-25 09:54:00, 328.29, 328.455, 328.29, 328.42, 915, 0.0
2021-05-25 09:55:00, 328.54, 328.62, 328.45, 328.48, 1791, 0.0
2021-05-25 09:56:00, 328.36, 328.65, 328.34, 328.65, 587, 0.0
2021-05-25 09:57:00, 328.63, 328.79, 328.63, 328.79, 1832, 0.0
2021-05-25 09:58:00, 328.85, 328.89, 328.76, 328.86, 1591, 0.0
2021-05-25 09:59:00, 328.825, 328.84, 328.73, 328.75, 1415, 0.0
2021-05-25 10:00:00, 328.74, 328.8, 328.56, 328.56, 2039, 0.0
2021-05-25 10:01:00, 328.57, 328.77, 328.57, 328.69, 862, 0.0
2021-05-25 10:02:00, 328.845, 328.845, 328.74, 328.76, 1438, 0.0
2021-05-25 10:03:00, 328.83, 328.83, 328.23, 328.24, 2195, 0.0
2021-05-25 10:04:00, 328.34, 328.34, 328.02, 328.03, 1014, 0.0
2021-05-25 10:05:00, 327.97, 327.97, 327.71, 327.97, 1943, 0.0
2021-05-25 10:06:00, 328.05, 328.17, 328.045, 328.13, 1205, 0.0
2021-05-25 10:07:00, 328.12, 328.12, 327.83, 327.94, 1345, 0.0
2021-05-25 10:08:00, 328.025, 328.1, 328.025, 328.08, 1374, 0.0
2021-05-25 10:09:00, 328.115, 328.115, 328.05, 328.05, 1256, 0.0
2021-05-25 10:10:00, 328.04, 328.11, 327.99, 328.11, 1022, 0.0
2021-05-25 10:11:00, 328.24, 328.62, 328.235, 328.53, 1933, 0.0
2021-05-25 10:12:00, 328.58, 328.58, 328.31, 328.31, 901, 0.0
2021-05-25 10:13:00, 328.38, 328.495, 328.38, 328.475, 1083, 0.0
2021-05-25 10:14:00, 328.38, 328.53, 328.38, 328.52, 725, 0.0
2021-05-25 10:15:00, 328.6, 328.6, 327.93, 328.01, 632, 0.0
2021-05-25 10:16:00, 328, 328, 327.56, 327.56, 1718, 0.0
2021-05-25 10:17:00, 327.57, 327.57, 327.55, 327.55, 495, 0.0
2021-05-25 10:18:00, 327.61, 327.69, 327.52, 327.52, 746, 0.0
2021-05-25 10:19:00, 327.41, 327.55, 327.38, 327.5, 1411, 0.0
2021-05-25 10:20:00, 327.49, 327.69, 327.49, 327.6, 1625, 0.0
2021-05-25 10:21:00, 327.725, 327.88, 327.725, 327.74, 1382, 0.0
2021-05-25 10:22:00, 327.79, 327.86, 327.66, 327.66, 5859, 0.0
2021-05-25 10:23:00, 327.54, 327.54, 327.425, 327.425, 2229, 0.0
2021-05-25 10:24:00, 327.73, 327.74, 327.73, 327.74, 898, 0.0
2021-05-25 10:25:00, 327.84, 327.9, 327.83, 327.83, 1349, 0.0
2021-05-25 10:26:00, 327.81, 327.81, 327.53, 327.53, 1474, 0.0
2021-05-25 10:28:00, 327.05, 327.05, 327.05, 327.05, 443, 0.0
2021-05-25 10:29:00, 327.31, 327.31, 327.2, 327.2, 1540, 0.0
2021-05-25 10:30:00, 327.23, 327.32, 327.23, 327.32, 363, 0.0
2021-05-25 10:31:00, 327.14, 327.14, 326.99, 327.02, 1658, 0.0
2021-05-25 10:32:00, 327.12, 327.13, 327.1, 327.1, 734, 0.0
2021-05-25 10:33:00, 327.11, 327.11, 326.81, 326.81, 1729, 0.0
2021-05-25 10:34:00, 326.9, 327.01, 326.9, 326.97, 7447, 0.0
2021-05-25 10:35:00, 326.94, 327.21, 326.94, 327.11, 1388, 0.0
2021-05-25 10:36:00, 327.27, 327.27, 326.73, 326.73, 899, 0.0
2021-05-25 10:37:00, 326.81, 326.91, 326.72, 326.72, 854, 0.0
2021-05-25 10:38:00, 326.74, 326.74, 326.62, 326.62, 522, 0.0
2021-05-25 10:39:00, 326.62, 326.62, 326.555, 326.62, 955, 0.0
2021-05-25 10:40:00, 326.7, 326.75, 326.68, 326.68, 411, 0.0
2021-05-25 10:41:00, 326.69, 326.69, 326.34, 326.34, 848, 0.0
2021-05-25 10:42:00, 326.36, 326.36, 326.19, 326.19, 2426, 0.0
2021-05-25 10:43:00, 326.12, 326.12, 326.06, 326.06, 1181, 0.0
2021-05-25 10:44:00, 326.39, 326.53, 326.39, 326.53, 723, 0.0
2021-05-25 10:46:00, 326.44, 326.62, 326.44, 326.62, 1184, 0.0
2021-05-25 10:47:00, 326.675, 326.68, 326.53, 326.68, 833, 0.0
2021-05-25 10:48:00, 326.725, 326.91, 326.725, 326.87, 947, 0.0
2021-05-25 10:49:00, 326.85, 326.95, 326.85, 326.95, 549, 0.0
2021-05-25 10:50:00, 327.06, 327.06, 326.85, 326.85, 434, 0.0
2021-05-25 10:51:00, 326.81, 326.81, 326.5, 326.5, 2019, 0.0
2021-05-25 10:52:00, 326.215, 326.5, 326.21, 326.5, 1545, 0.0
2021-05-25 10:53:00, 326.59, 326.63, 326.55, 326.59, 920, 0.0
2021-05-25 10:54:00, 326.63, 326.76, 326.62, 326.75, 731, 0.0
2021-05-25 10:55:00, 326.92, 326.92, 326.73, 326.78, 580, 0.0
2021-05-25 10:56:00, 326.77, 326.77, 326.65, 326.66, 1985, 0.0
2021-05-25 10:57:00, 326.73, 327.005, 326.73, 326.95, 1389, 0.0
2021-05-25 10:58:00, 326.99, 327.05, 326.98, 327.05, 459, 0.0
2021-05-25 10:59:00, 327.09, 327.19, 327.04, 327.15, 1915, 0.0
2021-05-25 11:00:00, 327.13, 327.13, 327.12, 327.12, 201, 0.0
2021-05-25 11:01:00, 326.77, 326.77, 326.77, 326.77, 216, 0.0
2021-05-25 11:02:00, 327.05, 327.26, 327.05, 327.26, 738, 0.0
2021-05-25 11:03:00, 327.15, 327.15, 327.03, 327.09, 1170, 0.0
2021-05-25 11:04:00, 327.015, 327.015, 326.96, 326.975, 1349, 0.0
2021-05-25 11:05:00, 327.11, 327.11, 327.11, 327.11, 220, 0.0
2021-05-25 11:06:00, 327.01, 327.085, 327.01, 327.06, 1851, 0.0
2021-05-25 11:07:00, 327.155, 327.23, 327.155, 327.23, 348, 0.0
2021-05-25 11:08:00, 327.31, 327.31, 327.23, 327.26, 400, 0.0
2021-05-25 11:09:00, 327.25, 327.335, 327.25, 327.31, 904, 0.0
2021-05-25 11:10:00, 327.36, 327.44, 327.24, 327.27, 672, 0.0
2021-05-25 11:11:00, 327.29, 327.29, 327.29, 327.29, 230, 0.0
2021-05-25 11:12:00, 327.21, 327.21, 327.21, 327.21, 300, 0.0
2021-05-25 11:13:00, 327.15, 327.15, 327.04, 327.05, 432, 0.0
2021-05-25 11:14:00, 326.97, 326.97, 326.9, 326.9, 400, 0.0
2021-05-25 11:15:00, 326.96, 326.96, 326.875, 326.875, 691, 0.0
2021-05-25 11:16:00, 326.85, 326.85, 326.61, 326.68, 1159, 0.0
2021-05-25 11:17:00, 326.74, 326.805, 326.735, 326.735, 384, 0.0
2021-05-25 11:18:00, 326.67, 326.67, 326.65, 326.65, 400, 0.0
2021-05-25 11:19:00, 326.605, 326.67, 326.605, 326.67, 225, 0.0
2021-05-25 11:20:00, 326.785, 326.915, 326.75, 326.915, 1305, 0.0
2021-05-25 11:21:00, 327.02, 327.02, 326.9, 326.9, 386, 0.0
2021-05-25 11:22:00, 326.81, 326.81, 326.75, 326.77, 401, 0.0
2021-05-25 11:23:00, 326.7, 326.76, 326.7, 326.755, 737, 0.0
2021-05-25 11:24:00, 326.71, 326.74, 326.61, 326.61, 438, 0.0
2021-05-25 11:25:00, 326.52, 326.52, 326.51, 326.51, 718, 0.0
2021-05-25 11:26:00, 326.62, 326.765, 326.62, 326.765, 754, 0.0
2021-05-25 11:27:00, 326.78, 326.78, 326.62, 326.635, 908, 0.0
2021-05-25 11:28:00, 326.62, 326.62, 326.61, 326.62, 500, 0.0
2021-05-25 11:29:00, 326.7, 326.7, 326.565, 326.615, 636, 0.0
2021-05-25 11:30:00, 326.72, 326.76, 326.7, 326.76, 893, 0.0
2021-05-25 11:31:00, 326.96, 326.96, 326.96, 326.96, 320, 0.0
2021-05-25 11:32:00, 326.93, 327.13, 326.91, 327.06, 883, 0.0
2021-05-25 11:33:00, 327.03, 327.03, 326.95, 326.95, 596, 0.0
2021-05-25 11:34:00, 327.095, 327.095, 327.095, 327.095, 115, 0.0
2021-05-25 11:35:00, 326.96, 326.96, 326.9, 326.91, 625, 0.0
2021-05-25 11:36:00, 326.915, 326.915, 326.915, 326.915, 117, 0.0
2021-05-25 11:37:00, 326.85, 326.85, 326.64, 326.66, 1531, 0.0
2021-05-25 11:38:00, 326.67, 326.67, 326.54, 326.54, 1085, 0.0
2021-05-25 11:39:00, 326.51, 326.605, 326.48, 326.595, 2024, 0.0
2021-05-25 11:40:00, 326.605, 326.605, 326.45, 326.45, 1357, 0.0
2021-05-25 11:41:00, 326.39, 326.39, 326.39, 326.39, 203, 0.0
2021-05-25 11:42:00, 326.36, 326.36, 326.36, 326.36, 101, 0.0
2021-05-25 11:43:00, 326.45, 326.45, 326.45, 326.45, 112, 0.0
2021-05-25 11:44:00, 326.52, 326.57, 326.52, 326.55, 321, 0.0
2021-05-25 11:45:00, 326.51, 326.755, 326.51, 326.755, 2446, 0.0
2021-05-25 11:46:00, 326.69, 326.77, 326.69, 326.77, 1564, 0.0
2021-05-25 11:47:00, 326.78, 326.79, 326.68, 326.68, 913, 0.0
2021-05-25 11:48:00, 326.65, 326.67, 326.55, 326.67, 302, 0.0
2021-05-25 11:49:00, 326.65, 326.65, 326.46, 326.46, 620, 0.0
2021-05-25 11:50:00, 326.62, 326.62, 326.62, 326.62, 215, 0.0
2021-05-25 11:51:00, 326.63, 326.63, 326.56, 326.56, 628, 0.0
2021-05-25 11:52:00, 326.6, 326.87, 326.6, 326.83, 2301, 0.0
2021-05-25 11:53:00, 326.89, 327.02, 326.87, 327.02, 1131, 0.0
2021-05-25 11:54:00, 327, 327.03, 326.97, 326.97, 745, 0.0
2021-05-25 11:55:00, 326.99, 327, 326.95, 327, 815, 0.0
2021-05-25 11:56:00, 326.99, 327.1, 326.96, 327.1, 1328, 0.0
2021-05-25 11:57:00, 327.035, 327.075, 327.025, 327.025, 401, 0.0
2021-05-25 11:58:00, 327.12, 327.12, 327.09, 327.09, 459, 0.0
2021-05-25 11:59:00, 326.99, 327.04, 326.99, 327.04, 674, 0.0
2021-05-25 12:00:00, 326.89, 327, 326.89, 326.96, 1123, 0.0
2021-05-25 12:01:00, 326.98, 327, 326.76, 326.91, 7819, 0.0
2021-05-25 12:02:00, 326.98, 327.36, 326.95, 327.36, 2298, 0.0
2021-05-25 12:03:00, 327.24, 327.24, 326.87, 326.97, 1033, 0.0
2021-05-25 12:04:00, 327.02, 327.02, 326.995, 327, 673, 0.0
2021-05-25 12:05:00, 326.96, 326.98, 326.845, 326.98, 5019, 0.0
2021-05-25 12:06:00, 326.975, 327.14, 326.975, 327.14, 319, 0.0
2021-05-25 12:07:00, 327.185, 327.25, 327.09, 327.09, 736, 0.0
2021-05-25 12:08:00, 327.16, 327.16, 327.16, 327.16, 200, 0.0
2021-05-25 12:09:00, 327.15, 327.15, 326.89, 326.9, 806, 0.0
2021-05-25 12:10:00, 326.955, 327.05, 326.955, 327.03, 2468, 0.0
2021-05-25 12:11:00, 327.12, 327.23, 327.12, 327.19, 816, 0.0
2021-05-25 12:12:00, 327.41, 327.55, 327.41, 327.51, 607, 0.0
2021-05-25 12:13:00, 327.51, 327.51, 327.51, 327.51, 300, 0.0
2021-05-25 12:14:00, 327.62, 327.63, 327.6, 327.63, 796, 0.0
2021-05-25 12:15:00, 327.685, 327.76, 327.64, 327.64, 919, 0.0
2021-05-25 12:16:00, 327.575, 327.575, 327.575, 327.575, 122, 0.0
2021-05-25 12:17:00, 327.87, 327.87, 327.85, 327.85, 492, 0.0
2021-05-25 12:18:00, 327.89, 327.895, 327.89, 327.895, 376, 0.0
2021-05-25 12:21:00, 327.99, 328, 327.98, 328, 694, 0.0
2021-05-25 12:23:00, 327.96, 327.96, 327.89, 327.89, 208, 0.0
2021-05-25 12:24:00, 328.005, 328.005, 328.005, 328.005, 102, 0.0
2021-05-25 12:25:00, 327.96, 327.96, 327.96, 327.96, 120, 0.0
2021-05-25 12:26:00, 327.83, 327.83, 327.79, 327.79, 211, 0.0
2021-05-25 12:27:00, 327.8, 327.85, 327.8, 327.85, 305, 0.0
2021-05-25 12:28:00, 327.97, 327.97, 327.945, 327.945, 376, 0.0
2021-05-25 12:29:00, 327.92, 327.92, 327.92, 327.92, 115, 0.0
2021-05-25 12:32:00, 327.94, 328.035, 327.94, 328.035, 316, 0.0
2021-05-25 12:33:00, 328.085, 328.085, 328.085, 328.085, 130, 0.0
2021-05-25 12:34:00, 328.04, 328.04, 327.87, 327.87, 328, 0.0
2021-05-25 12:35:00, 327.96, 327.96, 327.93, 327.93, 463, 0.0
2021-05-25 12:36:00, 327.76, 327.76, 327.68, 327.68, 504, 0.0
2021-05-25 12:37:00, 328.03, 328.03, 328.03, 328.03, 208, 0.0
2021-05-25 12:38:00, 328.08, 328.2, 328.08, 328.2, 694, 0.0
2021-05-25 12:39:00, 328.075, 328.075, 327.89, 327.89, 618, 0.0
2021-05-25 12:40:00, 327.87, 327.87, 327.77, 327.77, 496, 0.0
2021-05-25 12:41:00, 327.74, 327.75, 327.56, 327.6, 522, 0.0
2021-05-25 12:42:00, 327.67, 327.67, 327.62, 327.64, 308, 0.0
2021-05-25 12:43:00, 327.7, 327.7, 327.67, 327.67, 201, 0.0
2021-05-25 12:44:00, 327.71, 327.8, 327.71, 327.78, 507, 0.0
2021-05-25 12:45:00, 327.8, 327.8, 327.72, 327.72, 383, 0.0
2021-05-25 12:46:00, 327.69, 327.69, 327.69, 327.69, 242, 0.0
2021-05-25 12:47:00, 327.7, 327.75, 327.7, 327.75, 614, 0.0
2021-05-25 12:48:00, 327.73, 327.775, 327.72, 327.72, 516, 0.0
2021-05-25 12:49:00, 327.67, 327.75, 327.67, 327.72, 980, 0.0
2021-05-25 12:50:00, 327.6, 327.65, 327.57, 327.64, 792, 0.0
2021-05-25 12:51:00, 327.59, 327.715, 327.59, 327.715, 820, 0.0
2021-05-25 12:52:00, 327.77, 327.77, 327.56, 327.56, 1123, 0.0
2021-05-25 12:53:00, 327.58, 327.71, 327.56, 327.56, 2397, 0.0
2021-05-25 12:54:00, 327.57, 327.585, 327.53, 327.58, 1898, 0.0
2021-05-25 12:55:00, 327.725, 327.79, 327.72, 327.73, 658, 0.0
2021-05-25 12:56:00, 327.72, 327.72, 327.68, 327.71, 601, 0.0
2021-05-25 12:57:00, 327.805, 327.805, 327.675, 327.675, 710, 0.0
2021-05-25 12:58:00, 327.73, 327.73, 327.68, 327.68, 489, 0.0
2021-05-25 12:59:00, 327.71, 327.89, 327.71, 327.82, 504, 0.0
2021-05-25 13:00:00, 327.88, 327.88, 327.6, 327.61, 937, 0.0
2021-05-25 13:01:00, 327.75, 327.75, 327.58, 327.605, 1654, 0.0
2021-05-25 13:02:00, 327.59, 327.61, 327.56, 327.61, 999, 0.0
2021-05-25 13:03:00, 327.41, 327.41, 327.26, 327.27, 1364, 0.0
2021-05-25 13:04:00, 327.25, 327.25, 327.12, 327.2, 631, 0.0
2021-05-25 13:05:00, 327.21, 327.28, 327.2, 327.2, 462, 0.0
2021-05-25 13:06:00, 327.14, 327.14, 327.14, 327.14, 266, 0.0
2021-05-25 13:07:00, 327.1, 327.27, 327.09, 327.17, 523, 0.0
2021-05-25 13:08:00, 327.16, 327.16, 327, 327.11, 612, 0.0
2021-05-25 13:09:00, 327.17, 327.17, 327.17, 327.17, 300, 0.0
2021-05-25 13:10:00, 327.22, 327.29, 327.17, 327.21, 813, 0.0
2021-05-25 13:11:00, 327.195, 327.32, 327.17, 327.32, 618, 0.0
2021-05-25 13:12:00, 327.37, 327.49, 327.36, 327.47, 2167, 0.0
2021-05-25 13:13:00, 327.525, 327.81, 327.525, 327.69, 1984, 0.0
2021-05-25 13:14:00, 327.75, 327.77, 327.64, 327.64, 1914, 0.0
2021-05-25 13:15:00, 327.575, 327.575, 327.17, 327.23, 1504, 0.0
2021-05-25 13:16:00, 327.31, 327.355, 327.22, 327.355, 855, 0.0
2021-05-25 13:17:00, 327.37, 327.38, 327.37, 327.38, 501, 0.0
2021-05-25 13:18:00, 327.48, 327.61, 327.36, 327.61, 1662, 0.0
2021-05-25 13:19:00, 327.44, 327.44, 327.44, 327.44, 315, 0.0
2021-05-25 13:20:00, 327.34, 327.43, 327.34, 327.37, 984, 0.0
2021-05-25 13:21:00, 327.315, 327.345, 327.26, 327.345, 325, 0.0
2021-05-25 13:22:00, 327.55, 327.6, 327.4, 327.57, 1203, 0.0
2021-05-25 13:23:00, 327.55, 327.55, 327.54, 327.55, 528, 0.0
2021-05-25 13:24:00, 327.49, 327.49, 327.33, 327.44, 521, 0.0
2021-05-25 13:25:00, 327.4, 327.45, 327.36, 327.36, 506, 0.0
2021-05-25 13:26:00, 327.48, 327.61, 327.48, 327.61, 700, 0.0
2021-05-25 13:27:00, 327.57, 327.65, 327.57, 327.64, 581, 0.0
2021-05-25 13:28:00, 327.61, 327.63, 327.54, 327.54, 584, 0.0
2021-05-25 13:29:00, 327.605, 327.605, 327.54, 327.55, 336, 0.0
2021-05-25 13:30:00, 327.41, 327.735, 327.41, 327.66, 861, 0.0
2021-05-25 13:31:00, 327.69, 327.74, 327.62, 327.74, 913, 0.0
2021-05-25 13:32:00, 327.77, 327.98, 327.77, 327.98, 776, 0.0
2021-05-25 13:33:00, 327.91, 327.91, 327.815, 327.815, 415, 0.0
2021-05-25 13:34:00, 327.77, 327.8, 327.65, 327.72, 1294, 0.0
2021-05-25 13:35:00, 327.7, 327.86, 327.67, 327.75, 2435, 0.0
2021-05-25 13:36:00, 327.73, 327.73, 327.61, 327.61, 281, 0.0
2021-05-25 13:37:00, 327.9, 327.9, 327.87, 327.89, 345, 0.0
2021-05-25 13:38:00, 327.92, 327.96, 327.91, 327.96, 650, 0.0
2021-05-25 13:39:00, 327.92, 327.92, 327.83, 327.87, 539, 0.0
2021-05-25 13:40:00, 327.87, 327.95, 327.87, 327.89, 998, 0.0
2021-05-25 13:41:00, 327.83, 327.915, 327.83, 327.89, 516, 0.0
2021-05-25 13:42:00, 327.945, 327.98, 327.91, 327.945, 969, 0.0
2021-05-25 13:43:00, 328.01, 328.09, 328.01, 328.01, 2020, 0.0
2021-05-25 13:44:00, 328.005, 328.06, 327.99, 328.06, 1212, 0.0
2021-05-25 13:45:00, 328.06, 328.06, 327.96, 328.03, 1108, 0.0
2021-05-25 13:46:00, 327.92, 327.92, 327.84, 327.88, 1315, 0.0
2021-05-25 13:47:00, 327.95, 327.95, 327.89, 327.905, 433, 0.0
2021-05-25 13:48:00, 327.975, 327.975, 327.96, 327.96, 310, 0.0
2021-05-25 13:49:00, 327.98, 327.98, 327.88, 327.89, 823, 0.0
2021-05-25 13:50:00, 327.92, 327.92, 327.91, 327.91, 300, 0.0
2021-05-25 13:51:00, 327.82, 327.82, 327.7, 327.72, 1137, 0.0
2021-05-25 13:52:00, 327.67, 327.7, 327.67, 327.67, 661, 0.0
2021-05-25 13:53:00, 327.64, 327.69, 327.54, 327.69, 1108, 0.0
2021-05-25 13:54:00, 327.685, 327.74, 327.67, 327.74, 1056, 0.0
2021-05-25 13:55:00, 327.73, 327.89, 327.705, 327.89, 628, 0.0
2021-05-25 13:56:00, 327.975, 327.975, 327.945, 327.945, 771, 0.0
2021-05-25 13:57:00, 327.97, 328.025, 327.97, 328.025, 495, 0.0
2021-05-25 13:58:00, 328, 328, 328, 328, 331, 0.0
2021-05-25 13:59:00, 327.98, 327.98, 327.97, 327.98, 954, 0.0
2021-05-25 14:00:00, 327.95, 328.03, 327.905, 328.025, 1109, 0.0
2021-05-25 14:01:00, 327.99, 328, 327.815, 327.815, 1015, 0.0
2021-05-25 14:02:00, 327.74, 327.76, 327.7, 327.7, 828, 0.0
2021-05-25 14:03:00, 327.69, 327.72, 327.64, 327.64, 1156, 0.0
2021-05-25 14:04:00, 327.72, 327.72, 327.53, 327.58, 1860, 0.0
2021-05-25 14:05:00, 327.58, 327.7, 327.58, 327.65, 1633, 0.0
2021-05-25 14:06:00, 327.76, 327.83, 327.76, 327.83, 1118, 0.0
2021-05-25 14:07:00, 327.87, 327.89, 327.85, 327.88, 3239, 0.0
2021-05-25 14:08:00, 327.78, 327.91, 327.78, 327.88, 1729, 0.0
2021-05-25 14:09:00, 327.915, 327.95, 327.9, 327.92, 2015, 0.0
2021-05-25 14:10:00, 327.845, 327.845, 327.79, 327.8, 599, 0.0
2021-05-25 14:11:00, 327.81, 327.83, 327.785, 327.83, 765, 0.0
2021-05-25 14:12:00, 327.88, 327.94, 327.88, 327.94, 428, 0.0
2021-05-25 14:13:00, 327.94, 327.97, 327.94, 327.97, 733, 0.0
2021-05-25 14:14:00, 328.01, 328.01, 327.86, 327.86, 1142, 0.0
2021-05-25 14:15:00, 327.65, 327.85, 327.64, 327.85, 1607, 0.0
2021-05-25 14:16:00, 327.77, 327.78, 327.76, 327.78, 541, 0.0
2021-05-25 14:17:00, 327.79, 327.835, 327.71, 327.71, 1103, 0.0
2021-05-25 14:18:00, 327.73, 327.75, 327.72, 327.75, 629, 0.0
2021-05-25 14:19:00, 327.78, 327.905, 327.75, 327.905, 1268, 0.0
2021-05-25 14:20:00, 327.86, 328.05, 327.85, 327.85, 1728, 0.0
2021-05-25 14:21:00, 327.7, 327.7, 327.5, 327.59, 2016, 0.0
2021-05-25 14:22:00, 327.565, 327.66, 327.54, 327.66, 990, 0.0
2021-05-25 14:23:00, 327.7, 327.88, 327.7, 327.88, 1308, 0.0
2021-05-25 14:24:00, 327.91, 327.91, 327.83, 327.84, 1519, 0.0
2021-05-25 14:25:00, 328, 328.17, 328, 328.16, 812, 0.0
2021-05-25 14:26:00, 328.07, 328.15, 327.94, 328.15, 1692, 0.0
2021-05-25 14:27:00, 328.09, 328.18, 328.09, 328.13, 1259, 0.0
2021-05-25 14:28:00, 328.17, 328.24, 328.17, 328.24, 950, 0.0
2021-05-25 14:29:00, 328.25, 328.44, 328.25, 328.32, 1606, 0.0
2021-05-25 14:30:00, 328.395, 328.395, 328.27, 328.31, 2744, 0.0
2021-05-25 14:31:00, 328.34, 328.34, 328.25, 328.29, 2004, 0.0
2021-05-25 14:32:00, 328.27, 328.34, 328.215, 328.275, 1649, 0.0
2021-05-25 14:33:00, 328.275, 328.285, 327.97, 327.97, 793, 0.0
2021-05-25 14:35:00, 327.65, 327.65, 327.55, 327.55, 362, 0.0
2021-05-25 14:36:00, 327.835, 327.98, 327.78, 327.98, 2473, 0.0
2021-05-25 14:37:00, 328.01, 328.02, 327.89, 327.96, 694, 0.0
2021-05-25 14:38:00, 327.94, 328, 327.92, 328, 1523, 0.0
2021-05-25 14:39:00, 328.06, 328.21, 328.06, 328.18, 466, 0.0
2021-05-25 14:40:00, 328.1, 328.1, 327.895, 327.895, 593, 0.0
2021-05-25 14:41:00, 327.955, 327.955, 327.72, 327.83, 1692, 0.0
2021-05-25 14:42:00, 327.915, 327.975, 327.915, 327.94, 398, 0.0
2021-05-25 14:43:00, 327.75, 327.75, 327.58, 327.58, 1094, 0.0
2021-05-25 14:44:00, 327.64, 327.72, 327.64, 327.72, 511, 0.0
2021-05-25 14:45:00, 327.83, 327.895, 327.81, 327.88, 645, 0.0
2021-05-25 14:46:00, 327.93, 327.96, 327.83, 327.93, 1443, 0.0
2021-05-25 14:47:00, 327.93, 327.96, 327.76, 327.78, 1358, 0.0
2021-05-25 14:48:00, 327.89, 327.95, 327.85, 327.85, 1175, 0.0
2021-05-25 14:49:00, 327.84, 327.96, 327.68, 327.68, 1067, 0.0
2021-05-25 14:50:00, 327.6, 327.79, 327.58, 327.69, 2550, 0.0
2021-05-25 14:51:00, 327.62, 327.64, 327.45, 327.45, 1921, 0.0
2021-05-25 14:52:00, 327.5, 327.66, 327.5, 327.5, 3475, 0.0
2021-05-25 14:53:00, 327.54, 327.71, 327.47, 327.71, 1249, 0.0
2021-05-25 14:54:00, 327.59, 327.59, 327.42, 327.44, 2989, 0.0
2021-05-25 14:55:00, 327.43, 327.72, 327.39, 327.53, 2496, 0.0
2021-05-25 14:56:00, 327.46, 327.65, 327.46, 327.61, 3050, 0.0
2021-05-25 14:57:00, 327.64, 327.73, 327.64, 327.67, 3179, 0.0
2021-05-25 14:58:00, 327.71, 327.8, 327.7, 327.7, 1050, 0.0
2021-05-25 14:59:00, 327.71, 327.955, 327.7, 327.86, 4222, 0.0
2021-05-26 08:30:00, 328.4, 328.4, 327.5, 328.29, 6423, 0.0
2021-05-26 08:31:00, 328.05, 328.23, 327.375, 327.49, 4165, 0.0
2021-05-26 08:32:00, 327.45, 327.79, 327.06, 327.08, 2776, 0.0
2021-05-26 08:33:00, 326.95, 326.95, 326.37, 326.51, 4960, 0.0
2021-05-26 08:34:00, 326.57, 326.58, 325.9, 326.35, 3875, 0.0
2021-05-26 08:35:00, 326.47, 326.94, 326.4, 326.81, 6044, 0.0
2021-05-26 08:36:00, 326.8, 326.8, 326.21, 326.39, 3488, 0.0
2021-05-26 08:37:00, 326.55, 326.59, 326.24, 326.24, 2214, 0.0
2021-05-26 08:38:00, 326.41, 326.41, 326.05, 326.16, 1905, 0.0
2021-05-26 08:39:00, 326.23, 326.655, 326.17, 326.635, 3390, 0.0
2021-05-26 08:40:00, 326.63, 327.04, 326.63, 326.89, 4218, 0.0
2021-05-26 08:41:00, 326.51, 326.58, 326.44, 326.5, 1137, 0.0
2021-05-26 08:42:00, 326.62, 326.62, 326.5, 326.62, 1183, 0.0
2021-05-26 08:43:00, 326.72, 326.81, 326.59, 326.81, 1182, 0.0
2021-05-26 08:44:00, 326.81, 326.81, 326.5, 326.5, 1210, 0.0
2021-05-26 08:45:00, 326.69, 326.69, 326.27, 326.27, 1668, 0.0
2021-05-26 08:46:00, 326.48, 326.48, 326.48, 326.48, 366, 0.0
2021-05-26 08:47:00, 326.61, 326.69, 326.6, 326.64, 1424, 0.0
2021-05-26 08:48:00, 326.72, 326.87, 326.72, 326.82, 1302, 0.0
2021-05-26 08:49:00, 326.79, 327.02, 326.68, 326.68, 1804, 0.0
2021-05-26 08:50:00, 326.57, 326.57, 326.31, 326.46, 856, 0.0
2021-05-26 08:51:00, 326.42, 326.825, 326.39, 326.825, 6620, 0.0
2021-05-26 08:52:00, 326.85, 326.94, 326.83, 326.94, 1036, 0.0
2021-05-26 08:53:00, 326.87, 326.88, 326.87, 326.88, 715, 0.0
2021-05-26 08:54:00, 326.87, 327.13, 326.87, 327.13, 2065, 0.0
2021-05-26 08:55:00, 327.225, 327.38, 326.895, 326.895, 4512, 0.0
2021-05-26 08:56:00, 326.98, 327.03, 326.83, 326.83, 919, 0.0
2021-05-26 08:57:00, 326.91, 327.05, 326.91, 327.05, 1558, 0.0
2021-05-26 08:59:00, 326.76, 327.04, 326.76, 327.04, 541, 0.0
2021-05-26 09:00:00, 327, 327.02, 326.9, 326.9, 1000, 0.0
2021-05-26 09:01:00, 326.68, 326.68, 326.55, 326.55, 3356, 0.0
2021-05-26 09:02:00, 326.71, 326.82, 326.62, 326.82, 316, 0.0
2021-05-26 09:04:00, 327.1, 327.24, 326.98, 327, 1835, 0.0
2021-05-26 09:05:00, 326.9, 326.915, 326.65, 326.65, 1478, 0.0
2021-05-26 09:06:00, 326.635, 326.635, 326.485, 326.485, 968, 0.0
2021-05-26 09:07:00, 326.57, 326.71, 326.54, 326.71, 796, 0.0
2021-05-26 09:08:00, 326.67, 326.705, 326.67, 326.705, 2010, 0.0
2021-05-26 09:09:00, 326.695, 326.695, 326.695, 326.695, 120, 0.0
2021-05-26 09:10:00, 326.76, 326.77, 326.76, 326.77, 231, 0.0
2021-05-26 09:11:00, 326.8, 326.8, 326.715, 326.715, 461, 0.0
2021-05-26 09:12:00, 326.6, 326.62, 326.47, 326.55, 724, 0.0
2021-05-26 09:13:00, 326.5, 326.5, 326.29, 326.29, 606, 0.0
2021-05-26 09:14:00, 326.31, 326.31, 326.31, 326.31, 212, 0.0
2021-05-26 09:15:00, 326.12, 326.12, 326.12, 326.12, 163, 0.0
2021-05-26 09:16:00, 326.08, 326.36, 326.08, 326.27, 1303, 0.0
2021-05-26 09:17:00, 326.47, 326.47, 326.44, 326.47, 1051, 0.0
2021-05-26 09:18:00, 326.62, 326.79, 326.62, 326.71, 1002, 0.0
2021-05-26 09:19:00, 326.59, 326.63, 326.57, 326.61, 655, 0.0
2021-05-26 09:20:00, 326.59, 326.59, 326.51, 326.56, 470, 0.0
2021-05-26 09:21:00, 326.73, 326.73, 326.73, 326.73, 104, 0.0
2021-05-26 09:22:00, 326.8, 326.8, 326.8, 326.8, 286, 0.0
2021-05-26 09:23:00, 326.66, 326.66, 326.66, 326.66, 184, 0.0
2021-05-26 09:24:00, 326.83, 326.83, 326.83, 326.83, 445, 0.0
2021-05-26 09:25:00, 326.81, 326.81, 326.67, 326.67, 838, 0.0
2021-05-26 09:26:00, 326.71, 326.73, 326.71, 326.73, 534, 0.0
2021-05-26 09:27:00, 326.81, 326.9, 326.81, 326.85, 783, 0.0
2021-05-26 09:28:00, 326.96, 326.96, 326.96, 326.96, 588, 0.0
2021-05-26 09:29:00, 327.13, 327.13, 326.96, 326.96, 1325, 0.0
2021-05-26 09:30:00, 326.93, 326.93, 326.81, 326.81, 658, 0.0
2021-05-26 09:31:00, 326.82, 326.82, 326.56, 326.56, 1754, 0.0
2021-05-26 09:32:00, 326.6, 326.6, 326.51, 326.545, 1691, 0.0
2021-05-26 09:33:00, 326.7, 326.93, 326.7, 326.93, 656, 0.0
2021-05-26 09:34:00, 326.83, 326.97, 326.83, 326.97, 651, 0.0
2021-05-26 09:35:00, 327.05, 327.05, 327.05, 327.05, 100, 0.0
2021-05-26 09:36:00, 326.895, 326.93, 326.89, 326.89, 917, 0.0
2021-05-26 09:37:00, 326.82, 326.82, 326.61, 326.71, 3307, 0.0
2021-05-26 09:38:00, 326.62, 326.88, 326.62, 326.88, 562, 0.0
2021-05-26 09:39:00, 326.93, 326.93, 326.76, 326.81, 700, 0.0
2021-05-26 09:41:00, 326.83, 326.89, 326.83, 326.89, 589, 0.0
2021-05-26 09:42:00, 326.59, 326.59, 326.4, 326.4, 473, 0.0
2021-05-26 09:43:00, 326.34, 326.34, 326.34, 326.34, 446, 0.0
2021-05-26 09:44:00, 326.39, 326.43, 326.37, 326.37, 840, 0.0
2021-05-26 09:45:00, 326.39, 326.41, 326.28, 326.295, 1647, 0.0
2021-05-26 09:46:00, 326.36, 326.39, 326.31, 326.335, 1090, 0.0
2021-05-26 09:47:00, 326.28, 326.29, 326.255, 326.29, 1476, 0.0
2021-05-26 09:48:00, 326.125, 326.14, 326.06, 326.06, 1343, 0.0
2021-05-26 09:49:00, 326.045, 326.06, 326.02, 326.06, 1375, 0.0
2021-05-26 09:50:00, 325.97, 326.09, 325.97, 326.09, 986, 0.0
2021-05-26 09:51:00, 326.11, 326.315, 326.11, 326.315, 457, 0.0
2021-05-26 09:52:00, 326.355, 326.68, 326.355, 326.68, 894, 0.0
2021-05-26 09:53:00, 326.76, 326.78, 326.51, 326.56, 1800, 0.0
2021-05-26 09:54:00, 326.55, 326.66, 326.55, 326.66, 840, 0.0
2021-05-26 09:55:00, 326.65, 326.695, 326.64, 326.695, 792, 0.0
2021-05-26 09:56:00, 326.71, 326.735, 326.71, 326.735, 246, 0.0
2021-05-26 09:57:00, 326.83, 326.97, 326.83, 326.955, 1089, 0.0
2021-05-26 09:58:00, 326.95, 326.95, 326.86, 326.865, 511, 0.0
2021-05-26 09:59:00, 326.87, 327, 326.87, 326.95, 722, 0.0
2021-05-26 10:00:00, 326.99, 326.99, 326.89, 326.89, 634, 0.0
2021-05-26 10:01:00, 326.825, 326.96, 326.815, 326.96, 863, 0.0
2021-05-26 10:02:00, 327, 327.12, 327, 327.12, 1120, 0.0
2021-05-26 10:03:00, 327.195, 327.195, 327.06, 327.06, 915, 0.0
2021-05-26 10:04:00, 327.09, 327.27, 327.09, 327.27, 645, 0.0
2021-05-26 10:05:00, 327.28, 327.41, 327.28, 327.41, 1430, 0.0
2021-05-26 10:06:00, 327.36, 327.44, 327.36, 327.41, 1715, 0.0
2021-05-26 10:07:00, 327.31, 327.345, 327.27, 327.345, 1043, 0.0
2021-05-26 10:08:00, 327.42, 327.46, 327.4, 327.4, 542, 0.0
2021-05-26 10:09:00, 327.255, 327.3, 327.2, 327.28, 1227, 0.0
2021-05-26 10:10:00, 327.205, 327.205, 327.09, 327.135, 1319, 0.0
2021-05-26 10:11:00, 327.135, 327.21, 327.135, 327.21, 561, 0.0
2021-05-26 10:12:00, 327.24, 327.24, 327.24, 327.24, 313, 0.0
2021-05-26 10:13:00, 327.35, 327.53, 327.35, 327.5, 1017, 0.0
2021-05-26 10:14:00, 327.56, 327.58, 327.56, 327.56, 802, 0.0
2021-05-26 10:15:00, 327.6, 327.67, 327.6, 327.67, 754, 0.0
2021-05-26 10:16:00, 327.71, 327.71, 327.71, 327.71, 100, 0.0
2021-05-26 10:17:00, 327.665, 327.665, 327.6, 327.6, 388, 0.0
2021-05-26 10:18:00, 327.57, 327.64, 327.51, 327.51, 1100, 0.0
2021-05-26 10:19:00, 327.57, 327.61, 327.57, 327.61, 302, 0.0
2021-05-26 10:20:00, 327.545, 327.545, 327.16, 327.16, 1315, 0.0
2021-05-26 10:21:00, 327.23, 327.28, 327.03, 327.03, 991, 0.0
2021-05-26 10:22:00, 327.11, 327.11, 326.98, 326.98, 1155, 0.0
2021-05-26 10:23:00, 326.95, 327.1, 326.95, 327.04, 1535, 0.0
2021-05-26 10:24:00, 327.06, 327.06, 326.915, 326.96, 2226, 0.0
2021-05-26 10:25:00, 326.87, 326.99, 326.87, 326.99, 605, 0.0
2021-05-26 10:26:00, 327.06, 327.16, 327.06, 327.16, 547, 0.0
2021-05-26 10:27:00, 327.045, 327.045, 326.92, 326.92, 565, 0.0
2021-05-26 10:28:00, 326.98, 326.98, 326.94, 326.945, 879, 0.0
2021-05-26 10:29:00, 326.955, 326.99, 326.955, 326.99, 989, 0.0
2021-05-26 10:30:00, 327.03, 327.03, 327.03, 327.03, 347, 0.0
2021-05-26 10:31:00, 326.98, 326.98, 326.98, 326.98, 156, 0.0
2021-05-26 10:32:00, 326.915, 326.915, 326.735, 326.735, 425, 0.0
2021-05-26 10:33:00, 326.74, 326.74, 326.74, 326.74, 173, 0.0
2021-05-26 10:34:00, 326.8, 326.8, 326.785, 326.795, 622, 0.0
2021-05-26 10:35:00, 326.76, 326.76, 326.76, 326.76, 100, 0.0
2021-05-26 10:36:00, 326.83, 326.83, 326.76, 326.77, 1202, 0.0
2021-05-26 10:37:00, 326.79, 326.79, 326.79, 326.79, 187, 0.0
2021-05-26 10:40:00, 326.885, 326.935, 326.8, 326.8, 1151, 0.0
2021-05-26 10:41:00, 326.81, 326.81, 326.81, 326.81, 215, 0.0
2021-05-26 10:42:00, 326.825, 326.825, 326.825, 326.825, 265, 0.0
2021-05-26 10:43:00, 326.89, 326.89, 326.89, 326.89, 390, 0.0
2021-05-26 10:44:00, 326.94, 327.055, 326.87, 327.055, 5074, 0.0
