Date, Open, High, Low, Close, Volume, Open Interest
2021-05-12 11:20:00, 53.76, 53.9, 53.755, 53.865, 10898, 0.0
2021-05-12 11:25:00, 53.9, 53.93, 53.88, 53.91, 4588, 0.0
2021-05-12 11:30:00, 53.87, 53.92, 53.86, 53.88, 3046, 0.0
2021-05-12 11:35:00, 53.89, 53.9, 53.785, 53.8, 4764, 0.0
2021-05-12 11:40:00, 53.77, 53.86, 53.74, 53.84, 8685, 0.0
2021-05-12 11:45:00, 53.79, 53.83, 53.76, 53.83, 2690, 0.0
2021-05-12 11:50:00, 53.82, 53.89, 53.82, 53.87, 3884, 0.0
2021-05-12 11:55:00, 53.84, 53.89, 53.83, 53.89, 3794, 0.0
2021-05-12 12:00:00, 53.88, 54.09, 53.88, 54.09, 7744, 0.0
2021-05-12 12:05:00, 54.09, 54.09, 53.975, 53.975, 798, 0.0
2021-05-12 12:10:00, 53.95, 53.975, 53.94, 53.94, 4372, 0.0
2021-05-12 12:15:00, 53.97, 53.97, 53.86, 53.86, 3372, 0.0
2021-05-12 12:20:00, 53.84, 53.87, 53.82, 53.87, 3813, 0.0
2021-05-12 12:25:00, 53.86, 53.91, 53.845, 53.885, 7942, 0.0
2021-05-12 12:30:00, 53.88, 53.905, 53.745, 53.76, 9095, 0.0
2021-05-12 12:35:00, 53.76, 53.94, 53.745, 53.94, 4821, 0.0
2021-05-12 12:40:00, 53.94, 53.94, 53.825, 53.9, 5174, 0.0
2021-05-12 12:45:00, 53.9, 53.9, 53.81, 53.83, 1760, 0.0
2021-05-12 12:50:00, 53.85, 53.93, 53.815, 53.93, 2413, 0.0
2021-05-12 12:55:00, 53.94, 53.94, 53.795, 53.805, 4197, 0.0
2021-05-12 13:00:00, 53.8, 53.81, 53.745, 53.745, 12339, 0.0
2021-05-12 13:05:00, 53.75, 53.79, 53.73, 53.74, 10723, 0.0
2021-05-12 13:10:00, 53.735, 53.755, 53.68, 53.7, 4777, 0.0
2021-05-12 13:15:00, 53.69, 53.69, 53.62, 53.67, 13558, 0.0
2021-05-12 13:20:00, 53.75, 53.75, 53.65, 53.69, 8155, 0.0
2021-05-12 13:25:00, 53.67, 53.75, 53.665, 53.72, 5573, 0.0
2021-05-12 13:30:00, 53.65, 53.78, 53.65, 53.755, 15905, 0.0
2021-05-12 13:35:00, 53.72, 53.78, 53.675, 53.755, 18442, 0.0
2021-05-12 13:40:00, 53.74, 53.74, 53.705, 53.72, 4035, 0.0
2021-05-12 13:45:00, 53.71, 53.81, 53.7, 53.81, 2616, 0.0
2021-05-12 13:50:00, 53.85, 53.91, 53.825, 53.86, 5025, 0.0
2021-05-12 13:55:00, 53.85, 53.9, 53.82, 53.84, 4162, 0.0
2021-05-12 14:00:00, 53.805, 53.82, 53.705, 53.705, 5023, 0.0
2021-05-12 14:05:00, 53.705, 53.73, 53.69, 53.72, 3609, 0.0
2021-05-12 14:10:00, 53.73, 53.75, 53.655, 53.69, 2079, 0.0
2021-05-12 14:15:00, 53.68, 53.715, 53.655, 53.66, 10116, 0.0
2021-05-12 14:20:00, 53.67, 53.71, 53.6, 53.605, 12284, 0.0
2021-05-12 14:25:00, 53.63, 53.665, 53.6, 53.645, 8068, 0.0
2021-05-12 14:30:00, 53.605, 53.68, 53.595, 53.63, 8914, 0.0
2021-05-12 14:35:00, 53.615, 53.65, 53.545, 53.61, 12890, 0.0
2021-05-12 14:40:00, 53.605, 53.67, 53.585, 53.62, 25478, 0.0
2021-05-12 14:45:00, 53.61, 53.71, 53.59, 53.655, 30054, 0.0
2021-05-12 14:50:00, 53.65, 53.66, 53.43, 53.445, 36176, 0.0
2021-05-12 14:55:00, 53.465, 53.655, 53.46, 53.63, 72155, 0.0
2021-05-13 08:30:00, 54.08, 54.09, 53.79, 53.88, 46512, 0.0
2021-05-13 08:35:00, 53.905, 54.04, 53.51, 53.51, 22934, 0.0
2021-05-13 08:40:00, 53.49, 53.745, 53.49, 53.66, 16837, 0.0
2021-05-13 08:45:00, 53.67, 53.995, 53.65, 53.95, 97194, 0.0
2021-05-13 08:50:00, 53.945, 54.07, 53.83, 54.04, 24649, 0.0
2021-05-13 08:55:00, 54.03, 54.15, 54.015, 54.15, 24665, 0.0
2021-05-13 09:00:00, 54.15, 54.39, 54.14, 54.31, 24697, 0.0
2021-05-13 09:05:00, 54.29, 54.31, 54.19, 54.225, 8125, 0.0
2021-05-13 09:10:00, 54.16, 54.32, 54.16, 54.26, 5868, 0.0
2021-05-13 09:15:00, 54.275, 54.275, 54.17, 54.17, 1757, 0.0
2021-05-13 09:20:00, 54.2, 54.27, 54.1, 54.225, 6705, 0.0
2021-05-13 09:25:00, 54.23, 54.29, 54.18, 54.22, 6184, 0.0
2021-05-13 09:30:00, 54.24, 54.36, 54.24, 54.35, 6144, 0.0
2021-05-13 09:35:00, 54.27, 54.29, 54.215, 54.27, 7933, 0.0
2021-05-13 09:40:00, 54.295, 54.315, 54.24, 54.24, 4057, 0.0
2021-05-13 09:45:00, 54.2, 54.23, 54.13, 54.14, 16153, 0.0
2021-05-13 09:50:00, 54.15, 54.2, 54.08, 54.17, 9029, 0.0
2021-05-13 09:55:00, 54.2, 54.22, 54.045, 54.06, 20582, 0.0
2021-05-13 10:00:00, 54.065, 54.065, 53.925, 53.93, 11016, 0.0
2021-05-13 10:05:00, 53.91, 53.935, 53.795, 53.81, 5964, 0.0
2021-05-13 10:10:00, 53.785, 53.85, 53.74, 53.74, 13895, 0.0
2021-05-13 10:15:00, 53.735, 53.78, 53.7, 53.77, 7793, 0.0
2021-05-13 10:20:00, 53.765, 53.81, 53.74, 53.8, 6186, 0.0
2021-05-13 10:25:00, 53.825, 53.825, 53.62, 53.64, 5690, 0.0
2021-05-13 10:30:00, 53.65, 53.715, 53.585, 53.715, 4473, 0.0
2021-05-13 10:35:00, 53.71, 53.79, 53.67, 53.77, 4089, 0.0
2021-05-13 10:40:00, 53.75, 53.75, 53.5, 53.5, 4043, 0.0
2021-05-13 10:45:00, 53.525, 53.65, 53.51, 53.65, 2272, 0.0
2021-05-13 10:50:00, 53.655, 53.71, 53.645, 53.695, 7729, 0.0
2021-05-13 10:55:00, 53.68, 53.68, 53.6, 53.63, 4991, 0.0
2021-05-13 11:00:00, 53.68, 53.75, 53.62, 53.675, 2823, 0.0
2021-05-13 11:05:00, 53.66, 53.82, 53.66, 53.815, 6028, 0.0
2021-05-13 11:10:00, 53.82, 53.885, 53.82, 53.885, 3233, 0.0
2021-05-13 11:15:00, 53.91, 53.91, 53.86, 53.865, 3601, 0.0
2021-05-13 11:20:00, 53.845, 53.86, 53.75, 53.75, 2412, 0.0
2021-05-13 11:25:00, 53.78, 53.825, 53.78, 53.825, 3286, 0.0
2021-05-13 11:30:00, 53.82, 53.94, 53.82, 53.925, 8726, 0.0
2021-05-13 11:35:00, 53.92, 53.925, 53.83, 53.84, 5933, 0.0
2021-05-13 11:40:00, 53.83, 53.87, 53.78, 53.83, 10828, 0.0
2021-05-13 11:45:00, 53.84, 53.99, 53.84, 53.99, 4770, 0.0
2021-05-13 11:50:00, 54, 54, 53.8, 53.8, 3091, 0.0
2021-05-13 11:55:00, 53.81, 53.81, 53.68, 53.76, 3802, 0.0
2021-05-13 12:00:00, 53.74, 53.78, 53.65, 53.73, 2794, 0.0
2021-05-13 12:05:00, 53.765, 53.83, 53.75, 53.83, 5086, 0.0
2021-05-13 12:10:00, 53.82, 53.87, 53.795, 53.855, 4155, 0.0
2021-05-13 12:15:00, 53.85, 53.86, 53.72, 53.72, 3618, 0.0
2021-05-13 12:20:00, 53.72, 53.72, 53.56, 53.56, 6215, 0.0
2021-05-13 12:25:00, 53.565, 53.63, 53.505, 53.61, 5998, 0.0
2021-05-13 12:30:00, 53.59, 53.64, 53.49, 53.49, 6912, 0.0
2021-05-13 12:35:00, 53.5, 53.555, 53.46, 53.53, 11353, 0.0
2021-05-13 12:40:00, 53.56, 53.57, 53.5, 53.57, 5617, 0.0
2021-05-13 12:45:00, 53.6, 53.62, 53.47, 53.53, 7115, 0.0
2021-05-13 12:50:00, 53.57, 53.79, 53.56, 53.78, 4662, 0.0
2021-05-13 12:55:00, 53.795, 53.8, 53.74, 53.74, 7599, 0.0
2021-05-13 13:00:00, 53.775, 53.85, 53.77, 53.82, 6444, 0.0
2021-05-13 13:05:00, 53.84, 54, 53.81, 53.97, 12392, 0.0
2021-05-13 13:10:00, 53.94, 54, 53.94, 53.99, 3510, 0.0
2021-05-13 13:15:00, 53.99, 54.01, 53.97, 53.99, 2740, 0.0
2021-05-13 13:20:00, 54, 54.11, 53.97, 54.005, 2984, 0.0
2021-05-13 13:25:00, 53.97, 54, 53.93, 54, 3547, 0.0
2021-05-13 13:30:00, 54.01, 54.03, 53.96, 54.03, 6178, 0.0
2021-05-13 13:35:00, 54.09, 54.13, 54.08, 54.11, 3085, 0.0
2021-05-13 13:40:00, 54.12, 54.18, 54.07, 54.16, 8287, 0.0
2021-05-13 13:45:00, 54.165, 54.195, 54.1, 54.195, 8941, 0.0
2021-05-13 13:50:00, 54.19, 54.195, 54.11, 54.14, 11247, 0.0
2021-05-13 13:55:00, 54.16, 54.17, 54.04, 54.04, 7253, 0.0
2021-05-13 14:00:00, 54.03, 54.105, 54.03, 54.06, 14998, 0.0
2021-05-13 14:05:00, 54.14, 54.2, 54.1, 54.185, 6237, 0.0
2021-05-13 14:10:00, 54.21, 54.21, 54.06, 54.09, 11131, 0.0
2021-05-13 14:15:00, 54.125, 54.23, 54.125, 54.2, 9420, 0.0
2021-05-13 14:20:00, 54.21, 54.21, 54.055, 54.13, 9114, 0.0
2021-05-13 14:25:00, 54.16, 54.21, 54.16, 54.2, 8688, 0.0
2021-05-13 14:30:00, 54.195, 54.31, 54.195, 54.29, 13242, 0.0
2021-05-13 14:35:00, 54.28, 54.315, 54.22, 54.265, 15562, 0.0
2021-05-13 14:40:00, 54.255, 54.3, 54.2, 54.265, 17597, 0.0
2021-05-13 14:45:00, 54.27, 54.33, 54.245, 54.27, 25380, 0.0
2021-05-13 14:50:00, 54.21, 54.225, 54.045, 54.105, 39773, 0.0
2021-05-13 14:55:00, 54.09, 54.09, 53.94, 53.98, 59739, 0.0
2021-05-14 08:30:00, 54.66, 54.76, 54.56, 54.65, 24216, 0.0
2021-05-14 08:35:00, 54.61, 54.68, 54.315, 54.325, 17371, 0.0
2021-05-14 08:40:00, 54.34, 54.4, 54.27, 54.33, 9490, 0.0
2021-05-14 08:45:00, 54.36, 54.44, 54.35, 54.39, 15716, 0.0
2021-05-14 08:50:00, 54.395, 54.55, 54.35, 54.55, 14044, 0.0
2021-05-14 08:55:00, 54.55, 54.665, 54.54, 54.665, 13920, 0.0
2021-05-14 09:00:00, 54.67, 54.7, 54.635, 54.67, 11492, 0.0
2021-05-14 09:05:00, 54.67, 54.695, 54.575, 54.675, 11191, 0.0
2021-05-14 09:10:00, 54.65, 54.975, 54.65, 54.96, 19090, 0.0
2021-05-14 09:15:00, 54.915, 54.985, 54.83, 54.93, 36923, 0.0
2021-05-14 09:20:00, 54.94, 54.95, 54.83, 54.88, 6983, 0.0
2021-05-14 09:25:00, 54.88, 55.045, 54.88, 55, 37190, 0.0
2021-05-14 09:30:00, 55, 55.1, 55, 55.07, 17116, 0.0
2021-05-14 09:35:00, 55.07, 55.08, 55.035, 55.06, 28113, 0.0
2021-05-14 09:40:00, 55.06, 55.08, 55.02, 55.03, 5846, 0.0
2021-05-14 09:45:00, 55.12, 55.215, 55.1, 55.215, 7277, 0.0
2021-05-14 09:50:00, 55.215, 55.215, 55.15, 55.195, 13597, 0.0
2021-05-14 09:55:00, 55.21, 55.225, 55.105, 55.225, 10154, 0.0
2021-05-14 10:00:00, 55.225, 55.24, 54.995, 55.06, 4613, 0.0
2021-05-14 10:05:00, 55.08, 55.13, 55.06, 55.11, 2475, 0.0
2021-05-14 10:10:00, 55.11, 55.18, 55.1, 55.165, 5007, 0.0
2021-05-14 10:15:00, 55.19, 55.25, 55.19, 55.21, 6924, 0.0
2021-05-14 10:20:00, 55.19, 55.2, 55.14, 55.2, 5231, 0.0
2021-05-14 10:25:00, 55.205, 55.3, 55.205, 55.3, 4146, 0.0
2021-05-14 10:30:00, 55.31, 55.31, 55.195, 55.245, 4143, 0.0
2021-05-14 10:35:00, 55.24, 55.3, 55.21, 55.3, 5205, 0.0
2021-05-14 10:40:00, 55.31, 55.37, 55.3, 55.35, 3299, 0.0
2021-05-14 10:45:00, 55.365, 55.41, 55.335, 55.355, 7206, 0.0
2021-05-14 10:50:00, 55.36, 55.385, 55.29, 55.29, 3902, 0.0
2021-05-14 10:55:00, 55.3, 55.32, 55.25, 55.25, 2444, 0.0
2021-05-14 11:00:00, 55.25, 55.38, 55.22, 55.375, 1784, 0.0
2021-05-14 11:05:00, 55.38, 55.435, 55.38, 55.41, 8228, 0.0
2021-05-14 11:10:00, 55.435, 55.525, 55.435, 55.47, 6584, 0.0
2021-05-14 11:15:00, 55.5, 55.5, 55.48, 55.49, 1910, 0.0
2021-05-14 11:20:00, 55.52, 55.52, 55.47, 55.5, 7716, 0.0
2021-05-14 11:25:00, 55.51, 55.515, 55.48, 55.5, 1153, 0.0
2021-05-14 11:30:00, 55.5, 55.525, 55.5, 55.5, 2583, 0.0
2021-05-14 11:35:00, 55.51, 55.51, 55.46, 55.47, 3918, 0.0
2021-05-14 11:40:00, 55.51, 55.51, 55.49, 55.5, 3042, 0.0
2021-05-14 11:45:00, 55.49, 55.59, 55.49, 55.59, 2606, 0.0
2021-05-14 11:50:00, 55.59, 55.59, 55.52, 55.53, 2398, 0.0
2021-05-14 11:55:00, 55.54, 55.575, 55.52, 55.52, 3811, 0.0
2021-05-14 12:00:00, 55.55, 55.55, 55.51, 55.51, 1446, 0.0
2021-05-14 12:05:00, 55.53, 55.55, 55.525, 55.525, 1684, 0.0
2021-05-14 12:10:00, 55.53, 55.55, 55.52, 55.54, 2919, 0.0
2021-05-14 12:15:00, 55.56, 55.595, 55.545, 55.59, 4044, 0.0
2021-05-14 12:20:00, 55.56, 55.585, 55.54, 55.555, 3405, 0.0
2021-05-14 12:25:00, 55.565, 55.605, 55.56, 55.59, 4365, 0.0
2021-05-14 12:30:00, 55.58, 55.62, 55.53, 55.53, 4244, 0.0
2021-05-14 12:35:00, 55.55, 55.56, 55.53, 55.53, 2796, 0.0
2021-05-14 12:40:00, 55.52, 55.56, 55.52, 55.52, 3842, 0.0
2021-05-14 12:45:00, 55.53, 55.545, 55.52, 55.52, 4002, 0.0
2021-05-14 12:50:00, 55.52, 55.575, 55.52, 55.54, 2562, 0.0
2021-05-14 12:55:00, 55.56, 55.63, 55.54, 55.58, 8573, 0.0
2021-05-14 13:00:00, 55.59, 55.62, 55.55, 55.62, 9712, 0.0
2021-05-14 13:05:00, 55.63, 55.64, 55.62, 55.62, 3281, 0.0
2021-05-14 13:10:00, 55.61, 55.675, 55.61, 55.675, 2689, 0.0
2021-05-14 13:15:00, 55.695, 55.71, 55.66, 55.685, 6667, 0.0
2021-05-14 13:20:00, 55.685, 55.685, 55.64, 55.67, 8454, 0.0
2021-05-14 13:25:00, 55.67, 55.7, 55.64, 55.7, 5178, 0.0
2021-05-14 13:30:00, 55.71, 55.74, 55.68, 55.69, 3641, 0.0
2021-05-14 13:35:00, 55.68, 55.7, 55.67, 55.67, 4048, 0.0
2021-05-14 13:40:00, 55.655, 55.71, 55.655, 55.685, 4375, 0.0
2021-05-14 13:45:00, 55.71, 55.77, 55.71, 55.75, 10153, 0.0
2021-05-14 13:50:00, 55.765, 55.82, 55.765, 55.82, 7541, 0.0
2021-05-14 13:55:00, 55.83, 55.845, 55.78, 55.8, 4927, 0.0
2021-05-14 14:00:00, 55.78, 55.78, 55.68, 55.72, 5326, 0.0
2021-05-14 14:05:00, 55.715, 55.715, 55.66, 55.665, 1412, 0.0
2021-05-14 14:10:00, 55.64, 55.655, 55.6, 55.655, 3069, 0.0
2021-05-14 14:15:00, 55.66, 55.68, 55.61, 55.61, 3053, 0.0
2021-05-14 14:20:00, 55.605, 55.63, 55.595, 55.62, 5679, 0.0
2021-05-14 14:25:00, 55.625, 55.63, 55.575, 55.63, 6304, 0.0
2021-05-14 14:30:00, 55.63, 55.63, 55.47, 55.535, 10272, 0.0
2021-05-14 14:35:00, 55.525, 55.575, 55.49, 55.555, 8967, 0.0
2021-05-14 14:40:00, 55.555, 55.555, 55.49, 55.52, 9424, 0.0
2021-05-14 14:45:00, 55.51, 55.56, 55.46, 55.55, 34379, 0.0
2021-05-14 14:50:00, 55.53, 55.595, 55.435, 55.58, 34517, 0.0
2021-05-14 14:55:00, 55.55, 55.55, 55.31, 55.31, 36766, 0.0
2021-05-17 08:30:00, 55.29, 55.89, 55.05, 55.19, 46459, 0.0
2021-05-17 08:35:00, 55.22, 55.34, 55.1, 55.34, 6510, 0.0
2021-05-17 08:40:00, 55.34, 55.34, 55.03, 55.03, 2379, 0.0
2021-05-17 08:45:00, 55.05, 55.27, 55.02, 55.21, 9155, 0.0
2021-05-17 08:50:00, 55.17, 55.17, 54.92, 54.94, 7704, 0.0
2021-05-17 08:55:00, 54.91, 54.975, 54.84, 54.91, 4456, 0.0
2021-05-17 09:00:00, 54.9, 54.9, 54.79, 54.85, 9249, 0.0
2021-05-17 09:05:00, 54.89, 54.985, 54.89, 54.93, 5053, 0.0
2021-05-17 09:10:00, 54.92, 55.145, 54.92, 55.05, 10744, 0.0
2021-05-17 09:15:00, 55.07, 55.315, 55.04, 55.315, 5413, 0.0
2021-05-17 09:20:00, 55.32, 55.43, 55.32, 55.405, 9177, 0.0
2021-05-17 09:25:00, 55.41, 55.5, 55.32, 55.33, 11361, 0.0
2021-05-17 09:30:00, 55.3, 55.335, 55.16, 55.22, 9302, 0.0
2021-05-17 09:35:00, 55.18, 55.52, 55.18, 55.48, 7045, 0.0
2021-05-17 09:40:00, 55.48, 55.54, 55.375, 55.375, 2480, 0.0
2021-05-17 09:45:00, 55.39, 55.39, 55.29, 55.31, 3034, 0.0
2021-05-17 09:50:00, 55.395, 55.425, 55.31, 55.355, 6611, 0.0
2021-05-17 09:55:00, 55.31, 55.35, 55.22, 55.31, 4627, 0.0
2021-05-17 10:00:00, 55.35, 55.35, 55.21, 55.22, 3627, 0.0
2021-05-17 10:05:00, 55.19, 55.215, 55.11, 55.11, 2818, 0.0
2021-05-17 10:10:00, 55.1, 55.23, 55.01, 55.23, 3628, 0.0
2021-05-17 10:15:00, 55.2, 55.32, 55.18, 55.23, 1909, 0.0
2021-05-17 10:20:00, 55.25, 55.33, 55.24, 55.24, 3238, 0.0
2021-05-17 10:25:00, 55.23, 55.24, 55.2, 55.23, 2725, 0.0
2021-05-17 10:30:00, 55.23, 55.26, 55.14, 55.17, 3827, 0.0
2021-05-17 10:35:00, 55.18, 55.21, 55.17, 55.18, 6149, 0.0
2021-05-17 10:40:00, 55.195, 55.25, 55.16, 55.25, 5457, 0.0
2021-05-17 10:45:00, 55.24, 55.3, 55.16, 55.17, 3862, 0.0
2021-05-17 10:50:00, 55.17, 55.17, 55.07, 55.11, 3795, 0.0
2021-05-17 10:55:00, 55.1, 55.16, 55.09, 55.15, 3733, 0.0
2021-05-17 11:00:00, 55.11, 55.15, 55.07, 55.14, 2994, 0.0
2021-05-17 11:05:00, 55.14, 55.15, 55.07, 55.07, 2504, 0.0
2021-05-17 11:10:00, 55.07, 55.155, 55.07, 55.12, 8319, 0.0
2021-05-17 11:15:00, 55.09, 55.15, 55.07, 55.14, 2848, 0.0
2021-05-17 11:20:00, 55.15, 55.165, 55.13, 55.155, 3336, 0.0
2021-05-17 11:25:00, 55.16, 55.17, 55.125, 55.14, 4991, 0.0
2021-05-17 11:30:00, 55.13, 55.13, 55.08, 55.11, 1209, 0.0
2021-05-17 11:35:00, 55.12, 55.22, 55.11, 55.2, 1988, 0.0
2021-05-17 11:40:00, 55.2, 55.23, 55.2, 55.21, 1707, 0.0
2021-05-17 11:45:00, 55.2, 55.25, 55.17, 55.17, 2438, 0.0
2021-05-17 11:50:00, 55.17, 55.17, 55.12, 55.12, 854, 0.0
2021-05-17 11:55:00, 55.12, 55.12, 55.07, 55.07, 1252, 0.0
2021-05-17 12:00:00, 55.09, 55.125, 55.09, 55.125, 1099, 0.0
2021-05-17 12:05:00, 55.13, 55.14, 55.105, 55.13, 8502, 0.0
2021-05-17 12:10:00, 55.12, 55.14, 55.03, 55.07, 4904, 0.0
2021-05-17 12:15:00, 55.05, 55.06, 55, 55.01, 3957, 0.0
2021-05-17 12:20:00, 55.03, 55.03, 54.92, 54.96, 5429, 0.0
2021-05-17 12:25:00, 54.95, 54.97, 54.94, 54.95, 3055, 0.0
2021-05-17 12:30:00, 54.95, 54.96, 54.88, 54.9, 3942, 0.0
2021-05-17 12:35:00, 54.92, 54.94, 54.9, 54.91, 2112, 0.0
2021-05-17 12:40:00, 54.9, 54.9, 54.82, 54.83, 5159, 0.0
2021-05-17 12:45:00, 54.84, 54.92, 54.84, 54.92, 2618, 0.0
2021-05-17 12:50:00, 54.89, 54.92, 54.88, 54.89, 2847, 0.0
2021-05-17 12:55:00, 54.89, 54.98, 54.89, 54.96, 5066, 0.0
2021-05-17 13:00:00, 54.94, 54.95, 54.91, 54.93, 2233, 0.0
2021-05-17 13:05:00, 54.93, 54.95, 54.92, 54.94, 2192, 0.0
2021-05-17 13:10:00, 54.945, 54.97, 54.895, 54.9, 6299, 0.0
2021-05-17 13:15:00, 54.87, 54.9, 54.865, 54.9, 3041, 0.0
2021-05-17 13:20:00, 54.9, 54.96, 54.9, 54.92, 3760, 0.0
2021-05-17 13:25:00, 54.93, 54.96, 54.915, 54.96, 3163, 0.0
2021-05-17 13:30:00, 54.97, 55.065, 54.97, 55.01, 5631, 0.0
2021-05-17 13:35:00, 55.015, 55.02, 54.96, 54.965, 7285, 0.0
2021-05-17 13:40:00, 54.965, 54.985, 54.955, 54.97, 2805, 0.0
2021-05-17 13:45:00, 54.97, 55.03, 54.95, 55.03, 2366, 0.0
2021-05-17 13:50:00, 55.02, 55.13, 55.02, 55.12, 2392, 0.0
2021-05-17 13:55:00, 55.12, 55.16, 55.11, 55.16, 2259, 0.0
2021-05-17 14:00:00, 55.13, 55.245, 55.12, 55.24, 3081, 0.0
2021-05-17 14:05:00, 55.235, 55.3, 55.235, 55.3, 3843, 0.0
2021-05-17 14:10:00, 55.28, 55.34, 55.28, 55.32, 3433, 0.0
2021-05-17 14:15:00, 55.31, 55.33, 55.24, 55.24, 2947, 0.0
2021-05-17 14:20:00, 55.235, 55.235, 55.17, 55.17, 1435, 0.0
2021-05-17 14:25:00, 55.175, 55.18, 55.12, 55.165, 2329, 0.0
2021-05-17 14:30:00, 55.175, 55.23, 55.145, 55.195, 7475, 0.0
2021-05-17 14:35:00, 55.195, 55.195, 55.13, 55.13, 5836, 0.0
2021-05-17 14:40:00, 55.14, 55.24, 55.14, 55.24, 5697, 0.0
2021-05-17 14:45:00, 55.22, 55.28, 55.19, 55.19, 9396, 0.0
2021-05-17 14:50:00, 55.21, 55.3, 55.21, 55.27, 10596, 0.0
2021-05-17 14:55:00, 55.265, 55.33, 55.235, 55.32, 15576, 0.0
2021-05-18 07:50:00, 55.51, 55.51, 55.51, 55.51, 100, 0.0
2021-05-18 08:30:00, 55.97, 56.015, 55.81, 55.84, 38124, 0.0
2021-05-18 08:35:00, 55.775, 55.96, 55.72, 55.96, 12452, 0.0
2021-05-18 08:40:00, 55.96, 56.11, 55.91, 56.025, 15670, 0.0
2021-05-18 08:45:00, 55.98, 56.08, 55.79, 55.83, 14956, 0.0
2021-05-18 08:50:00, 55.8, 55.8, 55.64, 55.68, 7801, 0.0
2021-05-18 08:55:00, 55.68, 55.685, 55.6, 55.61, 4624, 0.0
2021-05-18 09:00:00, 55.56, 55.63, 55.44, 55.54, 7129, 0.0
2021-05-18 09:05:00, 55.495, 55.645, 55.48, 55.62, 4270, 0.0
2021-05-18 09:10:00, 55.63, 55.63, 55.51, 55.58, 5963, 0.0
2021-05-18 09:15:00, 55.56, 55.61, 55.52, 55.52, 6625, 0.0
2021-05-18 09:20:00, 55.53, 55.69, 55.53, 55.635, 9237, 0.0
2021-05-18 09:25:00, 55.6, 55.63, 55.54, 55.63, 4935, 0.0
2021-05-18 09:30:00, 55.61, 55.74, 55.61, 55.72, 7210, 0.0
2021-05-18 09:35:00, 55.71, 55.745, 55.66, 55.66, 8176, 0.0
2021-05-18 09:40:00, 55.65, 55.66, 55.6, 55.625, 5520, 0.0
2021-05-18 09:45:00, 55.635, 55.69, 55.58, 55.64, 10059, 0.0
2021-05-18 09:50:00, 55.65, 55.66, 55.525, 55.53, 8650, 0.0
2021-05-18 09:55:00, 55.525, 55.585, 55.5, 55.575, 21904, 0.0
2021-05-18 10:00:00, 55.575, 55.625, 55.52, 55.625, 7695, 0.0
2021-05-18 10:05:00, 55.6, 55.63, 55.585, 55.625, 24729, 0.0
2021-05-18 10:10:00, 55.625, 55.625, 55.53, 55.53, 5881, 0.0
2021-05-18 10:15:00, 55.535, 55.58, 55.5, 55.505, 4015, 0.0
2021-05-18 10:20:00, 55.51, 55.52, 55.455, 55.5, 4937, 0.0
2021-05-18 10:25:00, 55.48, 55.49, 55.445, 55.46, 3057, 0.0
2021-05-18 10:30:00, 55.43, 55.43, 55.33, 55.33, 6792, 0.0
2021-05-18 10:35:00, 55.31, 55.375, 55.31, 55.33, 15492, 0.0
2021-05-18 10:40:00, 55.355, 55.41, 55.33, 55.41, 2510, 0.0
2021-05-18 10:45:00, 55.42, 55.48, 55.4, 55.475, 2089, 0.0
2021-05-18 10:50:00, 55.485, 55.49, 55.41, 55.42, 2338, 0.0
2021-05-18 10:55:00, 55.425, 55.43, 55.38, 55.39, 5197, 0.0
2021-05-18 11:00:00, 55.395, 55.43, 55.38, 55.43, 2052, 0.0
2021-05-18 11:05:00, 55.405, 55.425, 55.4, 55.42, 1248, 0.0
2021-05-18 11:10:00, 55.41, 55.44, 55.41, 55.41, 2161, 0.0
2021-05-18 11:15:00, 55.41, 55.41, 55.36, 55.37, 3597, 0.0
2021-05-18 11:20:00, 55.415, 55.42, 55.36, 55.41, 6276, 0.0
2021-05-18 11:25:00, 55.425, 55.49, 55.425, 55.465, 6378, 0.0
2021-05-18 11:30:00, 55.475, 55.525, 55.465, 55.515, 4442, 0.0
2021-05-18 11:35:00, 55.505, 55.51, 55.47, 55.485, 4305, 0.0
2021-05-18 11:40:00, 55.485, 55.49, 55.46, 55.48, 12835, 0.0
2021-05-18 11:45:00, 55.49, 55.515, 55.47, 55.475, 3376, 0.0
2021-05-18 11:50:00, 55.45, 55.49, 55.45, 55.46, 6718, 0.0
2021-05-18 11:55:00, 55.48, 55.49, 55.44, 55.44, 2746, 0.0
2021-05-18 12:00:00, 55.44, 55.45, 55.41, 55.43, 3194, 0.0
2021-05-18 12:05:00, 55.41, 55.41, 55.365, 55.395, 3218, 0.0
2021-05-18 12:10:00, 55.385, 55.44, 55.385, 55.43, 3117, 0.0
2021-05-18 12:15:00, 55.43, 55.445, 55.38, 55.39, 2626, 0.0
2021-05-18 12:20:00, 55.39, 55.44, 55.385, 55.44, 3026, 0.0
2021-05-18 12:25:00, 55.43, 55.485, 55.43, 55.485, 3432, 0.0
2021-05-18 12:30:00, 55.48, 55.5, 55.45, 55.47, 4504, 0.0
2021-05-18 12:35:00, 55.47, 55.5, 55.45, 55.45, 4293, 0.0
2021-05-18 12:40:00, 55.45, 55.45, 55.375, 55.385, 4163, 0.0
2021-05-18 12:45:00, 55.39, 55.44, 55.36, 55.37, 2395, 0.0
2021-05-18 12:50:00, 55.4, 55.405, 55.36, 55.365, 3650, 0.0
2021-05-18 12:55:00, 55.365, 55.41, 55.365, 55.41, 2276, 0.0
2021-05-18 13:00:00, 55.4, 55.415, 55.36, 55.37, 4438, 0.0
2021-05-18 13:05:00, 55.375, 55.405, 55.375, 55.395, 3248, 0.0
2021-05-18 13:10:00, 55.385, 55.41, 55.37, 55.41, 1844, 0.0
2021-05-18 13:15:00, 55.41, 55.45, 55.41, 55.42, 3805, 0.0
2021-05-18 13:20:00, 55.45, 55.47, 55.35, 55.36, 4064, 0.0
2021-05-18 13:25:00, 55.35, 55.385, 55.34, 55.355, 8710, 0.0
2021-05-18 13:30:00, 55.375, 55.38, 55.25, 55.25, 4924, 0.0
2021-05-18 13:35:00, 55.25, 55.255, 55.2, 55.21, 5846, 0.0
2021-05-18 13:40:00, 55.2, 55.2, 55.11, 55.135, 3390, 0.0
2021-05-18 13:45:00, 55.15, 55.15, 55.06, 55.105, 5039, 0.0
2021-05-18 13:50:00, 55.09, 55.165, 55.09, 55.145, 5571, 0.0
2021-05-18 13:55:00, 55.13, 55.17, 55.12, 55.17, 3854, 0.0
2021-05-18 14:00:00, 55.17, 55.2, 55.15, 55.2, 4857, 0.0
2021-05-18 14:05:00, 55.205, 55.205, 55.15, 55.175, 2389, 0.0
2021-05-18 14:10:00, 55.175, 55.21, 55.14, 55.14, 3632, 0.0
2021-05-18 14:15:00, 55.165, 55.195, 55.145, 55.195, 3519, 0.0
2021-05-18 14:20:00, 55.205, 55.24, 55.18, 55.21, 3688, 0.0
2021-05-18 14:25:00, 55.225, 55.24, 55.19, 55.2, 6333, 0.0
2021-05-18 14:30:00, 55.2, 55.26, 55.2, 55.245, 6533, 0.0
2021-05-18 14:35:00, 55.265, 55.265, 55.185, 55.22, 3758, 0.0
2021-05-18 14:40:00, 55.23, 55.25, 55.2, 55.22, 6399, 0.0
2021-05-18 14:45:00, 55.225, 55.235, 55.055, 55.075, 11988, 0.0
2021-05-18 14:50:00, 55.05, 55.08, 54.89, 54.91, 22059, 0.0
2021-05-18 14:55:00, 54.89, 54.95, 54.81, 54.81, 26252, 0.0
2021-05-19 08:30:00, 54, 54.11, 53.87, 54.1, 23561, 0.0
2021-05-19 08:35:00, 54.11, 54.2, 53.965, 53.99, 8417, 0.0
2021-05-19 08:40:00, 53.99, 54.33, 53.87, 54.26, 18131, 0.0
2021-05-19 08:45:00, 54.27, 54.335, 54.135, 54.135, 16118, 0.0
2021-05-19 08:50:00, 54.16, 54.28, 54.16, 54.24, 22342, 0.0
2021-05-19 08:55:00, 54.19, 54.31, 54.105, 54.23, 11475, 0.0
2021-05-19 09:00:00, 54.21, 54.345, 54, 54, 6575, 0.0
2021-05-19 09:05:00, 54, 54.23, 54, 54.22, 5556, 0.0
2021-05-19 09:10:00, 54.2, 54.31, 54.19, 54.2, 2766, 0.0
2021-05-19 09:15:00, 54.16, 54.29, 54.12, 54.27, 5747, 0.0
2021-05-19 09:20:00, 54.26, 54.3, 54.18, 54.29, 8963, 0.0
2021-05-19 09:25:00, 54.24, 54.34, 54.24, 54.32, 8492, 0.0
2021-05-19 09:30:00, 54.31, 54.325, 54.23, 54.24, 3403, 0.0
2021-05-19 09:35:00, 54.245, 54.28, 54.18, 54.195, 2208, 0.0
2021-05-19 09:40:00, 54.15, 54.3, 54.14, 54.3, 3927, 0.0
2021-05-19 09:45:00, 54.33, 54.51, 54.33, 54.46, 7666, 0.0
2021-05-19 09:50:00, 54.45, 54.64, 54.45, 54.63, 8871, 0.0
2021-05-19 09:55:00, 54.61, 54.72, 54.57, 54.68, 5887, 0.0
2021-05-19 10:00:00, 54.68, 54.7, 54.58, 54.6, 4894, 0.0
2021-05-19 10:05:00, 54.615, 54.86, 54.605, 54.82, 4238, 0.0
2021-05-19 10:10:00, 54.79, 55.02, 54.79, 54.945, 9321, 0.0
2021-05-19 10:15:00, 54.95, 54.95, 54.87, 54.92, 3557, 0.0
2021-05-19 10:20:00, 54.89, 55.06, 54.89, 55.04, 6319, 0.0
2021-05-19 10:25:00, 54.905, 54.905, 54.85, 54.895, 1419, 0.0
2021-05-19 10:30:00, 54.87, 54.87, 54.76, 54.76, 4482, 0.0
2021-05-19 10:35:00, 54.76, 54.83, 54.75, 54.83, 2860, 0.0
2021-05-19 10:40:00, 54.84, 54.84, 54.765, 54.785, 5065, 0.0
2021-05-19 10:45:00, 54.815, 54.815, 54.73, 54.75, 4326, 0.0
2021-05-19 10:50:00, 54.75, 54.815, 54.75, 54.79, 2874, 0.0
2021-05-19 10:55:00, 54.82, 54.89, 54.82, 54.84, 2214, 0.0
2021-05-19 11:00:00, 54.85, 54.85, 54.79, 54.8, 2116, 0.0
2021-05-19 11:05:00, 54.82, 54.86, 54.82, 54.85, 2612, 0.0
2021-05-19 11:10:00, 54.86, 54.91, 54.86, 54.885, 1184, 0.0
2021-05-19 11:15:00, 54.94, 54.98, 54.92, 54.98, 2405, 0.0
2021-05-19 11:20:00, 54.96, 55.14, 54.88, 55.14, 6377, 0.0
2021-05-19 11:25:00, 55.13, 55.14, 55.03, 55.06, 3560, 0.0
2021-05-19 11:30:00, 55.11, 55.11, 55.08, 55.08, 1780, 0.0
2021-05-19 11:35:00, 55.075, 55.1, 55.03, 55.05, 2059, 0.0
2021-05-19 11:40:00, 55.08, 55.125, 55.02, 55.03, 767, 0.0
2021-05-19 11:45:00, 55.06, 55.07, 55.035, 55.05, 2851, 0.0
2021-05-19 11:50:00, 55.03, 55.04, 55.025, 55.025, 779, 0.0
2021-05-19 11:55:00, 55.05, 55.09, 55.02, 55.03, 1960, 0.0
2021-05-19 12:00:00, 55.05, 55.09, 55.035, 55.08, 2700, 0.0
2021-05-19 12:05:00, 55.1, 55.16, 55.08, 55.105, 5583, 0.0
2021-05-19 12:10:00, 55.09, 55.2, 55.09, 55.15, 2916, 0.0
2021-05-19 12:15:00, 55.16, 55.165, 55.11, 55.11, 2084, 0.0
2021-05-19 12:20:00, 55.12, 55.12, 55.06, 55.06, 2801, 0.0
2021-05-19 12:25:00, 55.045, 55.125, 55.045, 55.125, 1650, 0.0
2021-05-19 12:30:00, 55.095, 55.095, 55.03, 55.05, 1316, 0.0
2021-05-19 12:35:00, 55.02, 55.02, 54.98, 55.015, 2955, 0.0
2021-05-19 12:40:00, 55.02, 55.025, 54.99, 55.02, 1528, 0.0
2021-05-19 12:45:00, 55.01, 55.065, 55, 55.065, 1178, 0.0
2021-05-19 12:50:00, 55.08, 55.12, 55.07, 55.11, 1275, 0.0
2021-05-19 12:55:00, 55.17, 55.17, 55.09, 55.09, 2288, 0.0
2021-05-19 13:00:00, 55.085, 55.24, 55.03, 55.03, 4285, 0.0
2021-05-19 13:05:00, 54.96, 55.03, 54.92, 55.01, 2363, 0.0
2021-05-19 13:10:00, 55.055, 55.08, 54.95, 55.06, 1078, 0.0
2021-05-19 13:15:00, 54.91, 55.04, 54.89, 55.04, 1613, 0.0
2021-05-19 13:20:00, 55.05, 55.42, 55.05, 55.35, 5521, 0.0
2021-05-19 13:25:00, 55.32, 55.34, 55.26, 55.34, 801, 0.0
2021-05-19 13:30:00, 55.33, 55.43, 55.22, 55.235, 10767, 0.0
2021-05-19 13:35:00, 55.225, 55.23, 55.04, 55.06, 1971, 0.0
2021-05-19 13:40:00, 55.04, 55.04, 54.98, 54.99, 2500, 0.0
2021-05-19 13:45:00, 54.96, 54.97, 54.92, 54.92, 2799, 0.0
2021-05-19 13:50:00, 54.94, 54.98, 54.92, 54.98, 2818, 0.0
2021-05-19 13:55:00, 54.975, 55.075, 54.93, 55.04, 3005, 0.0
2021-05-19 14:00:00, 54.95, 54.97, 54.855, 54.97, 4148, 0.0
2021-05-19 14:05:00, 54.965, 55.08, 54.965, 55.08, 3063, 0.0
2021-05-19 14:10:00, 55.055, 55.155, 55.055, 55.09, 5136, 0.0
2021-05-19 14:15:00, 55.085, 55.16, 55.085, 55.11, 2938, 0.0
2021-05-19 14:20:00, 55.1, 55.21, 55.03, 55.17, 3683, 0.0
2021-05-19 14:25:00, 55.2, 55.26, 55.15, 55.22, 3352, 0.0
2021-05-19 14:30:00, 55.19, 55.19, 55.05, 55.09, 2108, 0.0
2021-05-19 14:35:00, 55.1, 55.1, 55.05, 55.07, 2595, 0.0
2021-05-19 14:40:00, 55.06, 55.075, 54.96, 54.96, 4748, 0.0
2021-05-19 14:45:00, 54.95, 54.96, 54.84, 54.89, 8557, 0.0
2021-05-19 14:50:00, 54.89, 55.235, 54.89, 55.22, 18069, 0.0
2021-05-19 14:55:00, 55.22, 55.41, 55.19, 55.4, 28200, 0.0
2021-05-20 07:15:00, 55.21, 55.21, 55.21, 55.21, 243, 0.0
2021-05-20 07:55:00, 55.48, 55.48, 55.48, 55.48, 157, 0.0
2021-05-20 08:20:00, 55.58, 55.58, 55.58, 55.58, 583, 0.0
2021-05-20 08:30:00, 55.57, 55.7, 55.39, 55.685, 22338, 0.0
2021-05-20 08:35:00, 55.665, 55.73, 55.65, 55.65, 7149, 0.0
2021-05-20 08:40:00, 55.685, 56, 55.655, 55.78, 17741, 0.0
2021-05-20 08:45:00, 55.76, 55.925, 55.755, 55.81, 7819, 0.0
2021-05-20 08:50:00, 55.88, 55.9, 55.75, 55.8, 3970, 0.0
2021-05-20 08:55:00, 55.8, 55.885, 55.625, 55.625, 4407, 0.0
2021-05-20 09:00:00, 55.645, 55.76, 55.63, 55.75, 8744, 0.0
2021-05-20 09:05:00, 55.745, 55.745, 55.63, 55.64, 5216, 0.0
2021-05-20 09:10:00, 55.64, 55.66, 55.61, 55.635, 3127, 0.0
2021-05-20 09:15:00, 55.63, 55.63, 55.5, 55.55, 12243, 0.0
2021-05-20 09:20:00, 55.55, 55.555, 55.435, 55.48, 7438, 0.0
2021-05-20 09:25:00, 55.48, 55.51, 55.43, 55.46, 10278, 0.0
2021-05-20 09:30:00, 55.465, 55.55, 55.46, 55.545, 8172, 0.0
2021-05-20 09:35:00, 55.55, 55.57, 55.515, 55.56, 7062, 0.0
2021-05-20 09:40:00, 55.575, 55.635, 55.555, 55.605, 7799, 0.0
2021-05-20 09:45:00, 55.605, 55.665, 55.605, 55.605, 11429, 0.0
2021-05-20 09:50:00, 55.61, 55.745, 55.61, 55.67, 3520, 0.0
2021-05-20 09:55:00, 55.65, 55.68, 55.58, 55.61, 7067, 0.0
2021-05-20 10:00:00, 55.59, 55.765, 55.59, 55.745, 3974, 0.0
2021-05-20 10:05:00, 55.755, 55.805, 55.74, 55.79, 4156, 0.0
2021-05-20 10:10:00, 55.78, 55.83, 55.755, 55.76, 5928, 0.0
2021-05-20 10:15:00, 55.755, 55.795, 55.75, 55.795, 8248, 0.0
2021-05-20 10:20:00, 55.795, 55.835, 55.775, 55.81, 5847, 0.0
2021-05-20 10:25:00, 55.805, 55.94, 55.795, 55.94, 5910, 0.0
2021-05-20 10:30:00, 55.93, 55.935, 55.86, 55.92, 8880, 0.0
2021-05-20 10:35:00, 55.97, 55.975, 55.89, 55.96, 5869, 0.0
2021-05-20 10:40:00, 55.98, 56.105, 55.98, 56.085, 8181, 0.0
2021-05-20 10:45:00, 56.1, 56.115, 56.05, 56.075, 7646, 0.0
2021-05-20 10:50:00, 56.08, 56.13, 56.075, 56.09, 5601, 0.0
2021-05-20 10:55:00, 56.105, 56.115, 56.02, 56.02, 1968, 0.0
2021-05-20 11:00:00, 56.035, 56.035, 55.935, 55.965, 5236, 0.0
2021-05-20 11:05:00, 55.965, 55.965, 55.895, 55.895, 4640, 0.0
2021-05-20 11:10:00, 55.9, 55.955, 55.9, 55.93, 4760, 0.0
2021-05-20 11:15:00, 55.93, 56.01, 55.91, 55.98, 2875, 0.0
2021-05-20 11:20:00, 56.005, 56.005, 55.925, 55.93, 17536, 0.0
2021-05-20 11:25:00, 55.945, 55.98, 55.92, 55.95, 8317, 0.0
2021-05-20 11:30:00, 55.945, 56.005, 55.94, 55.97, 4058, 0.0
2021-05-20 11:35:00, 55.95, 55.955, 55.87, 55.94, 4000, 0.0
2021-05-20 11:40:00, 55.905, 55.935, 55.875, 55.875, 2271, 0.0
2021-05-20 11:45:00, 55.885, 55.945, 55.885, 55.935, 1689, 0.0
2021-05-20 11:50:00, 55.96, 56.01, 55.96, 55.98, 1526, 0.0
2021-05-20 11:55:00, 55.97, 55.97, 55.935, 55.95, 5723, 0.0
2021-05-20 12:00:00, 55.945, 56, 55.945, 55.995, 2399, 0.0
2021-05-20 12:05:00, 56.005, 56.04, 55.98, 56.04, 4039, 0.0
2021-05-20 12:10:00, 56.04, 56.06, 56.015, 56.02, 4959, 0.0
2021-05-20 12:15:00, 56.04, 56.04, 56.005, 56.02, 2147, 0.0
2021-05-20 12:20:00, 56.005, 56.1, 56.005, 56.1, 4024, 0.0
2021-05-20 12:25:00, 56.1, 56.1, 56.05, 56.06, 3214, 0.0
2021-05-20 12:30:00, 56.06, 56.135, 56.06, 56.135, 2219, 0.0
2021-05-20 12:35:00, 56.12, 56.12, 56.095, 56.095, 1241, 0.0
2021-05-20 12:40:00, 56.105, 56.115, 56.075, 56.1, 2857, 0.0
2021-05-20 12:45:00, 56.09, 56.12, 56.085, 56.12, 3591, 0.0
2021-05-20 12:50:00, 56.1, 56.12, 55.97, 56.01, 3943, 0.0
2021-05-20 12:55:00, 55.99, 56.03, 55.955, 56.02, 2272, 0.0
2021-05-20 13:00:00, 56.04, 56.06, 56.02, 56.035, 1620, 0.0
2021-05-20 13:05:00, 56.03, 56.055, 56.03, 56.055, 1984, 0.0
2021-05-20 13:10:00, 56.06, 56.075, 56.03, 56.045, 6358, 0.0
2021-05-20 13:15:00, 56.045, 56.055, 55.99, 56.02, 3487, 0.0
2021-05-20 13:20:00, 56.02, 56.045, 56.015, 56.035, 2488, 0.0
2021-05-20 13:25:00, 56.04, 56.09, 56.01, 56.09, 5852, 0.0
2021-05-20 13:30:00, 56.1, 56.13, 56.075, 56.085, 5468, 0.0
2021-05-20 13:35:00, 56.07, 56.1, 56.07, 56.085, 1127, 0.0
2021-05-20 13:40:00, 56.085, 56.105, 56.075, 56.1, 1956, 0.0
2021-05-20 13:45:00, 56.09, 56.115, 56.07, 56.11, 3535, 0.0
2021-05-20 13:50:00, 56.115, 56.18, 56.1, 56.18, 3747, 0.0
2021-05-20 13:55:00, 56.165, 56.17, 56.12, 56.15, 2945, 0.0
2021-05-20 14:00:00, 56.12, 56.15, 56.07, 56.125, 3870, 0.0
2021-05-20 14:05:00, 56.11, 56.14, 56.105, 56.14, 3768, 0.0
2021-05-20 14:10:00, 56.14, 56.185, 56.14, 56.16, 5229, 0.0
2021-05-20 14:15:00, 56.155, 56.175, 56.135, 56.175, 3422, 0.0
2021-05-20 14:20:00, 56.18, 56.23, 56.18, 56.23, 4983, 0.0
2021-05-20 14:25:00, 56.22, 56.23, 56.185, 56.22, 6053, 0.0
2021-05-20 14:30:00, 56.215, 56.215, 56.14, 56.14, 8337, 0.0
2021-05-20 14:35:00, 56.13, 56.175, 56.09, 56.09, 13105, 0.0
2021-05-20 14:40:00, 56.1, 56.1, 56.03, 56.08, 10322, 0.0
2021-05-20 14:45:00, 56.08, 56.11, 56.02, 56.035, 13048, 0.0
2021-05-20 14:50:00, 56.035, 56.07, 55.95, 56.06, 32413, 0.0
2021-05-20 14:55:00, 56.035, 56.045, 55.875, 55.975, 42636, 0.0
2021-05-21 07:55:00, 56.25, 56.25, 56.25, 56.25, 184, 0.0
2021-05-21 08:25:00, 56.31, 56.34, 56.31, 56.34, 1301, 0.0
2021-05-21 08:30:00, 56.42, 56.67, 56.25, 56.47, 27370, 0.0
2021-05-21 08:35:00, 56.5, 56.63, 56.39, 56.45, 14992, 0.0
2021-05-21 08:40:00, 56.45, 56.54, 56.36, 56.39, 6127, 0.0
2021-05-21 08:45:00, 56.43, 56.49, 56.37, 56.47, 5705, 0.0
2021-05-21 08:50:00, 56.5, 56.55, 56.45, 56.55, 3426, 0.0
2021-05-21 08:55:00, 56.58, 56.65, 56.58, 56.62, 3595, 0.0
2021-05-21 09:00:00, 56.63, 56.69, 56.61, 56.61, 8358, 0.0
2021-05-21 09:05:00, 56.59, 56.6, 56.4, 56.46, 6283, 0.0
2021-05-21 09:10:00, 56.465, 56.6, 56.465, 56.58, 7056, 0.0
2021-05-21 09:15:00, 56.53, 56.53, 56.39, 56.4, 8303, 0.0
2021-05-21 09:20:00, 56.35, 56.48, 56.33, 56.42, 4456, 0.0
2021-05-21 09:25:00, 56.435, 56.47, 56.36, 56.37, 5339, 0.0
2021-05-21 09:30:00, 56.35, 56.47, 56.35, 56.46, 7984, 0.0
2021-05-21 09:35:00, 56.45, 56.475, 56.28, 56.34, 12853, 0.0
2021-05-21 09:40:00, 56.33, 56.35, 56.28, 56.28, 9130, 0.0
2021-05-21 09:45:00, 56.28, 56.28, 56.2, 56.2, 7047, 0.0
2021-05-21 09:50:00, 56.23, 56.23, 56.135, 56.145, 5282, 0.0
2021-05-21 09:55:00, 56.155, 56.205, 56.12, 56.2, 4923, 0.0
2021-05-21 10:00:00, 56.27, 56.28, 56.17, 56.185, 3666, 0.0
2021-05-21 10:05:00, 56.19, 56.29, 56.19, 56.29, 2346, 0.0
2021-05-21 10:10:00, 56.29, 56.29, 56.23, 56.24, 3728, 0.0
2021-05-21 10:15:00, 56.22, 56.26, 56.21, 56.26, 2821, 0.0
2021-05-21 10:20:00, 56.265, 56.28, 56.22, 56.25, 3130, 0.0
2021-05-21 10:25:00, 56.245, 56.27, 56.1, 56.1, 5619, 0.0
2021-05-21 10:30:00, 56.09, 56.2, 56.09, 56.2, 777, 0.0
2021-05-21 10:35:00, 56.2, 56.2, 56.12, 56.15, 5539, 0.0
2021-05-21 10:40:00, 56.17, 56.215, 56.12, 56.215, 2683, 0.0
2021-05-21 10:45:00, 56.195, 56.2, 56.15, 56.175, 1053, 0.0
2021-05-21 10:50:00, 56.15, 56.205, 56.11, 56.11, 3375, 0.0
2021-05-21 10:55:00, 56.105, 56.12, 56.04, 56.12, 3775, 0.0
2021-05-21 11:00:00, 56.12, 56.18, 56.1, 56.14, 2711, 0.0
2021-05-21 11:05:00, 56.15, 56.15, 56.04, 56.06, 3198, 0.0
2021-05-21 11:10:00, 56.08, 56.14, 56.08, 56.11, 4191, 0.0
2021-05-21 11:15:00, 56.13, 56.14, 56.09, 56.11, 2877, 0.0
2021-05-21 11:20:00, 56.12, 56.145, 56.11, 56.11, 1915, 0.0
2021-05-21 11:25:00, 56.13, 56.13, 56.065, 56.11, 2311, 0.0
2021-05-21 11:30:00, 56.11, 56.15, 56.11, 56.13, 2051, 0.0
2021-05-21 11:35:00, 56.14, 56.18, 56.11, 56.145, 3808, 0.0
2021-05-21 11:40:00, 56.145, 56.16, 56.13, 56.155, 4188, 0.0
2021-05-21 11:45:00, 56.155, 56.17, 56.11, 56.17, 3957, 0.0
2021-05-21 11:50:00, 56.155, 56.155, 56.03, 56.03, 3985, 0.0
2021-05-21 11:55:00, 56.03, 56.115, 55.985, 56.115, 3514, 0.0
2021-05-21 12:00:00, 56.115, 56.13, 56.105, 56.115, 1417, 0.0
2021-05-21 12:05:00, 56.125, 56.135, 56.12, 56.12, 1408, 0.0
2021-05-21 12:10:00, 56.14, 56.14, 56.105, 56.11, 768, 0.0
2021-05-21 12:15:00, 56.11, 56.12, 56.07, 56.07, 1612, 0.0
2021-05-21 12:20:00, 56.11, 56.23, 56.11, 56.2, 4715, 0.0
2021-05-21 12:25:00, 56.205, 56.205, 56.18, 56.2, 2386, 0.0
2021-05-21 12:30:00, 56.215, 56.29, 56.215, 56.29, 2267, 0.0
2021-05-21 12:35:00, 56.29, 56.29, 56.235, 56.24, 1461, 0.0
2021-05-21 12:40:00, 56.245, 56.28, 56.245, 56.255, 4703, 0.0
2021-05-21 12:45:00, 56.28, 56.28, 56.255, 56.26, 3899, 0.0
2021-05-21 12:50:00, 56.265, 56.265, 56.23, 56.24, 1969, 0.0
2021-05-21 12:55:00, 56.21, 56.24, 56.21, 56.24, 1070, 0.0
2021-05-21 13:00:00, 56.25, 56.25, 56.17, 56.21, 2589, 0.0
2021-05-21 13:05:00, 56.225, 56.29, 56.225, 56.285, 1726, 0.0
2021-05-21 13:10:00, 56.285, 56.3, 56.285, 56.3, 1283, 0.0
2021-05-21 13:15:00, 56.29, 56.3, 56.24, 56.25, 2539, 0.0
2021-05-21 13:20:00, 56.245, 56.26, 56.23, 56.26, 1438, 0.0
2021-05-21 13:25:00, 56.24, 56.24, 56.14, 56.185, 2996, 0.0
2021-05-21 13:30:00, 56.19, 56.25, 56.19, 56.245, 2842, 0.0
2021-05-21 13:35:00, 56.22, 56.22, 56.13, 56.17, 5183, 0.0
2021-05-21 13:40:00, 56.19, 56.195, 56.18, 56.195, 983, 0.0
2021-05-21 13:45:00, 56.185, 56.205, 56.185, 56.19, 1408, 0.0
2021-05-21 13:50:00, 56.18, 56.2, 56.16, 56.195, 3213, 0.0
2021-05-21 13:55:00, 56.195, 56.21, 56.18, 56.205, 1507, 0.0
2021-05-21 14:00:00, 56.2, 56.205, 56.13, 56.16, 2531, 0.0
2021-05-21 14:05:00, 56.16, 56.17, 56.14, 56.14, 1948, 0.0
2021-05-21 14:10:00, 56.13, 56.23, 56.13, 56.195, 3366, 0.0
2021-05-21 14:15:00, 56.18, 56.23, 56.18, 56.195, 1727, 0.0
2021-05-21 14:20:00, 56.195, 56.265, 56.19, 56.265, 1940, 0.0
2021-05-21 14:25:00, 56.25, 56.27, 56.22, 56.22, 2643, 0.0
2021-05-21 14:30:00, 56.22, 56.225, 56.1, 56.12, 8700, 0.0
2021-05-21 14:35:00, 56.115, 56.15, 56.1, 56.11, 2603, 0.0
2021-05-21 14:40:00, 56.085, 56.11, 56.035, 56.035, 3373, 0.0
2021-05-21 14:45:00, 56.02, 56.08, 56, 56.08, 10937, 0.0
2021-05-21 14:50:00, 56.05, 56.155, 56.035, 56.09, 30445, 0.0
2021-05-21 14:55:00, 56.095, 56.12, 56.01, 56.05, 30471, 0.0
2021-05-24 08:30:00, 56.65, 56.82, 56.42, 56.7, 15462, 0.0
2021-05-24 08:35:00, 56.7, 56.79, 56.56, 56.71, 11730, 0.0
2021-05-24 08:40:00, 56.72, 56.87, 56.67, 56.69, 6837, 0.0
2021-05-24 08:45:00, 56.735, 56.78, 56.69, 56.705, 3014, 0.0
2021-05-24 08:50:00, 56.75, 56.76, 56.71, 56.71, 2720, 0.0
2021-05-24 08:55:00, 56.71, 56.71, 56.52, 56.52, 4088, 0.0
2021-05-24 09:00:00, 56.555, 56.57, 56.435, 56.435, 8374, 0.0
2021-05-24 09:05:00, 56.46, 56.55, 56.46, 56.525, 10497, 0.0
2021-05-24 09:10:00, 56.535, 56.82, 56.535, 56.82, 6573, 0.0
2021-05-24 09:15:00, 56.82, 57.06, 56.81, 56.99, 30057, 0.0
2021-05-24 09:20:00, 57, 57.08, 56.96, 57.08, 7062, 0.0
2021-05-24 09:25:00, 57.075, 57.075, 56.94, 56.94, 4597, 0.0
2021-05-24 09:30:00, 56.97, 57.15, 56.97, 57.125, 22008, 0.0
2021-05-24 09:35:00, 57.11, 57.11, 56.96, 56.98, 7463, 0.0
2021-05-24 09:40:00, 56.98, 57.06, 56.98, 57.015, 5560, 0.0
2021-05-24 09:45:00, 57.015, 57.015, 56.85, 56.86, 13483, 0.0
2021-05-24 09:50:00, 56.865, 56.955, 56.835, 56.835, 5990, 0.0
2021-05-24 09:55:00, 56.835, 56.89, 56.74, 56.74, 9383, 0.0
2021-05-24 10:00:00, 56.745, 56.81, 56.74, 56.745, 5287, 0.0
2021-05-24 10:05:00, 56.73, 56.825, 56.73, 56.77, 7768, 0.0
2021-05-24 10:10:00, 56.78, 56.86, 56.78, 56.86, 1754, 0.0
2021-05-24 10:15:00, 56.87, 56.9, 56.85, 56.895, 6472, 0.0
2021-05-24 10:20:00, 56.93, 56.93, 56.83, 56.865, 2446, 0.0
2021-05-24 10:25:00, 56.865, 56.935, 56.84, 56.91, 3071, 0.0
2021-05-24 10:30:00, 56.92, 56.945, 56.91, 56.93, 5287, 0.0
2021-05-24 10:35:00, 56.935, 56.94, 56.885, 56.895, 1810, 0.0
2021-05-24 10:40:00, 56.89, 57, 56.885, 57, 5177, 0.0
2021-05-24 10:45:00, 56.99, 56.995, 56.96, 56.995, 4479, 0.0
2021-05-24 10:50:00, 56.99, 57.005, 56.95, 56.95, 2265, 0.0
2021-05-24 10:55:00, 56.945, 57.025, 56.945, 57.02, 3153, 0.0
2021-05-24 11:00:00, 57.005, 57.045, 57.005, 57.045, 2169, 0.0
2021-05-24 11:05:00, 57.065, 57.07, 57, 57, 2556, 0.0
2021-05-24 11:10:00, 57.01, 57.07, 57.005, 57.07, 4504, 0.0
2021-05-24 11:15:00, 57.06, 57.06, 57.02, 57.03, 806, 0.0
2021-05-24 11:20:00, 57.035, 57.065, 57.03, 57.055, 9871, 0.0
2021-05-24 11:25:00, 57.055, 57.055, 57.005, 57.04, 5467, 0.0
2021-05-24 11:30:00, 57.05, 57.09, 57.045, 57.09, 5140, 0.0
2021-05-24 11:35:00, 57.09, 57.13, 57.09, 57.13, 4076, 0.0
2021-05-24 11:40:00, 57.13, 57.145, 57.115, 57.13, 8662, 0.0
2021-05-24 11:45:00, 57.145, 57.145, 57.1, 57.13, 3998, 0.0
2021-05-24 11:50:00, 57.13, 57.145, 57.11, 57.13, 2755, 0.0
2021-05-24 11:55:00, 57.13, 57.185, 57.13, 57.17, 2211, 0.0
2021-05-24 12:00:00, 57.17, 57.215, 57.17, 57.215, 4285, 0.0
2021-05-24 12:05:00, 57.215, 57.215, 57.08, 57.165, 6352, 0.0
2021-05-24 12:10:00, 57.18, 57.22, 57.17, 57.17, 3486, 0.0
2021-05-24 12:15:00, 57.205, 57.24, 57.18, 57.24, 4554, 0.0
2021-05-24 12:20:00, 57.23, 57.23, 57.175, 57.175, 2525, 0.0
2021-05-24 12:25:00, 57.17, 57.18, 57.15, 57.17, 5152, 0.0
2021-05-24 12:30:00, 57.175, 57.26, 57.175, 57.26, 4673, 0.0
2021-05-24 12:35:00, 57.25, 57.265, 57.215, 57.255, 5038, 0.0
2021-05-24 12:40:00, 57.265, 57.315, 57.26, 57.28, 5306, 0.0
2021-05-24 12:45:00, 57.27, 57.305, 57.27, 57.29, 3842, 0.0
2021-05-24 12:50:00, 57.285, 57.3, 57.275, 57.3, 3635, 0.0
2021-05-24 12:55:00, 57.3, 57.34, 57.295, 57.305, 1973, 0.0
2021-05-24 13:00:00, 57.29, 57.3, 57.25, 57.28, 4176, 0.0
2021-05-24 13:05:00, 57.275, 57.275, 57.24, 57.26, 2343, 0.0
2021-05-24 13:10:00, 57.255, 57.26, 57.225, 57.25, 6866, 0.0
2021-05-24 13:15:00, 57.27, 57.29, 57.27, 57.29, 904, 0.0
2021-05-24 13:20:00, 57.265, 57.3, 57.265, 57.29, 2963, 0.0
2021-05-24 13:25:00, 57.3, 57.33, 57.295, 57.325, 4058, 0.0
2021-05-24 13:30:00, 57.325, 57.355, 57.325, 57.345, 4080, 0.0
2021-05-24 13:35:00, 57.345, 57.375, 57.335, 57.335, 5707, 0.0
2021-05-24 13:40:00, 57.34, 57.365, 57.335, 57.345, 2758, 0.0
2021-05-24 13:45:00, 57.35, 57.385, 57.35, 57.35, 3721, 0.0
2021-05-24 13:50:00, 57.36, 57.36, 57.31, 57.33, 3736, 0.0
2021-05-24 13:55:00, 57.32, 57.34, 57.275, 57.275, 2834, 0.0
2021-05-24 14:00:00, 57.265, 57.285, 57.245, 57.27, 8436, 0.0
2021-05-24 14:05:00, 57.27, 57.285, 57.26, 57.27, 1796, 0.0
2021-05-24 14:10:00, 57.275, 57.3, 57.24, 57.25, 5778, 0.0
2021-05-24 14:15:00, 57.235, 57.24, 57.2, 57.2, 2627, 0.0
2021-05-24 14:20:00, 57.195, 57.2, 57.115, 57.115, 9894, 0.0
2021-05-24 14:25:00, 57.125, 57.185, 57.125, 57.185, 4224, 0.0
2021-05-24 14:30:00, 57.175, 57.21, 57.165, 57.205, 5486, 0.0
2021-05-24 14:35:00, 57.21, 57.23, 57.195, 57.23, 8609, 0.0
2021-05-24 14:40:00, 57.22, 57.26, 57.21, 57.21, 7223, 0.0
2021-05-24 14:45:00, 57.205, 57.22, 57.155, 57.2, 11958, 0.0
2021-05-24 14:50:00, 57.18, 57.18, 57, 57.015, 39208, 0.0
2021-05-24 14:55:00, 57.005, 57.015, 56.91, 56.92, 45684, 0.0
2021-05-24 15:00:00, 57.06, 57.06, 57.06, 57.06, 100, 0.0
2021-05-25 08:30:00, 57.56, 57.56, 56.96, 56.96, 31462, 0.0
2021-05-25 08:35:00, 56.92, 56.99, 56.82, 56.86, 9580, 0.0
2021-05-25 08:40:00, 56.86, 56.95, 56.84, 56.85, 4930, 0.0
2021-05-25 08:45:00, 56.835, 56.95, 56.83, 56.945, 6247, 0.0
2021-05-25 08:50:00, 56.905, 56.905, 56.655, 56.76, 6704, 0.0
2021-05-25 08:55:00, 56.78, 56.78, 56.65, 56.65, 4038, 0.0
2021-05-25 09:00:00, 56.64, 56.745, 56.49, 56.645, 25204, 0.0
2021-05-25 09:05:00, 56.63, 56.705, 56.585, 56.645, 18648, 0.0
2021-05-25 09:10:00, 56.66, 56.695, 56.595, 56.655, 16351, 0.0
2021-05-25 09:15:00, 56.655, 56.745, 56.625, 56.655, 23909, 0.0
2021-05-25 09:20:00, 56.655, 56.755, 56.65, 56.745, 20424, 0.0
2021-05-25 09:25:00, 56.745, 56.75, 56.665, 56.705, 19998, 0.0
2021-05-25 09:30:00, 56.71, 56.73, 56.635, 56.645, 30581, 0.0
2021-05-25 09:35:00, 56.65, 56.735, 56.645, 56.73, 29465, 0.0
2021-05-25 09:40:00, 56.735, 56.755, 56.645, 56.75, 23408, 0.0
2021-05-25 09:45:00, 56.745, 56.85, 56.745, 56.835, 27113, 0.0
2021-05-25 09:50:00, 56.85, 56.885, 56.83, 56.87, 13612, 0.0
2021-05-25 09:55:00, 56.865, 56.955, 56.86, 56.9, 6121, 0.0
2021-05-25 10:00:00, 56.89, 56.905, 56.795, 56.795, 4076, 0.0
2021-05-25 10:05:00, 56.71, 56.72, 56.63, 56.71, 7599, 0.0
2021-05-25 10:10:00, 56.7, 56.76, 56.65, 56.74, 4939, 0.0
2021-05-25 10:15:00, 56.7, 56.7, 56.5, 56.53, 5046, 0.0
2021-05-25 10:20:00, 56.535, 56.58, 56.5, 56.58, 6101, 0.0
2021-05-25 10:25:00, 56.58, 56.59, 56.43, 56.435, 9685, 0.0
2021-05-25 10:30:00, 56.44, 56.525, 56.44, 56.51, 10535, 0.0
2021-05-25 10:35:00, 56.57, 56.61, 56.56, 56.61, 4860, 0.0
2021-05-25 10:40:00, 56.615, 56.64, 56.6, 56.64, 1819, 0.0
2021-05-25 10:45:00, 56.63, 56.705, 56.63, 56.67, 3563, 0.0
2021-05-25 10:50:00, 56.675, 56.675, 56.59, 56.655, 3556, 0.0
2021-05-25 10:55:00, 56.66, 56.72, 56.66, 56.705, 4226, 0.0
2021-05-25 11:00:00, 56.7, 56.7, 56.65, 56.66, 1379, 0.0
2021-05-25 11:05:00, 56.68, 56.705, 56.64, 56.705, 3247, 0.0
2021-05-25 11:10:00, 56.69, 56.69, 56.67, 56.675, 923, 0.0
2021-05-25 11:15:00, 56.685, 56.685, 56.62, 56.62, 4369, 0.0
2021-05-25 11:20:00, 56.64, 56.66, 56.63, 56.63, 2098, 0.0
2021-05-25 11:25:00, 56.625, 56.65, 56.61, 56.63, 3276, 0.0
2021-05-25 11:30:00, 56.635, 56.7, 56.635, 56.695, 4649, 0.0
2021-05-25 11:35:00, 56.695, 56.7, 56.665, 56.69, 5909, 0.0
2021-05-25 11:40:00, 56.725, 56.74, 56.69, 56.7, 6436, 0.0
2021-05-25 11:45:00, 56.71, 56.715, 56.695, 56.695, 3084, 0.0
2021-05-25 11:50:00, 56.695, 56.695, 56.645, 56.66, 1911, 0.0
2021-05-25 11:55:00, 56.67, 56.72, 56.64, 56.68, 5181, 0.0
2021-05-25 12:00:00, 56.66, 56.66, 56.56, 56.56, 4174, 0.0
2021-05-25 12:05:00, 56.55, 56.62, 56.54, 56.62, 1798, 0.0
2021-05-25 12:10:00, 56.62, 56.7, 56.62, 56.7, 3604, 0.0
2021-05-25 12:15:00, 56.71, 56.77, 56.695, 56.76, 5790, 0.0
2021-05-25 12:20:00, 56.765, 56.81, 56.76, 56.81, 3800, 0.0
2021-05-25 12:25:00, 56.805, 56.825, 56.765, 56.825, 3656, 0.0
2021-05-25 12:30:00, 56.825, 56.845, 56.805, 56.845, 2733, 0.0
2021-05-25 12:35:00, 56.83, 56.835, 56.79, 56.82, 1690, 0.0
2021-05-25 12:40:00, 56.82, 56.82, 56.74, 56.77, 2673, 0.0
2021-05-25 12:45:00, 56.77, 56.845, 56.77, 56.84, 1844, 0.0
2021-05-25 12:50:00, 56.835, 56.87, 56.83, 56.845, 3504, 0.0
2021-05-25 12:55:00, 56.85, 56.85, 56.805, 56.82, 2196, 0.0
2021-05-25 13:00:00, 56.835, 56.835, 56.72, 56.72, 3447, 0.0
2021-05-25 13:05:00, 56.74, 56.78, 56.74, 56.76, 1095, 0.0
2021-05-25 13:10:00, 56.74, 56.8, 56.74, 56.8, 4974, 0.0
2021-05-25 13:15:00, 56.785, 56.81, 56.74, 56.78, 5437, 0.0
2021-05-25 13:20:00, 56.77, 56.815, 56.77, 56.78, 1990, 0.0
2021-05-25 13:25:00, 56.78, 56.79, 56.75, 56.765, 3304, 0.0
2021-05-25 13:30:00, 56.765, 56.81, 56.725, 56.74, 7416, 0.0
2021-05-25 13:35:00, 56.715, 56.75, 56.715, 56.745, 2467, 0.0
2021-05-25 13:40:00, 56.76, 56.82, 56.76, 56.8, 4243, 0.0
2021-05-25 13:45:00, 56.81, 56.81, 56.765, 56.785, 2843, 0.0
2021-05-25 13:50:00, 56.805, 56.815, 56.73, 56.77, 3614, 0.0
2021-05-25 13:55:00, 56.78, 56.795, 56.76, 56.76, 1676, 0.0
2021-05-25 14:00:00, 56.77, 56.77, 56.7, 56.71, 4793, 0.0
2021-05-25 14:05:00, 56.71, 56.75, 56.71, 56.74, 3953, 0.0
2021-05-25 14:10:00, 56.73, 56.73, 56.67, 56.69, 3404, 0.0
2021-05-25 14:15:00, 56.68, 56.71, 56.675, 56.71, 4207, 0.0
2021-05-25 14:20:00, 56.715, 56.795, 56.715, 56.775, 4929, 0.0
2021-05-25 14:25:00, 56.785, 56.82, 56.76, 56.76, 3296, 0.0
2021-05-25 14:30:00, 56.745, 56.765, 56.66, 56.68, 17724, 0.0
2021-05-25 14:35:00, 56.69, 56.79, 56.69, 56.79, 6283, 0.0
2021-05-25 14:40:00, 56.78, 56.8, 56.745, 56.775, 5585, 0.0
2021-05-25 14:45:00, 56.765, 56.8, 56.74, 56.74, 7894, 0.0
2021-05-25 14:50:00, 56.77, 56.785, 56.725, 56.74, 10465, 0.0
2021-05-25 14:55:00, 56.74, 56.91, 56.73, 56.87, 26435, 0.0
2021-05-26 08:30:00, 57.01, 57.175, 56.95, 57.175, 12992, 0.0
2021-05-26 08:35:00, 57.19, 57.22, 56.98, 57.16, 4701, 0.0
2021-05-26 08:40:00, 57.21, 57.22, 57.09, 57.1, 5314, 0.0
2021-05-26 08:45:00, 57.08, 57.15, 57.02, 57.03, 8314, 0.0
2021-05-26 08:50:00, 57.02, 57.07, 57.02, 57.04, 14644, 0.0
2021-05-26 08:55:00, 57.045, 57.075, 56.95, 56.955, 3857, 0.0
2021-05-26 09:00:00, 56.97, 56.97, 56.81, 56.87, 5907, 0.0
2021-05-26 09:05:00, 56.91, 56.96, 56.875, 56.95, 4355, 0.0
2021-05-26 09:10:00, 56.96, 56.975, 56.85, 56.91, 6122, 0.0
2021-05-26 09:15:00, 56.91, 56.96, 56.89, 56.895, 9094, 0.0
2021-05-26 09:20:00, 56.875, 56.9, 56.855, 56.895, 7978, 0.0
2021-05-26 09:25:00, 56.89, 56.89, 56.815, 56.85, 9592, 0.0
2021-05-26 09:30:00, 56.83, 56.9, 56.795, 56.89, 9120, 0.0
2021-05-26 09:35:00, 56.9, 56.925, 56.83, 56.925, 8740, 0.0
2021-05-26 09:40:00, 56.935, 56.96, 56.9, 56.9, 6264, 0.0
2021-05-26 09:45:00, 56.91, 56.915, 56.87, 56.87, 2249, 0.0
2021-05-26 09:50:00, 56.87, 56.95, 56.83, 56.93, 6224, 0.0
2021-05-26 09:55:00, 56.93, 56.94, 56.88, 56.88, 5223, 0.0
2021-05-26 10:00:00, 56.89, 56.89, 56.84, 56.86, 3389, 0.0
2021-05-26 10:05:00, 56.86, 56.88, 56.84, 56.855, 4211, 0.0
2021-05-26 10:10:00, 56.86, 56.955, 56.85, 56.95, 6532, 0.0
2021-05-26 10:15:00, 56.95, 56.95, 56.86, 56.865, 7037, 0.0
2021-05-26 10:20:00, 56.865, 56.865, 56.805, 56.805, 7291, 0.0
2021-05-26 10:25:00, 56.805, 56.82, 56.775, 56.795, 10512, 0.0
2021-05-26 10:30:00, 56.79, 56.8, 56.71, 56.735, 10746, 0.0
2021-05-26 10:35:00, 56.74, 56.77, 56.74, 56.765, 10440, 0.0
2021-05-26 10:40:00, 56.76, 56.77, 56.725, 56.745, 9426, 0.0
