Date, Open, High, Low, Close, Volume, Open Interest
2019-05-27 23:00:00, 71.53, 72.595, 71.4616, 71.71, 1462736, 0.0
2019-05-28 23:00:00, 71.18, 71.315, 70.355, 70.47, 1204501, 0.0
2019-05-29 23:00:00, 70.52, 71.89, 70.02, 71.54, 1088150, 0.0
2019-05-30 23:00:00, 70.89, 71.81, 70.73, 71.47, 1002795, 0.0
2019-06-03 23:00:00, 71.84, 72.57, 71.45, 72.37, 1063044, 0.0
2019-06-04 23:00:00, 73.1, 73.52, 72.79, 73.06, 1074374, 0.0
2019-06-05 23:00:00, 73.42, 73.81, 72.75, 73.76, 767389, 0.0
2019-06-06 23:00:00, 74.15, 75.22, 74.04, 74.64, 1073585, 0.0
2019-06-09 23:00:00, 74.96, 75.5, 74.71, 74.83, 680483, 0.0
2019-06-10 23:00:00, 75.02, 75.245, 73.3, 73.69, 1077966, 0.0
2019-06-11 23:00:00, 73.89, 74.92, 73.48, 74.8, 970646, 0.0
2019-06-12 23:00:00, 74.93, 74.99, 74.24, 74.76, 2403251, 0.0
2019-06-13 23:00:00, 74.78, 74.95, 73.71, 73.8, 2515109, 0.0
2019-06-16 23:00:00, 74.06, 74.45, 73.17, 73.21, 1013801, 0.0
2019-06-17 23:00:00, 73.61, 74.22, 73.17, 73.37, 1329748, 0.0
2019-06-18 23:00:00, 73.34, 74.11, 72.76, 74.07, 923048, 0.0
2019-06-19 23:00:00, 74.87, 75, 74.135, 74.74, 1454657, 0.0
2019-06-20 23:00:00, 74.41, 75.23, 73.16, 73.9, 1618741, 0.0
2019-06-23 23:00:00, 74.21, 74.42, 73.73, 73.74, 1065816, 0.0
2019-06-24 23:00:00, 73.86, 74.09, 73.2, 73.38, 1541843, 0.0
2019-06-25 23:00:00, 73.66, 73.97, 73.03, 73.39, 904749, 0.0
2019-06-26 23:00:00, 73.39, 73.8, 73, 73.36, 595460, 0.0
2019-06-27 23:00:00, 73.42, 75.09, 72.875, 74.74, 1342315, 0.0
2019-06-30 23:00:00, 75.51, 75.9, 74.59, 74.97, 1291017, 0.0
2019-07-01 23:00:00, 74.97, 75.37, 74.34, 74.78, 1174743, 0.0
2019-07-02 23:00:00, 75.07, 75.21, 74.72, 74.96, 430491, 0.0
2019-07-04 23:00:00, 74.69, 74.76, 74.12, 74.61, 566659, 0.0
2019-07-07 23:00:00, 74.47, 74.47, 73.57, 74.12, 838655, 0.0
2019-07-08 23:00:00, 74, 75.31, 73.92, 75.25, 670689, 0.0
2019-07-09 23:00:00, 75.6, 76.34, 75.28, 75.79, 706318, 0.0
2019-07-10 23:00:00, 75.96, 76.92, 75.6, 76.78, 730322, 0.0
2019-07-11 23:00:00, 76.96, 77.59, 76.7, 77.321, 625504, 0.0
2019-07-14 23:00:00, 77.34, 77.66, 76.91, 77.47, 626683, 0.0
2019-07-15 23:00:00, 77.36, 77.885, 77.3, 77.46, 528455, 0.0
2019-07-16 23:00:00, 77.47, 78.13, 77, 77.04, 737872, 0.0
2019-07-17 23:00:00, 77.21, 78.21, 77.09, 77.805, 713373, 0.0
2019-07-18 23:00:00, 78.18, 78.7368, 77.45, 77.49, 999061, 0.0
2019-07-21 23:00:00, 77.52, 78.72, 77.5, 78.23, 658382, 0.0
2019-07-22 23:00:00, 78.74, 79.57, 78.41, 79.24, 829079, 0.0
2019-07-23 23:00:00, 78.86, 79.51, 78.55, 79.31, 767217, 0.0
2019-07-24 23:00:00, 79.25, 79.58, 78.85, 79.13, 941998, 0.0
2019-07-25 23:00:00, 79.25, 79.74, 78.91, 79.41, 984423, 0.0
2019-07-28 23:00:00, 79.51, 79.66, 77.765, 78.28, 1333570, 0.0
2019-07-29 23:00:00, 77.85, 78.92, 77.66, 77.82, 899458, 0.0
2019-07-30 23:00:00, 78, 78.55, 76.93, 77.5, 1396296, 0.0
2019-07-31 23:00:00, 77.28, 78.48, 76.45, 76.71, 1554875, 0.0
2019-08-01 23:00:00, 76.78, 76.9906, 75.16, 76.14, 1189101, 0.0
2019-08-04 23:00:00, 75.18, 75.28, 72.8968, 73.36, 1408782, 0.0
2019-08-05 23:00:00, 73.87, 74.95, 73.49, 74.59, 1484420, 0.0
2019-08-06 23:00:00, 73.87, 75.16, 73.4319, 75.02, 1040453, 0.0
2019-08-07 23:00:00, 75.19, 75.96, 73.765, 75.65, 1584339, 0.0
2019-08-08 23:00:00, 75.72, 76.1, 75.45, 75.62, 921398, 0.0
2019-08-11 23:00:00, 75.13, 75.64, 74.62, 75.28, 892377, 0.0
2019-08-12 23:00:00, 74.95, 76.82, 74.39, 76.31, 1101378, 0.0
2019-08-13 23:00:00, 75.4, 75.55, 74.2271, 74.3, 688091, 0.0
2019-08-14 23:00:00, 74.64, 74.81, 74.14, 74.55, 880649, 0.0
2019-08-15 23:00:00, 75.2, 75.88, 74.8, 75.46, 747188, 0.0
2019-08-18 23:00:00, 76.39, 76.61, 75.8391, 76.17, 604329, 0.0
2019-08-19 23:00:00, 76.1, 76.205, 75.19, 75.79, 522704, 0.0
2019-08-20 23:00:00, 76.28, 77.47, 76.18, 76.86, 615286, 0.0
2019-08-21 23:00:00, 76.77, 77.05, 75.96, 76.23, 651920, 0.0
2019-08-22 23:00:00, 75.98, 76.14, 73.4401, 73.71, 852961, 0.0
2019-08-25 23:00:00, 73.99, 74.13, 73.32, 73.775, 1170670, 0.0
2019-08-26 23:00:00, 74.47, 74.89, 74.12, 74.62, 865651, 0.0
2019-08-27 23:00:00, 74.51, 75.07, 73.2, 75, 1030874, 0.0
2019-08-28 23:00:00, 75.55, 76.21, 75.55, 75.72, 809329, 0.0
2019-08-29 23:00:00, 76.36, 76.49, 75.085, 75.37, 957990, 0.0
2019-09-02 23:00:00, 75.22, 75.48, 73.98, 74.76, 2034444, 0.0
2019-09-03 23:00:00, 75.13, 76.24, 75.12, 75.66, 1129403, 0.0
2019-09-04 23:00:00, 76.5, 81.43, 73.62, 80.61, 3434749, 0.0
2019-09-05 23:00:00, 80.7, 82.32, 80.45, 81.38, 1857735, 0.0
2019-09-08 23:00:00, 82.01, 83.55, 81.66, 82.33, 1575777, 0.0
2019-09-09 23:00:00, 82.03, 82.03, 80.2379, 80.95, 1343280, 0.0
2019-09-10 23:00:00, 80.98, 81.47, 80.32, 80.745, 1202933, 0.0
2019-09-11 23:00:00, 81.56, 81.98, 80.38, 80.88, 1431656, 0.0
2019-09-12 23:00:00, 81.41, 82.01, 80.75, 81.8, 1589526, 0.0
2019-09-15 23:00:00, 81.58, 82.23, 81.45, 82.16, 1385729, 0.0
2019-09-16 23:00:00, 82.57, 83.7, 82.57, 83.43, 1047529, 0.0
2019-09-17 23:00:00, 83.44, 83.65, 81.81, 82.58, 772807, 0.0
2019-09-18 23:00:00, 82.76, 83.1531, 81.99, 82.22, 875460, 0.0
2019-09-19 23:00:00, 82.13, 83.3, 82, 82.56, 1466805, 0.0
2019-09-22 23:00:00, 82.58, 83.275, 81.51, 81.8, 1516914, 0.0
2019-09-23 23:00:00, 82.18, 82.37, 81.47, 81.7, 1852459, 0.0
2019-09-24 23:00:00, 81.61, 82.02, 80.49, 81.05, 887745, 0.0
2019-09-25 23:00:00, 81.16, 81.38, 80.21, 80.94, 887654, 0.0
2019-09-26 23:00:00, 80.97, 81.07, 79.3, 79.71, 807681, 0.0
2019-09-29 23:00:00, 79.71, 80.47, 79.58, 80.31, 797525, 0.0
2019-09-30 23:00:00, 80.33, 81.06, 79.5, 79.51, 1819596, 0.0
2019-10-01 23:00:00, 79.34, 79.34, 76.8399, 77.39, 1665211, 0.0
2019-10-02 23:00:00, 77.29, 79.26, 76.35, 79.24, 3816231, 0.0
2019-10-03 23:00:00, 79.77, 80.75, 79.47, 79.98, 2677856, 0.0
2019-10-06 23:00:00, 79.56, 80.215, 79.42, 79.75, 1300092, 0.0
2019-10-07 23:00:00, 79.34, 80.84, 78.91, 80.15, 2059101, 0.0
2019-10-08 23:00:00, 80.65, 80.77, 78.07, 80.465, 3109264, 0.0
2019-10-09 23:00:00, 80.64, 81.74, 80.4, 81.05, 1620405, 0.0
2019-10-10 23:00:00, 81.85, 82.81, 81.35, 81.39, 1489426, 0.0
2019-10-13 23:00:00, 81.39, 82.06, 81.32, 81.69, 1175149, 0.0
2019-10-14 23:00:00, 81.95, 82.48, 81.505, 81.745, 1585242, 0.0
2019-10-15 23:00:00, 81.72, 81.72, 80.66, 81.37, 1624066, 0.0
2019-10-16 23:00:00, 81.92, 82.03, 80.915, 81.01, 1836178, 0.0
2019-10-17 23:00:00, 81.44, 82.43, 80.99, 82.31, 4069399, 0.0
2019-10-20 23:00:00, 83.04, 84.33, 82.715, 83.64, 4009407, 0.0
2019-10-21 23:00:00, 84.65, 85.9, 83.06, 83.13, 1265740, 0.0
2019-10-22 23:00:00, 82.79, 83.21, 82.14, 83.035, 894169, 0.0
2019-10-23 23:00:00, 83.49, 84.72, 83.21, 84.62, 1500596, 0.0
2019-10-24 23:00:00, 84.7, 85.1, 83.76, 83.94, 1169166, 0.0
2019-10-27 23:00:00, 84.24, 84.64, 83.91, 84, 681108, 0.0
2019-10-28 23:00:00, 83.75, 85.31, 83.61, 84.68, 686860, 0.0
2019-10-29 23:00:00, 84.68, 84.68, 83.89, 84.01, 777414, 0.0
2019-10-30 23:00:00, 83.85, 84.4, 82.42, 82.64, 1037537, 0.0
2019-10-31 23:00:00, 83.26, 83.9, 82.42, 82.91, 1321408, 0.0
2019-11-03 23:00:00, 83.43, 84.19, 81.985, 82.125, 1198516, 0.0
2019-11-04 23:00:00, 82.14, 82.68, 81.56, 82.25, 682913, 0.0
2019-11-05 23:00:00, 82.48, 82.48, 80.71, 81.85, 992116, 0.0
2019-11-06 23:00:00, 81.95, 82.24, 81.3, 81.65, 795296, 0.0
2019-11-07 23:00:00, 81.6, 82.14, 81.32, 81.45, 689259, 0.0
2019-11-10 23:00:00, 81.21, 83, 81.1, 82.99, 1001359, 0.0
2019-11-11 23:00:00, 83.01, 83.37, 82.1, 82.31, 1160911, 0.0
2019-11-12 23:00:00, 81.9, 83.9, 81.66, 83.59, 1198779, 0.0
2019-11-13 23:00:00, 83.43, 85.86, 83.43, 85.82, 992430, 0.0
2019-11-14 23:00:00, 86.5, 86.55, 85.52, 85.99, 1196830, 0.0
2019-11-17 23:00:00, 86.08, 86.73, 85.7156, 86, 1358312, 0.0
2019-11-18 23:00:00, 86.24, 86.79, 85.85, 86.39, 1617493, 0.0
2019-11-19 23:00:00, 85.95, 86.555, 83.5441, 84.86, 3008349, 0.0
2019-11-20 23:00:00, 89.74, 91.73, 86.87, 87.85, 4740197, 0.0
2019-11-21 23:00:00, 87.69, 89.36, 86.1, 89.29, 2344483, 0.0
2019-11-24 23:00:00, 90.02, 92.41, 89.58, 89.94, 2654211, 0.0
2019-11-25 23:00:00, 89.95, 90.95, 89.76, 90.75, 1666484, 0.0
2019-11-26 23:00:00, 91.15, 91.22, 89.76, 90.19, 1325899, 0.0
2019-11-28 23:00:00, 90.05, 90.105, 88.845, 89, 806187, 0.0
2019-12-01 23:00:00, 88.68, 88.87, 87.51, 87.95, 1642803, 0.0
2019-12-02 23:00:00, 87.55, 87.89, 86.61, 87.32, 997188, 0.0
2019-12-03 23:00:00, 87.81, 88.97, 86.92, 87.08, 1781587, 0.0
2019-12-04 23:00:00, 87.05, 88.36, 86.66, 88.25, 1648762, 0.0
2019-12-05 23:00:00, 88.97, 89.51, 88.34, 88.57, 781483, 0.0
2019-12-08 23:00:00, 88.53, 88.66, 87.26, 88.19, 1628941, 0.0
2019-12-09 23:00:00, 88.09, 88.71, 87.86, 88.38, 1045607, 0.0
2019-12-10 23:00:00, 88.59, 88.8, 88.02, 88.27, 1043797, 0.0
2019-12-11 23:00:00, 88.26, 89.29, 87.8661, 88.45, 931489, 0.0
2019-12-12 23:00:00, 88.25, 88.98, 87.93, 88.63, 899996, 0.0
2019-12-15 23:00:00, 89.62, 90.49, 89.5312, 90.19, 1301377, 0.0
2019-12-16 23:00:00, 90.47, 91.5935, 89.63, 90.4, 1219438, 0.0
2019-12-17 23:00:00, 90.1, 90.2946, 89.25, 89.9, 1222026, 0.0
2019-12-18 23:00:00, 89.6, 89.94, 88.9, 89.39, 1291851, 0.0
2019-12-19 23:00:00, 89.39, 90.82, 89.1, 90.75, 2268734, 0.0
2019-12-22 23:00:00, 90.72, 91.1912, 89.53, 89.86, 938246, 0.0
2019-12-23 23:00:00, 90.05, 91.1, 89.75, 90.94, 466562, 0.0
2019-12-25 23:00:00, 90.88, 91.03, 90.41, 91.01, 546672, 0.0
2019-12-26 23:00:00, 91.24, 91.44, 90.4819, 90.84, 741513, 0.0
2019-12-29 23:00:00, 91.01, 91.285, 89.5, 90.85, 843541, 0.0
2019-12-30 23:00:00, 90.74, 91.34, 90.31, 90.92, 777955, 0.0
2020-01-01 23:00:00, 91.4, 93.57, 91.36, 93.48, 2307663, 0.0
2020-01-02 23:00:00, 92.62, 92.78, 91.12, 92.62, 985114, 0.0
2020-01-05 23:00:00, 92.26, 93.63, 92.01, 93.5, 1362553, 0.0
2020-01-06 23:00:00, 93.35, 93.56, 92.545, 93.37, 1030684, 0.0
2020-01-07 23:00:00, 93.41, 94.48, 93.2, 94.01, 865660, 0.0
2020-01-08 23:00:00, 94.58, 95.89, 94.58, 95.28, 1087547, 0.0
2020-01-09 23:00:00, 95.48, 95.69, 94.51, 95.29, 1157644, 0.0
2020-01-12 23:00:00, 96.23, 96.3, 95.06, 96.26, 1055530, 0.0
2020-01-13 23:00:00, 96.36, 97.04, 96.05, 96.34, 1088582, 0.0
2020-01-14 23:00:00, 96.12, 97.16, 95.96, 96.68, 1021633, 0.0
2020-01-15 23:00:00, 97.3, 97.36, 96.51, 97.21, 748985, 0.0
2020-01-16 23:00:00, 97.3, 97.3, 95.11, 97.12, 2216565, 0.0
2020-01-20 23:00:00, 96.89, 99.0354, 96.81, 98.6, 2210340, 0.0
2020-01-21 23:00:00, 99.13, 100.35, 99.02, 99.69, 2451504, 0.0
2020-01-22 23:00:00, 99.21, 99.99, 99.06, 99.91, 1230048, 0.0
2020-01-23 23:00:00, 100.35, 101.11, 99.7, 100.28, 1402678, 0.0
2020-01-26 23:00:00, 97.14, 100.01, 97.14, 99.51, 829435, 0.0
2020-01-27 23:00:00, 100.11, 101.24, 98.57, 100.71, 1055120, 0.0
2020-01-28 23:00:00, 100.8388, 101.41, 100.14, 100.76, 667207, 0.0
2020-01-29 23:00:00, 100.34, 102.43, 100.14, 102.37, 788487, 0.0
2020-01-30 23:00:00, 102.21, 103.9995, 101.04, 101.45, 1045677, 0.0
2020-02-02 23:00:00, 102.2, 103.31, 100.61, 100.8, 1104970, 0.0
2020-02-03 23:00:00, 101.87, 103.17, 101.34, 102.65, 855039, 0.0
2020-02-04 23:00:00, 103.92, 103.95, 101.96, 102.16, 789150, 0.0
2020-02-05 23:00:00, 102.22, 103.01, 101.56, 102.98, 722527, 0.0
2020-02-06 23:00:00, 103.16, 103.65, 102.185, 102.58, 727445, 0.0
2020-02-09 23:00:00, 102.56, 103.86, 102.34, 102.53, 1197511, 0.0
2020-02-10 23:00:00, 103.11, 103.25, 101.91, 102.31, 805691, 0.0
2020-02-11 23:00:00, 102.43, 103.14, 100.81, 102.495, 947812, 0.0
2020-02-12 23:00:00, 102.7, 103.97, 102.3, 103.35, 659399, 0.0
2020-02-13 23:00:00, 103.16, 103.79, 102.68, 103.19, 1511251, 0.0
2020-02-17 23:00:00, 103, 104.36, 102.3, 102.42, 1697886, 0.0
2020-02-18 23:00:00, 102.86, 104.88, 102.62, 104.579, 1451773, 0.0
2020-02-19 23:00:00, 97, 100.48, 90.69, 97.29, 6977474, 0.0
2020-02-20 23:00:00, 97.05, 98.4, 94.71, 95.25, 2846888, 0.0
2020-02-23 23:00:00, 92.8, 94.59, 91.76, 92.77, 2843805, 0.0
2020-02-24 23:00:00, 92.95, 93.3949, 88, 88.94, 2186193, 0.0
2020-02-25 23:00:00, 89.83, 92.12, 87.97, 88.39, 2025278, 0.0
2020-02-26 23:00:00, 86.82, 88.2, 84.53, 84.59, 2431826, 0.0
2020-02-27 23:00:00, 81, 84.62, 79.922, 84.56, 3321480, 0.0
2020-03-01 23:00:00, 84.12, 86.89, 82.13, 86.69, 2669996, 0.0
2020-03-02 23:00:00, 85.75, 88.14, 83.43, 83.8, 2653156, 0.0
2020-03-03 23:00:00, 84.89, 87.04, 83.63, 86.95, 1610410, 0.0
2020-03-04 23:00:00, 84.71, 85.53, 82.455, 83.52, 2578613, 0.0
2020-03-05 23:00:00, 79.89, 82.065, 78.6, 80.19, 2289559, 0.0
2020-03-08 23:00:00, 74.14, 77.6797, 73.54, 75.85, 3149935, 0.0
2020-03-09 23:00:00, 77.54, 79.04, 74.63, 79.02, 6453250, 0.0
2020-03-10 23:00:00, 76.83, 77.8, 74.07, 75.73, 4473990, 0.0
2020-03-11 23:00:00, 71.06, 73.91, 68.76, 68.86, 3355700, 0.0
2020-03-12 23:00:00, 72.21, 73.94, 68.49, 73.84, 3434394, 0.0
2020-03-15 23:00:00, 66, 70.76, 62.77, 66.39, 6818852, 0.0
2020-03-16 23:00:00, 67.59, 70.23, 64.32, 69.51, 2984553, 0.0
2020-03-17 23:00:00, 65.25, 67.38, 59.74, 67.18, 2951011, 0.0
2020-03-18 23:00:00, 66.53, 72.17, 63.36, 69.98, 6299336, 0.0
2020-03-19 23:00:00, 71.49, 73.47, 59.75, 60.15, 4063157, 0.0
2020-03-22 23:00:00, 60, 60.13, 55.69, 58.73, 3237177, 0.0
2020-03-23 23:00:00, 61.8, 69.425, 61.632, 68.97, 2395699, 0.0
2020-03-24 23:00:00, 68.37, 74.93, 66.73, 71.6, 6102411, 0.0
2020-03-25 23:00:00, 72.5, 75.55, 68.84, 72.57, 2397410, 0.0
2020-03-26 23:00:00, 70.12, 71.95, 69.9, 70.22, 3720754, 0.0
2020-03-29 23:00:00, 70.12, 72.4, 69.62, 71.82, 1301082, 0.0
2020-03-30 23:00:00, 70.705, 71.37, 68, 68.55, 3031832, 0.0
2020-03-31 23:00:00, 64.91, 66.54, 63.2001, 64.78, 2229506, 0.0
2020-04-01 23:00:00, 63.62, 66.25, 63, 64.4, 3508992, 0.0
2020-04-02 23:00:00, 64.12, 64.12, 61.51, 61.8, 2678262, 0.0
2020-04-05 23:00:00, 65.08, 65.76, 63.47, 65.4, 2200275, 0.0
2020-04-06 23:00:00, 67.84, 72.25, 66.705, 69.9, 2669131, 0.0
2020-04-07 23:00:00, 69.4, 72.78, 68.895, 71.92, 2733298, 0.0
2020-04-08 23:00:00, 74.07, 77.11, 73.46, 75, 1688455, 0.0
2020-04-12 23:00:00, 74.58, 74.87, 70.57, 70.63, 1769238, 0.0
2020-04-13 23:00:00, 72, 72.53, 70.74, 71.14, 4734471, 0.0
2020-04-14 23:00:00, 69.71, 71.16, 68.43, 70.09, 4436655, 0.0
2020-04-15 23:00:00, 70.18, 70.69, 68.35, 69.1, 7841531, 0.0
2020-04-16 23:00:00, 71.22, 73.06, 71.17, 72.07, 8099622, 0.0
2020-04-19 23:00:00, 70.48, 70.98, 68.0301, 68.68, 5427192, 0.0
2020-04-20 23:00:00, 67, 67.59, 65.6803, 66.14, 4691977, 0.0
2020-04-21 23:00:00, 67.41, 68.44, 66.43, 68.14, 3327155, 0.0
2020-04-22 23:00:00, 69.05, 69.6, 68.13, 68.81, 13961198, 0.0
2020-04-23 23:00:00, 69.77, 74.24, 68.8, 73.84, 7059309, 0.0
2020-04-26 23:00:00, 74.62, 76.33, 73.55, 76.14, 7095493, 0.0
2020-04-27 23:00:00, 77.47, 81.09, 77.425, 80.67, 5652765, 0.0
2020-04-28 23:00:00, 83.85, 83.85, 81.81, 83, 4141047, 0.0
2020-04-29 23:00:00, 81.91, 82.6749, 79.635, 80.11, 4362062, 0.0
2020-04-30 23:00:00, 78.57, 80, 77.94, 78.55, 1167916, 0.0
2020-05-03 23:00:00, 77.55, 78.12, 76.28, 77.98, 1571433, 0.0
2020-05-04 23:00:00, 78.71, 80.635, 78.33, 79.63, 2168798, 0.0
2020-05-05 23:00:00, 79.55, 81.46, 79.38, 80.12, 1514802, 0.0
2020-05-06 23:00:00, 81.53, 82.36, 81.02, 81.55, 2524532, 0.0
2020-05-07 23:00:00, 82.88, 84.05, 82.18, 83.74, 3037462, 0.0
2020-05-10 23:00:00, 83.46, 83.91, 82.18, 82.8, 2793072, 0.0
2020-05-11 23:00:00, 84.415, 84.415, 82.305, 82.515, 3299456, 0.0
2020-05-12 23:00:00, 81.69, 82.48, 79.165, 79.67, 1560772, 0.0
2020-05-13 23:00:00, 78.84, 80.46, 77.69, 80.29, 1712524, 0.0
2020-05-14 23:00:00, 79.62, 80.49, 78.91, 79.54, 3139178, 0.0
2020-05-17 23:00:00, 81.48, 84.37, 81.38, 83.96, 3705604, 0.0
2020-05-18 23:00:00, 84.21, 86.21, 83.88, 83.93, 1643752, 0.0
2020-05-19 23:00:00, 84.75, 87.02, 84.72, 86.71, 2038126, 0.0
2020-05-20 23:00:00, 86.51, 89.74, 85.6, 86.29, 4920186, 0.0
2020-05-21 23:00:00, 85.785, 87.74, 85.43, 86.31, 3200848, 0.0
2020-05-25 23:00:00, 89.08, 89.64, 87.88, 88.26, 1361396, 0.0
2020-05-26 23:00:00, 88.55, 89.575, 86.905, 88.41, 3269220, 0.0
2020-05-27 23:00:00, 88.92, 90.75, 88.05, 89.1, 1100086, 0.0
2020-05-28 23:00:00, 89.45, 89.81, 88.27, 89.34, 1616933, 0.0
2020-05-31 23:00:00, 89.34, 90.42, 88.435, 89.67, 2355848, 0.0
2020-06-01 23:00:00, 90.32, 90.89, 87.98, 88.12, 3643840, 0.0
2020-06-02 23:00:00, 88.86, 90.46, 88.28, 89.97, 3486370, 0.0
2020-06-03 23:00:00, 89.45, 91.01, 89.28, 89.74, 897809, 0.0
2020-06-04 23:00:00, 91.13, 92.35, 89, 91.79, 1676604, 0.0
2020-06-07 23:00:00, 91.66, 92.65, 89.89, 90.24, 3476956, 0.0
2020-06-08 23:00:00, 89.35, 89.73, 88.12, 89.1, 2442860, 0.0
2020-06-09 23:00:00, 89.25, 89.84, 88.24, 89.405, 1507297, 0.0
2020-06-10 23:00:00, 87.71, 88.51, 84.6, 84.64, 2788962, 0.0
2020-06-11 23:00:00, 86.38, 87.08, 84.4401, 84.48, 256755, 0.0
2020-06-14 23:00:00, 82.81, 86.87, 82.2, 86.515, 2079371, 0.0
2020-06-15 23:00:00, 88.76, 90.1869, 85.09, 88.27, 2838244, 0.0
2020-06-16 23:00:00, 88.71, 89.1745, 86.95, 87.33, 1392719, 0.0
2020-06-17 23:00:00, 86.66, 87.96, 86.23, 86.45, 1643627, 0.0
2020-06-18 23:00:00, 86.9, 88.7018, 84.13, 84.53, 1416552, 0.0
2020-06-21 23:00:00, 83.85, 85.16, 83.523, 84.65, 892423, 0.0
2020-06-22 23:00:00, 85.68, 85.92, 84.21, 84.47, 950688, 0.0
2020-06-23 23:00:00, 84.17, 84.36, 80.92, 81.31, 2101567, 0.0
2020-06-24 23:00:00, 80.71, 81.55, 78.8, 81.51, 1790547, 0.0
2020-06-25 23:00:00, 81.18, 82.605, 78.95, 79.61, 1743180, 0.0
2020-06-28 23:00:00, 79.64, 82.03, 78.55, 81.93, 1854906, 0.0
2020-06-29 23:00:00, 81.88, 83.375, 81.585, 83.27, 1243072, 0.0
2020-06-30 23:00:00, 83.48, 85.025, 83.37, 84.56, 1509340, 0.0
2020-07-01 23:00:00, 84.9, 85.665, 83.63, 83.89, 1202319, 0.0
2020-07-05 23:00:00, 84.87, 85.67, 84.55, 84.96, 929044, 0.0
2020-07-06 23:00:00, 84.78, 86.59, 84, 85.12, 1239593, 0.0
2020-07-07 23:00:00, 85.18, 85.71, 84.205, 85.2, 781833, 0.0
2020-07-08 23:00:00, 85.37, 85.43, 81.62, 83.38, 1103450, 0.0
2020-07-09 23:00:00, 83.12, 83.36, 81.93, 83.02, 877043, 0.0
2020-07-12 23:00:00, 83.45, 83.8, 81.26, 81.53, 1456298, 0.0
2020-07-13 23:00:00, 81.06, 83.775, 80.85, 83.54, 1170424, 0.0
2020-07-14 23:00:00, 84.35, 86.92, 84.19, 86.59, 1416163, 0.0
2020-07-15 23:00:00, 86.47, 86.88, 85.64, 86.5, 658895, 0.0
2020-07-16 23:00:00, 86.61, 87.57, 85.61, 87.24, 917185, 0.0
2020-07-19 23:00:00, 85.26, 87.67, 84.66, 87.38, 772989, 0.0
2020-07-20 23:00:00, 87.97, 88.635, 87.08, 87.93, 933659, 0.0
2020-07-21 23:00:00, 87.94, 89.72, 87.75, 89.56, 1092656, 0.0
2020-07-22 23:00:00, 90.3, 93.08, 89.85, 90.24, 1813465, 0.0
2020-07-23 23:00:00, 90.27, 90.76, 89.05, 89.52, 1297883, 0.0
2020-07-26 23:00:00, 89.99, 91.63, 89.3484, 91.25, 1190300, 0.0
2020-07-27 23:00:00, 91.47, 91.74, 89.51, 89.63, 991805, 0.0
2020-07-28 23:00:00, 90.47, 93.05, 90.47, 92.73, 1251260, 0.0
2020-07-29 23:00:00, 91.29, 93.35, 91, 92.71, 990604, 0.0
2020-07-30 23:00:00, 93.11, 93.3, 91.14, 93.21, 791473, 0.0
2020-08-02 23:00:00, 93.45, 94.18, 93.12, 93.26, 617058, 0.0
2020-08-03 23:00:00, 93.28, 96.84, 93.21, 96.83, 1844377, 0.0
2020-08-04 23:00:00, 96.9, 97.9, 96.31, 97.58, 1214668, 0.0
2020-08-05 23:00:00, 97.99, 98.8864, 97.45, 98.82, 838054, 0.0
2020-08-06 23:00:00, 99.03, 99.43, 98.78, 99.24, 1315003, 0.0
2020-08-09 23:00:00, 98.78, 99.36, 98.57, 98.9, 1273013, 0.0
2020-08-10 23:00:00, 99.06, 100.73, 98.61, 99.99, 1889266, 0.0
2020-08-11 23:00:00, 100.01, 100.89, 99.68, 99.98, 1131811, 0.0
2020-08-12 23:00:00, 99.74, 100.435, 99.3961, 99.98, 769453, 0.0
2020-08-13 23:00:00, 99.6, 100.19, 99.6, 100.01, 613796, 0.0
2020-08-16 23:00:00, 100.59, 101.31, 100.04, 101.15, 787324, 0.0
2020-08-17 23:00:00, 101.21, 101.345, 100.2, 100.99, 730077, 0.0
2020-08-18 23:00:00, 100.03, 100.95, 100.02, 100.51, 950780, 0.0
2020-08-19 23:00:00, 99.98, 100.715, 99.3405, 100.39, 1040789, 0.0
2020-08-20 23:00:00, 99.89, 100.92, 99, 100.71, 1159214, 0.0
2020-08-23 23:00:00, 101, 101.3, 100.54, 100.83, 793533, 0.0
2020-08-24 23:00:00, 101.56, 102, 100.84, 101.89, 679147, 0.0
2020-08-25 23:00:00, 101.47, 102.69, 101.13, 102.45, 875414, 0.0
2020-08-26 23:00:00, 102.95, 103.6623, 102.19, 103.11, 951660, 0.0
2020-08-27 23:00:00, 103.05, 104.28, 102.58, 104.08, 644112, 0.0
2020-08-30 23:00:00, 103.92, 104.23, 103.2208, 103.37, 881407, 0.0
2020-08-31 23:00:00, 103.33, 104.28, 102.93, 104.02, 1043925, 0.0
2020-09-01 23:00:00, 104.44, 105.03, 103.66, 104.7, 1553177, 0.0
2020-09-02 23:00:00, 108.67, 110, 101.27, 102.97, 2416190, 0.0
2020-09-03 23:00:00, 104.73, 105.71, 102.33, 103.49, 2523579, 0.0
2020-09-07 23:00:00, 101.98, 103.27, 101.15, 101.62, 1485497, 0.0
2020-09-08 23:00:00, 101.99, 103.54, 101.33, 102.99, 1405899, 0.0
2020-09-09 23:00:00, 103.72, 104.56, 101.55, 101.99, 1205199, 0.0
2020-09-10 23:00:00, 102.16, 103, 100.53, 102.01, 872543, 0.0
2020-09-13 23:00:00, 103.02, 103.99, 102.59, 103.85, 866228, 0.0
2020-09-14 23:00:00, 104.07, 105.92, 104.05, 105.1, 1224807, 0.0
2020-09-15 23:00:00, 105.84, 106.13, 104.78, 105.26, 1043726, 0.0
2020-09-16 23:00:00, 103.42, 103.61, 100.39, 102.25, 1491974, 0.0
2020-09-17 23:00:00, 101.92, 103.84, 101.74, 103.67, 1885668, 0.0
2020-09-20 23:00:00, 102.09, 102.72, 100.07, 102.7, 912217, 0.0
2020-09-21 23:00:00, 103, 105.28, 102.91, 105.07, 1046024, 0.0
2020-09-22 23:00:00, 105.37, 105.675, 102.06, 102.35, 645975, 0.0
2020-09-23 23:00:00, 101.96, 103.28, 101.22, 102.01, 815148, 0.0
2020-09-24 23:00:00, 102.19, 104.73, 101.82, 104.29, 787825, 0.0
2020-09-27 23:00:00, 105.61, 106.5, 105.4, 106.17, 799596, 0.0
2020-09-28 23:00:00, 106.24, 106.82, 105.26, 105.73, 417488, 0.0
2020-09-29 23:00:00, 105.86, 107.01, 104.63, 105.17, 958444, 0.0
2020-09-30 23:00:00, 106.18, 107.48, 105.86, 107.18, 831305, 0.0
2020-10-01 23:00:00, 105.66, 107.66, 105.66, 107.37, 683149, 0.0
2020-10-04 23:00:00, 108.95, 109.96, 108.185, 109.68, 951815, 0.0
2020-10-05 23:00:00, 109.22, 112.02, 109.08, 109.69, 801452, 0.0
2020-10-06 23:00:00, 110.78, 111.74, 110.57, 111.36, 873120, 0.0
2020-10-07 23:00:00, 111.56, 114.01, 111.43, 114, 1007111, 0.0
2020-10-08 23:00:00, 114.415, 116.45, 114.28, 115.19, 599329, 0.0
2020-10-11 23:00:00, 116.42, 118.36, 114.76, 117.09, 810239, 0.0
2020-10-12 23:00:00, 117.06, 117.83, 116.24, 116.39, 850766, 0.0
2020-10-13 23:00:00, 116.39, 118.12, 115.485, 115.7, 607125, 0.0
2020-10-14 23:00:00, 114.91, 118.1, 114.61, 117.64, 550093, 0.0
2020-10-15 23:00:00, 117.86, 118.56, 116.73, 117.25, 598351, 0.0
2020-10-18 23:00:00, 116.91, 118.36, 114.685, 115.32, 626708, 0.0
2020-10-19 23:00:00, 115.8, 116.62, 114.89, 114.98, 471985, 0.0
2020-10-20 23:00:00, 115.4, 116.04, 114.01, 114.51, 413133, 0.0
2020-10-21 23:00:00, 114.74, 115.08, 113.2, 114.09, 795698, 0.0
2020-10-22 23:00:00, 114.98, 115.805, 113.69, 114.3, 975216, 0.0
2020-10-25 23:00:00, 112.32, 113.19, 110.2, 111.98, 727319, 0.0
2020-10-26 23:00:00, 112.01, 113.12, 111.65, 112.1, 680809, 0.0
2020-10-27 23:00:00, 110.43, 110.93, 108.37, 108.47, 962658, 0.0
2020-10-28 23:00:00, 108.11, 112.26, 107.64, 111.34, 1314547, 0.0
2020-10-29 23:00:00, 110.53, 111.3, 109.24, 110.42, 805681, 0.0
2020-11-01 23:00:00, 111.9, 114.255, 110.17, 113.47, 1173696, 0.0
2020-11-02 23:00:00, 114.83, 118.77, 114.33, 116.33, 1107881, 0.0
2020-11-03 23:00:00, 119.39, 122.93, 117.61, 121.34, 719291, 0.0
2020-11-04 23:00:00, 123.41, 124.73, 121.77, 123.88, 665060, 0.0
2020-11-05 23:00:00, 124.25, 124.25, 122.64, 123.71, 483293, 0.0
2020-11-08 23:00:00, 129.43, 130.96, 121.3, 121.33, 1317371, 0.0
2020-11-09 23:00:00, 120.19, 120.9, 116.51, 116.99, 1358986, 0.0
2020-11-10 23:00:00, 117.62, 118.74, 116.73, 117.81, 839354, 0.0
2020-11-11 23:00:00, 118.81, 119.39, 116.98, 117.26, 618138, 0.0
2020-11-12 23:00:00, 117.5, 118.9, 117.13, 117.75, 723304, 0.0
2020-11-15 23:00:00, 117.65, 118.755, 115.8, 116.05, 1599562, 0.0
2020-11-16 23:00:00, 115.81, 116.74, 114.19, 116.2, 1151830, 0.0
2020-11-17 23:00:00, 116.79, 118.02, 115.29, 115.89, 1653408, 0.0
2020-11-18 23:00:00, 116.65, 117.25, 112.05, 113.82, 1875098, 0.0
2020-11-19 23:00:00, 113.45, 115.37, 112.57, 114.49, 1251368, 0.0
2020-11-22 23:00:00, 114.16, 114.53, 111.86, 113.24, 1026884, 0.0
2020-11-23 23:00:00, 113.7192, 114.26, 112.67, 113.21, 1288334, 0.0
2020-11-24 23:00:00, 113.78, 115.04, 113.03, 114.81, 868302, 0.0
2020-11-26 23:00:00, 114.29, 115.4, 114, 115.27, 412868, 0.0
2020-11-29 23:00:00, 115.21, 115.65, 113.7807, 115.45, 1464221, 0.0
2020-11-30 23:00:00, 116, 117.2, 114.935, 115.25, 1219849, 0.0
2020-12-01 23:00:00, 115.06, 115.17, 113.13, 113.28, 687597, 0.0
2020-12-02 23:00:00, 111.95, 115.57, 111.95, 115.06, 1288854, 0.0
2020-12-03 23:00:00, 115, 115.3217, 111.9, 112.15, 1096441, 0.0
2020-12-06 23:00:00, 112.62, 115.04, 112.21, 114.68, 855757, 0.0
2020-12-07 23:00:00, 114.03, 116.18, 113.5, 115.5, 939567, 0.0
2020-12-08 23:00:00, 115.38, 116.36, 113.65, 114.08, 726646, 0.0
2020-12-09 23:00:00, 113.76, 114.92, 112.87, 114.75, 824752, 0.0
2020-12-10 23:00:00, 114.19, 117.05, 113.54, 116.99, 1122007, 0.0
2020-12-13 23:00:00, 117.5, 119.94, 117.135, 118.27, 1272698, 0.0
2020-12-14 23:00:00, 119.19, 122.24, 119.02, 121.36, 1468352, 0.0
2020-12-15 23:00:00, 121.6, 123.16, 120.08, 120.87, 672251, 0.0
2020-12-16 23:00:00, 121.42, 122.11, 120.89, 121.68, 649429, 0.0
2020-12-17 23:00:00, 122.56, 122.56, 120.74, 122.36, 1101790, 0.0
2020-12-20 23:00:00, 120.57, 122.33, 118.4, 122.28, 698635, 0.0
2020-12-21 23:00:00, 122.17, 123.09, 121.055, 123.05, 608851, 0.0
2020-12-22 23:00:00, 123.25, 124.11, 123.08, 123.42, 553250, 0.0
2020-12-23 23:00:00, 123.56, 124.04, 122.7, 123.61, 252914, 0.0
2020-12-27 23:00:00, 125.36, 127.58, 124.26, 126.73, 899894, 0.0
2020-12-28 23:00:00, 127.17, 127.66, 125.02, 125.96, 732052, 0.0
2020-12-29 23:00:00, 126.01, 128.135, 125.9301, 126.54, 703252, 0.0
2020-12-30 23:00:00, 126.47, 127.58, 125.62, 127.34, 456680, 0.0
2021-01-03 23:00:00, 127.85, 128.32, 120.16, 120.65, 1138767, 0.0
2021-01-04 23:00:00, 120.32, 121.57, 118.45, 120.14, 1121311, 0.0
2021-01-05 23:00:00, 117.93, 120.39, 117.2901, 117.75, 1469526, 0.0
2021-01-06 23:00:00, 117.8, 121.14, 117.8, 120.87, 1034260, 0.0
2021-01-07 23:00:00, 120.67, 124.01, 120.46, 122.18, 688738, 0.0
2021-01-10 23:00:00, 122.07, 122.17, 119.81, 120.86, 558820, 0.0
2021-01-11 23:00:00, 120.46, 122.688, 120.12, 121.83, 563520, 0.0
2021-01-12 23:00:00, 121.74, 121.77, 119.04, 119.1, 586000, 0.0
2021-01-13 23:00:00, 119.1, 119.22, 117, 117.25, 615174, 0.0
2021-01-14 23:00:00, 116.49, 116.52, 113.5901, 115.83, 1192620, 0.0
2021-01-18 23:00:00, 116.11, 117.17, 115.35, 116.09, 670202, 0.0
2021-01-19 23:00:00, 116.04, 116.56, 114.95, 116.39, 818064, 0.0
2021-01-20 23:00:00, 116.44, 117.62, 115.275, 115.69, 687126, 0.0
2021-01-21 23:00:00, 115.38, 115.87, 114.07, 114.51, 960604, 0.0
2021-01-24 23:00:00, 113.93, 114.2, 111.37, 112.9, 1371666, 0.0
2021-01-25 23:00:00, 112.77, 112.9, 110.09, 110.27, 848447, 0.0
2021-01-26 23:00:00, 108.78, 110.316, 106.68, 108.28, 1981973, 0.0
2021-01-27 23:00:00, 109.07, 111.43, 108.46, 109.82, 1541777, 0.0
2021-01-28 23:00:00, 109, 110.4, 107.84, 109.82, 1198369, 0.0
2021-01-31 23:00:00, 110.11, 111.71, 109.76, 110.78, 863951, 0.0
2021-02-01 23:00:00, 111.81, 114.35, 111.47, 114.03, 1005687, 0.0
2021-02-02 23:00:00, 113.36, 114, 111.8, 112.1, 798909, 0.0
2021-02-03 23:00:00, 112.44, 114.76, 111.99, 114.32, 664639, 0.0
2021-02-04 23:00:00, 116.88, 120.14, 115.55, 119.4, 1506535, 0.0
2021-02-07 23:00:00, 119.5, 121.51, 119, 120.75, 939573, 0.0
2021-02-08 23:00:00, 120.97, 121.455, 120.41, 121.04, 767119, 0.0
2021-02-09 23:00:00, 121.669, 121.97, 117.73, 118.04, 743665, 0.0
2021-02-10 23:00:00, 118.86, 119.22, 115.39, 115.96, 783162, 0.0
2021-02-11 23:00:00, 117.74, 119.91, 116.62, 119.43, 795981, 0.0
2021-02-15 23:00:00, 119.74, 119.8, 117.06, 118.12, 782319, 0.0
2021-02-16 23:00:00, 117.89, 118.17, 115.06, 118.03, 708685, 0.0
2021-02-17 23:00:00, 117.63, 119.04, 116.92, 118.64, 933600, 0.0
2021-02-18 23:00:00, 116.39, 118.955, 116.1, 117.07, 2045503, 0.0
2021-02-21 23:00:00, 116.22, 116.23, 111.875, 112.55, 1503377, 0.0
2021-02-22 23:00:00, 112.16, 113.1, 109.11, 111.21, 1335613, 0.0
2021-02-23 23:00:00, 109.96, 112.42, 108.855, 110.49, 1327605, 0.0
2021-02-24 23:00:00, 109.79, 111.09, 106.28, 106.97, 1047006, 0.0
2021-02-25 23:00:00, 107.47, 110.13, 106.84, 109.17, 975809, 0.0
2021-02-28 23:00:00, 110.09, 110.745, 108.73, 109.82, 1913728, 0.0
2021-03-01 23:00:00, 110.13, 110.78, 108.38, 109.67, 673030, 0.0
2021-03-02 23:00:00, 108.8, 109.47, 106.79, 106.97, 1005962, 0.0
2021-03-03 23:00:00, 106.65, 108.39, 103.89, 104.11, 1414981, 0.0
2021-03-04 23:00:00, 104.98, 106.62, 101.92, 106.4, 915882, 0.0
2021-03-07 23:00:00, 105.3, 107.32, 103.9, 103.98, 1096517, 0.0
2021-03-08 23:00:00, 105.89, 107.3557, 105.19, 106.36, 717848, 0.0
2021-03-09 23:00:00, 107.5492, 109.29, 107.29, 108.66, 1080046, 0.0
2021-03-10 23:00:00, 109.05, 110.6496, 109.05, 110.32, 636705, 0.0
2021-03-11 23:00:00, 109.78, 110.66, 108.47, 109.99, 468326, 0.0
2021-03-14 23:00:00, 109.87, 110.865, 109.52, 110.75, 447692, 0.0
2021-03-15 23:00:00, 111.94, 112.32, 108.65, 109.07, 566601, 0.0
2021-03-16 23:00:00, 108.73, 111.04, 107.51, 110.56, 820786, 0.0
2021-03-17 23:00:00, 109.07, 111.6, 108.7, 109.08, 1153438, 0.0
2021-03-18 23:00:00, 109, 109.36, 105.87, 106.59, 1450043, 0.0
2021-03-21 23:00:00, 106.4, 110.145, 106.34, 109.79, 833072, 0.0
2021-03-22 23:00:00, 108.96, 110.5, 107.15, 107.39, 1102008, 0.0
2021-03-23 23:00:00, 108.21, 108.35, 105.88, 105.88, 1183196, 0.0
2021-03-24 23:00:00, 106.07, 106.325, 104.085, 105.5, 941549, 0.0
2021-03-25 23:00:00, 104.75, 107.57, 104.75, 107.46, 967411, 0.0
2021-03-28 23:00:00, 107.49, 107.99, 105.354, 106.13, 669782, 0.0
2021-03-29 23:00:00, 105.74, 106.54, 104.79, 106.2, 799212, 0.0
2021-03-30 23:00:00, 106.65, 109.765, 105.9, 108.61, 813289, 0.0
2021-03-31 23:00:00, 109.72, 112.81, 108.86, 112.63, 1197145, 0.0
2021-04-04 23:00:00, 113.37, 113.85, 112.32, 113.83, 749485, 0.0
2021-04-05 23:00:00, 113.55, 114.42, 112.61, 112.82, 811698, 0.0
2021-04-06 23:00:00, 112.61, 113.75, 111.34, 113.42, 878714, 0.0
2021-04-07 23:00:00, 114.13, 115.27, 114, 114.97, 716257, 0.0
2021-04-08 23:00:00, 115.09, 118.31, 114.8, 118.03, 1305638, 0.0
2021-04-11 23:00:00, 117.6, 118.6, 117.37, 118.34, 633558, 0.0
2021-04-12 23:00:00, 117.9, 119.24, 117.04, 117.61, 852430, 0.0
2021-04-13 23:00:00, 117.63, 119.98, 117.4097, 119.02, 1123113, 0.0
2021-04-14 23:00:00, 119.77, 122.55, 119.52, 121.68, 1474352, 0.0
2021-04-15 23:00:00, 122.38, 123.92, 121.55, 123.48, 991096, 0.0
2021-04-18 23:00:00, 122.82, 123.01, 121.53, 121.8, 941175, 0.0
2021-04-19 23:00:00, 121.97, 122.97, 120.7743, 121.3, 556291, 0.0
2021-04-20 23:00:00, 121.56, 123.15, 120.83, 122.54, 406588, 0.0
2021-04-21 23:00:00, 122.6, 124.65, 121.9, 122.89, 601208, 0.0
2021-04-22 23:00:00, 123.63, 125.435, 123.625, 124.62, 725007, 0.0
2021-04-25 23:00:00, 124.69, 124.94, 122.35, 123.45, 533146, 0.0
2021-04-26 23:00:00, 123.23, 124.54, 122.92, 123.97, 490071, 0.0
2021-04-27 23:00:00, 123.6, 123.81, 122.67, 123.31, 579101, 0.0
2021-04-28 23:00:00, 123.99, 126.1773, 123.48, 125.67, 505327, 0.0
2021-04-29 23:00:00, 124.65, 125.3, 124.14, 124.5, 536260, 0.0
2021-05-02 23:00:00, 125.37, 125.565, 124.28, 124.5, 481985, 0.0
2021-05-03 23:00:00, 123.99, 124.03, 121.67, 123.51, 611605, 0.0
2021-05-04 23:00:00, 123.96, 124.51, 122.435, 122.67, 522654, 0.0
2021-05-05 23:00:00, 123.05, 123.05, 120.73, 122.48, 439382, 0.0
2021-05-06 23:00:00, 122.78, 125.07, 122.49, 124.56, 498162, 0.0
2021-05-09 23:00:00, 123.98, 125.23, 121.66, 123.12, 555321, 0.0
2021-05-10 23:00:00, 123.26, 123.6, 120.605, 121.03, 587255, 0.0
2021-05-11 23:00:00, 119.95, 120.13, 117.6, 118.1, 803127, 0.0
2021-05-12 23:00:00, 119.28, 121.11, 119, 120.44, 637696, 0.0
2021-05-13 23:00:00, 120.96, 124.64, 120.75, 124.13, 551083, 0.0
2021-05-16 23:00:00, 122.96, 124.21, 122.04, 122.98, 520782, 0.0
2021-05-17 23:00:00, 123.03, 123.21, 121.13, 121.21, 581292, 0.0
2021-05-18 23:00:00, 119.41, 121.11, 118.03, 121.03, 977588, 0.0
2021-05-19 23:00:00, 127, 127.95, 122.69, 124.06, 1545954, 0.0
2021-05-20 23:00:00, 124.55, 127.58, 124.55, 127.02, 1216581, 0.0
2021-05-23 23:00:00, 128.3, 128.5673, 126.82, 128.13, 918624, 0.0
2021-05-24 23:00:00, 128.36, 128.934, 127.4, 127.83, 690501, 0.0
2021-05-25 23:00:00, 127.94, 128.21, 126.85, 127.12, 157746, 0.0
