Date, Open, High, Low, Close, Volume, Open Interest
2019-05-27 23:00:00, 172.24, 173.79, 171.06, 172.75, 1014516, 0.0
2019-05-28 23:00:00, 171.15, 171.87, 166.3, 166.55, 1589017, 0.0
2019-05-29 23:00:00, 167.26, 170.5, 167.26, 170.15, 796206, 0.0
2019-05-30 23:00:00, 168.49, 169.99, 166.1, 166.13, 678401, 0.0
2019-06-03 23:00:00, 168.16, 172.97, 167.08, 171.27, 1032407, 0.0
2019-06-04 23:00:00, 171.9, 174, 170.39, 173.26, 979014, 0.0
2019-06-05 23:00:00, 173.22, 173.99, 167.42, 167.82, 964782, 0.0
2019-06-06 23:00:00, 169.43, 173.98, 169.255, 173.51, 899126, 0.0
2019-06-09 23:00:00, 173.29, 174.12, 171.51, 172.82, 934894, 0.0
2019-06-10 23:00:00, 174.08, 174.88, 171.75, 172, 1306185, 0.0
2019-06-11 23:00:00, 172.6, 173.47, 169.26, 170.63, 1026901, 0.0
2019-06-12 23:00:00, 171.17, 171.95, 167.84, 168.85, 1645193, 0.0
2019-06-13 23:00:00, 168.9, 170.9895, 167.94, 170.23, 1350940, 0.0
2019-06-16 23:00:00, 171.17, 174.14, 171.17, 173.81, 612070, 0.0
2019-06-17 23:00:00, 175.97, 178.9, 174.8, 178, 1291434, 0.0
2019-06-18 23:00:00, 178.52, 182.14, 177, 181.77, 1214118, 0.0
2019-06-19 23:00:00, 183.52, 186.33, 181.21, 182.13, 1014451, 0.0
2019-06-20 23:00:00, 183.34, 184.45, 180.76, 183.98, 1292761, 0.0
2019-06-23 23:00:00, 184.56, 184.9838, 180.5477, 181.07, 515636, 0.0
2019-06-24 23:00:00, 181.64, 183.1, 179.49, 180.16, 710732, 0.0
2019-06-25 23:00:00, 180.11, 181.03, 177.13, 177.66, 632437, 0.0
2019-06-26 23:00:00, 178, 179.24, 176.6804, 178.58, 579633, 0.0
2019-06-27 23:00:00, 179.39, 184.99, 178.75, 183.36, 999645, 0.0
2019-06-30 23:00:00, 185.07, 185.14, 180.81, 181.83, 938921, 0.0
2019-07-01 23:00:00, 181.54, 181.54, 178.88, 179.53, 727816, 0.0
2019-07-02 23:00:00, 180.25, 183.45, 178.54, 183.27, 490550, 0.0
2019-07-04 23:00:00, 179.45, 183.24, 177.41, 178.34, 739366, 0.0
2019-07-07 23:00:00, 177.76, 177.76, 174.18, 176.79, 683361, 0.0
2019-07-08 23:00:00, 175.62, 178.63, 174.775, 178.4, 579471, 0.0
2019-07-09 23:00:00, 179, 179.75, 175.53, 178.76, 621984, 0.0
2019-07-10 23:00:00, 178.81, 178.86, 172.74, 176, 1130934, 0.0
2019-07-11 23:00:00, 176.06, 176.27, 173.95, 175.8, 874269, 0.0
2019-07-14 23:00:00, 176.16, 178.08, 174.7, 176.37, 968623, 0.0
2019-07-15 23:00:00, 176.47, 177.9338, 175.58, 176.15, 516411, 0.0
2019-07-16 23:00:00, 176.93, 179.24, 176.16, 177.03, 623540, 0.0
2019-07-17 23:00:00, 176.92, 178.58, 176.38, 178.15, 719204, 0.0
2019-07-18 23:00:00, 179.15, 179.15, 174.045, 174.05, 882708, 0.0
2019-07-21 23:00:00, 173.34, 174.57, 172.4071, 174.04, 1010825, 0.0
2019-07-22 23:00:00, 174.43, 176.36, 173.3956, 175.265, 705595, 0.0
2019-07-23 23:00:00, 175, 175, 172.31, 173.34, 955565, 0.0
2019-07-24 23:00:00, 172.22, 172.51, 169.02, 169.53, 1631671, 0.0
2019-07-25 23:00:00, 170.18, 171.13, 165.85, 166.77, 1460710, 0.0
2019-07-28 23:00:00, 167.21, 167.51, 165.27, 166.23, 1213468, 0.0
2019-07-29 23:00:00, 165.74, 171.1, 165.52, 169.55, 2041699, 0.0
2019-07-30 23:00:00, 168.79, 170.21, 165.66, 166.62, 1232647, 0.0
2019-07-31 23:00:00, 173.42, 181.3, 170.13, 179.44, 2826584, 0.0
2019-08-01 23:00:00, 177.78, 180.02, 177.06, 178.39, 1403690, 0.0
2019-08-04 23:00:00, 176.44, 177.14, 173.9235, 175.55, 1331706, 0.0
2019-08-05 23:00:00, 174.23, 177.05, 173.64, 176.94, 943225, 0.0
2019-08-06 23:00:00, 175.11, 176.47, 172.48, 175.65, 786495, 0.0
2019-08-07 23:00:00, 175.59, 183.11, 175.59, 182.97, 1375281, 0.0
2019-08-08 23:00:00, 182.94, 184.07, 179.3929, 182.98, 920906, 0.0
2019-08-11 23:00:00, 182.06, 183.14, 179.115, 179.74, 882495, 0.0
2019-08-12 23:00:00, 178.36, 185.54, 178.04, 183.92, 1014983, 0.0
2019-08-13 23:00:00, 181.77, 183.57, 178.85, 179.53, 1062125, 0.0
2019-08-14 23:00:00, 180.01, 182.04, 178.37, 181.12, 662037, 0.0
2019-08-15 23:00:00, 183.08, 185.75, 180.84, 184.95, 1151551, 0.0
2019-08-18 23:00:00, 186.24, 187.71, 185.8799, 187.07, 768362, 0.0
2019-08-19 23:00:00, 187.04, 188.44, 182.9042, 183.72, 803979, 0.0
2019-08-20 23:00:00, 185.86, 187.3, 184.6, 186.4, 464424, 0.0
2019-08-21 23:00:00, 186.76, 187.62, 181.48, 184.15, 719304, 0.0
2019-08-22 23:00:00, 184.36, 186.78, 179.24, 180.23, 865675, 0.0
2019-08-25 23:00:00, 180.82, 182.38, 179.56, 180.71, 671633, 0.0
2019-08-26 23:00:00, 181.99, 182.92, 177.27, 178.25, 744388, 0.0
2019-08-27 23:00:00, 177.47, 180.71, 170.54, 178.35, 1562802, 0.0
2019-08-28 23:00:00, 179.3, 180.5, 178.14, 178.98, 564804, 0.0
2019-08-29 23:00:00, 180.26, 181.2, 178.76, 180.01, 647895, 0.0
2019-09-02 23:00:00, 180.55, 181.57, 177.575, 178.7, 889964, 0.0
2019-09-03 23:00:00, 179.73, 179.75, 173.56, 176.89, 790524, 0.0
2019-09-04 23:00:00, 178.18, 180.05, 177.02, 179.87, 719392, 0.0
2019-09-05 23:00:00, 180.35, 182.15, 179.33, 181.34, 793009, 0.0
2019-09-08 23:00:00, 181.09, 181.28, 174.45, 174.81, 922946, 0.0
2019-09-09 23:00:00, 174.03, 174.14, 166.645, 171.01, 1640706, 0.0
2019-09-10 23:00:00, 171.19, 173.61, 170.9, 173.19, 955128, 0.0
2019-09-11 23:00:00, 174.39, 175.45, 172, 172.49, 705670, 0.0
2019-09-12 23:00:00, 173.16, 175.79, 172.45, 174.95, 978868, 0.0
2019-09-15 23:00:00, 173.89, 178.09, 173.13, 177.55, 738110, 0.0
2019-09-16 23:00:00, 173.02, 177.82, 173.02, 176, 880023, 0.0
2019-09-17 23:00:00, 176.01, 176.495, 171.96, 174.54, 1027120, 0.0
2019-09-18 23:00:00, 174.48, 176.7, 173.6, 176.11, 641466, 0.0
2019-09-19 23:00:00, 177.01, 179.55, 175.58, 178.07, 1534173, 0.0
2019-09-22 23:00:00, 178.23, 179.005, 175.77, 175.94, 607922, 0.0
2019-09-23 23:00:00, 176.32, 177.78, 171.03, 172.51, 582353, 0.0
2019-09-24 23:00:00, 172.31, 173.49, 170.56, 171.43, 767744, 0.0
2019-09-25 23:00:00, 172.05, 172.05, 167.43, 169.57, 1253554, 0.0
2019-09-26 23:00:00, 170.29, 170.54, 165.53, 166.74, 1025230, 0.0
2019-09-29 23:00:00, 169.55, 171.29, 167.61, 169.42, 1147457, 0.0
2019-09-30 23:00:00, 169.24, 170.1058, 166.52, 167.57, 814085, 0.0
2019-10-01 23:00:00, 167.69, 168.52, 165.23, 166.72, 1309101, 0.0
2019-10-02 23:00:00, 166.06, 170.64, 166.06, 170.46, 952398, 0.0
2019-10-03 23:00:00, 170.89, 172.92, 170.52, 172.42, 1366298, 0.0
2019-10-06 23:00:00, 171.55, 172.76, 169.27, 172.11, 1328955, 0.0
2019-10-07 23:00:00, 170.47, 171.89, 167.6, 169.55, 1624920, 0.0
2019-10-08 23:00:00, 170.87, 171.99, 168.55, 168.65, 1286478, 0.0
2019-10-09 23:00:00, 168.42, 170.37, 167.615, 170.22, 1315196, 0.0
2019-10-10 23:00:00, 171.44, 174.72, 171.13, 172.31, 1256647, 0.0
2019-10-13 23:00:00, 172.65, 175.25, 172.59, 173.61, 851239, 0.0
2019-10-14 23:00:00, 174.36, 176.98, 174.0221, 176.14, 1243687, 0.0
2019-10-15 23:00:00, 175.32, 177.2, 173.6198, 176.1, 1147176, 0.0
2019-10-16 23:00:00, 177.8, 180.05, 177.5, 177.72, 1683925, 0.0
2019-10-17 23:00:00, 180.25, 180.25, 175.38, 176.23, 2014855, 0.0
2019-10-20 23:00:00, 176.28, 184.81, 174.82, 183.53, 967911, 0.0
2019-10-21 23:00:00, 186.91, 194.75, 186.19, 191.06, 4248300, 0.0
2019-10-22 23:00:00, 190.37, 192.54, 186.41, 190.43, 1419896, 0.0
2019-10-23 23:00:00, 191.7, 194.9, 189.35, 194.47, 1732658, 0.0
2019-10-24 23:00:00, 193.13, 195.94, 192.55, 194.49, 985284, 0.0
2019-10-27 23:00:00, 194.56, 195.02, 192.32, 193.91, 1130751, 0.0
2019-10-28 23:00:00, 194.43, 198.4555, 193.26, 197.82, 1469550, 0.0
2019-10-29 23:00:00, 198.11, 199.455, 196.64, 199.28, 1074408, 0.0
2019-10-30 23:00:00, 197.06, 200, 194.2, 195.46, 2056937, 0.0
2019-10-31 23:00:00, 196.24, 202.94, 195.015, 201.05, 2688314, 0.0
2019-11-03 23:00:00, 202.13, 202.25, 197.8, 199.47, 1147441, 0.0
2019-11-04 23:00:00, 199, 199.95, 196.46, 197.2, 979718, 0.0
2019-11-05 23:00:00, 198.23, 198.49, 195.7, 195.96, 924059, 0.0
2019-11-06 23:00:00, 196.4, 197.16, 195.11, 195.83, 752911, 0.0
2019-11-07 23:00:00, 197.08, 202.1107, 196.71, 201.37, 1075188, 0.0
2019-11-10 23:00:00, 201, 202.21, 199.29, 201.9, 721299, 0.0
2019-11-11 23:00:00, 202.14, 204.84, 201.84, 203.84, 714872, 0.0
2019-11-12 23:00:00, 205, 207.64, 203.75, 207.22, 957388, 0.0
2019-11-13 23:00:00, 206.84, 207.5, 203.24, 205, 896909, 0.0
2019-11-14 23:00:00, 205.95, 210.05, 205.01, 210, 1415668, 0.0
2019-11-17 23:00:00, 209.87, 210.08, 207.683, 210.02, 1283314, 0.0
2019-11-18 23:00:00, 212.97, 215.455, 209.41, 215, 1524576, 0.0
2019-11-19 23:00:00, 214.78, 217.08, 212.85, 215.22, 1978385, 0.0
2019-11-20 23:00:00, 214.34, 215.64, 212.8032, 215.5, 1063866, 0.0
2019-11-21 23:00:00, 216.93, 218.6, 215.1, 218, 1199732, 0.0
2019-11-24 23:00:00, 219.37, 223.61, 219, 223.28, 1272997, 0.0
2019-11-25 23:00:00, 223.66, 223.73, 218.23, 218.94, 1361835, 0.0
2019-11-26 23:00:00, 219.1, 220.99, 218.07, 220.09, 669490, 0.0
2019-11-28 23:00:00, 220.39, 222.42, 220.11, 221.77, 343619, 0.0
2019-12-01 23:00:00, 222.96, 223.41, 218.41, 220.79, 846735, 0.0
2019-12-02 23:00:00, 219.61, 222.75, 218.39, 221.13, 801033, 0.0
2019-12-03 23:00:00, 222, 224.08, 221.07, 223.95, 745882, 0.0
2019-12-04 23:00:00, 223.77, 224.31, 221.3458, 223.13, 619715, 0.0
2019-12-05 23:00:00, 224.17, 224.66, 220.36, 223.26, 866481, 0.0
2019-12-08 23:00:00, 222.99, 225.66, 219.19, 219.36, 1458851, 0.0
2019-12-09 23:00:00, 219.42, 221.87, 218.5, 220.27, 958030, 0.0
2019-12-10 23:00:00, 221.91, 224.27, 219.58, 220, 776567, 0.0
2019-12-11 23:00:00, 219.71, 222.55, 219.1677, 220.53, 951183, 0.0
2019-12-12 23:00:00, 220.19, 221.62, 217.83, 218.93, 1201825, 0.0
2019-12-15 23:00:00, 220.5, 221.86, 219.33, 219.43, 1565526, 0.0
2019-12-16 23:00:00, 219.72, 219.73, 216.01, 217.62, 1165736, 0.0
2019-12-17 23:00:00, 217.83, 219.92, 217.49, 219.35, 969869, 0.0
2019-12-18 23:00:00, 220.14, 220.675, 216.975, 217.78, 849024, 0.0
2019-12-19 23:00:00, 219.62, 221.02, 217, 220.78, 1896023, 0.0
2019-12-22 23:00:00, 220.95, 222.87, 219.68, 219.98, 917511, 0.0
2019-12-23 23:00:00, 220.46, 220.64, 218.505, 220.52, 267996, 0.0
2019-12-25 23:00:00, 220.6, 220.9, 218.38, 220.27, 554015, 0.0
2019-12-26 23:00:00, 220.59, 221.484, 218.12, 221.08, 749038, 0.0
2019-12-29 23:00:00, 220.38, 221.9454, 217.33, 219.09, 610623, 0.0
2019-12-30 23:00:00, 220.84, 220.84, 216.7, 218.95, 771941, 0.0
2020-01-01 23:00:00, 220.24, 220.6541, 216.95, 219.45, 1126100, 0.0
2020-01-02 23:00:00, 216.16, 219.8865, 214.55, 217.88, 699016, 0.0
2020-01-05 23:00:00, 217.73, 224.35, 216.91, 224.04, 993511, 0.0
2020-01-06 23:00:00, 223.15, 225.92, 222.14, 223.79, 882075, 0.0
2020-01-07 23:00:00, 225.89, 232.7, 224.91, 231.15, 1528052, 0.0
2020-01-08 23:00:00, 233.08, 233.255, 227.27, 230.26, 998826, 0.0
2020-01-09 23:00:00, 231.69, 231.69, 228.07, 228.95, 787844, 0.0
2020-01-12 23:00:00, 229.38, 230, 224.56, 226.46, 859334, 0.0
2020-01-13 23:00:00, 226.44, 229.8, 225.53, 229.79, 789694, 0.0
2020-01-14 23:00:00, 229.88, 234.33, 228.78, 234.16, 1171438, 0.0
2020-01-15 23:00:00, 234.27, 235.78, 233.27, 235.62, 1850827, 0.0
2020-01-16 23:00:00, 236.51, 236.51, 232.82, 235.82, 1389765, 0.0
2020-01-20 23:00:00, 235.84, 237.2, 233.13, 233.92, 2037508, 0.0
2020-01-21 23:00:00, 234.94, 237.47, 234.4, 234.61, 2003406, 0.0
2020-01-22 23:00:00, 235, 235.63, 231.38, 233.74, 1404350, 0.0
2020-01-23 23:00:00, 234.07, 235.18, 228.415, 229.04, 1538968, 0.0
2020-01-26 23:00:00, 226.51, 228.79, 226.07, 227.37, 641250, 0.0
2020-01-27 23:00:00, 228.53, 232.295, 227.57, 231.97, 564328, 0.0
2020-01-28 23:00:00, 231.72, 233.49, 230.57, 232.36, 762147, 0.0
2020-01-29 23:00:00, 230.84, 231.7499, 228.6795, 230.41, 926542, 0.0
2020-01-30 23:00:00, 238.65, 239.4, 223.01, 227.12, 2828400, 0.0
2020-02-02 23:00:00, 230.94, 233.7789, 225.5, 230.39, 1587391, 0.0
2020-02-03 23:00:00, 233.35, 241.23, 233.29, 239.67, 1216084, 0.0
2020-02-04 23:00:00, 241.61, 244.41, 240, 240.76, 1335866, 0.0
2020-02-05 23:00:00, 242.13, 244.65, 238.01, 239.17, 1127511, 0.0
2020-02-06 23:00:00, 237.66, 240.344, 234.1, 240.05, 1223411, 0.0
2020-02-09 23:00:00, 239.22, 244.89, 237.0001, 244.8, 961828, 0.0
2020-02-10 23:00:00, 245, 249, 242.775, 247.84, 2123442, 0.0
2020-02-11 23:00:00, 247.61, 248.795, 240.7, 242.19, 1461159, 0.0
2020-02-12 23:00:00, 241.41, 245.385, 239.73, 240.09, 826587, 0.0
2020-02-13 23:00:00, 241.03, 244.45, 238.55, 243.94, 824686, 0.0
2020-02-17 23:00:00, 244.92, 246, 241.09, 245.94, 923887, 0.0
2020-02-18 23:00:00, 249.85, 249.85, 245.24, 247.79, 723672, 0.0
2020-02-19 23:00:00, 247.29, 247.7, 242.585, 245.11, 1295770, 0.0
2020-02-20 23:00:00, 247.3, 247.5, 243.27, 246.36, 1195524, 0.0
2020-02-23 23:00:00, 241.44, 242.76, 235.7, 237, 1375242, 0.0
2020-02-24 23:00:00, 238.18, 239.99, 228.5, 229.99, 1366727, 0.0
2020-02-25 23:00:00, 232.41, 237.37, 229.49, 232, 1179189, 0.0
2020-02-26 23:00:00, 228.48, 231.63, 218.01, 223.21, 1660376, 0.0
2020-02-27 23:00:00, 215.57, 224.54, 215.5, 224.4, 1851172, 0.0
2020-03-01 23:00:00, 224.43, 232.98, 223.14, 232.28, 1934790, 0.0
2020-03-02 23:00:00, 230.27, 237.55, 226.67, 228.38, 1690778, 0.0
2020-03-03 23:00:00, 232.29, 246.06, 230.9, 245.37, 1517811, 0.0
2020-03-04 23:00:00, 239.24, 242.18, 235.285, 237.31, 1178414, 0.0
2020-03-05 23:00:00, 227.65, 234.48, 226.6138, 233.5, 2719502, 0.0
2020-03-08 23:00:00, 216.082, 227.61, 214.08, 219.28, 1587547, 0.0
2020-03-09 23:00:00, 226.21, 231.41, 216.47, 230.7, 1715395, 0.0
2020-03-10 23:00:00, 225.63, 230.83, 218.7, 220.26, 1430574, 0.0
2020-03-11 23:00:00, 206.59, 215.36, 201.5, 204.06, 2597073, 0.0
2020-03-12 23:00:00, 218.75, 221.47, 200.76, 221.08, 2895799, 0.0
2020-03-15 23:00:00, 201.6, 219, 199.16, 199.52, 3954888, 0.0
2020-03-16 23:00:00, 203.97, 230.0649, 202.5, 210.44, 3638916, 0.0
2020-03-17 23:00:00, 200.6, 224.99, 197.47, 213.16, 5379736, 0.0
2020-03-18 23:00:00, 215.15, 223.9313, 202.01, 215.49, 2404361, 0.0
2020-03-19 23:00:00, 217.7, 227.425, 204.16, 206.51, 2162338, 0.0
2020-03-22 23:00:00, 210.5, 218.1, 199.52, 202.11, 2482692, 0.0
2020-03-23 23:00:00, 207.84, 224.98, 207.84, 223.7, 2194624, 0.0
2020-03-24 23:00:00, 219.88, 224, 209.51, 209.88, 1690556, 0.0
2020-03-25 23:00:00, 209.8, 225.62, 209.43, 224.73, 1348009, 0.0
2020-03-26 23:00:00, 219.43, 224.18, 215.5688, 217.24, 1297635, 0.0
2020-03-29 23:00:00, 221.34, 233.77, 220, 231.92, 1676727, 0.0
2020-03-30 23:00:00, 228.95, 240, 228.02, 237.95, 2141917, 0.0
2020-03-31 23:00:00, 232.12, 234.98, 223.45, 225.5, 1251156, 0.0
2020-04-01 23:00:00, 222.77, 242.96, 222.39, 242.18, 1980863, 0.0
2020-04-02 23:00:00, 241.38, 247.45, 234.35, 238.31, 1606399, 0.0
2020-04-05 23:00:00, 248.61, 256.65, 241.94, 254.88, 4991116, 0.0
2020-04-06 23:00:00, 263.15, 267.45, 245.38, 247.66, 2515729, 0.0
2020-04-07 23:00:00, 249.43, 251.68, 240.5, 249.66, 4234916, 0.0
2020-04-08 23:00:00, 251.9969, 251.9969, 243, 246.61, 1572175, 0.0
2020-04-12 23:00:00, 244.66, 253.83, 243.805, 252.48, 1203539, 0.0
2020-04-13 23:00:00, 257.44, 265.66, 253.51, 262.41, 3746294, 0.0
2020-04-14 23:00:00, 260.9, 262.82, 254.31, 255.27, 3490090, 0.0
2020-04-15 23:00:00, 259.67, 265.28, 258.609, 264.9, 4954990, 0.0
2020-04-16 23:00:00, 272.34, 272.67, 265.15, 270.46, 2937273, 0.0
2020-04-19 23:00:00, 271.97, 276.2599, 269.05, 273.18, 2927292, 0.0
2020-04-20 23:00:00, 273, 277.22, 262.55, 262.58, 4153043, 0.0
2020-04-21 23:00:00, 267.15, 271.2532, 264.0027, 269.38, 2552533, 0.0
2020-04-22 23:00:00, 270.03, 277.7999, 266.92, 267.98, 3971523, 0.0
2020-04-23 23:00:00, 270.12, 271.345, 266.43, 269.85, 2216286, 0.0
2020-04-26 23:00:00, 275, 275.26, 267.16, 268.38, 3976662, 0.0
2020-04-27 23:00:00, 268, 269.95, 250.43, 256.88, 2073460, 0.0
2020-04-28 23:00:00, 260.97, 262, 250.55, 250.68, 1972131, 0.0
2020-04-29 23:00:00, 257.75, 258.5, 245.06, 251.21, 4636804, 0.0
2020-04-30 23:00:00, 249.26, 256, 248, 255.17, 1272338, 0.0
2020-05-03 23:00:00, 257.4, 265, 256.01, 264.76, 3662129, 0.0
2020-05-04 23:00:00, 266.97, 274.06, 264.8, 272.46, 1506938, 0.0
2020-05-05 23:00:00, 272.33, 275.55, 268, 269.76, 2034442, 0.0
2020-05-06 23:00:00, 272.69, 273.72, 266.83, 270.01, 1152171, 0.0
2020-05-07 23:00:00, 269.5, 274.41, 268.29, 271.62, 1521594, 0.0
2020-05-10 23:00:00, 271.45, 286.82, 270.44, 285.45, 3375818, 0.0
2020-05-11 23:00:00, 287.33, 288.515, 276.41, 276.47, 1509731, 0.0
2020-05-12 23:00:00, 276.6, 284.8561, 272.19, 277.2, 1379253, 0.0
2020-05-13 23:00:00, 277.56, 282.48, 272.21, 276.73, 1784286, 0.0
2020-05-14 23:00:00, 275.63, 288.73, 273.51, 288.7, 2901384, 0.0
2020-05-17 23:00:00, 293.78, 295.5525, 283.1, 284.12, 1484487, 0.0
2020-05-18 23:00:00, 285.3, 288.41, 281.14, 282.06, 1064295, 0.0
2020-05-19 23:00:00, 284.81, 285.99, 282.13, 284.54, 2449796, 0.0
2020-05-20 23:00:00, 285.26, 285.4, 281.25, 284.5, 2332820, 0.0
2020-05-21 23:00:00, 284.18, 286, 281.5175, 285.16, 1852360, 0.0
2020-05-25 23:00:00, 287.95, 288.5, 264.41, 266.73, 2767551, 0.0
2020-05-26 23:00:00, 264.38, 278.69, 254.41, 278.54, 2809916, 0.0
2020-05-27 23:00:00, 276.27, 283.73, 276.0675, 277.39, 1661595, 0.0
2020-05-28 23:00:00, 281.35, 289.43, 276.04, 287.96, 1790644, 0.0
2020-05-31 23:00:00, 285.42, 288.73, 283.8238, 286.609, 1625926, 0.0
2020-06-01 23:00:00, 283.92, 286.176, 278.66, 284.21, 1391065, 0.0
2020-06-02 23:00:00, 283.72, 283.8, 274.06, 277.01, 3066434, 0.0
2020-06-03 23:00:00, 274.27, 279.285, 270.76, 272.74, 1373546, 0.0
2020-06-04 23:00:00, 270.82, 271.68, 262.55, 265.68, 2375536, 0.0
2020-06-07 23:00:00, 264.05, 265.84, 261.28, 265.02, 3481712, 0.0
2020-06-08 23:00:00, 267.28, 275.1399, 265.09, 270.72, 4657930, 0.0
2020-06-09 23:00:00, 275.76, 277.9, 271.81, 274.01, 1395326, 0.0
2020-06-10 23:00:00, 275.56, 276.36, 263.67, 263.71, 2859846, 0.0
2020-06-11 23:00:00, 268.12, 271.39, 266.56, 269.11, 420648, 0.0
2020-06-14 23:00:00, 264.77, 268.52, 262.24, 268.05, 1214569, 0.0
2020-06-15 23:00:00, 270.43, 275.69, 268.22, 273.6, 2624497, 0.0
2020-06-16 23:00:00, 273.88, 282.76, 273.77, 280.13, 1431960, 0.0
2020-06-17 23:00:00, 279.4, 282.2163, 275.93, 279.18, 2306383, 0.0
2020-06-18 23:00:00, 280.3, 295.54, 280.3, 293.25, 2484390, 0.0
2020-06-21 23:00:00, 294, 295, 287.8001, 293.16, 1431271, 0.0
2020-06-22 23:00:00, 294.06, 299.21, 293.31, 295.99, 1373816, 0.0
2020-06-23 23:00:00, 294.93, 297.71, 288.9, 291.19, 1350842, 0.0
2020-06-24 23:00:00, 292.38, 295.36, 288.8315, 295.19, 943568, 0.0
2020-06-25 23:00:00, 292.68, 293, 284.74, 285.99, 1299076, 0.0
2020-06-28 23:00:00, 286.95, 287.65, 280.89, 285.19, 1010083, 0.0
2020-06-29 23:00:00, 287.68, 292.37, 283, 290.59, 1694920, 0.0
2020-06-30 23:00:00, 290.5, 291.66, 283.7911, 286.28, 1561577, 0.0
2020-07-01 23:00:00, 288.52, 293.95, 287.45, 291.34, 974630, 0.0
2020-07-05 23:00:00, 294.36, 295, 289.63, 291.44, 1066800, 0.0
2020-07-06 23:00:00, 292.3, 306.08, 291.45, 299.11, 1408458, 0.0
2020-07-07 23:00:00, 300.05, 301.65, 292.13, 295.95, 1240090, 0.0
2020-07-08 23:00:00, 295.52, 297.79, 290.05, 295.4, 964744, 0.0
2020-07-09 23:00:00, 293.95, 295, 290.86, 294.45, 740990, 0.0
2020-07-12 23:00:00, 293.05, 296.85, 283.85, 284.74, 1339889, 0.0
2020-07-13 23:00:00, 283.14, 294.72, 279.117, 293.83, 1442822, 0.0
2020-07-14 23:00:00, 292.76, 295.346, 290.2, 295.11, 857862, 0.0
2020-07-15 23:00:00, 292.01, 293.33, 284.69, 290.4, 736342, 0.0
2020-07-16 23:00:00, 291.528, 294.67, 289.28, 294.53, 778428, 0.0
2020-07-19 23:00:00, 292.69, 304, 292.69, 303.11, 1055743, 0.0
2020-07-20 23:00:00, 300.65, 301.14, 290.96, 291.4, 938521, 0.0
2020-07-21 23:00:00, 293.56, 293.56, 286.46, 291.28, 704014, 0.0
2020-07-22 23:00:00, 291.33, 291.99, 283.32, 284.52, 742933, 0.0
2020-07-23 23:00:00, 281.78, 282.64, 276.5001, 278.55, 1682257, 0.0
2020-07-26 23:00:00, 280.8395, 285.57, 277.68, 284.46, 1261139, 0.0
2020-07-27 23:00:00, 283.83, 284.59, 278.14, 278.77, 919167, 0.0
2020-07-28 23:00:00, 280.28, 281.59, 278.09, 278.72, 803446, 0.0
2020-07-29 23:00:00, 275.0753, 282.28, 274.662, 279.46, 1311472, 0.0
2020-07-30 23:00:00, 278.8772, 283, 268.25, 272, 2474786, 0.0
2020-08-02 23:00:00, 274.2, 280.59, 274, 279.51, 1286612, 0.0
2020-08-03 23:00:00, 279.23, 280.57, 274.03, 275.71, 1006704, 0.0
2020-08-04 23:00:00, 275.41, 275.75, 271.16, 273.23, 1119843, 0.0
2020-08-05 23:00:00, 269.3, 273.88, 268.58, 273.34, 1037058, 0.0
2020-08-06 23:00:00, 273.48, 277.2, 269.95, 272.99, 810847, 0.0
2020-08-09 23:00:00, 271.18, 271.47, 265.09, 268.73, 947046, 0.0
2020-08-10 23:00:00, 266, 267.99, 261.3, 261.85, 1207938, 0.0
2020-08-11 23:00:00, 263.08, 271.35, 262.87, 270.85, 1012978, 0.0
2020-08-12 23:00:00, 270.06, 272.73, 266.87, 267, 857919, 0.0
2020-08-13 23:00:00, 268.29, 269.95, 265.8, 267.29, 828282, 0.0
2020-08-16 23:00:00, 267.9, 274.17, 267.84, 273.76, 775726, 0.0
2020-08-17 23:00:00, 275, 275, 269.26, 271.31, 628585, 0.0
2020-08-18 23:00:00, 270.85, 273.99, 269.53, 269.99, 646238, 0.0
2020-08-19 23:00:00, 270.67, 272.09, 268.6, 271.22, 567446, 0.0
2020-08-20 23:00:00, 271.73, 273.11, 267.99, 271.33, 859054, 0.0
2020-08-23 23:00:00, 269.9, 271.94, 263.47, 267.45, 891186, 0.0
2020-08-24 23:00:00, 268.17, 273.32, 266.225, 272.35, 748407, 0.0
2020-08-25 23:00:00, 272.86, 272.86, 268.82, 271.22, 701349, 0.0
2020-08-26 23:00:00, 272.95, 275.625, 269.72, 274.48, 806765, 0.0
2020-08-27 23:00:00, 272.94, 275.26, 268.1, 269.96, 666958, 0.0
2020-08-30 23:00:00, 270.35, 279.74, 270, 278.86, 1021094, 0.0
2020-08-31 23:00:00, 277.87, 279.96, 271.77, 275.6, 1093745, 0.0
2020-09-01 23:00:00, 275.64, 283.45, 273.72, 281.86, 1106609, 0.0
2020-09-02 23:00:00, 281.86, 281.86, 265.25, 267.42, 1230341, 0.0
2020-09-03 23:00:00, 267.84, 269.91, 263.01, 266.51, 1373534, 0.0
2020-09-07 23:00:00, 261.78, 264.84, 258, 258.75, 1041583, 0.0
2020-09-08 23:00:00, 261.11, 264.36, 259.04, 263.04, 1560946, 0.0
2020-09-09 23:00:00, 263.02, 263.27, 253.97, 255.51, 922861, 0.0
2020-09-10 23:00:00, 257.84, 262.08, 255.765, 258.13, 976234, 0.0
2020-09-13 23:00:00, 261.24, 268.4, 260.87, 264.8, 921744, 0.0
2020-09-14 23:00:00, 266.77, 267.88, 264.2375, 266.85, 1094016, 0.0
2020-09-15 23:00:00, 271, 273.55, 267.31, 267.68, 1172266, 0.0
2020-09-16 23:00:00, 258.98, 273.244, 258.82, 271.63, 1489371, 0.0
2020-09-17 23:00:00, 273.3, 273.59, 257.415, 265.57, 1531086, 0.0
2020-09-20 23:00:00, 264.14, 264.94, 259.27, 264, 904470, 0.0
2020-09-21 23:00:00, 263.66, 268, 260.38, 267.58, 675572, 0.0
2020-09-22 23:00:00, 267.87, 270.085, 262.75, 263.82, 668206, 0.0
2020-09-23 23:00:00, 262.14, 263.9, 257.5, 263.26, 1201645, 0.0
2020-09-24 23:00:00, 264.1, 268.91, 260.52, 268.24, 1130279, 0.0
2020-09-27 23:00:00, 269.9, 270.585, 264.23, 267.84, 825120, 0.0
2020-09-28 23:00:00, 267.82, 271.68, 266.38, 270.31, 748605, 0.0
2020-09-29 23:00:00, 271.33, 274.66, 269.465, 271.74, 908593, 0.0
2020-09-30 23:00:00, 272.9, 275.4, 270.65, 273.51, 704925, 0.0
2020-10-01 23:00:00, 269.34, 272.79, 260.13, 260.87, 1111335, 0.0
2020-10-04 23:00:00, 262.86, 269.07, 261.7, 268.98, 1063006, 0.0
2020-10-05 23:00:00, 269.89, 270.5, 260.34, 261.11, 796159, 0.0
2020-10-06 23:00:00, 263.18, 266.5, 262.1, 265.53, 530915, 0.0
2020-10-07 23:00:00, 267.16, 268.92, 264.91, 268.55, 643813, 0.0
2020-10-08 23:00:00, 268.865, 270.075, 266.2401, 269.95, 702678, 0.0
2020-10-11 23:00:00, 273.14, 277.33, 269.575, 274.61, 1049694, 0.0
2020-10-12 23:00:00, 275.88, 280.99, 274.48, 276.18, 843909, 0.0
2020-10-13 23:00:00, 275.19, 275.75, 269.789, 271.58, 582367, 0.0
2020-10-14 23:00:00, 227.55, 232.46, 213.1701, 215.165, 16980297, 0.0
2020-10-15 23:00:00, 217.79, 225, 217.19, 218.08, 5081882, 0.0
2020-10-18 23:00:00, 219.0782, 225.97, 217.25, 220.6, 2660462, 0.0
2020-10-19 23:00:00, 222, 222.62, 214.48, 214.62, 2550509, 0.0
2020-10-20 23:00:00, 215.885, 217.93, 209.16, 211.38, 2259750, 0.0
2020-10-21 23:00:00, 210.37, 214.74, 208.23, 210.07, 2175331, 0.0
2020-10-22 23:00:00, 212.19, 213.51, 209.07, 211.58, 1549005, 0.0
2020-10-25 23:00:00, 209.76, 210.54, 204.845, 207.15, 1902225, 0.0
2020-10-26 23:00:00, 208.35, 213.58, 206.7889, 212.19, 2264485, 0.0
2020-10-27 23:00:00, 212, 214.24, 208.25, 208.7, 1718044, 0.0
2020-10-28 23:00:00, 209.01, 210.375, 205, 207, 1607426, 0.0
2020-10-29 23:00:00, 205.93, 211.64, 203.51, 208.36, 2458704, 0.0
2020-11-01 23:00:00, 211.14, 211.448, 202.565, 207.43, 1650030, 0.0
2020-11-02 23:00:00, 208.92, 214.88, 208, 211.01, 1680260, 0.0
2020-11-03 23:00:00, 218.27, 223.7683, 214.22, 215.09, 3114118, 0.0
2020-11-04 23:00:00, 220.08, 220.92, 216.2209, 219.48, 1885772, 0.0
2020-11-05 23:00:00, 219.12, 221.72, 216.36, 220.28, 1514876, 0.0
2020-11-08 23:00:00, 224.41, 229.08, 221.5, 222.86, 1797726, 0.0
2020-11-09 23:00:00, 223.77, 224.74, 215.06, 215.55, 1443876, 0.0
2020-11-10 23:00:00, 217.12, 218.8, 213.65, 216.73, 1372553, 0.0
2020-11-11 23:00:00, 217.05, 221.315, 216.9, 218.19, 1894606, 0.0
2020-11-12 23:00:00, 222.28, 227.2683, 219.64, 226.525, 1307328, 0.0
2020-11-15 23:00:00, 225.99, 227.355, 221.79, 224.51, 1204454, 0.0
2020-11-16 23:00:00, 222.72, 223.43, 218.23, 223.05, 1387656, 0.0
2020-11-17 23:00:00, 222.71, 223.77, 216.34, 216.34, 2153967, 0.0
2020-11-18 23:00:00, 216.42, 218.141, 211.395, 211.98, 2191626, 0.0
2020-11-19 23:00:00, 212.3511, 217.23, 210.04, 215.12, 1940501, 0.0
2020-11-22 23:00:00, 216.78, 218.29, 214.14, 218.03, 1705633, 0.0
2020-11-23 23:00:00, 215.53, 219.47, 215.13, 216.51, 1806328, 0.0
2020-11-24 23:00:00, 217.87, 220.54, 215.84, 218.13, 1420532, 0.0
2020-11-26 23:00:00, 219.61, 226.72, 219.61, 226.7, 926141, 0.0
2020-11-29 23:00:00, 231, 232.17, 224.3, 227.96, 1846642, 0.0
2020-11-30 23:00:00, 227.47, 230.56, 226.02, 230.31, 1461764, 0.0
2020-12-01 23:00:00, 230.3, 232.45, 226.32, 226.7, 1612987, 0.0
2020-12-02 23:00:00, 226, 229.05, 224.71, 226.87, 1059388, 0.0
2020-12-03 23:00:00, 227.3, 230.21, 225.59, 228.24, 751907, 0.0
2020-12-06 23:00:00, 231, 231.42, 225.12, 227.06, 1036414, 0.0
2020-12-07 23:00:00, 228.8083, 230.2, 225.4, 230.03, 1033727, 0.0
2020-12-08 23:00:00, 230, 231, 221.31, 224.38, 1606627, 0.0
2020-12-09 23:00:00, 224.81, 224.89, 221.7, 224.04, 1265093, 0.0
2020-12-10 23:00:00, 224.1, 224.5593, 220.93, 224.17, 1215082, 0.0
2020-12-13 23:00:00, 226.79, 233.47, 226.425, 228.11, 1414631, 0.0
2020-12-14 23:00:00, 229.7, 230.6, 226, 228.61, 943962, 0.0
2020-12-15 23:00:00, 229.66, 232.75, 228.55, 232.26, 1050423, 0.0
2020-12-16 23:00:00, 233, 237.35, 232.32, 236.98, 1446255, 0.0
2020-12-17 23:00:00, 238.54, 239.71, 234.47, 236.73, 1259481, 0.0
2020-12-20 23:00:00, 233.02, 235.58, 228.8, 234.73, 1134881, 0.0
2020-12-21 23:00:00, 235.01, 235.795, 232.35, 234.92, 910826, 0.0
2020-12-22 23:00:00, 235.4, 238.57, 234.08, 235.84, 835236, 0.0
2020-12-23 23:00:00, 237.17, 237.5, 233.48, 234.32, 364318, 0.0
2020-12-27 23:00:00, 235.4, 236.48, 232.2, 232.55, 786210, 0.0
2020-12-28 23:00:00, 233.94, 236.56, 232.96, 233.6, 573363, 0.0
2020-12-29 23:00:00, 235, 237.01, 232.07, 232.72, 712747, 0.0
2020-12-30 23:00:00, 232.35, 237.5, 230.325, 236.09, 863688, 0.0
2021-01-03 23:00:00, 237.91, 238.08, 226.27, 229.66, 1734244, 0.0
2021-01-04 23:00:00, 228.84, 229.92, 225.09, 228.59, 1407108, 0.0
2021-01-05 23:00:00, 225.1, 227.51, 222.31, 226.74, 2001697, 0.0
2021-01-06 23:00:00, 227.9, 233.97, 227.2, 232.82, 1231084, 0.0
2021-01-07 23:00:00, 233.86, 237.76, 233.01, 237.19, 1013387, 0.0
2021-01-10 23:00:00, 235.58, 236.47, 227.38, 234.63, 2042721, 0.0
2021-01-11 23:00:00, 234.8, 238.26, 228.74, 229.37, 1539484, 0.0
2021-01-12 23:00:00, 230.2, 231.055, 226.94, 227.1, 1533478, 0.0
2021-01-13 23:00:00, 228.22, 228.395, 224.7, 226.16, 1584162, 0.0
2021-01-14 23:00:00, 226.59, 227.6, 224.39, 225.54, 1812336, 0.0
2021-01-18 23:00:00, 227, 233.88, 223.31, 231.91, 1808147, 0.0
2021-01-19 23:00:00, 233.29, 239.3608, 231.18, 236.7, 1306276, 0.0
2021-01-20 23:00:00, 237.06, 239.75, 232.78, 238.63, 1333170, 0.0
2021-01-21 23:00:00, 237.25, 241.83, 236.99, 237.6, 1047425, 0.0
2021-01-24 23:00:00, 240.99, 242.99, 239.0453, 241.3, 1553033, 0.0
2021-01-25 23:00:00, 240.43, 241.98, 236.24, 237.64, 1453280, 0.0
2021-01-26 23:00:00, 234, 234, 224.7, 225.24, 2181737, 0.0
2021-01-27 23:00:00, 226.8, 234.96, 226.57, 230.04, 1350881, 0.0
2021-01-28 23:00:00, 229.45, 232.92, 227.56, 229.05, 1707861, 0.0
2021-01-31 23:00:00, 231, 232.38, 226.18, 231.44, 1669969, 0.0
2021-02-01 23:00:00, 225.802, 227.9, 216.14, 217.33, 6012371, 0.0
2021-02-02 23:00:00, 218.42, 219.085, 210.99, 210.99, 3620250, 0.0
2021-02-03 23:00:00, 213.35, 214.79, 211.6475, 213.71, 2680870, 0.0
2021-02-04 23:00:00, 214.5, 217.55, 212.26, 215.26, 2515728, 0.0
2021-02-07 23:00:00, 217.13, 218.22, 213.54, 214.35, 1980311, 0.0
2021-02-08 23:00:00, 214.45, 215.59, 212.57, 213.71, 1448701, 0.0
2021-02-09 23:00:00, 215.98, 216.3, 212.02, 212.48, 1671874, 0.0
2021-02-10 23:00:00, 212.48, 212.89, 209.72, 210.495, 1740290, 0.0
2021-02-11 23:00:00, 210.82, 214.36, 210.22, 214.04, 1665647, 0.0
2021-02-15 23:00:00, 213.8, 214.41, 208.61, 210.28, 2168633, 0.0
2021-02-16 23:00:00, 209.58, 215, 208.5, 214.86, 1906766, 0.0
2021-02-17 23:00:00, 213.56, 213.76, 209.58, 209.83, 1874662, 0.0
2021-02-18 23:00:00, 210, 211.73, 206.79, 207.02, 2010436, 0.0
2021-02-21 23:00:00, 206.72, 216.215, 204.62, 215.09, 3123158, 0.0
2021-02-22 23:00:00, 215.2, 217.69, 211.67, 216.55, 2387414, 0.0
2021-02-23 23:00:00, 215.82, 220.415, 214.72, 217.04, 1586124, 0.0
2021-02-24 23:00:00, 215.8, 217.4, 210.5, 213.03, 1499407, 0.0
2021-02-25 23:00:00, 214.67, 215.5, 209.34, 212.55, 2354679, 0.0
2021-02-28 23:00:00, 212.68, 213.69, 209.38, 210.39, 1651349, 0.0
2021-03-01 23:00:00, 211.81, 214.13, 211.45, 212.04, 2089682, 0.0
2021-03-02 23:00:00, 212, 213.275, 208.06, 208.59, 2228226, 0.0
2021-03-03 23:00:00, 207.3, 213.1, 205.8501, 207.79, 2070773, 0.0
2021-03-04 23:00:00, 208.23, 212.6, 206.39, 211.96, 1507948, 0.0
2021-03-07 23:00:00, 212.27, 219.3, 211.76, 213.59, 2418903, 0.0
2021-03-08 23:00:00, 217.29, 219.13, 213.86, 214.01, 1795570, 0.0
2021-03-09 23:00:00, 217.3, 217.72, 211.56, 214.28, 1611351, 0.0
2021-03-10 23:00:00, 214.71, 217.68, 214.31, 215.14, 1385788, 0.0
2021-03-11 23:00:00, 214.34, 214.9, 211.26, 214.24, 967620, 0.0
2021-03-14 23:00:00, 213.71, 219.85, 213.4784, 219.65, 1339885, 0.0
2021-03-15 23:00:00, 220.6318, 220.6318, 216.715, 218.84, 1212387, 0.0
2021-03-16 23:00:00, 217.16, 217.87, 214.15, 217.09, 912116, 0.0
2021-03-17 23:00:00, 214.13, 216.25, 212.65, 213.35, 1042260, 0.0
2021-03-18 23:00:00, 214.44, 216.93, 213.28, 216.11, 1241476, 0.0
2021-03-21 23:00:00, 215.84, 220.33, 215.25, 218.82, 1532023, 0.0
2021-03-22 23:00:00, 219.83, 219.85, 212.11, 213.6, 1461577, 0.0
2021-03-23 23:00:00, 213.61, 214.51, 209.41, 211.54, 1254018, 0.0
2021-03-24 23:00:00, 213.22, 213.6, 209.71, 212.29, 1274939, 0.0
2021-03-25 23:00:00, 212.5, 214.96, 209.22, 214.68, 1716303, 0.0
2021-03-28 23:00:00, 213.93, 218.46, 212.21, 216.72, 1236926, 0.0
2021-03-29 23:00:00, 215.01, 215.495, 212.37, 212.99, 798306, 0.0
2021-03-30 23:00:00, 213.38, 216.06, 212.87, 215.08, 812259, 0.0
2021-03-31 23:00:00, 215.89, 216.02, 212.3, 213, 1560567, 0.0
2021-04-04 23:00:00, 214.38, 215.61, 213.18, 215.32, 1557944, 0.0
2021-04-05 23:00:00, 215.46, 216.46, 213.15, 215.23, 1417264, 0.0
2021-04-06 23:00:00, 215.71, 218.47, 211.7, 212.69, 1309380, 0.0
2021-04-07 23:00:00, 213.62, 216.05, 209.95, 210.38, 1192893, 0.0
2021-04-08 23:00:00, 210.1, 213.82, 209.53, 213.41, 1297862, 0.0
2021-04-11 23:00:00, 212.68, 214.45, 211.21, 213.72, 1262838, 0.0
2021-04-12 23:00:00, 214.61, 218.7, 214.455, 215.92, 1373197, 0.0
2021-04-13 23:00:00, 216.35, 220.25, 216.16, 217.21, 1134339, 0.0
2021-04-14 23:00:00, 218.52, 222.35, 218, 221.1, 1453519, 0.0
2021-04-15 23:00:00, 222.34, 222.78, 219.24, 219.38, 1441671, 0.0
2021-04-18 23:00:00, 220.86, 222.5899, 218.15, 219.05, 1195872, 0.0
2021-04-19 23:00:00, 218.92, 222, 218.15, 220.07, 1122786, 0.0
2021-04-20 23:00:00, 220.65, 221.48, 217.82, 219.77, 975009, 0.0
2021-04-21 23:00:00, 217.11, 218.93, 214, 215.99, 1611135, 0.0
2021-04-22 23:00:00, 217.52, 218.8105, 215.77, 217.95, 951855, 0.0
2021-04-25 23:00:00, 217.74, 218.28, 214.46, 216.97, 1071920, 0.0
2021-04-26 23:00:00, 217.17, 218.15, 215, 215.53, 1030994, 0.0
2021-04-27 23:00:00, 215.68, 215.72, 212.81, 213.51, 1228212, 0.0
2021-04-28 23:00:00, 213.48, 213.8, 210.27, 211.91, 1440398, 0.0
2021-04-29 23:00:00, 213.71, 221.41, 213, 218.12, 2216498, 0.0
2021-05-02 23:00:00, 217.27, 219.69, 216.7, 217.94, 1013888, 0.0
2021-05-03 23:00:00, 217.54, 217.54, 211.76, 214.87, 1442686, 0.0
2021-05-04 23:00:00, 214.7, 215.835, 213.24, 213.73, 906603, 0.0
2021-05-05 23:00:00, 212.25, 213.58, 211.06, 213.11, 916688, 0.0
2021-05-06 23:00:00, 214.355, 216.77, 213.81, 215.05, 946665, 0.0
2021-05-09 23:00:00, 215.77, 216.28, 212.75, 212.89, 931890, 0.0
2021-05-10 23:00:00, 211.803, 214.02, 211.39, 212.91, 1122870, 0.0
2021-05-11 23:00:00, 212.06, 215.67, 211.74, 212.77, 868372, 0.0
2021-05-12 23:00:00, 212.69, 215.015, 212.33, 214.22, 872365, 0.0
2021-05-13 23:00:00, 215.1, 218.18, 213.29, 217.09, 1150694, 0.0
2021-05-16 23:00:00, 215.62, 217.65, 214.8, 216.39, 714326, 0.0
2021-05-17 23:00:00, 216.9, 218.06, 214.43, 214.63, 1041846, 0.0
2021-05-18 23:00:00, 213.4, 214.18, 211, 214.05, 925459, 0.0
2021-05-19 23:00:00, 213.93, 218.97, 213.4, 216.61, 961226, 0.0
2021-05-20 23:00:00, 217.29, 218.42, 213, 213.51, 1402769, 0.0
2021-05-23 23:00:00, 215.02, 215.695, 210.99, 211.22, 1225149, 0.0
2021-05-24 23:00:00, 211.51, 212.0634, 207.48, 208.86, 1556329, 0.0
2021-05-25 23:00:00, 209.63, 209.63, 206.14, 207.18, 527872, 0.0
