Date, Open, High, Low, Close, Volume, Open Interest
2021-05-11 12:30:00, 194.47, 194.47, 194.47, 194.47, 100, 0.0
2021-05-11 12:35:00, 194.62, 194.72, 194.62, 194.72, 458, 0.0
2021-05-11 12:40:00, 194.83, 194.93, 194.825, 194.93, 496, 0.0
2021-05-11 12:45:00, 195.05, 195.05, 195.03, 195.03, 321, 0.0
2021-05-11 12:50:00, 195.11, 195.13, 195.06, 195.11, 583, 0.0
2021-05-11 12:55:00, 194.79, 194.79, 194.79, 194.79, 300, 0.0
2021-05-11 13:00:00, 194.67, 194.825, 194.67, 194.825, 914, 0.0
2021-05-11 13:05:00, 194.67, 194.67, 194.67, 194.67, 114, 0.0
2021-05-11 13:10:00, 194.67, 194.67, 194.45, 194.48, 1059, 0.0
2021-05-11 13:15:00, 194.47, 194.47, 194.39, 194.39, 314, 0.0
2021-05-11 13:20:00, 194.6, 194.65, 194.6, 194.65, 250, 0.0
2021-05-11 13:30:00, 194.9, 194.9, 194.71, 194.71, 501, 0.0
2021-05-11 13:40:00, 194.36, 194.54, 194.36, 194.51, 1063, 0.0
2021-05-11 13:45:00, 194.5, 194.5, 194.36, 194.49, 933, 0.0
2021-05-11 13:50:00, 194.47, 194.52, 194.47, 194.51, 400, 0.0
2021-05-11 13:55:00, 194.39, 194.39, 194.38, 194.39, 380, 0.0
2021-05-11 14:00:00, 194.41, 194.41, 194.41, 194.41, 120, 0.0
2021-05-11 14:05:00, 194.48, 194.48, 194.4, 194.4, 258, 0.0
2021-05-11 14:10:00, 194.33, 194.34, 194.33, 194.34, 227, 0.0
2021-05-11 14:15:00, 194.33, 194.33, 194.33, 194.33, 100, 0.0
2021-05-11 14:20:00, 194.7, 194.85, 194.695, 194.85, 950, 0.0
2021-05-11 14:25:00, 194.87, 194.87, 194.845, 194.845, 207, 0.0
2021-05-11 14:30:00, 194.725, 194.725, 194.18, 194.18, 1498, 0.0
2021-05-11 14:35:00, 194.17, 194.23, 194.11, 194.11, 1600, 0.0
2021-05-11 14:40:00, 194.12, 194.14, 194.05, 194.08, 924, 0.0
2021-05-11 14:45:00, 194.12, 194.42, 194.12, 194.42, 417, 0.0
2021-05-11 14:50:00, 194.49, 194.67, 194.39, 194.57, 1773, 0.0
2021-05-11 14:55:00, 194.49, 194.74, 194.415, 194.58, 4521, 0.0
2021-05-12 08:30:00, 192.95, 193.19, 192.135, 192.135, 1584, 0.0
2021-05-12 08:35:00, 192.24, 192.43, 191.93, 191.93, 1473, 0.0
2021-05-12 08:40:00, 191.7, 192.88, 191.7, 192.88, 1648, 0.0
2021-05-12 08:45:00, 192.88, 192.88, 192.055, 192.15, 2359, 0.0
2021-05-12 08:50:00, 192.18, 192.19, 191.89, 191.97, 4715, 0.0
2021-05-12 08:55:00, 191.9, 191.92, 191.6, 191.92, 866, 0.0
2021-05-12 09:00:00, 192.025, 192.025, 191.86, 191.965, 659, 0.0
2021-05-12 09:05:00, 191.8, 192.16, 191.8, 192.16, 672, 0.0
2021-05-12 09:10:00, 192.2, 192.54, 192.18, 192.54, 1025, 0.0
2021-05-12 09:15:00, 192.5, 192.66, 192.4, 192.66, 1096, 0.0
2021-05-12 09:20:00, 192.81, 193.23, 192.81, 193.23, 521, 0.0
2021-05-12 09:25:00, 193.07, 193.13, 192.89, 192.89, 1404, 0.0
2021-05-12 09:30:00, 192.62, 192.62, 192.395, 192.59, 1980, 0.0
2021-05-12 09:35:00, 192.61, 192.69, 192.45, 192.45, 2500, 0.0
2021-05-12 09:40:00, 192.45, 192.45, 191.69, 191.69, 1977, 0.0
2021-05-12 09:45:00, 191.87, 191.98, 191.745, 191.745, 1240, 0.0
2021-05-12 09:50:00, 191.83, 191.83, 191.83, 191.83, 172, 0.0
2021-05-12 09:55:00, 192.07, 192.32, 192.07, 192.13, 1320, 0.0
2021-05-12 10:00:00, 192.24, 192.545, 192.23, 192.525, 694, 0.0
2021-05-12 10:05:00, 192.76, 192.76, 192.76, 192.76, 109, 0.0
2021-05-12 10:10:00, 192.76, 192.76, 192.525, 192.525, 437, 0.0
2021-05-12 10:15:00, 192.495, 192.64, 192.495, 192.64, 321, 0.0
2021-05-12 10:20:00, 192.62, 192.62, 192.515, 192.55, 6123, 0.0
2021-05-12 10:25:00, 192.18, 192.535, 192.18, 192.535, 994, 0.0
2021-05-12 10:30:00, 192.66, 192.67, 192.66, 192.67, 483, 0.0
2021-05-12 10:35:00, 192.48, 192.48, 192.36, 192.36, 429, 0.0
2021-05-12 10:40:00, 192.465, 192.57, 192.46, 192.57, 1623, 0.0
2021-05-12 10:45:00, 192.545, 192.545, 192.145, 192.145, 1543, 0.0
2021-05-12 10:50:00, 192.03, 192.03, 191.93, 191.93, 1349, 0.0
2021-05-12 10:55:00, 191.53, 191.59, 191.43, 191.43, 1431, 0.0
2021-05-12 11:00:00, 191.45, 191.505, 191.45, 191.505, 604, 0.0
2021-05-12 11:05:00, 191.58, 191.83, 191.58, 191.73, 940, 0.0
2021-05-12 11:10:00, 191.71, 191.8, 191.67, 191.71, 1561, 0.0
2021-05-12 11:15:00, 191.49, 191.56, 191.48, 191.56, 851, 0.0
2021-05-12 11:20:00, 191.53, 191.69, 191.47, 191.69, 1260, 0.0
2021-05-12 11:25:00, 191.58, 191.58, 191.58, 191.58, 143, 0.0
2021-05-12 11:30:00, 191.47, 191.47, 191.47, 191.47, 577, 0.0
2021-05-12 11:35:00, 191.34, 191.41, 191.34, 191.41, 439, 0.0
2021-05-12 11:40:00, 190.91, 191.11, 190.81, 191.11, 1147, 0.0
2021-05-12 11:50:00, 191.33, 191.33, 191.28, 191.28, 458, 0.0
2021-05-12 11:55:00, 191.4, 191.4, 191.4, 191.4, 405, 0.0
2021-05-12 12:00:00, 191.34, 191.56, 191.34, 191.56, 1286, 0.0
2021-05-12 12:05:00, 191.6, 191.6, 191.54, 191.54, 418, 0.0
2021-05-12 12:10:00, 191.41, 191.43, 191.36, 191.36, 560, 0.0
2021-05-12 12:15:00, 191.27, 191.35, 191.27, 191.35, 415, 0.0
2021-05-12 12:20:00, 191.15, 191.15, 191.05, 191.05, 373, 0.0
2021-05-12 12:25:00, 190.9, 190.9, 190.73, 190.8, 681, 0.0
2021-05-12 12:30:00, 190.76, 190.76, 190.64, 190.64, 893, 0.0
2021-05-12 12:35:00, 190.605, 190.71, 190.53, 190.68, 876, 0.0
2021-05-12 12:40:00, 190.54, 190.57, 190.44, 190.44, 859, 0.0
2021-05-12 12:45:00, 190.485, 190.57, 190.4, 190.43, 621, 0.0
2021-05-12 12:50:00, 190.47, 190.47, 190.44, 190.45, 722, 0.0
2021-05-12 12:55:00, 190.475, 190.475, 190.29, 190.29, 421, 0.0
2021-05-12 13:00:00, 190.24, 190.24, 190.16, 190.16, 597, 0.0
2021-05-12 13:05:00, 190.01, 190.07, 189.99, 189.99, 839, 0.0
2021-05-12 13:10:00, 190.02, 190.16, 189.985, 190.04, 844, 0.0
2021-05-12 13:15:00, 189.99, 189.99, 189.85, 189.85, 1043, 0.0
2021-05-12 13:20:00, 189.985, 189.985, 189.76, 189.835, 923, 0.0
2021-05-12 13:25:00, 189.76, 189.91, 189.76, 189.85, 2095, 0.0
2021-05-12 13:30:00, 189.86, 190.26, 189.73, 190.26, 2510, 0.0
2021-05-12 13:35:00, 190.12, 190.38, 190.12, 190.38, 1359, 0.0
2021-05-12 13:40:00, 190.16, 190.53, 190.16, 190.53, 1323, 0.0
2021-05-12 13:45:00, 190.46, 190.6, 190.46, 190.6, 480, 0.0
2021-05-12 13:50:00, 190.61, 190.635, 190.49, 190.49, 475, 0.0
2021-05-12 13:55:00, 190.515, 190.55, 190.49, 190.49, 2146, 0.0
2021-05-12 14:00:00, 190.4, 190.4, 190.31, 190.31, 1153, 0.0
2021-05-12 14:05:00, 190.14, 190.24, 190.13, 190.215, 4768, 0.0
2021-05-12 14:10:00, 190.315, 190.315, 189.99, 189.99, 588, 0.0
2021-05-12 14:15:00, 189.885, 189.9, 189.8, 189.8, 703, 0.0
2021-05-12 14:20:00, 189.81, 189.81, 189.56, 189.56, 1126, 0.0
2021-05-12 14:25:00, 189.53, 189.59, 189.42, 189.59, 1236, 0.0
2021-05-12 14:30:00, 189.54, 189.57, 189.26, 189.26, 1767, 0.0
2021-05-12 14:35:00, 189.26, 189.49, 189.26, 189.38, 2181, 0.0
2021-05-12 14:40:00, 189.555, 189.75, 189.54, 189.75, 1816, 0.0
2021-05-12 14:45:00, 189.82, 189.92, 189.565, 189.64, 9978, 0.0
2021-05-12 14:50:00, 189.5, 189.51, 189.25, 189.31, 3530, 0.0
2021-05-12 14:55:00, 189.24, 189.685, 189.24, 189.56, 13082, 0.0
2021-05-13 08:30:00, 189.69, 190.61, 189.69, 189.95, 1686, 0.0
2021-05-13 08:35:00, 190.08, 190.165, 189.93, 190.05, 1576, 0.0
2021-05-13 08:40:00, 190.07, 190.28, 190.07, 190.15, 1440, 0.0
2021-05-13 08:45:00, 190.2, 190.89, 189.93, 190.855, 1853, 0.0
2021-05-13 08:50:00, 190.8, 190.99, 190.78, 190.99, 1372, 0.0
2021-05-13 08:55:00, 190.775, 190.775, 190.775, 190.775, 225, 0.0
2021-05-13 09:00:00, 190.57, 190.91, 190.57, 190.76, 1230, 0.0
2021-05-13 09:05:00, 190.65, 190.65, 190.61, 190.61, 459, 0.0
2021-05-13 09:10:00, 190.92, 190.92, 190.73, 190.82, 1022, 0.0
2021-05-13 09:15:00, 191.06, 191.23, 191.045, 191.05, 829, 0.0
2021-05-13 09:20:00, 191.43, 191.43, 191.16, 191.16, 677, 0.0
2021-05-13 09:25:00, 191.23, 191.23, 191.23, 191.23, 515, 0.0
2021-05-13 09:30:00, 191.35, 191.35, 191.3, 191.3, 461, 0.0
2021-05-13 09:35:00, 191.28, 191.67, 191.28, 191.67, 661, 0.0
2021-05-13 09:40:00, 191.7, 191.7, 191.535, 191.57, 1644, 0.0
2021-05-13 09:45:00, 191.66, 191.845, 191.66, 191.845, 727, 0.0
2021-05-13 09:50:00, 191.84, 191.925, 191.84, 191.925, 479, 0.0
2021-05-13 09:55:00, 192.17, 192.33, 192.17, 192.33, 618, 0.0
2021-05-13 10:00:00, 191.98, 192.03, 191.98, 192.03, 214, 0.0
2021-05-13 10:05:00, 191.57, 191.63, 191.53, 191.53, 501, 0.0
2021-05-13 10:10:00, 191.58, 191.7, 191.58, 191.7, 489, 0.0
2021-05-13 10:15:00, 191.53, 191.61, 191.48, 191.48, 585, 0.0
2021-05-13 10:20:00, 191.4, 191.4, 191.4, 191.4, 134, 0.0
2021-05-13 10:25:00, 191.305, 191.37, 191.045, 191.045, 1139, 0.0
2021-05-13 10:30:00, 191.07, 191.07, 191.07, 191.07, 225, 0.0
2021-05-13 10:35:00, 191.265, 191.265, 191.265, 191.265, 106, 0.0
2021-05-13 10:40:00, 191.54, 191.56, 191.29, 191.29, 447, 0.0
2021-05-13 10:45:00, 191.25, 191.45, 191.25, 191.45, 573, 0.0
2021-05-13 10:50:00, 191.41, 191.41, 191.37, 191.37, 332, 0.0
2021-05-13 10:55:00, 191.97, 191.97, 191.82, 191.82, 236, 0.0
2021-05-13 11:00:00, 192.01, 192.01, 192.01, 192.01, 115, 0.0
2021-05-13 11:10:00, 192.23, 192.23, 192.23, 192.23, 235, 0.0
2021-05-13 11:15:00, 192.46, 192.47, 192.37, 192.37, 312, 0.0
2021-05-13 11:20:00, 192.37, 192.41, 192.36, 192.41, 429, 0.0
2021-05-13 11:30:00, 192.15, 192.28, 192.15, 192.28, 654, 0.0
2021-05-13 11:35:00, 192.54, 192.54, 192.44, 192.44, 339, 0.0
2021-05-13 11:40:00, 192.35, 192.35, 192.24, 192.35, 686, 0.0
2021-05-13 11:45:00, 192.33, 192.35, 192.28, 192.32, 512, 0.0
2021-05-13 11:50:00, 192.02, 192.02, 192.02, 192.02, 100, 0.0
2021-05-13 11:55:00, 191.83, 191.83, 191.83, 191.83, 110, 0.0
2021-05-13 12:00:00, 191.81, 191.81, 191.81, 191.81, 231, 0.0
2021-05-13 12:05:00, 192, 192, 192, 192, 101, 0.0
2021-05-13 12:10:00, 192.1, 192.1, 192.1, 192.1, 137, 0.0
2021-05-13 12:15:00, 191.91, 191.91, 191.91, 191.91, 106, 0.0
2021-05-13 12:20:00, 191.73, 191.99, 191.73, 191.99, 500, 0.0
2021-05-13 12:25:00, 191.79, 191.79, 191.69, 191.69, 335, 0.0
2021-05-13 12:30:00, 191.77, 191.77, 191.77, 191.77, 117, 0.0
2021-05-13 12:35:00, 191.47, 191.67, 191.47, 191.55, 463, 0.0
2021-05-13 12:40:00, 191.525, 191.75, 191.47, 191.75, 1273, 0.0
2021-05-13 12:45:00, 191.82, 191.87, 191.685, 191.81, 1202, 0.0
2021-05-13 12:50:00, 192.07, 192.07, 192.07, 192.07, 144, 0.0
2021-05-13 12:55:00, 192.05, 192.05, 192.05, 192.05, 378, 0.0
2021-05-13 13:00:00, 192.215, 192.215, 192.21, 192.21, 226, 0.0
2021-05-13 13:05:00, 192.33, 192.55, 192.33, 192.55, 483, 0.0
2021-05-13 13:10:00, 192.77, 192.77, 192.77, 192.77, 137, 0.0
2021-05-13 13:15:00, 192.62, 192.65, 192.62, 192.65, 401, 0.0
2021-05-13 13:20:00, 192.79, 192.97, 192.71, 192.96, 864, 0.0
2021-05-13 13:25:00, 192.9, 193.12, 192.9, 193.12, 596, 0.0
2021-05-13 13:30:00, 193.11, 193.11, 193.11, 193.11, 149, 0.0
2021-05-13 13:35:00, 193.25, 193.26, 193.2, 193.26, 598, 0.0
2021-05-13 13:40:00, 193.06, 193.18, 193.06, 193.18, 318, 0.0
2021-05-13 13:45:00, 193.09, 193.17, 193.03, 193.17, 491, 0.0
2021-05-13 13:50:00, 192.935, 193.06, 192.935, 193.06, 225, 0.0
2021-05-13 13:55:00, 193.15, 193.15, 193.15, 193.15, 136, 0.0
2021-05-13 14:00:00, 193.17, 193.51, 193.13, 193.51, 422, 0.0
2021-05-13 14:05:00, 193.42, 193.42, 193.29, 193.36, 434, 0.0
2021-05-13 14:10:00, 193.29, 193.29, 193.29, 193.29, 133, 0.0
2021-05-13 14:15:00, 193.42, 193.42, 193.42, 193.42, 202, 0.0
2021-05-13 14:20:00, 193.45, 193.58, 193.45, 193.58, 254, 0.0
2021-05-13 14:25:00, 193.67, 193.67, 193.67, 193.67, 114, 0.0
2021-05-13 14:30:00, 193.7, 193.93, 193.7, 193.91, 1178, 0.0
2021-05-13 14:35:00, 193.75, 193.75, 193.69, 193.69, 349, 0.0
2021-05-13 14:40:00, 193.52, 193.55, 193.46, 193.5, 875, 0.0
2021-05-13 14:45:00, 193.53, 193.63, 193.47, 193.57, 1506, 0.0
2021-05-13 14:50:00, 193.54, 193.55, 193.14, 193.255, 2938, 0.0
2021-05-13 14:55:00, 193.06, 193.06, 192.51, 192.51, 4884, 0.0
2021-05-14 08:30:00, 194.04, 194.09, 193.835, 193.85, 818, 0.0
2021-05-14 08:35:00, 193.735, 193.735, 193.06, 193.06, 1090, 0.0
2021-05-14 08:40:00, 193.4, 193.83, 193.4, 193.83, 1175, 0.0
2021-05-14 08:45:00, 194.24, 194.24, 193.98, 193.98, 443, 0.0
2021-05-14 08:50:00, 193.995, 194.21, 193.995, 194.14, 749, 0.0
2021-05-14 08:55:00, 194.065, 194.33, 193.81, 194.33, 1058, 0.0
2021-05-14 09:00:00, 194.145, 194.145, 193.915, 194.13, 650, 0.0
2021-05-14 09:05:00, 194.05, 194.07, 193.63, 193.72, 682, 0.0
2021-05-14 09:10:00, 193.78, 193.895, 193.78, 193.895, 253, 0.0
2021-05-14 09:15:00, 193.7, 193.75, 193.7, 193.75, 277, 0.0
2021-05-14 09:20:00, 193.69, 193.8, 193.64, 193.725, 410, 0.0
2021-05-14 09:25:00, 193.72, 193.72, 193.48, 193.48, 338, 0.0
2021-05-14 09:30:00, 193.37, 193.53, 193.36, 193.53, 317, 0.0
2021-05-14 09:35:00, 193.475, 193.475, 193.34, 193.34, 229, 0.0
2021-05-14 09:45:00, 193.57, 194.01, 193.57, 194.01, 879, 0.0
2021-05-14 09:50:00, 193.94, 193.94, 193.91, 193.91, 321, 0.0
2021-05-14 09:55:00, 194.03, 194.03, 193.97, 193.97, 267, 0.0
2021-05-14 10:00:00, 193.99, 193.99, 193.99, 193.99, 100, 0.0
2021-05-14 10:05:00, 194.125, 194.125, 194.125, 194.125, 100, 0.0
2021-05-14 10:10:00, 194.05, 194.05, 193.85, 193.85, 200, 0.0
2021-05-14 10:15:00, 193.85, 193.85, 193.83, 193.83, 343, 0.0
2021-05-14 10:20:00, 193.97, 194.1, 193.97, 194.08, 613, 0.0
2021-05-14 10:25:00, 194.15, 194.18, 194.15, 194.18, 290, 0.0
2021-05-14 10:30:00, 194.19, 194.19, 194.17, 194.17, 230, 0.0
2021-05-14 10:35:00, 194.28, 194.39, 194.28, 194.39, 261, 0.0
2021-05-14 10:40:00, 194.73, 194.73, 194.64, 194.64, 415, 0.0
2021-05-14 10:45:00, 194.145, 194.23, 194.135, 194.135, 317, 0.0
2021-05-14 10:50:00, 194.115, 194.23, 194.115, 194.18, 397, 0.0
2021-05-14 10:55:00, 194.24, 194.24, 194.115, 194.18, 1171, 0.0
2021-05-14 11:00:00, 194.13, 194.13, 194.08, 194.095, 837, 0.0
2021-05-14 11:10:00, 194.065, 194.285, 194.065, 194.285, 334, 0.0
2021-05-14 11:15:00, 194.4, 194.62, 194.4, 194.62, 200, 0.0
2021-05-14 11:20:00, 194.71, 194.71, 194.71, 194.71, 100, 0.0
2021-05-14 11:25:00, 194.555, 194.665, 194.55, 194.665, 400, 0.0
2021-05-14 11:30:00, 194.66, 194.76, 194.66, 194.76, 403, 0.0
2021-05-14 11:35:00, 194.815, 194.88, 194.815, 194.86, 466, 0.0
2021-05-14 11:40:00, 194.99, 194.99, 194.99, 194.99, 100, 0.0
2021-05-14 11:45:00, 194.99, 195.035, 194.935, 195.02, 738, 0.0
2021-05-14 11:50:00, 194.75, 194.75, 194.75, 194.75, 100, 0.0
2021-05-14 11:55:00, 194.655, 194.67, 194.655, 194.67, 320, 0.0
2021-05-14 12:00:00, 194.775, 194.875, 194.77, 194.875, 351, 0.0
2021-05-14 12:05:00, 194.815, 194.815, 194.815, 194.815, 200, 0.0
2021-05-14 12:10:00, 194.79, 194.79, 194.56, 194.56, 344, 0.0
2021-05-14 12:15:00, 194.61, 194.61, 194.61, 194.61, 245, 0.0
2021-05-14 12:20:00, 194.565, 194.565, 194.545, 194.545, 304, 0.0
2021-05-14 12:25:00, 194.58, 194.58, 194.53, 194.555, 477, 0.0
2021-05-14 12:35:00, 194.8, 194.84, 194.8, 194.84, 233, 0.0
2021-05-14 12:40:00, 194.895, 194.895, 194.895, 194.895, 100, 0.0
2021-05-14 12:45:00, 194.88, 194.88, 194.8, 194.8, 266, 0.0
2021-05-14 12:50:00, 194.825, 194.825, 194.74, 194.74, 535, 0.0
2021-05-14 12:55:00, 194.8, 194.8, 194.725, 194.725, 243, 0.0
2021-05-14 13:00:00, 194.78, 194.85, 194.78, 194.85, 513, 0.0
2021-05-14 13:05:00, 194.8, 194.8, 194.77, 194.77, 306, 0.0
2021-05-14 13:10:00, 194.74, 194.865, 194.74, 194.865, 352, 0.0
2021-05-14 13:15:00, 194.84, 194.84, 194.78, 194.78, 300, 0.0
2021-05-14 13:20:00, 194.74, 194.74, 194.625, 194.625, 455, 0.0
2021-05-14 13:25:00, 194.82, 194.85, 194.82, 194.85, 214, 0.0
2021-05-14 13:30:00, 194.955, 194.96, 194.93, 194.93, 403, 0.0
2021-05-14 13:35:00, 194.945, 194.945, 194.94, 194.94, 234, 0.0
2021-05-14 13:40:00, 194.92, 194.92, 194.84, 194.88, 666, 0.0
2021-05-14 13:45:00, 194.97, 195.13, 194.97, 195.13, 425, 0.0
2021-05-14 13:50:00, 195.17, 195.43, 195.17, 195.425, 1203, 0.0
2021-05-14 13:55:00, 195.455, 195.46, 195.4, 195.4, 671, 0.0
2021-05-14 14:00:00, 195.385, 195.41, 195.27, 195.28, 1202, 0.0
2021-05-14 14:05:00, 195.38, 195.49, 195.37, 195.46, 1042, 0.0
2021-05-14 14:10:00, 195.485, 195.635, 195.485, 195.635, 806, 0.0
2021-05-14 14:15:00, 195.58, 195.59, 195.545, 195.545, 418, 0.0
2021-05-14 14:20:00, 195.58, 195.58, 195.495, 195.495, 640, 0.0
2021-05-14 14:25:00, 195.535, 195.59, 195.525, 195.58, 713, 0.0
2021-05-14 14:30:00, 195.55, 195.55, 195.07, 195.07, 1589, 0.0
2021-05-14 14:35:00, 194.82, 194.84, 194.82, 194.84, 224, 0.0
2021-05-14 14:40:00, 194.77, 194.785, 194.68, 194.74, 959, 0.0
2021-05-14 14:45:00, 194.84, 195.13, 194.84, 195.13, 974, 0.0
2021-05-14 14:50:00, 195.09, 195.26, 195.01, 195.25, 1768, 0.0
2021-05-14 14:55:00, 195.21, 195.21, 194.76, 194.81, 2771, 0.0
2021-05-17 08:30:00, 193.93, 193.955, 193.93, 193.95, 542, 0.0
2021-05-17 08:35:00, 193.965, 193.965, 193.41, 193.41, 405, 0.0
2021-05-17 08:40:00, 193.57, 193.685, 193.52, 193.685, 675, 0.0
2021-05-17 08:45:00, 193.66, 193.66, 193.36, 193.36, 367, 0.0
2021-05-17 08:50:00, 193.02, 193.3, 193.02, 193.07, 465, 0.0
2021-05-17 08:55:00, 193.22, 193.58, 193.22, 193.58, 469, 0.0
2021-05-17 09:00:00, 193.445, 193.46, 193.43, 193.44, 588, 0.0
2021-05-17 09:05:00, 193.54, 193.54, 193.525, 193.525, 300, 0.0
2021-05-17 09:10:00, 193.02, 193.02, 192.75, 192.75, 474, 0.0
2021-05-17 09:15:00, 192.65, 193, 192.64, 193, 1337, 0.0
2021-05-17 09:20:00, 193.005, 193.29, 193.005, 193.29, 504, 0.0
2021-05-17 09:25:00, 193.04, 193.06, 193.04, 193.06, 301, 0.0
2021-05-17 09:30:00, 192.76, 192.76, 192.66, 192.66, 208, 0.0
2021-05-17 09:35:00, 192.44, 192.75, 192.44, 192.73, 369, 0.0
2021-05-17 09:40:00, 192.65, 192.65, 192.645, 192.645, 207, 0.0
2021-05-17 09:45:00, 192.51, 192.555, 192.51, 192.535, 603, 0.0
2021-05-17 09:50:00, 192.67, 192.67, 192.65, 192.65, 327, 0.0
2021-05-17 09:55:00, 192.63, 192.68, 192.63, 192.68, 303, 0.0
2021-05-17 10:00:00, 192.51, 192.51, 192.51, 192.51, 100, 0.0
2021-05-17 10:05:00, 192.73, 192.83, 192.72, 192.76, 866, 0.0
2021-05-17 10:10:00, 192.75, 192.805, 192.75, 192.805, 895, 0.0
2021-05-17 10:15:00, 193.05, 193.05, 193, 193.01, 754, 0.0
2021-05-17 10:20:00, 193.02, 193.02, 193.02, 193.02, 255, 0.0
2021-05-17 10:25:00, 192.95, 192.97, 192.86, 192.86, 2388, 0.0
2021-05-17 10:30:00, 192.75, 192.76, 192.73, 192.73, 551, 0.0
2021-05-17 10:35:00, 192.925, 193.04, 192.925, 192.98, 858, 0.0
2021-05-17 10:40:00, 192.96, 193.015, 192.94, 193.015, 480, 0.0
2021-05-17 10:45:00, 193.08, 193.23, 193.08, 193.23, 417, 0.0
2021-05-17 10:50:00, 193.22, 193.22, 193.13, 193.13, 246, 0.0
2021-05-17 11:05:00, 193.74, 193.81, 193.74, 193.81, 212, 0.0
2021-05-17 11:10:00, 193.97, 193.97, 193.97, 193.97, 101, 0.0
2021-05-17 11:15:00, 194.06, 194.06, 194.045, 194.045, 1900, 0.0
2021-05-17 11:20:00, 194.075, 194.075, 194.075, 194.075, 1300, 0.0
2021-05-17 11:35:00, 194.07, 194.07, 194.07, 194.07, 142, 0.0
2021-05-17 11:45:00, 194.11, 194.11, 194.09, 194.09, 200, 0.0
2021-05-17 11:50:00, 194.155, 194.155, 194.03, 194.03, 333, 0.0
2021-05-17 12:00:00, 194.135, 194.135, 194.1, 194.1, 202, 0.0
2021-05-17 12:05:00, 193.83, 193.93, 193.83, 193.93, 200, 0.0
2021-05-17 12:10:00, 193.9, 193.9, 193.87, 193.87, 200, 0.0
2021-05-17 12:15:00, 194, 194.03, 193.93, 193.95, 1458, 0.0
2021-05-17 12:20:00, 193.865, 193.865, 193.75, 193.75, 701, 0.0
2021-05-17 12:30:00, 194.09, 194.09, 194.02, 194.02, 304, 0.0
2021-05-17 12:35:00, 194.23, 194.4, 194.23, 194.4, 490, 0.0
2021-05-17 12:45:00, 194.16, 194.16, 194.16, 194.16, 101, 0.0
2021-05-17 12:55:00, 194.13, 194.15, 194.13, 194.15, 200, 0.0
2021-05-17 13:10:00, 194.12, 194.12, 194.12, 194.12, 131, 0.0
2021-05-17 13:15:00, 194.14, 194.215, 194.14, 194.215, 200, 0.0
2021-05-17 13:20:00, 194.23, 194.23, 194.17, 194.17, 338, 0.0
2021-05-17 13:25:00, 194.16, 194.16, 194.16, 194.16, 105, 0.0
2021-05-17 13:30:00, 194.325, 194.325, 194.2, 194.2, 308, 0.0
2021-05-17 13:35:00, 194.17, 194.2, 194.15, 194.19, 1176, 0.0
2021-05-17 13:45:00, 194.21, 194.3, 194.21, 194.3, 660, 0.0
2021-05-17 13:50:00, 194.48, 194.61, 194.48, 194.61, 433, 0.0
2021-05-17 13:55:00, 194.52, 194.655, 194.52, 194.655, 819, 0.0
2021-05-17 14:00:00, 194.67, 194.69, 194.6, 194.64, 512, 0.0
2021-05-17 14:05:00, 194.75, 194.96, 194.75, 194.96, 895, 0.0
2021-05-17 14:10:00, 195.07, 195.07, 195.07, 195.07, 102, 0.0
2021-05-17 14:15:00, 194.85, 194.85, 194.84, 194.85, 478, 0.0
2021-05-17 14:25:00, 194.68, 194.72, 194.595, 194.63, 1030, 0.0
2021-05-17 14:30:00, 194.515, 194.515, 194.47, 194.48, 490, 0.0
2021-05-17 14:35:00, 194.58, 194.58, 194.44, 194.46, 890, 0.0
2021-05-17 14:40:00, 194.46, 194.6, 194.4, 194.6, 546, 0.0
2021-05-17 14:45:00, 194.57, 194.57, 194.49, 194.49, 247, 0.0
2021-05-17 14:50:00, 194.43, 194.51, 194.32, 194.325, 1544, 0.0
2021-05-17 14:55:00, 194.375, 194.64, 194.36, 194.54, 3942, 0.0
2021-05-18 08:30:00, 194.92, 195.65, 194.91, 195.18, 2052, 0.0
2021-05-18 08:35:00, 195.11, 195.11, 194.49, 194.49, 1092, 0.0
2021-05-18 08:40:00, 194.755, 194.81, 194.57, 194.77, 2731, 0.0
2021-05-18 08:45:00, 194.84, 194.84, 194.37, 194.37, 1272, 0.0
2021-05-18 08:50:00, 194.27, 194.28, 194.09, 194.28, 554, 0.0
2021-05-18 08:55:00, 194.19, 194.31, 194.1, 194.31, 2126, 0.0
2021-05-18 09:00:00, 194.43, 194.515, 194.315, 194.405, 1435, 0.0
2021-05-18 09:05:00, 194.32, 194.32, 194.11, 194.185, 1238, 0.0
2021-05-18 09:10:00, 193.975, 194.26, 193.975, 194.24, 503, 0.0
2021-05-18 09:15:00, 194.18, 194.365, 194.18, 194.365, 530, 0.0
2021-05-18 09:20:00, 194.37, 194.37, 194.11, 194.22, 585, 0.0
2021-05-18 09:25:00, 194.42, 194.42, 194.07, 194.14, 964, 0.0
2021-05-18 09:30:00, 194.16, 194.16, 193.84, 193.94, 1754, 0.0
2021-05-18 09:35:00, 193.595, 193.62, 193.55, 193.55, 662, 0.0
2021-05-18 09:40:00, 193.69, 193.69, 193.69, 193.69, 101, 0.0
2021-05-18 09:45:00, 193.63, 193.885, 193.6, 193.885, 744, 0.0
2021-05-18 09:50:00, 193.76, 193.94, 193.76, 193.94, 938, 0.0
2021-05-18 09:55:00, 193.7, 193.7, 193.6, 193.61, 611, 0.0
2021-05-18 10:00:00, 193.77, 193.8, 193.77, 193.8, 203, 0.0
2021-05-18 10:05:00, 193.78, 193.78, 193.63, 193.63, 536, 0.0
2021-05-18 10:10:00, 193.72, 193.91, 193.72, 193.91, 575, 0.0
2021-05-18 10:15:00, 194.145, 194.205, 194.145, 194.205, 1256, 0.0
2021-05-18 10:20:00, 194.25, 194.54, 194.25, 194.54, 2387, 0.0
2021-05-18 10:25:00, 194.42, 194.42, 194.2, 194.28, 1074, 0.0
2021-05-18 10:30:00, 194, 194, 194, 194, 134, 0.0
2021-05-18 10:35:00, 193.79, 193.87, 193.79, 193.79, 603, 0.0
2021-05-18 10:40:00, 193.575, 193.63, 193.4, 193.465, 1155, 0.0
2021-05-18 10:45:00, 193.49, 193.54, 193.395, 193.54, 1165, 0.0
2021-05-18 10:50:00, 193.48, 193.49, 193.43, 193.43, 468, 0.0
2021-05-18 10:55:00, 193.51, 193.535, 193.48, 193.535, 737, 0.0
2021-05-18 11:00:00, 193.385, 193.605, 193.385, 193.605, 898, 0.0
2021-05-18 11:05:00, 193.66, 193.77, 193.66, 193.67, 702, 0.0
2021-05-18 11:10:00, 193.45, 193.56, 193.45, 193.56, 300, 0.0
2021-05-18 11:15:00, 193.52, 193.57, 193.52, 193.54, 365, 0.0
2021-05-18 11:20:00, 193.59, 193.67, 193.59, 193.67, 575, 0.0
2021-05-18 11:25:00, 193.72, 193.765, 193.72, 193.765, 214, 0.0
2021-05-18 11:30:00, 193.805, 193.805, 193.805, 193.805, 126, 0.0
2021-05-18 11:35:00, 193.8, 193.8, 193.8, 193.8, 201, 0.0
2021-05-18 11:40:00, 193.99, 194.045, 193.96, 194.045, 645, 0.0
2021-05-18 11:45:00, 193.87, 193.87, 193.87, 193.87, 202, 0.0
2021-05-18 11:50:00, 194.02, 194.07, 194.02, 194.07, 444, 0.0
2021-05-18 11:55:00, 194.08, 194.08, 194.08, 194.08, 122, 0.0
2021-05-18 12:00:00, 193.96, 193.96, 193.96, 193.96, 312, 0.0
2021-05-18 12:05:00, 193.77, 193.77, 193.77, 193.77, 105, 0.0
2021-05-18 12:10:00, 193.76, 193.775, 193.76, 193.76, 435, 0.0
2021-05-18 12:20:00, 193.6, 193.7, 193.6, 193.67, 644, 0.0
2021-05-18 12:25:00, 193.68, 193.68, 193.68, 193.68, 101, 0.0
2021-05-18 12:30:00, 193.67, 193.67, 193.67, 193.67, 183, 0.0
2021-05-18 12:35:00, 193.85, 193.93, 193.85, 193.93, 423, 0.0
2021-05-18 12:40:00, 193.95, 193.95, 193.8, 193.8, 409, 0.0
2021-05-18 12:45:00, 193.8, 193.83, 193.8, 193.83, 235, 0.0
2021-05-18 12:50:00, 193.72, 193.72, 193.69, 193.69, 201, 0.0
2021-05-18 12:55:00, 193.72, 193.72, 193.67, 193.67, 201, 0.0
2021-05-18 13:00:00, 193.94, 193.94, 193.73, 193.73, 833, 0.0
2021-05-18 13:05:00, 193.67, 193.78, 193.665, 193.78, 891, 0.0
2021-05-18 13:10:00, 193.75, 193.815, 193.75, 193.79, 412, 0.0
2021-05-18 13:15:00, 193.67, 193.67, 193.67, 193.67, 100, 0.0
2021-05-18 13:20:00, 193.57, 193.575, 193.33, 193.33, 506, 0.0
2021-05-18 13:25:00, 193.46, 193.46, 193.42, 193.42, 341, 0.0
2021-05-18 13:30:00, 193.37, 193.37, 193.21, 193.21, 379, 0.0
2021-05-18 13:35:00, 193.13, 193.18, 193.1, 193.1, 538, 0.0
2021-05-18 13:40:00, 193.13, 193.15, 192.91, 193, 1246, 0.0
2021-05-18 13:45:00, 192.97, 193.1, 192.89, 192.99, 747, 0.0
2021-05-18 13:50:00, 193.09, 193.09, 192.98, 192.98, 553, 0.0
2021-05-18 14:00:00, 192.985, 192.985, 192.97, 192.97, 275, 0.0
2021-05-18 14:05:00, 193.13, 193.2, 193.13, 193.2, 249, 0.0
2021-05-18 14:10:00, 193.15, 193.15, 193.08, 193.08, 278, 0.0
2021-05-18 14:15:00, 192.95, 193.005, 192.95, 193.005, 453, 0.0
2021-05-18 14:20:00, 193.02, 193.02, 193.01, 193.01, 303, 0.0
2021-05-18 14:25:00, 193.175, 193.29, 193.175, 193.27, 421, 0.0
2021-05-18 14:30:00, 193.27, 193.27, 193.21, 193.25, 423, 0.0
2021-05-18 14:35:00, 193.34, 193.61, 193.34, 193.6, 2485, 0.0
2021-05-18 14:40:00, 193.59, 193.67, 193.445, 193.505, 1712, 0.0
2021-05-18 14:45:00, 193.37, 193.37, 192.98, 193.07, 1307, 0.0
2021-05-18 14:50:00, 192.97, 193.03, 192.71, 192.71, 3139, 0.0
2021-05-18 14:55:00, 192.72, 192.85, 192.44, 192.44, 3694, 0.0
2021-05-19 08:30:00, 190.33, 190.72, 189.935, 189.935, 1471, 0.0
2021-05-19 08:35:00, 189.98, 190.2, 189.36, 189.5, 2059, 0.0
2021-05-19 08:40:00, 189.62, 190.04, 189.62, 190.02, 857, 0.0
2021-05-19 08:45:00, 189.78, 189.78, 189.34, 189.53, 6080, 0.0
2021-05-19 08:50:00, 189.32, 189.68, 189.32, 189.68, 1448, 0.0
2021-05-19 08:55:00, 189.62, 190.03, 189.62, 189.715, 1083, 0.0
2021-05-19 09:00:00, 189.62, 189.62, 189.37, 189.47, 1863, 0.0
2021-05-19 09:05:00, 189.29, 189.37, 189.08, 189.08, 856, 0.0
2021-05-19 09:10:00, 188.81, 188.81, 188.59, 188.65, 709, 0.0
2021-05-19 09:15:00, 188.44, 188.47, 188.27, 188.27, 2855, 0.0
2021-05-19 09:20:00, 188.33, 188.34, 187.95, 187.95, 4622, 0.0
2021-05-19 09:25:00, 187.905, 188.29, 187.905, 188.21, 2105, 0.0
2021-05-19 09:30:00, 188.205, 188.23, 188.05, 188.1, 2556, 0.0
2021-05-19 09:35:00, 188.135, 188.145, 187.825, 187.93, 2247, 0.0
2021-05-19 09:40:00, 187.805, 187.805, 187.31, 187.69, 3654, 0.0
2021-05-19 09:45:00, 187.78, 187.91, 187.7, 187.91, 2238, 0.0
2021-05-19 09:50:00, 187.91, 188.32, 187.88, 188.3, 2832, 0.0
2021-05-19 09:55:00, 188.35, 188.35, 188.195, 188.195, 566, 0.0
2021-05-19 10:00:00, 188.01, 188.145, 187.86, 187.86, 2647, 0.0
2021-05-19 10:05:00, 188.15, 188.33, 188.15, 188.33, 748, 0.0
2021-05-19 10:10:00, 188.3, 188.34, 188.19, 188.25, 1085, 0.0
2021-05-19 10:15:00, 188.31, 188.31, 187.93, 187.98, 1270, 0.0
2021-05-19 10:20:00, 188.04, 188.335, 188.04, 188.31, 688, 0.0
2021-05-19 10:25:00, 188.32, 188.32, 188.13, 188.185, 1510, 0.0
2021-05-19 10:30:00, 188.19, 188.19, 188.03, 188.07, 806, 0.0
2021-05-19 10:35:00, 187.975, 187.975, 187.82, 187.82, 814, 0.0
2021-05-19 10:40:00, 187.67, 187.77, 187.67, 187.72, 552, 0.0
2021-05-19 10:45:00, 188.03, 188.03, 187.99, 187.99, 440, 0.0
2021-05-19 10:50:00, 187.97, 188.05, 187.97, 188.03, 300, 0.0
2021-05-19 10:55:00, 188.13, 188.265, 188.13, 188.18, 753, 0.0
2021-05-19 11:00:00, 188.13, 188.23, 188.13, 188.23, 333, 0.0
2021-05-19 11:05:00, 188.23, 188.31, 188.21, 188.31, 1066, 0.0
2021-05-19 11:10:00, 188.35, 188.35, 188.265, 188.265, 820, 0.0
2021-05-19 11:15:00, 188.245, 188.645, 188.245, 188.645, 666, 0.0
2021-05-19 11:20:00, 188.71, 188.71, 188.65, 188.655, 1087, 0.0
2021-05-19 11:25:00, 188.71, 188.74, 188.71, 188.715, 729, 0.0
2021-05-19 11:35:00, 189.095, 189.435, 189.095, 189.43, 1380, 0.0
2021-05-19 11:40:00, 189.535, 189.64, 189.53, 189.64, 674, 0.0
2021-05-19 11:45:00, 189.48, 189.48, 189.48, 189.48, 205, 0.0
2021-05-19 11:50:00, 189.61, 189.61, 189.61, 189.61, 111, 0.0
2021-05-19 12:00:00, 189.71, 189.71, 189.47, 189.47, 245, 0.0
2021-05-19 12:05:00, 189.68, 189.68, 189.68, 189.68, 133, 0.0
2021-05-19 12:10:00, 189.66, 189.66, 189.65, 189.65, 233, 0.0
2021-05-19 12:15:00, 189.51, 189.57, 189.51, 189.52, 476, 0.0
2021-05-19 12:20:00, 189.4, 189.4, 189.4, 189.4, 461, 0.0
2021-05-19 12:25:00, 189.4, 189.41, 189.36, 189.41, 433, 0.0
2021-05-19 12:30:00, 189.29, 189.29, 189.17, 189.17, 540, 0.0
2021-05-19 12:35:00, 188.95, 189.03, 188.95, 189.03, 436, 0.0
2021-05-19 12:40:00, 189.025, 189.06, 189.025, 189.06, 258, 0.0
2021-05-19 12:45:00, 189.075, 189.16, 189.075, 189.16, 217, 0.0
2021-05-19 12:50:00, 189.34, 189.34, 189.34, 189.34, 190, 0.0
2021-05-19 12:55:00, 189.55, 189.55, 189.47, 189.47, 312, 0.0
2021-05-19 13:00:00, 189.525, 189.63, 189.09, 189.09, 752, 0.0
2021-05-19 13:05:00, 188.71, 188.71, 188.71, 188.71, 514, 0.0
2021-05-19 13:10:00, 189.03, 189.26, 188.99, 189.21, 757, 0.0
2021-05-19 13:15:00, 189.21, 189.21, 188.99, 189.02, 441, 0.0
2021-05-19 13:20:00, 189.39, 190.02, 189.39, 190.02, 902, 0.0
2021-05-19 13:25:00, 189.81, 190.06, 189.81, 190.06, 413, 0.0
2021-05-19 13:30:00, 190.09, 190.22, 190.09, 190.22, 512, 0.0
2021-05-19 13:35:00, 189.58, 189.58, 189.58, 189.58, 124, 0.0
2021-05-19 13:40:00, 189.52, 189.52, 189.52, 189.52, 110, 0.0
2021-05-19 13:45:00, 189.6, 189.6, 189.6, 189.6, 177, 0.0
2021-05-19 13:50:00, 189.55, 189.55, 189.46, 189.46, 333, 0.0
2021-05-19 13:55:00, 189.51, 189.64, 189.43, 189.64, 300, 0.0
2021-05-19 14:05:00, 189.64, 189.64, 189.64, 189.64, 141, 0.0
2021-05-19 14:10:00, 190.02, 190.1, 189.975, 189.99, 880, 0.0
2021-05-19 14:20:00, 189.97, 190.46, 189.97, 190.46, 238, 0.0
2021-05-19 14:25:00, 190.215, 190.215, 190.215, 190.215, 200, 0.0
2021-05-19 14:30:00, 190.27, 190.305, 190.05, 190.05, 558, 0.0
2021-05-19 14:35:00, 190.01, 190.13, 190.01, 190.13, 787, 0.0
2021-05-19 14:40:00, 190.18, 190.18, 190.14, 190.17, 476, 0.0
2021-05-19 14:45:00, 190.04, 190.04, 189.88, 189.88, 429, 0.0
2021-05-19 14:50:00, 189.92, 190.38, 189.92, 190.38, 702, 0.0
2021-05-19 14:55:00, 190.61, 190.96, 190.61, 190.92, 4928, 0.0
2021-05-20 08:30:00, 191.14, 192.08, 191.14, 191.89, 1188, 0.0
2021-05-20 08:35:00, 192, 192.06, 191.46, 191.46, 902, 0.0
2021-05-20 08:40:00, 191.41, 191.545, 191.41, 191.445, 938, 0.0
2021-05-20 08:45:00, 191.71, 192.29, 191.69, 192.22, 1026, 0.0
2021-05-20 08:50:00, 192.19, 192.19, 191.905, 192.13, 1169, 0.0
2021-05-20 08:55:00, 192.16, 192.43, 192.16, 192.43, 1265, 0.0
2021-05-20 09:00:00, 192.255, 192.48, 192.255, 192.47, 410, 0.0
2021-05-20 09:05:00, 192.47, 192.47, 192.24, 192.31, 393, 0.0
2021-05-20 09:15:00, 192.55, 192.97, 192.55, 192.97, 337, 0.0
2021-05-20 09:20:00, 192.985, 192.985, 192.925, 192.925, 266, 0.0
2021-05-20 09:25:00, 192.785, 192.89, 192.785, 192.89, 336, 0.0
2021-05-20 09:30:00, 193.12, 193.12, 193.07, 193.07, 354, 0.0
2021-05-20 09:35:00, 193.45, 193.45, 193.45, 193.45, 104, 0.0
2021-05-20 09:40:00, 193.515, 193.57, 193.515, 193.57, 243, 0.0
2021-05-20 09:45:00, 193.46, 193.52, 193.37, 193.37, 679, 0.0
2021-05-20 09:50:00, 193.53, 193.575, 193.53, 193.575, 548, 0.0
2021-05-20 10:00:00, 193.64, 193.64, 193.5, 193.51, 766, 0.0
2021-05-20 10:05:00, 193.87, 194.02, 193.87, 194.02, 777, 0.0
2021-05-20 10:10:00, 194.2, 194.2, 194.2, 194.2, 123, 0.0
2021-05-20 10:15:00, 194.02, 194.02, 194.02, 194.02, 206, 0.0
2021-05-20 10:20:00, 193.82, 193.93, 193.82, 193.93, 863, 0.0
2021-05-20 10:25:00, 194.08, 194.08, 194.055, 194.06, 462, 0.0
2021-05-20 10:30:00, 194.14, 194.21, 194.14, 194.16, 1168, 0.0
2021-05-20 10:35:00, 194.18, 194.25, 194.09, 194.25, 1294, 0.0
2021-05-20 10:40:00, 194.58, 194.81, 194.58, 194.66, 681, 0.0
2021-05-20 10:45:00, 194.815, 194.815, 194.815, 194.815, 108, 0.0
2021-05-20 10:55:00, 194.59, 194.59, 194.59, 194.59, 160, 0.0
2021-05-20 11:05:00, 194.58, 194.58, 194.58, 194.58, 100, 0.0
2021-05-20 11:15:00, 194.73, 194.73, 194.62, 194.62, 305, 0.0
2021-05-20 11:20:00, 194.51, 194.51, 194.5, 194.5, 200, 0.0
2021-05-20 11:25:00, 194.65, 194.71, 194.65, 194.71, 275, 0.0
2021-05-20 11:35:00, 194.49, 194.49, 194.25, 194.25, 361, 0.0
2021-05-20 11:55:00, 194.44, 194.44, 194.44, 194.44, 136, 0.0
2021-05-20 12:10:00, 194.65, 194.71, 194.63, 194.71, 641, 0.0
2021-05-20 12:15:00, 194.69, 194.795, 194.67, 194.77, 1410, 0.0
2021-05-20 12:20:00, 194.77, 194.82, 194.77, 194.82, 383, 0.0
2021-05-20 12:25:00, 194.71, 194.71, 194.71, 194.71, 300, 0.0
2021-05-20 12:30:00, 194.8, 194.8, 194.8, 194.8, 106, 0.0
2021-05-20 12:35:00, 194.84, 194.885, 194.84, 194.885, 220, 0.0
2021-05-20 12:45:00, 194.745, 194.745, 194.7, 194.7, 297, 0.0
2021-05-20 12:50:00, 194.42, 194.42, 194.4, 194.4, 300, 0.0
2021-05-20 12:55:00, 194.33, 194.43, 194.33, 194.43, 485, 0.0
2021-05-20 13:00:00, 194.65, 194.65, 194.65, 194.65, 153, 0.0
2021-05-20 13:05:00, 194.62, 194.7, 194.62, 194.7, 337, 0.0
2021-05-20 13:10:00, 194.65, 194.65, 194.65, 194.65, 102, 0.0
2021-05-20 13:15:00, 194.655, 194.655, 194.57, 194.57, 202, 0.0
2021-05-20 13:25:00, 194.45, 194.45, 194.45, 194.45, 146, 0.0
2021-05-20 13:30:00, 194.66, 194.66, 194.59, 194.59, 212, 0.0
2021-05-20 13:35:00, 194.58, 194.63, 194.58, 194.63, 237, 0.0
2021-05-20 13:40:00, 194.65, 194.77, 194.65, 194.77, 354, 0.0
2021-05-20 13:45:00, 194.74, 194.77, 194.69, 194.77, 661, 0.0
2021-05-20 13:50:00, 194.71, 194.78, 194.71, 194.76, 534, 0.0
2021-05-20 13:55:00, 194.84, 194.84, 194.715, 194.715, 496, 0.0
2021-05-20 14:00:00, 194.6, 194.6, 194.6, 194.6, 189, 0.0
2021-05-20 14:10:00, 194.59, 194.76, 194.59, 194.72, 1618, 0.0
2021-05-20 14:15:00, 194.8, 194.8, 194.75, 194.75, 579, 0.0
2021-05-20 14:20:00, 194.85, 194.92, 194.85, 194.9, 1464, 0.0
2021-05-20 14:25:00, 194.94, 195.13, 194.94, 195.12, 705, 0.0
2021-05-20 14:30:00, 194.91, 194.91, 194.91, 194.91, 283, 0.0
2021-05-20 14:35:00, 194.86, 194.86, 194.74, 194.75, 1010, 0.0
2021-05-20 14:40:00, 194.655, 194.655, 194.415, 194.415, 741, 0.0
2021-05-20 14:45:00, 194.43, 194.53, 194.16, 194.16, 1805, 0.0
2021-05-20 14:50:00, 194.05, 194.5, 194.05, 194.43, 1703, 0.0
2021-05-20 14:55:00, 194.35, 194.35, 194.03, 194.03, 3319, 0.0
2021-05-21 08:30:00, 195.39, 195.77, 195.23, 195.23, 1516, 0.0
2021-05-21 08:35:00, 195.46, 195.71, 195.355, 195.71, 1294, 0.0
2021-05-21 08:40:00, 195.71, 195.71, 195.385, 195.43, 507, 0.0
2021-05-21 08:45:00, 195.97, 195.97, 195.71, 195.76, 377, 0.0
2021-05-21 08:50:00, 195.76, 195.94, 195.76, 195.94, 476, 0.0
2021-05-21 08:55:00, 196.32, 196.32, 196.32, 196.32, 198, 0.0
2021-05-21 09:00:00, 196.325, 196.325, 196.17, 196.21, 886, 0.0
2021-05-21 09:05:00, 196.41, 196.64, 196.41, 196.51, 579, 0.0
2021-05-21 09:10:00, 196.62, 196.62, 196.53, 196.53, 210, 0.0
2021-05-21 09:15:00, 196.65, 196.74, 196.57, 196.57, 599, 0.0
2021-05-21 09:20:00, 196.11, 196.185, 196.11, 196.185, 400, 0.0
2021-05-21 09:25:00, 196.08, 196.08, 195.85, 195.85, 764, 0.0
2021-05-21 09:30:00, 196.04, 196.13, 196.02, 196.04, 834, 0.0
2021-05-21 09:35:00, 195.76, 195.76, 195.65, 195.65, 593, 0.0
2021-05-21 09:40:00, 195.83, 195.83, 195.82, 195.82, 289, 0.0
2021-05-21 09:45:00, 195.69, 195.9, 195.69, 195.9, 1129, 0.0
2021-05-21 09:50:00, 195.91, 195.97, 195.87, 195.9, 807, 0.0
2021-05-21 09:55:00, 195.78, 195.835, 195.78, 195.835, 523, 0.0
2021-05-21 10:00:00, 195.695, 195.695, 195.455, 195.455, 400, 0.0
2021-05-21 10:05:00, 195.33, 195.41, 195.33, 195.39, 406, 0.0
2021-05-21 10:10:00, 195.4, 195.53, 195.4, 195.53, 235, 0.0
2021-05-21 10:15:00, 195.44, 195.47, 195.35, 195.35, 300, 0.0
2021-05-21 10:20:00, 195.5, 195.52, 195.45, 195.45, 428, 0.0
2021-05-21 10:25:00, 195, 195, 194.79, 194.79, 732, 0.0
2021-05-21 10:30:00, 194.88, 195.25, 194.88, 195.25, 694, 0.0
2021-05-21 10:35:00, 195.21, 195.26, 195.03, 195.09, 992, 0.0
2021-05-21 10:45:00, 195.24, 195.24, 195.16, 195.16, 455, 0.0
2021-05-21 10:50:00, 195.1, 195.1, 195.1, 195.1, 136, 0.0
2021-05-21 10:55:00, 194.92, 194.92, 194.92, 194.92, 101, 0.0
2021-05-21 11:05:00, 195.04, 195.04, 194.99, 194.99, 835, 0.0
2021-05-21 11:10:00, 194.89, 194.9, 194.89, 194.89, 423, 0.0
2021-05-21 11:15:00, 194.92, 194.92, 194.69, 194.69, 253, 0.0
2021-05-21 11:20:00, 194.87, 194.895, 194.87, 194.895, 325, 0.0
2021-05-21 11:30:00, 194.9, 194.9, 194.87, 194.87, 324, 0.0
2021-05-21 11:35:00, 194.89, 194.89, 194.89, 194.89, 100, 0.0
2021-05-21 11:40:00, 194.97, 195.04, 194.97, 194.97, 441, 0.0
2021-05-21 11:50:00, 194.735, 194.735, 194.46, 194.46, 433, 0.0
2021-05-21 11:55:00, 194.44, 194.44, 194.44, 194.44, 256, 0.0
2021-05-21 12:00:00, 194.53, 194.53, 194.53, 194.53, 100, 0.0
2021-05-21 12:10:00, 194.64, 194.64, 194.51, 194.51, 398, 0.0
2021-05-21 12:20:00, 194.8, 194.8, 194.8, 194.8, 122, 0.0
2021-05-21 12:25:00, 194.82, 194.94, 194.82, 194.94, 304, 0.0
2021-05-21 12:30:00, 195.02, 195.08, 194.98, 195.08, 302, 0.0
2021-05-21 12:35:00, 195.1, 195.12, 195.08, 195.12, 663, 0.0
2021-05-21 12:40:00, 195.07, 195.07, 195.07, 195.07, 133, 0.0
2021-05-21 12:45:00, 195.09, 195.13, 195.08, 195.08, 400, 0.0
2021-05-21 12:50:00, 195.12, 195.12, 195.06, 195.11, 1002, 0.0
2021-05-21 12:55:00, 195.14, 195.14, 195.03, 195.03, 592, 0.0
2021-05-21 13:00:00, 195.03, 195.03, 195.03, 195.03, 200, 0.0
2021-05-21 13:05:00, 195.08, 195.2, 195.08, 195.2, 201, 0.0
2021-05-21 13:10:00, 195.31, 195.33, 195.31, 195.33, 200, 0.0
2021-05-21 13:15:00, 195.39, 195.39, 195.37, 195.37, 398, 0.0
2021-05-21 13:20:00, 195.32, 195.33, 195.32, 195.33, 492, 0.0
2021-05-21 13:25:00, 195.27, 195.27, 195.27, 195.27, 234, 0.0
2021-05-21 13:30:00, 195.31, 195.31, 195.31, 195.31, 369, 0.0
2021-05-21 13:35:00, 195.24, 195.24, 195.24, 195.24, 102, 0.0
2021-05-21 13:40:00, 195.19, 195.19, 195.19, 195.19, 100, 0.0
2021-05-21 13:45:00, 195.32, 195.32, 195.23, 195.23, 250, 0.0
2021-05-21 13:50:00, 195.36, 195.36, 195.36, 195.36, 100, 0.0
2021-05-21 13:55:00, 195.4, 195.46, 195.39, 195.42, 517, 0.0
2021-05-21 14:00:00, 195.4, 195.4, 195.26, 195.31, 815, 0.0
2021-05-21 14:05:00, 195.325, 195.325, 195.185, 195.28, 715, 0.0
2021-05-21 14:10:00, 195.37, 195.49, 195.37, 195.41, 1257, 0.0
2021-05-21 14:15:00, 195.41, 195.56, 195.41, 195.56, 1361, 0.0
2021-05-21 14:20:00, 195.59, 195.64, 195.55, 195.64, 620, 0.0
2021-05-21 14:25:00, 195.72, 195.725, 195.57, 195.57, 1111, 0.0
2021-05-21 14:30:00, 195.47, 195.5, 195.28, 195.28, 1706, 0.0
2021-05-21 14:35:00, 195.325, 195.41, 195.11, 195.13, 2537, 0.0
2021-05-21 14:40:00, 195.115, 195.185, 194.97, 194.97, 1696, 0.0
2021-05-21 14:45:00, 194.97, 195.245, 194.87, 195.245, 2043, 0.0
2021-05-21 14:50:00, 195.28, 195.52, 195.205, 195.29, 6013, 0.0
2021-05-21 14:55:00, 195.35, 195.41, 195.19, 195.23, 6733, 0.0
2021-05-24 08:30:00, 196.2, 197.04, 196.2, 196.825, 674, 0.0
2021-05-24 08:40:00, 197.04, 197.04, 197.03, 197.03, 219, 0.0
2021-05-24 08:45:00, 197.21, 197.34, 197.16, 197.34, 470, 0.0
2021-05-24 08:50:00, 197.21, 197.21, 197.21, 197.21, 101, 0.0
2021-05-24 08:55:00, 197.28, 197.49, 197.28, 197.49, 305, 0.0
2021-05-24 09:00:00, 197.82, 198.065, 197.65, 198.065, 515, 0.0
2021-05-24 09:05:00, 197.91, 197.91, 197.89, 197.89, 200, 0.0
2021-05-24 09:10:00, 197.85, 197.85, 197.85, 197.85, 146, 0.0
2021-05-24 09:15:00, 197.955, 198.11, 197.895, 198.01, 2581, 0.0
2021-05-24 09:20:00, 198.04, 198.04, 198.04, 198.04, 120, 0.0
2021-05-24 09:25:00, 197.99, 198.08, 197.92, 198.08, 787, 0.0
2021-05-24 09:30:00, 197.91, 197.95, 197.805, 197.85, 1137, 0.0
2021-05-24 09:35:00, 197.805, 197.805, 197.57, 197.59, 671, 0.0
2021-05-24 09:40:00, 197.905, 197.97, 197.905, 197.91, 642, 0.0
2021-05-24 09:45:00, 198.04, 198.07, 198, 198, 609, 0.0
2021-05-24 09:50:00, 198.14, 198.25, 198.1, 198.1, 1109, 0.0
2021-05-24 09:55:00, 198, 198.07, 197.99, 197.99, 597, 0.0
2021-05-24 10:00:00, 197.91, 197.93, 197.69, 197.735, 1245, 0.0
2021-05-24 10:05:00, 197.5, 197.5, 197.46, 197.46, 388, 0.0
2021-05-24 10:10:00, 197.5, 197.5, 197.5, 197.5, 100, 0.0
2021-05-24 10:15:00, 197.41, 197.455, 197.4, 197.455, 405, 0.0
2021-05-24 10:20:00, 197.76, 197.76, 197.76, 197.76, 133, 0.0
2021-05-24 10:25:00, 197.67, 197.73, 197.67, 197.73, 323, 0.0
2021-05-24 10:30:00, 197.76, 197.76, 197.75, 197.75, 220, 0.0
2021-05-24 10:35:00, 197.715, 197.715, 197.6, 197.6, 584, 0.0
2021-05-24 10:40:00, 197.55, 197.625, 197.46, 197.625, 443, 0.0
2021-05-24 10:45:00, 197.68, 197.725, 197.68, 197.725, 433, 0.0
2021-05-24 10:50:00, 197.59, 197.59, 197.59, 197.59, 191, 0.0
2021-05-24 10:55:00, 197.53, 197.53, 197.53, 197.53, 100, 0.0
2021-05-24 11:00:00, 197.515, 197.55, 197.515, 197.55, 338, 0.0
2021-05-24 11:05:00, 197.27, 197.27, 197.27, 197.27, 139, 0.0
2021-05-24 11:10:00, 197.07, 197.13, 197.07, 197.13, 672, 0.0
2021-05-24 11:15:00, 197.13, 197.13, 197.03, 197.03, 300, 0.0
2021-05-24 11:20:00, 197.075, 197.075, 197, 197, 521, 0.0
2021-05-24 11:25:00, 197.01, 197.01, 196.95, 196.95, 301, 0.0
2021-05-24 11:30:00, 197.07, 197.14, 197.07, 197.14, 1110, 0.0
2021-05-24 11:35:00, 197.145, 197.2, 197.145, 197.2, 304, 0.0
2021-05-24 11:40:00, 197.13, 197.13, 197.09, 197.09, 556, 0.0
2021-05-24 11:45:00, 197.02, 197.11, 197.02, 197.11, 533, 0.0
2021-05-24 11:50:00, 197.17, 197.17, 197.17, 197.17, 330, 0.0
2021-05-24 11:55:00, 197.17, 197.17, 197.17, 197.17, 101, 0.0
2021-05-24 12:05:00, 197.275, 197.275, 197.16, 197.2, 612, 0.0
2021-05-24 12:10:00, 197.135, 197.135, 197.135, 197.135, 100, 0.0
2021-05-24 12:15:00, 196.975, 196.975, 196.91, 196.91, 420, 0.0
2021-05-24 12:20:00, 196.82, 196.82, 196.82, 196.82, 200, 0.0
2021-05-24 12:25:00, 196.73, 196.78, 196.72, 196.78, 628, 0.0
2021-05-24 12:30:00, 196.82, 196.895, 196.82, 196.895, 314, 0.0
2021-05-24 12:35:00, 196.91, 196.91, 196.9, 196.9, 427, 0.0
2021-05-24 12:40:00, 196.865, 196.955, 196.865, 196.955, 950, 0.0
2021-05-24 12:50:00, 196.96, 196.96, 196.96, 196.96, 100, 0.0
2021-05-24 12:55:00, 196.94, 196.94, 196.92, 196.92, 350, 0.0
2021-05-24 13:05:00, 196.91, 196.91, 196.91, 196.91, 402, 0.0
2021-05-24 13:10:00, 196.94, 197.015, 196.94, 197.015, 398, 0.0
2021-05-24 13:15:00, 197.14, 197.14, 197.14, 197.14, 229, 0.0
2021-05-24 13:20:00, 197.08, 197.08, 197.05, 197.05, 681, 0.0
2021-05-24 13:25:00, 196.98, 196.98, 196.98, 196.98, 150, 0.0
2021-05-24 13:30:00, 197.105, 197.235, 197.105, 197.21, 1323, 0.0
2021-05-24 13:35:00, 197.3, 197.36, 197.265, 197.36, 806, 0.0
2021-05-24 13:40:00, 197.48, 197.48, 197.38, 197.465, 867, 0.0
2021-05-24 13:45:00, 197.365, 197.365, 197.25, 197.25, 961, 0.0
2021-05-24 13:50:00, 197.22, 197.22, 197.16, 197.16, 323, 0.0
2021-05-24 14:00:00, 197.15, 197.16, 197.085, 197.16, 623, 0.0
2021-05-24 14:05:00, 197.17, 197.24, 197.16, 197.24, 552, 0.0
2021-05-24 14:10:00, 197.24, 197.24, 197.21, 197.21, 358, 0.0
2021-05-24 14:15:00, 197.16, 197.23, 197.16, 197.215, 415, 0.0
2021-05-24 14:20:00, 197.24, 197.24, 197.18, 197.185, 772, 0.0
2021-05-24 14:25:00, 197.2, 197.255, 197.2, 197.22, 841, 0.0
2021-05-24 14:30:00, 197.2, 197.235, 197.11, 197.11, 822, 0.0
2021-05-24 14:35:00, 197.15, 197.18, 197.15, 197.17, 494, 0.0
2021-05-24 14:40:00, 197.19, 197.21, 197.19, 197.19, 864, 0.0
2021-05-24 14:45:00, 197.15, 197.16, 197.105, 197.15, 1358, 0.0
2021-05-24 14:50:00, 197.12, 197.26, 197.1, 197.18, 4374, 0.0
2021-05-24 14:55:00, 197.13, 197.13, 196.92, 196.93, 4719, 0.0
2021-05-25 08:30:00, 197.11, 197.185, 196.705, 196.705, 966, 0.0
2021-05-25 08:35:00, 196.62, 196.75, 196.3, 196.3, 777, 0.0
2021-05-25 08:40:00, 196.02, 196.02, 196, 196, 316, 0.0
2021-05-25 08:45:00, 195.88, 195.88, 195.81, 195.81, 399, 0.0
2021-05-25 08:50:00, 196.06, 196.2, 196.06, 196.2, 354, 0.0
2021-05-25 08:55:00, 196.51, 196.55, 196.39, 196.515, 1825, 0.0
2021-05-25 09:00:00, 196.375, 196.385, 196.3, 196.31, 1220, 0.0
2021-05-25 09:05:00, 196.315, 196.35, 196.285, 196.345, 799, 0.0
2021-05-25 09:10:00, 196.46, 196.46, 196.26, 196.34, 1202, 0.0
2021-05-25 09:20:00, 196.01, 196.01, 195.795, 195.795, 1321, 0.0
2021-05-25 09:25:00, 195.75, 195.75, 195.63, 195.63, 343, 0.0
2021-05-25 09:30:00, 195.5, 195.5, 195.43, 195.49, 539, 0.0
2021-05-25 09:35:00, 195.58, 195.74, 195.58, 195.74, 231, 0.0
2021-05-25 09:40:00, 195.77, 195.94, 195.77, 195.94, 398, 0.0
2021-05-25 09:50:00, 195.985, 196.01, 195.985, 196, 309, 0.0
2021-05-25 09:55:00, 196.11, 196.12, 196.01, 196.01, 767, 0.0
2021-05-25 10:00:00, 195.93, 195.93, 195.7, 195.7, 300, 0.0
2021-05-25 10:05:00, 195.71, 195.71, 195.71, 195.71, 144, 0.0
2021-05-25 10:10:00, 195.7, 195.91, 195.7, 195.87, 541, 0.0
2021-05-25 10:15:00, 195.85, 195.85, 195.6, 195.6, 482, 0.0
2021-05-25 10:20:00, 195.79, 195.89, 195.79, 195.88, 450, 0.0
2021-05-25 10:25:00, 195.83, 195.83, 195.78, 195.78, 376, 0.0
2021-05-25 10:30:00, 195.545, 195.545, 195.54, 195.54, 207, 0.0
2021-05-25 10:35:00, 195.45, 195.45, 195.45, 195.45, 105, 0.0
2021-05-25 10:45:00, 195.595, 195.595, 195.595, 195.595, 157, 0.0
2021-05-25 10:50:00, 195.37, 195.37, 195.37, 195.37, 128, 0.0
2021-05-25 10:55:00, 195.55, 195.55, 195.55, 195.55, 111, 0.0
2021-05-25 11:00:00, 195.59, 195.71, 195.59, 195.6, 488, 0.0
2021-05-25 11:05:00, 195.61, 195.71, 195.61, 195.71, 650, 0.0
2021-05-25 11:10:00, 195.945, 195.945, 195.94, 195.94, 224, 0.0
2021-05-25 11:15:00, 195.92, 196.06, 195.92, 196.06, 319, 0.0
2021-05-25 11:20:00, 195.925, 195.925, 195.695, 195.695, 610, 0.0
2021-05-25 11:25:00, 195.66, 195.66, 195.56, 195.57, 667, 0.0
2021-05-25 11:30:00, 195.59, 195.625, 195.56, 195.625, 445, 0.0
2021-05-25 11:35:00, 195.61, 195.74, 195.61, 195.74, 342, 0.0
2021-05-25 11:40:00, 195.76, 195.97, 195.76, 195.97, 1366, 0.0
2021-05-25 11:45:00, 195.955, 195.955, 195.65, 195.73, 1171, 0.0
2021-05-25 11:50:00, 195.73, 195.945, 195.725, 195.945, 921, 0.0
2021-05-25 11:55:00, 195.93, 196.01, 195.93, 196.01, 647, 0.0
2021-05-25 12:00:00, 195.73, 195.73, 195.73, 195.73, 133, 0.0
2021-05-25 12:05:00, 195.41, 195.465, 195.41, 195.41, 578, 0.0
2021-05-25 12:10:00, 195.31, 195.45, 195.31, 195.43, 623, 0.0
2021-05-25 12:15:00, 195.34, 195.49, 195.34, 195.49, 991, 0.0
2021-05-25 12:20:00, 195.35, 195.44, 195.35, 195.41, 766, 0.0
2021-05-25 12:25:00, 195.375, 195.42, 195.33, 195.42, 602, 0.0
2021-05-25 12:30:00, 195.53, 195.655, 195.53, 195.655, 420, 0.0
2021-05-25 12:35:00, 195.56, 195.59, 195.45, 195.45, 669, 0.0
2021-05-25 12:40:00, 195.15, 195.15, 195.14, 195.14, 514, 0.0
2021-05-25 12:45:00, 195.37, 195.37, 195.33, 195.33, 237, 0.0
2021-05-25 12:50:00, 195.37, 195.37, 195.35, 195.35, 217, 0.0
2021-05-25 12:55:00, 195.39, 195.39, 195.33, 195.33, 424, 0.0
2021-05-25 13:05:00, 195.41, 195.42, 195.41, 195.42, 200, 0.0
2021-05-25 13:10:00, 195.39, 195.445, 195.39, 195.445, 303, 0.0
2021-05-25 13:15:00, 195.44, 195.44, 195.43, 195.43, 293, 0.0
2021-05-25 13:20:00, 195.31, 195.31, 195.27, 195.27, 210, 0.0
2021-05-25 13:30:00, 195.51, 195.51, 195.51, 195.51, 141, 0.0
2021-05-25 13:35:00, 195.57, 195.57, 195.53, 195.53, 387, 0.0
2021-05-25 13:40:00, 195.65, 195.65, 195.65, 195.65, 319, 0.0
2021-05-25 13:45:00, 195.62, 195.62, 195.57, 195.59, 487, 0.0
2021-05-25 13:50:00, 195.73, 195.73, 195.63, 195.64, 478, 0.0
2021-05-25 13:55:00, 195.73, 195.74, 195.73, 195.74, 361, 0.0
2021-05-25 14:00:00, 195.505, 195.505, 195.505, 195.505, 188, 0.0
2021-05-25 14:05:00, 195.44, 195.44, 195.44, 195.44, 166, 0.0
2021-05-25 14:10:00, 195.49, 195.49, 195.47, 195.47, 438, 0.0
2021-05-25 14:15:00, 195.45, 195.45, 195.45, 195.45, 139, 0.0
2021-05-25 14:20:00, 195.48, 195.51, 195.37, 195.37, 1092, 0.0
2021-05-25 14:25:00, 195.5, 195.5, 195.44, 195.44, 565, 0.0
2021-05-25 14:30:00, 195.53, 195.62, 195.49, 195.6, 768, 0.0
2021-05-25 14:35:00, 195.61, 195.61, 195.31, 195.52, 1199, 0.0
2021-05-25 14:40:00, 195.49, 195.49, 195.27, 195.27, 1512, 0.0
2021-05-25 14:45:00, 195.245, 195.37, 195.245, 195.34, 752, 0.0
2021-05-25 14:50:00, 195.28, 195.28, 194.95, 194.96, 2050, 0.0
2021-05-25 14:55:00, 195.12, 195.42, 195.11, 195.15, 4254, 0.0
2021-05-26 08:30:00, 195.4, 196.11, 195.4, 196.07, 2295, 0.0
2021-05-26 08:35:00, 195.54, 195.775, 195.52, 195.52, 901, 0.0
2021-05-26 08:40:00, 194.86, 195.31, 194.86, 195.015, 1170, 0.0
2021-05-26 08:45:00, 194.93, 195.04, 194.68, 194.77, 1827, 0.0
2021-05-26 08:50:00, 195.09, 195.15, 194.94, 194.94, 1433, 0.0
2021-05-26 08:55:00, 194.965, 195.125, 194.945, 195.125, 941, 0.0
2021-05-26 09:00:00, 195.135, 195.135, 194.94, 194.94, 968, 0.0
2021-05-26 09:05:00, 194.9, 194.9, 194.63, 194.63, 892, 0.0
2021-05-26 09:10:00, 194.665, 194.705, 194.65, 194.65, 568, 0.0
2021-05-26 09:15:00, 194.98, 195.075, 194.88, 195.075, 896, 0.0
2021-05-26 09:20:00, 195.19, 195.42, 195.01, 195.42, 1001, 0.0
2021-05-26 09:25:00, 195.45, 195.45, 195.16, 195.16, 713, 0.0
2021-05-26 09:30:00, 194.97, 195.1, 194.78, 194.78, 1562, 0.0
2021-05-26 09:35:00, 194.79, 194.925, 194.78, 194.795, 2005, 0.0
2021-05-26 09:40:00, 194.77, 194.94, 194.77, 194.94, 503, 0.0
2021-05-26 09:45:00, 194.91, 194.97, 194.68, 194.68, 1186, 0.0
2021-05-26 09:50:00, 194.695, 194.695, 194.37, 194.375, 1675, 0.0
2021-05-26 09:55:00, 194.47, 194.59, 194.43, 194.43, 776, 0.0
2021-05-26 10:00:00, 194.43, 194.46, 194.135, 194.135, 1041, 0.0
2021-05-26 10:05:00, 194.13, 194.42, 194.13, 194.355, 1103, 0.0
2021-05-26 10:10:00, 194.02, 194.05, 193.995, 193.995, 846, 0.0
2021-05-26 10:15:00, 193.88, 193.88, 193.67, 193.67, 1180, 0.0
2021-05-26 10:20:00, 193.675, 194.03, 193.675, 194.03, 1040, 0.0
2021-05-26 10:25:00, 194.12, 194.135, 193.985, 194.05, 590, 0.0
2021-05-26 10:30:00, 194.045, 194.045, 193.92, 193.92, 823, 0.0
2021-05-26 10:35:00, 193.93, 194.045, 193.93, 194.045, 620, 0.0
2021-05-26 10:40:00, 193.975, 193.975, 193.83, 193.85, 1505, 0.0
