Date, Open, High, Low, Close, Volume, Open Interest
2021-04-27 10:30:00, 234.66, 234.77, 234.12, 234.255, 1700, 0.0
2021-04-27 10:45:00, 234.215, 234.78, 234.165, 234.78, 1770, 0.0
2021-04-27 11:00:00, 235.565, 235.58, 235.05, 235.05, 2303, 0.0
2021-04-27 11:15:00, 235.06, 235.4, 235.05, 235.3, 1720, 0.0
2021-04-27 11:30:00, 234.98, 235.51, 234.98, 235.51, 567, 0.0
2021-04-27 11:45:00, 235.61, 235.61, 234.97, 235.11, 1068, 0.0
2021-04-27 12:00:00, 235.12, 235.82, 235.115, 235.7, 1642, 0.0
2021-04-27 12:15:00, 235.74, 236.335, 235.74, 236.125, 1956, 0.0
2021-04-27 12:30:00, 236.13, 236.45, 236.06, 236.06, 2937, 0.0
2021-04-27 12:45:00, 236.24, 236.56, 235.975, 236.56, 3354, 0.0
2021-04-27 13:00:00, 236.66, 236.72, 235.6, 235.765, 3471, 0.0
2021-04-27 13:15:00, 235.44, 235.94, 235.44, 235.94, 893, 0.0
2021-04-27 13:30:00, 235.26, 235.55, 235.15, 235.21, 1046, 0.0
2021-04-27 13:45:00, 235.15, 235.94, 235.14, 235.71, 1823, 0.0
2021-04-27 14:00:00, 235.45, 235.715, 234.93, 235.055, 1961, 0.0
2021-04-27 14:15:00, 234.815, 235.06, 234.815, 235.05, 3033, 0.0
2021-04-27 14:30:00, 234.995, 236.02, 234.905, 235.83, 6667, 0.0
2021-04-27 14:45:00, 235.97, 236.38, 235.93, 236.38, 7503, 0.0
2021-04-28 08:30:00, 234.205, 234.75, 234.205, 234.21, 1480, 0.0
2021-04-28 08:45:00, 234.5, 236.2, 234.43, 235.61, 1301, 0.0
2021-04-28 09:00:00, 236.81, 237.45, 236.81, 237.45, 438, 0.0
2021-04-28 09:15:00, 237.47, 237.51, 236.61, 236.61, 1212, 0.0
2021-04-28 09:30:00, 236.45, 236.565, 236.31, 236.39, 965, 0.0
2021-04-28 09:45:00, 236.5, 237.05, 235.81, 236.64, 1749, 0.0
2021-04-28 10:00:00, 237.29, 237.29, 235.77, 236.04, 1401, 0.0
2021-04-28 10:15:00, 235.75, 236.625, 235.63, 236.625, 734, 0.0
2021-04-28 10:30:00, 237.07, 237.07, 236.545, 236.8, 801, 0.0
2021-04-28 10:45:00, 236.39, 236.63, 236.35, 236.63, 775, 0.0
2021-04-28 11:00:00, 236.25, 236.98, 236.18, 236.98, 892, 0.0
2021-04-28 11:30:00, 237.05, 237.42, 237.05, 237.42, 302, 0.0
2021-04-28 11:45:00, 237.01, 237.01, 237.01, 237.01, 203, 0.0
2021-04-28 12:00:00, 236.62, 236.81, 236.62, 236.73, 510, 0.0
2021-04-28 12:15:00, 236.79, 237.14, 236.79, 237.14, 405, 0.0
2021-04-28 12:30:00, 237.03, 237.03, 236.21, 236.21, 1174, 0.0
2021-04-28 12:45:00, 236.46, 236.46, 235.91, 235.96, 938, 0.0
2021-04-28 13:00:00, 235.59, 236.39, 235.59, 236.075, 617, 0.0
2021-04-28 13:15:00, 236.55, 236.55, 236.55, 236.55, 188, 0.0
2021-04-28 13:30:00, 235.57, 237.21, 235.57, 237.105, 2326, 0.0
2021-04-28 13:45:00, 237.2, 237.34, 236.93, 237.1, 1475, 0.0
2021-04-28 14:00:00, 237.1, 237.1, 236.25, 236.33, 2466, 0.0
2021-04-28 14:15:00, 236.31, 236.82, 236.13, 236.82, 1149, 0.0
2021-04-28 14:30:00, 236.64, 236.64, 235.985, 235.985, 2316, 0.0
2021-04-28 14:45:00, 236.34, 236.34, 235.65, 235.91, 5005, 0.0
2021-04-29 08:30:00, 235, 235, 231.72, 231.72, 2436, 0.0
2021-04-29 08:45:00, 230.79, 231.02, 227.9, 228.235, 2669, 0.0
2021-04-29 09:00:00, 228.125, 228.9, 227.31, 228.9, 6966, 0.0
2021-04-29 09:15:00, 226.89, 228.39, 226.66, 227.95, 3009, 0.0
2021-04-29 09:30:00, 227.995, 227.995, 226.07, 227, 10600, 0.0
2021-04-29 09:45:00, 226.875, 228.62, 226.835, 228.62, 3644, 0.0
2021-04-29 10:00:00, 228.08, 228.6, 227.79, 227.79, 4761, 0.0
2021-04-29 10:15:00, 227.98, 228.83, 227.91, 227.925, 10592, 0.0
2021-04-29 10:30:00, 228.05, 228.05, 227, 227.03, 3305, 0.0
2021-04-29 10:45:00, 226.9, 228.06, 226.66, 226.66, 1976, 0.0
2021-04-29 11:00:00, 226.31, 226.31, 224.62, 226.05, 2555, 0.0
2021-04-29 11:15:00, 225.31, 225.365, 224.79, 225.01, 1957, 0.0
2021-04-29 11:30:00, 225.31, 226.55, 224.875, 226.55, 1875, 0.0
2021-04-29 11:45:00, 226.66, 228.11, 226.54, 227.54, 2375, 0.0
2021-04-29 12:00:00, 227.28, 227.43, 226.86, 227.4, 1720, 0.0
2021-04-29 12:15:00, 227.46, 227.775, 226.815, 227.04, 5307, 0.0
2021-04-29 12:30:00, 227.065, 227.48, 226.755, 226.915, 4116, 0.0
2021-04-29 12:45:00, 227.365, 227.59, 227.15, 227.28, 2067, 0.0
2021-04-29 13:00:00, 227.37, 228.01, 227.275, 228.01, 1440, 0.0
2021-04-29 13:15:00, 228.12, 228.12, 227.53, 227.67, 1275, 0.0
2021-04-29 13:30:00, 227.63, 227.76, 226.68, 227.17, 4094, 0.0
2021-04-29 13:45:00, 227.09, 227.485, 226.32, 227.485, 3455, 0.0
2021-04-29 14:00:00, 227.56, 228.06, 226.89, 227.745, 6050, 0.0
2021-04-29 14:15:00, 227.43, 227.525, 226.35, 226.71, 3941, 0.0
2021-04-29 14:30:00, 226.77, 228.3, 226.65, 228.3, 4855, 0.0
2021-04-29 14:45:00, 228.18, 228.46, 227.73, 228.26, 12044, 0.0
2021-04-30 08:30:00, 232.23, 240.57, 230.22, 239.02, 128026, 0.0
2021-04-30 08:45:00, 238.5, 238.5, 234.54, 236.01, 21017, 0.0
2021-04-30 09:00:00, 235.55, 237.14, 234.81, 236.71, 11062, 0.0
2021-04-30 09:15:00, 237, 239.36, 236.41, 238.8, 9020, 0.0
2021-04-30 09:30:00, 238.53, 239.72, 238.34, 239.72, 11038, 0.0
2021-04-30 09:45:00, 239.465, 239.6, 238.3, 238.64, 19762, 0.0
2021-04-30 10:00:00, 238.87, 239, 237.31, 238.22, 25925, 0.0
2021-04-30 10:15:00, 237.75, 237.82, 236.36, 237.09, 8106, 0.0
2021-04-30 10:30:00, 237.03, 238.96, 236.8, 238.56, 35892, 0.0
2021-04-30 10:45:00, 238.89, 238.89, 237.81, 238.39, 24782, 0.0
2021-04-30 11:00:00, 238.23, 238.23, 236.93, 236.93, 3054, 0.0
2021-04-30 11:15:00, 237.425, 237.74, 236.92, 237.56, 2236, 0.0
2021-04-30 11:30:00, 237.815, 237.815, 236.72, 236.99, 3511, 0.0
2021-04-30 11:45:00, 236.48, 236.48, 236.01, 236.13, 2361, 0.0
2021-04-30 12:00:00, 236.84, 237.21, 236.73, 237.06, 2782, 0.0
2021-04-30 12:15:00, 237.09, 237.27, 236.95, 237.05, 3262, 0.0
2021-04-30 12:30:00, 237.11, 237.11, 235.62, 236.01, 4407, 0.0
2021-04-30 12:45:00, 235.46, 235.6, 234.69, 234.85, 3155, 0.0
2021-04-30 13:00:00, 234.99, 235.71, 234.87, 235.255, 3230, 0.0
2021-04-30 13:15:00, 235.14, 235.45, 234.9, 235.45, 2949, 0.0
2021-04-30 13:30:00, 235.35, 236.1, 235.35, 235.82, 2574, 0.0
2021-04-30 13:45:00, 235.9, 236.26, 235.615, 235.66, 3081, 0.0
2021-04-30 14:00:00, 235.9, 236.01, 234.355, 234.39, 4221, 0.0
2021-04-30 14:15:00, 234.5, 234.77, 234.17, 234.57, 4231, 0.0
2021-04-30 14:30:00, 234.61, 236.06, 234.34, 236.04, 12228, 0.0
2021-04-30 14:45:00, 236.05, 238.51, 235.81, 238, 33200, 0.0
2021-05-03 08:30:00, 237.66, 237.99, 233.51, 234.32, 1836, 0.0
2021-05-03 08:45:00, 233.515, 233.65, 230.63, 231.06, 1370, 0.0
2021-05-03 09:00:00, 232.66, 235.05, 232.66, 234.93, 2880, 0.0
2021-05-03 09:15:00, 235.02, 235.2, 233.45, 233.45, 1286, 0.0
2021-05-03 09:30:00, 232.99, 232.99, 230.965, 231.815, 4224, 0.0
2021-05-03 09:45:00, 232.31, 233.14, 231.04, 231.04, 7853, 0.0
2021-05-03 10:00:00, 231.09, 231.5, 229.46, 229.555, 2521, 0.0
2021-05-03 10:15:00, 229.53, 229.53, 227.7, 228.31, 4846, 0.0
2021-05-03 10:30:00, 228.57, 229.51, 228.57, 229.1, 3234, 0.0
2021-05-03 10:45:00, 229.33, 229.61, 228.96, 229.51, 1514, 0.0
2021-05-03 11:00:00, 229.55, 230.86, 229.54, 230.86, 1700, 0.0
2021-05-03 11:15:00, 230.74, 231.14, 230.41, 230.79, 4704, 0.0
2021-05-03 11:30:00, 230.1, 230.1, 229.44, 229.515, 2912, 0.0
2021-05-03 11:45:00, 229.67, 229.67, 228.72, 229.06, 1965, 0.0
2021-05-03 12:00:00, 229.055, 229.83, 229.055, 229.765, 1602, 0.0
2021-05-03 12:15:00, 229.69, 229.99, 229.21, 229.23, 1657, 0.0
2021-05-03 12:30:00, 229.03, 229.905, 228.66, 229.85, 3724, 0.0
2021-05-03 12:45:00, 229.75, 229.92, 229.63, 229.89, 2664, 0.0
2021-05-03 13:00:00, 230.01, 230.06, 229.38, 229.38, 727, 0.0
2021-05-03 13:15:00, 229.43, 229.975, 229.405, 229.975, 3214, 0.0
2021-05-03 13:30:00, 229.92, 229.92, 229.38, 229.61, 1495, 0.0
2021-05-03 13:45:00, 229.66, 230.14, 228.92, 230.055, 2750, 0.0
2021-05-03 14:00:00, 229.965, 229.965, 229.28, 229.47, 1983, 0.0
2021-05-03 14:15:00, 229.26, 229.7, 229.22, 229.7, 2079, 0.0
2021-05-03 14:30:00, 229.53, 230, 229.17, 229.99, 2349, 0.0
2021-05-03 14:45:00, 229.975, 230.17, 229.71, 230.1, 8068, 0.0
2021-05-04 08:30:00, 225.52, 226.44, 223.6, 223.915, 10585, 0.0
2021-05-04 08:45:00, 223.43, 224.115, 221.92, 222.26, 7340, 0.0
2021-05-04 09:00:00, 222.925, 223.59, 222.02, 222.995, 4639, 0.0
2021-05-04 09:15:00, 222.73, 224.08, 222.73, 223.905, 5070, 0.0
2021-05-04 09:30:00, 223.9, 224.445, 223.16, 223.65, 7890, 0.0
2021-05-04 09:45:00, 223.575, 223.84, 221.875, 221.94, 11783, 0.0
2021-05-04 10:00:00, 222.075, 222.89, 221.24, 221.27, 12177, 0.0
2021-05-04 10:15:00, 221.585, 221.585, 219.66, 219.945, 10224, 0.0
2021-05-04 10:30:00, 219.95, 220.64, 218.72, 218.77, 6165, 0.0
2021-05-04 10:45:00, 219.145, 220.335, 218.58, 220.33, 4753, 0.0
2021-05-04 11:00:00, 220.63, 223.05, 220.63, 222.975, 10152, 0.0
2021-05-04 11:15:00, 222.85, 222.9, 221.44, 222.33, 6382, 0.0
2021-05-04 11:30:00, 222.28, 222.77, 222.28, 222.4, 11337, 0.0
2021-05-04 11:45:00, 222.4, 223.19, 222.14, 222.85, 3399, 0.0
2021-05-04 12:00:00, 222.57, 224.51, 222.57, 223.63, 3021, 0.0
2021-05-04 12:15:00, 223.375, 223.99, 223.34, 223.34, 2985, 0.0
2021-05-04 12:30:00, 223.2, 223.63, 223.2, 223.63, 1564, 0.0
2021-05-04 12:45:00, 223.05, 223.05, 222.3, 222.975, 1830, 0.0
2021-05-04 13:00:00, 222.45, 222.71, 222.355, 222.66, 1086, 0.0
2021-05-04 13:15:00, 223.03, 223.205, 222.265, 222.265, 3699, 0.0
2021-05-04 13:30:00, 222.805, 223.14, 222.45, 223.14, 3734, 0.0
2021-05-04 13:45:00, 223.41, 224.28, 223.29, 224.17, 2537, 0.0
2021-05-04 14:00:00, 223.53, 223.935, 223.25, 223.695, 6666, 0.0
2021-05-04 14:15:00, 223.195, 223.83, 223.195, 223.83, 2662, 0.0
2021-05-04 14:30:00, 223.85, 224.4, 223.79, 224.35, 6911, 0.0
2021-05-04 14:45:00, 223.91, 225.25, 223.42, 225.09, 18796, 0.0
2021-05-05 08:30:00, 228.93, 230.13, 228.6, 228.63, 1209, 0.0
2021-05-05 08:45:00, 228.04, 228.26, 227.24, 227.24, 1514, 0.0
2021-05-05 09:00:00, 227.635, 227.635, 226.51, 227.07, 2667, 0.0
2021-05-05 09:15:00, 227.32, 228.57, 227.15, 228.57, 3197, 0.0
2021-05-05 09:30:00, 228.38, 230.05, 228.22, 230.05, 1010, 0.0
2021-05-05 09:45:00, 230.32, 230.49, 229.945, 229.985, 796, 0.0
2021-05-05 10:00:00, 230.11, 231.04, 229.985, 230.125, 1419, 0.0
2021-05-05 10:15:00, 229.94, 230.11, 229.425, 229.61, 1481, 0.0
2021-05-05 10:30:00, 229.86, 230.6, 229.74, 230.13, 1473, 0.0
2021-05-05 10:45:00, 229.92, 230.19, 229.9, 230.05, 1292, 0.0
2021-05-05 11:00:00, 229.99, 230, 229.6, 229.6, 944, 0.0
2021-05-05 11:15:00, 229.36, 229.44, 228.14, 228.14, 4029, 0.0
2021-05-05 11:30:00, 227.74, 227.74, 226.58, 226.82, 3327, 0.0
2021-05-05 11:45:00, 226.805, 227.14, 226.35, 226.35, 2191, 0.0
2021-05-05 12:00:00, 226.27, 227.04, 226.235, 226.75, 3832, 0.0
2021-05-05 12:15:00, 226.7, 227.16, 226.61, 227.16, 1412, 0.0
2021-05-05 12:30:00, 227.11, 227.5, 226.97, 227.46, 2737, 0.0
2021-05-05 12:45:00, 227.63, 228.05, 227.57, 227.8, 1538, 0.0
2021-05-05 13:00:00, 227.28, 227.41, 226.765, 226.765, 2305, 0.0
2021-05-05 13:15:00, 226.99, 227.16, 226.51, 226.51, 2113, 0.0
2021-05-05 13:30:00, 226.06, 226.2, 225.775, 226.2, 757, 0.0
2021-05-05 13:45:00, 226.11, 226.325, 225.93, 225.93, 1836, 0.0
2021-05-05 14:00:00, 226.125, 226.125, 224.395, 224.395, 3653, 0.0
2021-05-05 14:15:00, 224.3, 224.3, 222.39, 223.69, 5514, 0.0
2021-05-05 14:30:00, 222.93, 223.845, 222.93, 223.79, 2535, 0.0
2021-05-05 14:45:00, 223.9, 223.91, 223.1, 223.82, 7583, 0.0
2021-05-06 08:30:00, 220.76, 221.66, 219.985, 220.4, 2757, 0.0
2021-05-06 08:45:00, 220.56, 221.305, 218.62, 218.62, 5428, 0.0
2021-05-06 09:00:00, 218.17, 218.295, 217.19, 217.195, 5860, 0.0
2021-05-06 09:15:00, 217.55, 217.55, 216.605, 216.605, 1442, 0.0
2021-05-06 09:30:00, 216.47, 216.91, 215.62, 215.97, 7309, 0.0
2021-05-06 09:45:00, 216.17, 216.26, 215.535, 215.87, 5278, 0.0
2021-05-06 10:00:00, 215.65, 215.81, 214.63, 214.755, 5783, 0.0
2021-05-06 10:15:00, 215.05, 215.815, 214.94, 215.815, 3931, 0.0
2021-05-06 10:30:00, 215.6, 218.1, 215.6, 218.1, 1730, 0.0
2021-05-06 10:45:00, 218.22, 218.46, 217.47, 218.21, 1205, 0.0
2021-05-06 11:00:00, 217.88, 217.88, 217.69, 217.705, 11247, 0.0
2021-05-06 11:15:00, 218.18, 219.1, 218.18, 218.85, 1048, 0.0
2021-05-06 11:30:00, 218.91, 219.11, 218.67, 218.79, 1178, 0.0
2021-05-06 11:45:00, 218.81, 219.09, 218.73, 219.09, 992, 0.0
2021-05-06 12:00:00, 219.345, 219.365, 218.4, 218.4, 1230, 0.0
2021-05-06 12:15:00, 218.24, 218.24, 217.63, 217.7, 1242, 0.0
2021-05-06 12:30:00, 217.81, 218.09, 217.545, 217.545, 1528, 0.0
2021-05-06 12:45:00, 217.05, 217.05, 216.535, 216.64, 1242, 0.0
2021-05-06 13:00:00, 216.98, 217.65, 216.82, 217.26, 2376, 0.0
2021-05-06 13:15:00, 217, 217.09, 216.83, 217.09, 5797, 0.0
2021-05-06 13:30:00, 216, 216.32, 215.73, 216.2, 1236, 0.0
2021-05-06 13:45:00, 216.8, 216.8, 216.025, 216.025, 1494, 0.0
2021-05-06 14:00:00, 216.05, 216.4, 215.22, 216.25, 3070, 0.0
2021-05-06 14:15:00, 216.41, 217.3, 216.36, 217.3, 1781, 0.0
2021-05-06 14:30:00, 217.07, 217.44, 216.88, 217.2, 3826, 0.0
2021-05-06 14:45:00, 217.25, 218.79, 217.23, 218.7, 11786, 0.0
2021-05-07 08:30:00, 223.45, 226.555, 223.12, 224.06, 4377, 0.0
2021-05-07 08:45:00, 224.64, 225.18, 223.73, 225.18, 1891, 0.0
2021-05-07 09:00:00, 225.18, 226.97, 224.775, 226.97, 4185, 0.0
2021-05-07 09:15:00, 226.49, 226.49, 225.44, 225.44, 1723, 0.0
2021-05-07 09:30:00, 225.575, 226.19, 225.31, 225.83, 1451, 0.0
2021-05-07 09:45:00, 225.555, 225.555, 225.27, 225.42, 1300, 0.0
2021-05-07 10:00:00, 225.485, 225.5, 225.16, 225.38, 788, 0.0
2021-05-07 10:15:00, 225.18, 225.39, 224.98, 225.075, 1799, 0.0
2021-05-07 10:30:00, 225.3, 225.36, 224.7, 224.96, 2308, 0.0
2021-05-07 10:45:00, 225.25, 225.7, 225.18, 225.7, 695, 0.0
2021-05-07 11:00:00, 225.64, 225.73, 225.08, 225.25, 6206, 0.0
2021-05-07 11:15:00, 225.02, 225.235, 223.38, 223.38, 2396, 0.0
2021-05-07 11:30:00, 223.01, 223.58, 221.43, 221.43, 2524, 0.0
2021-05-07 11:45:00, 221.47, 222.33, 221.47, 222.305, 1334, 0.0
2021-05-07 12:00:00, 222.35, 222.35, 221.79, 221.79, 3212, 0.0
2021-05-07 12:15:00, 221.69, 221.81, 220.65, 220.83, 1225, 0.0
2021-05-07 12:30:00, 220.94, 221.35, 220.83, 220.83, 491, 0.0
2021-05-07 12:45:00, 220.52, 220.52, 219.92, 219.92, 702, 0.0
2021-05-07 13:00:00, 219.33, 220.08, 219.09, 219.915, 1380, 0.0
2021-05-07 13:15:00, 219.515, 219.94, 219.515, 219.94, 915, 0.0
2021-05-07 13:30:00, 219.73, 219.73, 219.33, 219.56, 619, 0.0
2021-05-07 13:45:00, 219.83, 220.895, 219.83, 220.895, 868, 0.0
2021-05-07 14:00:00, 221.28, 221.3, 220.42, 220.42, 2109, 0.0
2021-05-07 14:15:00, 220.375, 220.375, 220.03, 220.14, 509, 0.0
2021-05-07 14:30:00, 220.27, 220.97, 219.995, 219.995, 1666, 0.0
2021-05-07 14:45:00, 220.08, 220.7, 219.655, 219.68, 7340, 0.0
2021-05-10 08:30:00, 217.92, 217.92, 213.58, 214.05, 2164, 0.0
2021-05-10 08:45:00, 214.88, 215.9, 214.34, 214.655, 1321, 0.0
2021-05-10 09:00:00, 214.61, 215.2, 213.5, 215.11, 4442, 0.0
2021-05-10 09:15:00, 216.17, 216.365, 215.49, 216.02, 1251, 0.0
2021-05-10 09:30:00, 215.71, 216.13, 215.4, 215.51, 3078, 0.0
2021-05-10 09:45:00, 215.1, 215.15, 214.67, 215.15, 2529, 0.0
2021-05-10 10:00:00, 215.08, 215.08, 214.57, 214.95, 1009, 0.0
2021-05-10 10:15:00, 214.67, 215.12, 214.2, 214.2, 1476, 0.0
2021-05-10 10:30:00, 214.29, 214.42, 214.19, 214.42, 1302, 0.0
2021-05-10 10:45:00, 214.57, 216.11, 214.57, 216.11, 1216, 0.0
2021-05-10 11:00:00, 216.305, 216.65, 216.3, 216.52, 2139, 0.0
2021-05-10 11:15:00, 216.275, 216.275, 215.835, 215.835, 744, 0.0
2021-05-10 11:30:00, 215.635, 216.07, 215.605, 216.07, 1103, 0.0
2021-05-10 11:45:00, 216.07, 216.14, 215.72, 215.72, 2515, 0.0
2021-05-10 12:00:00, 215.725, 216.38, 215.69, 216.27, 2561, 0.0
2021-05-10 12:15:00, 216.555, 217.25, 216.555, 216.76, 1206, 0.0
2021-05-10 12:30:00, 216.53, 216.6, 215.6, 215.6, 2263, 0.0
2021-05-10 12:45:00, 216.04, 216.13, 215.55, 215.92, 4224, 0.0
2021-05-10 13:00:00, 215.675, 215.675, 214.65, 214.79, 3433, 0.0
2021-05-10 13:15:00, 214.605, 214.605, 213.83, 214.055, 6343, 0.0
2021-05-10 13:30:00, 213.75, 214.81, 213.45, 214.575, 3343, 0.0
2021-05-10 13:45:00, 214.68, 215.21, 214.29, 215.2, 3244, 0.0
2021-05-10 14:00:00, 215.51, 216.82, 215.44, 216.485, 4217, 0.0
2021-05-10 14:15:00, 216.445, 217.5, 216.44, 217.34, 4047, 0.0
2021-05-10 14:30:00, 217.41, 217.61, 216.91, 217.01, 5488, 0.0
2021-05-10 14:45:00, 217.24, 217.61, 215.715, 216.05, 11838, 0.0
2021-05-11 08:30:00, 208.91, 215.54, 208.91, 214.76, 4058, 0.0
2021-05-11 08:45:00, 215.19, 217.56, 214.97, 217.41, 1362, 0.0
2021-05-11 09:00:00, 217.01, 217.485, 216.465, 217.485, 2603, 0.0
2021-05-11 09:15:00, 217.485, 218.7, 217.13, 217.13, 6639, 0.0
2021-05-11 09:30:00, 216.56, 219.31, 216.53, 219.255, 3893, 0.0
2021-05-11 09:45:00, 218.72, 220.52, 217.915, 220.145, 5110, 0.0
2021-05-11 10:00:00, 220.11, 222.83, 219.68, 222.82, 7920, 0.0
2021-05-11 10:15:00, 222.82, 224.75, 222.675, 224.65, 4029, 0.0
2021-05-11 10:30:00, 224.805, 225.7, 224.505, 224.66, 5791, 0.0
2021-05-11 10:45:00, 224.7, 225.75, 224.7, 225.17, 2044, 0.0
2021-05-11 11:00:00, 225.66, 225.67, 224.58, 224.58, 2763, 0.0
2021-05-11 11:15:00, 224.21, 224.35, 223.52, 223.52, 4768, 0.0
2021-05-11 11:30:00, 223.25, 224.61, 223.21, 224.195, 7757, 0.0
2021-05-11 11:45:00, 224.06, 224.565, 223.825, 224.5, 6180, 0.0
2021-05-11 12:00:00, 224.585, 225.82, 224.585, 225.595, 6899, 0.0
2021-05-11 12:15:00, 225.615, 226.54, 225.615, 226.41, 7031, 0.0
2021-05-11 12:30:00, 226.41, 226.57, 225.61, 225.61, 5145, 0.0
2021-05-11 12:45:00, 225.78, 225.78, 223.76, 224.24, 2617, 0.0
2021-05-11 13:00:00, 224.305, 225.03, 224.28, 224.405, 3142, 0.0
2021-05-11 13:15:00, 224.69, 226.35, 224.56, 226.35, 3763, 0.0
2021-05-11 13:30:00, 226.3, 226.3, 224.165, 224.5, 2765, 0.0
2021-05-11 13:45:00, 224.59, 225.03, 223.81, 223.85, 2741, 0.0
2021-05-11 14:00:00, 224.3, 224.3, 223.95, 223.95, 967, 0.0
2021-05-11 14:15:00, 223.89, 225.07, 223.89, 224.965, 2679, 0.0
2021-05-11 14:30:00, 224.94, 225.18, 224.175, 224.98, 7852, 0.0
2021-05-11 14:45:00, 224.98, 225.39, 224.51, 224.75, 14402, 0.0
2021-05-12 08:30:00, 217.81, 221.93, 217.29, 221.93, 9256, 0.0
2021-05-12 08:45:00, 223.12, 224.37, 222.07, 222.07, 2054, 0.0
2021-05-12 09:00:00, 220.87, 222.39, 220.06, 220.35, 5253, 0.0
2021-05-12 09:15:00, 220.51, 221.67, 220.29, 220.385, 2733, 0.0
2021-05-12 09:30:00, 220.69, 220.69, 218.815, 218.97, 4534, 0.0
2021-05-12 09:45:00, 219.28, 219.735, 218.415, 218.7, 4267, 0.0
2021-05-12 10:00:00, 218.56, 219.89, 218.56, 219.88, 1830, 0.0
2021-05-12 10:15:00, 220.665, 220.915, 220.22, 220.37, 5015, 0.0
2021-05-12 10:30:00, 220.05, 220.34, 218.8, 218.88, 870, 0.0
2021-05-12 10:45:00, 219.74, 219.93, 219.35, 219.35, 983, 0.0
2021-05-12 11:00:00, 219.72, 219.76, 218.815, 219.14, 2740, 0.0
2021-05-12 11:15:00, 218.975, 220.28, 218.8, 220.17, 2882, 0.0
2021-05-12 11:30:00, 220.185, 221.19, 220.185, 221.19, 2554, 0.0
2021-05-12 11:45:00, 221.415, 222.7, 221.385, 222.7, 3732, 0.0
2021-05-12 12:00:00, 222.72, 224.045, 222.715, 223.655, 9691, 0.0
2021-05-12 12:15:00, 223.57, 223.72, 222.815, 223.015, 8080, 0.0
2021-05-12 12:30:00, 223.145, 223.43, 222.9, 223.31, 4499, 0.0
2021-05-12 12:45:00, 222.59, 223.6, 222.32, 223.34, 2057, 0.0
2021-05-12 13:00:00, 223.38, 223.76, 222.75, 223.08, 4653, 0.0
2021-05-12 13:15:00, 222.88, 222.89, 222.62, 222.88, 976, 0.0
2021-05-12 13:30:00, 223.47, 224.57, 223.32, 224.46, 4757, 0.0
2021-05-12 13:45:00, 224.2, 225.03, 223.54, 223.575, 3851, 0.0
2021-05-12 14:00:00, 223.02, 223.755, 222.87, 223.51, 6278, 0.0
2021-05-12 14:15:00, 223.24, 223.68, 222.97, 223.52, 7619, 0.0
2021-05-12 14:30:00, 223.43, 224.68, 223.43, 224.64, 10154, 0.0
2021-05-12 14:45:00, 224.52, 225.08, 223.43, 223.9, 17710, 0.0
2021-05-13 08:30:00, 228.68, 229.1, 225.62, 225.62, 1866, 0.0
2021-05-13 08:45:00, 225.96, 225.96, 222.12, 222.87, 4434, 0.0
2021-05-13 09:00:00, 223.41, 224.07, 223.41, 224.025, 1331, 0.0
2021-05-13 09:15:00, 223.94, 223.94, 221.765, 221.765, 1566, 0.0
2021-05-13 09:30:00, 222.4, 222.43, 221.85, 221.85, 6236, 0.0
2021-05-13 09:45:00, 222.005, 223.03, 221.975, 221.975, 12424, 0.0
2021-05-13 10:00:00, 220.79, 220.79, 219.85, 220.06, 707, 0.0
2021-05-13 10:15:00, 219.73, 219.73, 218.17, 218.17, 2615, 0.0
2021-05-13 10:30:00, 218.28, 218.59, 216.81, 216.81, 1908, 0.0
2021-05-13 10:45:00, 216.75, 216.805, 215.7, 216.05, 1779, 0.0
2021-05-13 11:00:00, 216.39, 217.13, 216.28, 216.695, 6498, 0.0
2021-05-13 11:15:00, 216.7, 217.53, 216.04, 216.44, 14747, 0.0
2021-05-13 11:30:00, 216.71, 217.21, 214.9, 215.01, 3403, 0.0
2021-05-13 11:45:00, 215, 215.09, 213.025, 213.03, 3717, 0.0
2021-05-13 12:00:00, 213.025, 215.835, 213.025, 215.57, 6720, 0.0
2021-05-13 12:15:00, 215.865, 216.54, 213.67, 213.925, 2325, 0.0
2021-05-13 12:30:00, 213.9, 213.9, 212.94, 213.45, 2301, 0.0
2021-05-13 12:45:00, 212.55, 214.29, 212.43, 213.165, 3653, 0.0
2021-05-13 13:00:00, 214, 215.36, 213.99, 215.13, 3317, 0.0
2021-05-13 13:15:00, 215.66, 215.66, 214.23, 214.23, 2215, 0.0
2021-05-13 13:30:00, 214.81, 216.15, 214.25, 216.15, 1813, 0.0
2021-05-13 13:45:00, 215.85, 216.12, 214.96, 215.14, 1878, 0.0
2021-05-13 14:00:00, 214.97, 214.97, 212.755, 212.76, 6864, 0.0
2021-05-13 14:15:00, 213.17, 213.685, 212.03, 212.35, 14130, 0.0
2021-05-13 14:30:00, 212.31, 212.64, 212.05, 212.61, 19530, 0.0
2021-05-13 14:45:00, 212.645, 213.07, 212.25, 212.54, 10698, 0.0
2021-05-14 08:30:00, 218.14, 218.56, 213.7, 214.03, 7371, 0.0
2021-05-14 08:45:00, 214.49, 215.23, 213.14, 214.65, 9937, 0.0
2021-05-14 09:00:00, 214.63, 215.5, 213.955, 214.075, 65041, 0.0
2021-05-14 09:15:00, 213.645, 214.92, 213.645, 214.135, 45750, 0.0
2021-05-14 09:30:00, 214.18, 214.345, 213.79, 213.79, 28305, 0.0
2021-05-14 09:45:00, 213.98, 215.11, 213.755, 215.03, 52899, 0.0
2021-05-14 10:00:00, 215.325, 215.33, 214.6, 214.72, 18796, 0.0
2021-05-14 10:15:00, 214.945, 215.22, 214.595, 214.705, 67847, 0.0
2021-05-14 10:30:00, 214.75, 214.88, 214.42, 214.63, 9562, 0.0
2021-05-14 10:45:00, 214.755, 214.78, 214.5, 214.595, 6982, 0.0
2021-05-14 11:00:00, 214.68, 215.55, 214.32, 215.13, 24287, 0.0
2021-05-14 11:15:00, 215.18, 215.29, 214.64, 214.64, 2894, 0.0
2021-05-14 11:30:00, 215.25, 215.42, 214.84, 214.955, 2929, 0.0
2021-05-14 11:45:00, 215.045, 215.21, 215, 215, 2625, 0.0
2021-05-14 12:00:00, 215.02, 215.66, 214.92, 215.65, 6132, 0.0
2021-05-14 12:15:00, 215.68, 215.68, 214.76, 214.76, 2897, 0.0
2021-05-14 12:30:00, 214.91, 214.96, 214.3, 214.3, 719, 0.0
2021-05-14 12:45:00, 214.34, 214.34, 213.95, 214, 1454, 0.0
2021-05-14 13:00:00, 213.88, 214.19, 213.88, 214.08, 2886, 0.0
2021-05-14 13:15:00, 214.23, 214.61, 213.98, 214.61, 1350, 0.0
2021-05-14 13:30:00, 214.51, 215.07, 214.37, 215.03, 1511, 0.0
2021-05-14 13:45:00, 215.05, 215.37, 214.87, 215.105, 4307, 0.0
2021-05-14 14:00:00, 214.79, 214.86, 214.54, 214.8, 3047, 0.0
2021-05-14 14:15:00, 214.74, 214.915, 214.54, 214.81, 5500, 0.0
2021-05-14 14:30:00, 214.82, 215.11, 214.57, 215.01, 4006, 0.0
2021-05-14 14:45:00, 214.97, 215.19, 214.795, 215, 11317, 0.0
2021-05-17 08:30:00, 214.09, 214.09, 210.62, 213.4, 7615, 0.0
2021-05-17 08:45:00, 213.52, 214.22, 212.38, 212.77, 1931, 0.0
2021-05-17 09:00:00, 213.74, 213.97, 211.91, 213.47, 3208, 0.0
2021-05-17 09:15:00, 213.43, 214.72, 213.33, 213.77, 1428, 0.0
2021-05-17 09:30:00, 213.5, 213.61, 212.825, 212.825, 28487, 0.0
2021-05-17 09:45:00, 213.055, 213.055, 212.425, 212.54, 3398, 0.0
2021-05-17 10:00:00, 212.99, 212.99, 211.83, 212.65, 3594, 0.0
2021-05-17 10:15:00, 212.47, 213.03, 212.06, 212.61, 2774, 0.0
2021-05-17 10:30:00, 212.67, 212.69, 212.18, 212.66, 4204, 0.0
2021-05-17 10:45:00, 212.605, 212.82, 211.98, 211.98, 2182, 0.0
2021-05-17 11:00:00, 211.81, 211.82, 211.51, 211.54, 2660, 0.0
2021-05-17 11:15:00, 211.415, 211.99, 211.4, 211.65, 1880, 0.0
2021-05-17 11:30:00, 211.14, 211.78, 210.99, 211.77, 3050, 0.0
2021-05-17 11:45:00, 212.02, 212.085, 211.41, 211.41, 713, 0.0
2021-05-17 12:00:00, 211.41, 211.5, 210.9, 211.01, 2236, 0.0
2021-05-17 12:15:00, 211.04, 211.04, 210.22, 210.63, 3621, 0.0
2021-05-17 12:30:00, 210.3, 210.31, 209.18, 209.26, 1884, 0.0
2021-05-17 12:45:00, 209.66, 209.66, 209.33, 209.6, 1577, 0.0
2021-05-17 13:00:00, 209.54, 209.78, 209.37, 209.78, 2807, 0.0
2021-05-17 13:15:00, 209.63, 210.18, 209.2, 209.2, 2834, 0.0
2021-05-17 13:30:00, 209.24, 209.44, 208.3, 208.51, 10032, 0.0
2021-05-17 13:45:00, 208.4, 209.49, 208.34, 209.29, 16940, 0.0
2021-05-17 14:00:00, 209.19, 210.59, 209.19, 210.27, 54355, 0.0
2021-05-17 14:15:00, 210.59, 211.11, 210.37, 210.87, 5324, 0.0
2021-05-17 14:30:00, 210.89, 211.36, 210.77, 211.36, 6637, 0.0
2021-05-17 14:45:00, 211.23, 212.57, 211.18, 212.33, 25363, 0.0
2021-05-18 08:30:00, 215.335, 217.54, 214.735, 217.36, 1243, 0.0
2021-05-18 08:45:00, 215.56, 217.65, 215.56, 217.46, 3526, 0.0
2021-05-18 09:00:00, 217.03, 218.345, 216.43, 216.73, 56563, 0.0
2021-05-18 09:15:00, 216.805, 217.03, 216.345, 216.425, 116114, 0.0
2021-05-18 09:30:00, 216.53, 218.8, 216.4, 218.49, 26453, 0.0
2021-05-18 09:45:00, 218.815, 218.94, 218.04, 218.9, 6932, 0.0
2021-05-18 10:00:00, 218.61, 219.07, 218.07, 218.92, 2843, 0.0
2021-05-18 10:15:00, 219.43, 219.5, 218.94, 218.94, 1058, 0.0
2021-05-18 10:30:00, 219.1, 219.1, 217.845, 218.9, 2532, 0.0
2021-05-18 10:45:00, 218.71, 218.865, 218.56, 218.66, 1529, 0.0
2021-05-18 11:00:00, 218.82, 219.03, 218.65, 219.03, 961, 0.0
2021-05-18 11:15:00, 219.57, 220.41, 219.27, 220.3, 3439, 0.0
2021-05-18 11:30:00, 220.22, 220.39, 220.06, 220.06, 801, 0.0
2021-05-18 11:45:00, 220.115, 220.24, 220.03, 220.03, 760, 0.0
2021-05-18 12:00:00, 219.62, 219.65, 218.88, 218.97, 3308, 0.0
2021-05-18 12:15:00, 218.965, 219.3, 218.84, 219.17, 930, 0.0
2021-05-18 12:30:00, 219.2, 219.85, 218.88, 218.88, 3174, 0.0
2021-05-18 12:45:00, 218.75, 218.87, 218.46, 218.7, 1148, 0.0
2021-05-18 13:00:00, 218.64, 219.47, 218.64, 219.36, 1788, 0.0
2021-05-18 13:15:00, 219.54, 219.54, 218.63, 218.705, 1524, 0.0
2021-05-18 13:30:00, 218.745, 218.745, 217.28, 217.42, 2506, 0.0
2021-05-18 13:45:00, 217.66, 218, 217.52, 217.69, 1809, 0.0
2021-05-18 14:00:00, 217.94, 218.26, 217.715, 218.26, 2219, 0.0
2021-05-18 14:15:00, 217.85, 218.6, 217.85, 218.495, 2131, 0.0
2021-05-18 14:30:00, 218.54, 218.81, 218.32, 218.4, 3245, 0.0
2021-05-18 14:45:00, 218.2, 218.26, 216.9, 216.95, 8001, 0.0
2021-05-19 08:30:00, 210.11, 213.91, 209.395, 213.73, 4580, 0.0
2021-05-19 08:45:00, 213.38, 213.9, 211.82, 212.28, 3183, 0.0
2021-05-19 09:00:00, 212.63, 214.795, 211.31, 214.78, 4012, 0.0
2021-05-19 09:15:00, 214.32, 216.46, 213.84, 215.58, 4893, 0.0
2021-05-19 09:30:00, 215.18, 215.2, 213.67, 214.84, 7875, 0.0
2021-05-19 09:45:00, 214.8, 215.595, 214.8, 215.19, 3314, 0.0
2021-05-19 10:00:00, 214.48, 215.63, 214.23, 215.62, 1371, 0.0
2021-05-19 10:15:00, 215.595, 216.14, 214.895, 215, 20298, 0.0
2021-05-19 10:30:00, 214.71, 215.95, 214.665, 214.93, 63014, 0.0
2021-05-19 10:45:00, 214.61, 214.64, 213.91, 214.29, 1434, 0.0
2021-05-19 11:00:00, 214.15, 214.53, 213.74, 214.53, 1171, 0.0
2021-05-19 11:15:00, 214.64, 214.64, 214.17, 214.315, 3354, 0.0
2021-05-19 11:30:00, 214.34, 214.66, 214.17, 214.21, 4964, 0.0
2021-05-19 11:45:00, 214.195, 214.345, 213.76, 214.08, 1955, 0.0
2021-05-19 12:00:00, 214.57, 214.63, 214.36, 214.36, 836, 0.0
2021-05-19 12:15:00, 214.37, 215.03, 214.13, 214.86, 4059, 0.0
2021-05-19 12:30:00, 214.945, 214.945, 214.28, 214.5, 1691, 0.0
2021-05-19 12:45:00, 214.97, 214.97, 214.7, 214.72, 656, 0.0
2021-05-19 13:00:00, 214.42, 214.69, 213.94, 214.24, 1638, 0.0
2021-05-19 13:15:00, 214.16, 216.18, 214.15, 216.18, 3035, 0.0
2021-05-19 13:30:00, 216.3, 216.485, 215.54, 215.54, 4695, 0.0
2021-05-19 13:45:00, 215.06, 215.71, 215.06, 215.58, 4798, 0.0
2021-05-19 14:00:00, 215.575, 215.76, 215.27, 215.705, 53213, 0.0
2021-05-19 14:15:00, 215.72, 215.87, 215.615, 215.72, 29648, 0.0
2021-05-19 14:30:00, 215.715, 215.72, 215.17, 215.53, 5782, 0.0
2021-05-19 14:45:00, 215.605, 216.19, 214.98, 216.19, 44747, 0.0
2021-05-20 08:30:00, 219.39, 225.88, 218.48, 225.88, 6477, 0.0
2021-05-20 08:45:00, 225.14, 226.71, 223.155, 223.645, 116061, 0.0
2021-05-20 09:00:00, 223.52, 223.97, 222.23, 222.955, 44811, 0.0
2021-05-20 09:15:00, 223.01, 226.46, 222.995, 226.27, 9187, 0.0
2021-05-20 09:30:00, 226.485, 226.84, 225.51, 226.41, 3794, 0.0
2021-05-20 09:45:00, 226.71, 226.91, 225.035, 225.035, 18289, 0.0
2021-05-20 10:00:00, 225.35, 225.6, 224.9, 225.54, 3931, 0.0
2021-05-20 10:15:00, 225.5, 225.75, 225.45, 225.505, 41427, 0.0
2021-05-20 10:30:00, 225.375, 226.19, 225.07, 225.365, 15906, 0.0
2021-05-20 10:45:00, 225.5, 225.54, 225.205, 225.385, 10751, 0.0
2021-05-20 11:00:00, 225.18, 225.27, 224.66, 225.12, 2407, 0.0
2021-05-20 11:15:00, 225.16, 225.595, 225.16, 225.25, 5269, 0.0
2021-05-20 11:30:00, 225.29, 226.04, 225.05, 225.265, 13570, 0.0
2021-05-20 11:45:00, 225.25, 225.405, 225.22, 225.27, 13674, 0.0
2021-05-20 12:00:00, 225.25, 225.445, 225.185, 225.185, 32536, 0.0
2021-05-20 12:15:00, 225.24, 225.29, 225.22, 225.25, 5230, 0.0
2021-05-20 12:30:00, 225.15, 225.33, 225.03, 225.15, 5572, 0.0
2021-05-20 12:45:00, 224.99, 225.11, 224.47, 224.97, 1436, 0.0
2021-05-20 13:00:00, 224.98, 224.98, 224.38, 224.38, 943, 0.0
2021-05-20 13:15:00, 224.67, 224.86, 224.66, 224.76, 1234, 0.0
2021-05-20 13:30:00, 224.81, 224.81, 224.525, 224.74, 1707, 0.0
2021-05-20 13:45:00, 224.81, 225.195, 224.78, 225.195, 1579, 0.0
2021-05-20 14:00:00, 225, 225, 224.59, 224.605, 14187, 0.0
2021-05-20 14:15:00, 224.71, 224.87, 224.55, 224.75, 13854, 0.0
2021-05-20 14:30:00, 224.77, 224.89, 224.6, 224.78, 16363, 0.0
2021-05-20 14:45:00, 224.805, 225.09, 224.53, 224.68, 44546, 0.0
2021-05-21 08:30:00, 225.375, 226.5, 223.54, 223.54, 8603, 0.0
2021-05-21 08:45:00, 221.7, 224.53, 221.7, 224.25, 45309, 0.0
2021-05-21 09:00:00, 224.56, 225.295, 223.68, 223.82, 38593, 0.0
2021-05-21 09:15:00, 223.65, 224.87, 223.41, 224.69, 26422, 0.0
2021-05-21 09:30:00, 225.14, 225.33, 224.3, 224.78, 14401, 0.0
2021-05-21 09:45:00, 224.53, 224.78, 223.65, 224.78, 3377, 0.0
2021-05-21 10:00:00, 224.93, 225.1, 224.27, 224.985, 14003, 0.0
2021-05-21 10:15:00, 224.91, 225.64, 224.43, 224.52, 38055, 0.0
2021-05-21 10:30:00, 224.8, 224.8, 224.5, 224.69, 710, 0.0
2021-05-21 10:45:00, 224.94, 225.025, 224.75, 224.96, 6171, 0.0
2021-05-21 11:00:00, 224.99, 225.095, 224.52, 224.69, 18629, 0.0
2021-05-21 11:15:00, 224.82, 225.65, 224.81, 225.65, 9470, 0.0
2021-05-21 11:30:00, 225.625, 226.16, 225.01, 225.455, 18532, 0.0
2021-05-21 11:45:00, 225.41, 225.77, 225.305, 225.52, 7561, 0.0
2021-05-21 12:00:00, 225.655, 225.655, 225.22, 225.225, 7442, 0.0
2021-05-21 12:15:00, 225.34, 225.34, 224.86, 225.23, 1762, 0.0
2021-05-21 12:30:00, 225.33, 225.47, 225.01, 225.27, 13714, 0.0
2021-05-21 12:45:00, 225.4, 225.42, 225.26, 225.41, 6039, 0.0
2021-05-21 13:00:00, 225.365, 225.44, 224.06, 224.06, 2603, 0.0
2021-05-21 13:15:00, 223.87, 224.375, 223.225, 224.04, 4731, 0.0
2021-05-21 13:30:00, 224.21, 224.34, 224.07, 224.24, 1217, 0.0
2021-05-21 13:45:00, 224.58, 224.58, 224.35, 224.35, 335, 0.0
2021-05-21 14:00:00, 224.71, 224.89, 224.5, 224.89, 710, 0.0
2021-05-21 14:15:00, 224.93, 225.01, 224.72, 224.98, 2231, 0.0
2021-05-21 14:30:00, 224.91, 224.91, 224.16, 224.195, 2660, 0.0
2021-05-21 14:45:00, 224.2, 224.2, 223.465, 223.59, 9304, 0.0
2021-05-24 08:30:00, 225.38, 227.32, 224.16, 224.235, 36021, 0.0
2021-05-24 08:45:00, 224.685, 225.36, 224.005, 225, 55069, 0.0
2021-05-24 09:00:00, 225.04, 226.575, 224.69, 224.82, 10898, 0.0
2021-05-24 09:15:00, 225.205, 225.435, 223.95, 224.03, 63625, 0.0
2021-05-24 09:30:00, 224.05, 224.52, 223.81, 223.81, 30875, 0.0
2021-05-24 09:45:00, 223.76, 224.21, 223.38, 223.665, 8480, 0.0
2021-05-24 10:00:00, 223.945, 224.15, 223.85, 223.87, 11017, 0.0
2021-05-24 10:15:00, 224.09, 224.15, 223.56, 223.56, 6881, 0.0
2021-05-24 10:30:00, 223.59, 223.925, 223.47, 223.63, 4538, 0.0
2021-05-24 10:45:00, 223.67, 225, 223.645, 225, 14942, 0.0
2021-05-24 11:00:00, 224.84, 225.51, 224.84, 225.015, 28976, 0.0
2021-05-24 11:15:00, 224.93, 224.93, 223.895, 223.97, 14199, 0.0
2021-05-24 11:30:00, 223.97, 224, 222.855, 222.855, 4601, 0.0
2021-05-24 11:45:00, 222.77, 222.905, 221.76, 222.08, 5871, 0.0
2021-05-24 12:00:00, 222.125, 223.105, 222.03, 222.71, 5806, 0.0
2021-05-24 12:15:00, 222.7, 223.375, 222.61, 223.315, 23349, 0.0
2021-05-24 12:30:00, 223.25, 223.25, 222.655, 222.66, 8727, 0.0
2021-05-24 12:45:00, 222.765, 222.765, 222.11, 222.13, 6108, 0.0
2021-05-24 13:00:00, 222.31, 222.59, 222.29, 222.36, 3543, 0.0
2021-05-24 13:15:00, 222.21, 222.27, 221.805, 222, 6485, 0.0
2021-05-24 13:30:00, 222.005, 222.435, 222.005, 222.25, 5867, 0.0
2021-05-24 13:45:00, 222.22, 222.49, 222.16, 222.27, 6106, 0.0
2021-05-24 14:00:00, 222.27, 222.78, 222.27, 222.32, 6113, 0.0
2021-05-24 14:15:00, 222.235, 222.38, 221.905, 222.015, 6257, 0.0
2021-05-24 14:30:00, 222.07, 222.815, 221.735, 222.655, 11290, 0.0
2021-05-24 14:45:00, 222.66, 223.49, 222.49, 222.49, 35002, 0.0
2021-05-25 08:30:00, 221.73, 225.46, 221.73, 225.46, 1980, 0.0
2021-05-25 08:45:00, 225.22, 226.115, 225, 225.65, 1385, 0.0
2021-05-25 09:00:00, 226.29, 226.61, 224.09, 224.34, 77513, 0.0
2021-05-25 09:15:00, 224.41, 225.27, 223.59, 224.54, 14338, 0.0
2021-05-25 09:30:00, 224.48, 224.87, 223.64, 224.72, 60193, 0.0
2021-05-25 09:45:00, 224.69, 228, 224.69, 227.85, 10934, 0.0
2021-05-25 10:00:00, 227.73, 227.865, 227.02, 227.54, 2517, 0.0
2021-05-25 10:15:00, 227.1, 228.07, 227.1, 227.605, 1828, 0.0
2021-05-25 10:30:00, 227.71, 228.37, 227.71, 228.24, 1113, 0.0
2021-05-25 10:45:00, 228.5, 228.62, 228, 228.41, 2955, 0.0
2021-05-25 11:00:00, 228.32, 228.32, 227.22, 227.28, 2252, 0.0
2021-05-25 11:15:00, 227.5, 227.57, 227.14, 227.36, 1695, 0.0
2021-05-25 11:30:00, 227.54, 227.55, 227.4, 227.4, 676, 0.0
2021-05-25 11:45:00, 227.45, 227.59, 227.33, 227.56, 1303, 0.0
2021-05-25 12:00:00, 226.76, 226.9, 226.495, 226.9, 1242, 0.0
2021-05-25 12:15:00, 227.05, 227.19, 227, 227.04, 1376, 0.0
2021-05-25 12:30:00, 226.83, 227.2, 226.73, 226.92, 1219, 0.0
2021-05-25 12:45:00, 227.48, 227.6, 227.36, 227.6, 543, 0.0
2021-05-25 13:00:00, 227.74, 227.74, 226.855, 227.02, 2357, 0.0
2021-05-25 13:15:00, 226.71, 226.71, 226.34, 226.45, 3386, 0.0
2021-05-25 13:30:00, 226.46, 226.57, 225.95, 226.48, 14310, 0.0
2021-05-25 13:45:00, 226.35, 226.56, 225.97, 226.44, 2896, 0.0
2021-05-25 14:00:00, 226.48, 226.5, 226.2, 226.405, 2460, 0.0
2021-05-25 14:15:00, 226.275, 226.455, 225.73, 226.09, 8230, 0.0
2021-05-25 14:30:00, 226.05, 226.19, 225.95, 226.065, 7707, 0.0
2021-05-25 14:45:00, 226.065, 226.21, 225.52, 225.52, 17172, 0.0
2021-05-26 08:30:00, 225.93, 229.18, 225.93, 229.02, 1747, 0.0
2021-05-26 08:45:00, 228.5, 230.98, 228.09, 230.71, 2642, 0.0
2021-05-26 09:00:00, 229.69, 230.55, 229.29, 229.5, 2530, 0.0
2021-05-26 09:15:00, 229.52, 230.85, 229.41, 230.85, 2417, 0.0
2021-05-26 09:30:00, 230.66, 230.91, 230.56, 230.64, 1513, 0.0
2021-05-26 09:45:00, 230.905, 231.8, 230.905, 231.8, 1193, 0.0
2021-05-26 10:00:00, 231.62, 231.62, 230.84, 231.23, 2915, 0.0
2021-05-26 10:15:00, 230.87, 231.1, 230.845, 231.065, 1905, 0.0
2021-05-26 10:30:00, 231.05, 231.05, 230.36, 231.03, 1745, 0.0
