Date, Open, High, Low, Close, Volume, Open Interest
2021-05-21 09:18:00, 46.155, 46.16, 46.115, 46.13, 1451, 0.0
2021-05-21 09:19:00, 46.155, 46.16, 46.15, 46.155, 19527, 0.0
2021-05-21 09:20:00, 46.155, 46.155, 46.105, 46.125, 2486, 0.0
2021-05-21 09:21:00, 46.1, 46.175, 46.08, 46.14, 1296, 0.0
2021-05-21 09:23:00, 46.26, 46.28, 46.26, 46.28, 201, 0.0
2021-05-21 09:25:00, 46.28, 46.28, 46.28, 46.28, 172, 0.0
2021-05-21 09:26:00, 46.2, 46.2, 46.2, 46.2, 100, 0.0
2021-05-21 09:27:00, 46.105, 46.105, 46.105, 46.105, 100, 0.0
2021-05-21 09:28:00, 46.12, 46.12, 46.12, 46.12, 155, 0.0
2021-05-21 09:29:00, 46.08, 46.08, 46.08, 46.08, 284, 0.0
2021-05-21 09:30:00, 46.075, 46.075, 46.06, 46.06, 200, 0.0
2021-05-21 09:31:00, 46.17, 46.17, 46.17, 46.17, 328, 0.0
2021-05-21 09:32:00, 46.095, 46.17, 46.095, 46.17, 277, 0.0
2021-05-21 09:33:00, 46.125, 46.125, 46.125, 46.125, 171, 0.0
2021-05-21 09:34:00, 46.07, 46.12, 46.07, 46.12, 300, 0.0
2021-05-21 09:35:00, 46.155, 46.155, 46.135, 46.145, 933, 0.0
2021-05-21 09:36:00, 46.1, 46.1, 46.095, 46.095, 460, 0.0
2021-05-21 09:37:00, 45.995, 45.995, 45.93, 45.945, 502, 0.0
2021-05-21 09:38:00, 45.955, 45.955, 45.955, 45.955, 101, 0.0
2021-05-21 09:40:00, 45.995, 45.995, 45.995, 45.995, 278, 0.0
2021-05-21 09:41:00, 45.955, 45.99, 45.955, 45.965, 490, 0.0
2021-05-21 09:42:00, 46.005, 46.005, 45.995, 45.995, 405, 0.0
2021-05-21 09:43:00, 45.995, 45.995, 45.995, 45.995, 100, 0.0
2021-05-21 09:44:00, 46.02, 46.02, 45.995, 45.995, 447, 0.0
2021-05-21 09:45:00, 46.14, 46.14, 45.995, 46, 606, 0.0
2021-05-21 09:46:00, 45.995, 46.05, 45.995, 46.05, 205, 0.0
2021-05-21 09:47:00, 45.995, 45.995, 45.995, 45.995, 108, 0.0
2021-05-21 09:48:00, 45.985, 45.985, 45.985, 45.985, 202, 0.0
2021-05-21 09:49:00, 45.995, 46.025, 45.995, 46.01, 460, 0.0
2021-05-21 09:50:00, 46, 46.015, 46, 46.015, 279, 0.0
2021-05-21 09:51:00, 46, 46, 45.995, 45.995, 692, 0.0
2021-05-21 09:52:00, 46, 46.005, 45.995, 45.995, 656, 0.0
2021-05-21 09:54:00, 46.02, 46.02, 45.985, 45.99, 405, 0.0
2021-05-21 09:55:00, 46.02, 46.04, 46.02, 46.04, 302, 0.0
2021-05-21 09:56:00, 46.03, 46.03, 46.03, 46.03, 247, 0.0
2021-05-21 09:57:00, 46.045, 46.045, 46.045, 46.045, 102, 0.0
2021-05-21 09:58:00, 46.07, 46.115, 46.07, 46.115, 501, 0.0
2021-05-21 09:59:00, 46.14, 46.165, 46.14, 46.165, 315, 0.0
2021-05-21 10:02:00, 46.12, 46.125, 46.09, 46.09, 475, 0.0
2021-05-21 10:03:00, 46.045, 46.05, 46.045, 46.05, 204, 0.0
2021-05-21 10:05:00, 46.055, 46.055, 46.055, 46.055, 348, 0.0
2021-05-21 10:09:00, 46.23, 46.23, 46.23, 46.23, 181, 0.0
2021-05-21 10:10:00, 46.2, 46.2, 46.2, 46.2, 200, 0.0
2021-05-21 10:11:00, 46.2, 46.2, 46.2, 46.2, 100, 0.0
2021-05-21 10:13:00, 46.14, 46.14, 46.14, 46.14, 376, 0.0
2021-05-21 10:14:00, 46.21, 46.21, 46.21, 46.21, 100, 0.0
2021-05-21 10:15:00, 46.19, 46.19, 46.18, 46.18, 200, 0.0
2021-05-21 10:16:00, 46.135, 46.135, 46.135, 46.135, 123, 0.0
2021-05-21 10:17:00, 46.165, 46.165, 46.15, 46.15, 623, 0.0
2021-05-21 10:22:00, 46.145, 46.165, 46.145, 46.165, 691, 0.0
2021-05-21 10:25:00, 46.125, 46.125, 46.125, 46.125, 101, 0.0
2021-05-21 10:27:00, 46, 46.005, 46, 46.005, 201, 0.0
2021-05-21 10:28:00, 45.985, 45.985, 45.985, 45.985, 100, 0.0
2021-05-21 10:29:00, 45.99, 46, 45.97, 45.97, 557, 0.0
2021-05-21 10:30:00, 45.975, 45.995, 45.975, 45.995, 1018, 0.0
2021-05-21 10:31:00, 46, 46, 45.985, 45.99, 401, 0.0
2021-05-21 10:34:00, 46.01, 46.01, 46.01, 46.01, 100, 0.0
2021-05-21 10:35:00, 46, 46.01, 45.995, 46.01, 701, 0.0
2021-05-21 10:36:00, 46.01, 46.03, 46, 46.03, 322, 0.0
2021-05-21 10:37:00, 45.99, 45.99, 45.985, 45.985, 220, 0.0
2021-05-21 10:38:00, 45.98, 46, 45.98, 46, 698, 0.0
2021-05-21 10:39:00, 46.05, 46.05, 46.05, 46.05, 101, 0.0
2021-05-21 10:40:00, 46.04, 46.075, 46.04, 46.065, 346, 0.0
2021-05-21 10:42:00, 45.995, 45.995, 45.995, 45.995, 1008, 0.0
2021-05-21 10:43:00, 45.985, 45.985, 45.985, 45.985, 100, 0.0
2021-05-21 10:44:00, 46.09, 46.09, 46.09, 46.09, 176, 0.0
2021-05-21 10:45:00, 46.075, 46.075, 46.075, 46.075, 175, 0.0
2021-05-21 10:47:00, 46.05, 46.05, 46.05, 46.05, 100, 0.0
2021-05-21 10:48:00, 46.11, 46.11, 46.11, 46.11, 100, 0.0
2021-05-21 10:50:00, 46.065, 46.065, 46.065, 46.065, 128, 0.0
2021-05-21 10:51:00, 46.07, 46.09, 46.07, 46.09, 200, 0.0
2021-05-21 10:52:00, 46.07, 46.07, 46.07, 46.07, 100, 0.0
2021-05-21 10:53:00, 46.1, 46.1, 46.06, 46.06, 300, 0.0
2021-05-21 10:54:00, 46.04, 46.04, 46.04, 46.04, 200, 0.0
2021-05-21 10:55:00, 46, 46, 45.955, 45.955, 546, 0.0
2021-05-21 10:57:00, 45.995, 45.995, 45.995, 45.995, 122, 0.0
2021-05-21 10:59:00, 46.01, 46.01, 45.995, 45.995, 400, 0.0
2021-05-21 11:00:00, 46, 46, 46, 46, 100, 0.0
2021-05-21 11:01:00, 46.025, 46.025, 46.025, 46.025, 300, 0.0
2021-05-21 11:02:00, 46.04, 46.04, 46.005, 46.02, 652, 0.0
2021-05-21 11:03:00, 46.075, 46.075, 46.075, 46.075, 100, 0.0
2021-05-21 11:04:00, 46.105, 46.13, 46.105, 46.13, 256, 0.0
2021-05-21 11:05:00, 46.1, 46.1, 46.1, 46.1, 100, 0.0
2021-05-21 11:06:00, 46.07, 46.09, 46.07, 46.09, 409, 0.0
2021-05-21 11:07:00, 46.115, 46.115, 46.1, 46.1, 227, 0.0
2021-05-21 11:08:00, 46.01, 46.01, 46.005, 46.005, 355, 0.0
2021-05-21 11:09:00, 46.02, 46.05, 45.98, 46.04, 734, 0.0
2021-05-21 11:12:00, 46.035, 46.075, 46.035, 46.075, 398, 0.0
2021-05-21 11:13:00, 46.06, 46.06, 46.06, 46.06, 200, 0.0
2021-05-21 11:16:00, 46.07, 46.07, 46.07, 46.07, 364, 0.0
2021-05-21 11:18:00, 46.04, 46.04, 46.04, 46.04, 224, 0.0
2021-05-21 11:20:00, 46.07, 46.07, 46.07, 46.07, 100, 0.0
2021-05-21 11:23:00, 46.13, 46.13, 46.12, 46.12, 200, 0.0
2021-05-21 11:24:00, 46.12, 46.12, 46.12, 46.12, 432, 0.0
2021-05-21 11:25:00, 46.13, 46.13, 46.13, 46.13, 275, 0.0
2021-05-21 11:27:00, 46.11, 46.125, 46.11, 46.125, 200, 0.0
2021-05-21 11:28:00, 46.135, 46.135, 46.135, 46.135, 100, 0.0
2021-05-21 11:29:00, 46.135, 46.16, 46.125, 46.16, 400, 0.0
2021-05-21 11:32:00, 46.185, 46.185, 46.165, 46.17, 506, 0.0
2021-05-21 11:33:00, 46.17, 46.17, 46.165, 46.165, 301, 0.0
2021-05-21 11:34:00, 46.19, 46.19, 46.19, 46.19, 259, 0.0
2021-05-21 11:35:00, 46.205, 46.205, 46.205, 46.205, 108, 0.0
2021-05-21 11:36:00, 46.205, 46.22, 46.205, 46.21, 400, 0.0
2021-05-21 11:38:00, 46.23, 46.23, 46.23, 46.23, 217, 0.0
2021-05-21 11:40:00, 46.25, 46.25, 46.25, 46.25, 100, 0.0
2021-05-21 11:41:00, 46.25, 46.25, 46.25, 46.25, 101, 0.0
2021-05-21 11:42:00, 46.25, 46.25, 46.25, 46.25, 101, 0.0
2021-05-21 11:43:00, 46.21, 46.21, 46.21, 46.21, 100, 0.0
2021-05-21 11:45:00, 46.22, 46.22, 46.22, 46.22, 100, 0.0
2021-05-21 11:49:00, 46.18, 46.18, 46.18, 46.18, 119, 0.0
2021-05-21 11:50:00, 46.23, 46.23, 46.23, 46.23, 100, 0.0
2021-05-21 11:51:00, 46.17, 46.17, 46.17, 46.17, 100, 0.0
2021-05-21 11:53:00, 46.14, 46.14, 46.12, 46.13, 1628, 0.0
2021-05-21 11:54:00, 46.085, 46.145, 46.085, 46.135, 1174, 0.0
2021-05-21 11:55:00, 46.14, 46.14, 46.08, 46.115, 1201, 0.0
2021-05-21 11:56:00, 46.1, 46.115, 46.1, 46.115, 427, 0.0
2021-05-21 11:57:00, 46.25, 46.25, 46.25, 46.25, 484, 0.0
2021-05-21 11:58:00, 46.26, 46.26, 46.26, 46.26, 330, 0.0
2021-05-21 11:59:00, 46.275, 46.275, 46.275, 46.275, 633, 0.0
2021-05-21 12:00:00, 46.26, 46.26, 46.26, 46.26, 397, 0.0
2021-05-21 12:01:00, 46.285, 46.295, 46.285, 46.295, 1473, 0.0
2021-05-21 12:02:00, 46.3, 46.3, 46.3, 46.3, 600, 0.0
2021-05-21 12:03:00, 46.3, 46.3, 46.3, 46.3, 200, 0.0
2021-05-21 12:04:00, 46.3, 46.3, 46.295, 46.295, 775, 0.0
2021-05-21 12:06:00, 46.29, 46.31, 46.29, 46.31, 1051, 0.0
2021-05-21 12:08:00, 46.295, 46.295, 46.295, 46.295, 100, 0.0
2021-05-21 12:09:00, 46.31, 46.31, 46.31, 46.31, 300, 0.0
2021-05-21 12:11:00, 46.34, 46.34, 46.34, 46.34, 458, 0.0
2021-05-21 12:12:00, 46.315, 46.315, 46.295, 46.31, 1097, 0.0
2021-05-21 12:13:00, 46.305, 46.34, 46.305, 46.34, 1868, 0.0
2021-05-21 12:14:00, 46.345, 46.345, 46.315, 46.325, 1614, 0.0
2021-05-21 12:15:00, 46.315, 46.33, 46.315, 46.33, 300, 0.0
2021-05-21 12:16:00, 46.34, 46.34, 46.285, 46.285, 302, 0.0
2021-05-21 12:17:00, 46.3, 46.3, 46.3, 46.3, 503, 0.0
2021-05-21 12:18:00, 46.28, 46.28, 46.27, 46.27, 329, 0.0
2021-05-21 12:19:00, 46.265, 46.275, 46.265, 46.275, 216, 0.0
2021-05-21 12:20:00, 46.305, 46.35, 46.305, 46.35, 518, 0.0
2021-05-21 12:21:00, 46.36, 46.375, 46.36, 46.375, 409, 0.0
2021-05-21 12:22:00, 46.42, 46.45, 46.42, 46.45, 700, 0.0
2021-05-21 12:24:00, 46.42, 46.43, 46.42, 46.43, 225, 0.0
2021-05-21 12:25:00, 46.42, 46.42, 46.41, 46.41, 700, 0.0
2021-05-21 12:26:00, 46.41, 46.41, 46.41, 46.41, 101, 0.0
2021-05-21 12:27:00, 46.43, 46.43, 46.41, 46.42, 2024, 0.0
2021-05-21 12:28:00, 46.44, 46.46, 46.435, 46.45, 2359, 0.0
2021-05-21 12:29:00, 46.48, 46.5, 46.475, 46.5, 1078, 0.0
2021-05-21 12:30:00, 46.48, 46.51, 46.47, 46.51, 629, 0.0
2021-05-21 12:31:00, 46.5, 46.54, 46.5, 46.535, 426, 0.0
2021-05-21 12:32:00, 46.53, 46.53, 46.52, 46.525, 400, 0.0
2021-05-21 12:33:00, 46.525, 46.54, 46.525, 46.54, 501, 0.0
2021-05-21 12:34:00, 46.54, 46.55, 46.54, 46.55, 569, 0.0
2021-05-21 12:35:00, 46.55, 46.55, 46.55, 46.55, 301, 0.0
2021-05-21 12:36:00, 46.53, 46.53, 46.53, 46.53, 217, 0.0
2021-05-21 12:37:00, 46.52, 46.56, 46.52, 46.56, 2281, 0.0
2021-05-21 12:38:00, 46.55, 46.56, 46.54, 46.56, 1351, 0.0
2021-05-21 12:39:00, 46.55, 46.55, 46.525, 46.525, 1469, 0.0
2021-05-21 12:40:00, 46.53, 46.53, 46.53, 46.53, 666, 0.0
2021-05-21 12:41:00, 46.53, 46.53, 46.53, 46.53, 401, 0.0
2021-05-21 12:42:00, 46.5, 46.5, 46.5, 46.5, 477, 0.0
2021-05-21 12:43:00, 46.515, 46.515, 46.47, 46.47, 636, 0.0
2021-05-21 12:45:00, 46.48, 46.495, 46.46, 46.495, 510, 0.0
2021-05-21 12:46:00, 46.5, 46.5, 46.495, 46.495, 593, 0.0
2021-05-21 12:47:00, 46.495, 46.495, 46.48, 46.49, 510, 0.0
2021-05-21 12:48:00, 46.475, 46.475, 46.475, 46.475, 282, 0.0
2021-05-21 12:49:00, 46.46, 46.46, 46.46, 46.46, 125, 0.0
2021-05-21 12:50:00, 46.475, 46.5, 46.475, 46.5, 200, 0.0
2021-05-21 12:51:00, 46.505, 46.505, 46.505, 46.505, 103, 0.0
2021-05-21 12:52:00, 46.485, 46.485, 46.48, 46.48, 457, 0.0
2021-05-21 12:54:00, 46.49, 46.49, 46.49, 46.49, 301, 0.0
2021-05-21 12:57:00, 46.47, 46.485, 46.47, 46.485, 541, 0.0
2021-05-21 12:58:00, 46.475, 46.475, 46.435, 46.435, 905, 0.0
2021-05-21 12:59:00, 46.45, 46.45, 46.445, 46.445, 554, 0.0
2021-05-21 13:00:00, 46.45, 46.455, 46.43, 46.44, 436, 0.0
2021-05-21 13:01:00, 46.45, 46.45, 46.45, 46.45, 114, 0.0
2021-05-21 13:02:00, 46.44, 46.44, 46.44, 46.44, 113, 0.0
2021-05-21 13:03:00, 46.41, 46.41, 46.41, 46.41, 500, 0.0
2021-05-21 13:04:00, 46.405, 46.405, 46.37, 46.39, 744, 0.0
2021-05-21 13:05:00, 46.385, 46.385, 46.385, 46.385, 190, 0.0
2021-05-21 13:06:00, 46.46, 46.46, 46.46, 46.46, 101, 0.0
2021-05-21 13:07:00, 46.455, 46.46, 46.455, 46.46, 200, 0.0
2021-05-21 13:08:00, 46.49, 46.495, 46.475, 46.495, 600, 0.0
2021-05-21 13:09:00, 46.47, 46.475, 46.46, 46.475, 702, 0.0
2021-05-21 13:10:00, 46.48, 46.49, 46.48, 46.49, 501, 0.0
2021-05-21 13:12:00, 46.485, 46.485, 46.485, 46.485, 209, 0.0
2021-05-21 13:13:00, 46.45, 46.45, 46.45, 46.45, 503, 0.0
2021-05-21 13:14:00, 46.455, 46.455, 46.455, 46.455, 199, 0.0
2021-05-21 13:15:00, 46.4, 46.41, 46.4, 46.41, 734, 0.0
2021-05-21 13:16:00, 46.4, 46.425, 46.4, 46.425, 778, 0.0
2021-05-21 13:17:00, 46.425, 46.43, 46.42, 46.42, 300, 0.0
2021-05-21 13:18:00, 46.41, 46.41, 46.39, 46.39, 401, 0.0
2021-05-21 13:19:00, 46.385, 46.39, 46.35, 46.35, 641, 0.0
2021-05-21 13:20:00, 46.33, 46.33, 46.3, 46.3, 250, 0.0
2021-05-21 13:21:00, 46.325, 46.33, 46.325, 46.33, 215, 0.0
2021-05-21 13:22:00, 46.33, 46.33, 46.33, 46.33, 252, 0.0
2021-05-21 13:23:00, 46.32, 46.335, 46.32, 46.335, 559, 0.0
2021-05-21 13:24:00, 46.32, 46.32, 46.32, 46.32, 100, 0.0
2021-05-21 13:25:00, 46.33, 46.33, 46.31, 46.31, 201, 0.0
2021-05-21 13:26:00, 46.29, 46.305, 46.29, 46.305, 238, 0.0
2021-05-21 13:28:00, 46.19, 46.19, 46.18, 46.18, 872, 0.0
2021-05-21 13:29:00, 46.16, 46.16, 46.16, 46.16, 142, 0.0
2021-05-21 13:31:00, 46.21, 46.25, 46.21, 46.25, 700, 0.0
2021-05-21 13:32:00, 46.27, 46.285, 46.27, 46.275, 782, 0.0
2021-05-21 13:34:00, 46.27, 46.27, 46.27, 46.27, 400, 0.0
2021-05-21 13:35:00, 46.25, 46.27, 46.25, 46.27, 1489, 0.0
2021-05-21 13:36:00, 46.265, 46.265, 46.235, 46.255, 1783, 0.0
2021-05-21 13:37:00, 46.27, 46.275, 46.27, 46.275, 426, 0.0
2021-05-21 13:38:00, 46.23, 46.23, 46.2, 46.2, 1844, 0.0
2021-05-21 13:39:00, 46.13, 46.2, 46.13, 46.2, 704, 0.0
2021-05-21 13:40:00, 46.2, 46.21, 46.2, 46.21, 700, 0.0
2021-05-21 13:41:00, 46.22, 46.23, 46.2, 46.23, 601, 0.0
2021-05-21 13:43:00, 46.2, 46.2, 46.2, 46.2, 182, 0.0
2021-05-21 13:44:00, 46.215, 46.22, 46.215, 46.22, 397, 0.0
2021-05-21 13:45:00, 46.225, 46.225, 46.225, 46.225, 100, 0.0
2021-05-21 13:46:00, 46.26, 46.26, 46.26, 46.26, 102, 0.0
2021-05-21 13:47:00, 46.28, 46.29, 46.28, 46.29, 400, 0.0
2021-05-21 13:48:00, 46.3, 46.3, 46.3, 46.3, 101, 0.0
2021-05-21 13:50:00, 46.25, 46.27, 46.25, 46.27, 900, 0.0
2021-05-21 13:51:00, 46.3, 46.3, 46.27, 46.27, 629, 0.0
2021-05-21 13:52:00, 46.29, 46.33, 46.29, 46.31, 1301, 0.0
2021-05-21 13:53:00, 46.305, 46.305, 46.3, 46.3, 400, 0.0
2021-05-21 13:54:00, 46.29, 46.29, 46.255, 46.255, 1306, 0.0
2021-05-21 13:55:00, 46.285, 46.35, 46.285, 46.35, 1530, 0.0
2021-05-21 13:56:00, 46.325, 46.345, 46.325, 46.345, 463, 0.0
2021-05-21 13:57:00, 46.35, 46.35, 46.3, 46.3, 501, 0.0
2021-05-21 13:58:00, 46.3, 46.325, 46.3, 46.325, 400, 0.0
2021-05-21 13:59:00, 46.32, 46.345, 46.32, 46.335, 882, 0.0
2021-05-21 14:00:00, 46.37, 46.37, 46.35, 46.35, 1079, 0.0
2021-05-21 14:01:00, 46.35, 46.36, 46.35, 46.35, 806, 0.0
2021-05-21 14:02:00, 46.345, 46.37, 46.34, 46.34, 842, 0.0
2021-05-21 14:03:00, 46.32, 46.32, 46.28, 46.28, 509, 0.0
2021-05-21 14:04:00, 46.275, 46.28, 46.27, 46.28, 700, 0.0
2021-05-21 14:06:00, 46.285, 46.29, 46.28, 46.28, 501, 0.0
2021-05-21 14:07:00, 46.26, 46.285, 46.26, 46.285, 1600, 0.0
2021-05-21 14:08:00, 46.26, 46.29, 46.24, 46.29, 909, 0.0
2021-05-21 14:09:00, 46.285, 46.285, 46.275, 46.275, 800, 0.0
2021-05-21 14:10:00, 46.265, 46.28, 46.265, 46.28, 963, 0.0
2021-05-21 14:11:00, 46.31, 46.32, 46.31, 46.32, 308, 0.0
2021-05-21 14:12:00, 46.295, 46.33, 46.295, 46.33, 1117, 0.0
2021-05-21 14:13:00, 46.32, 46.32, 46.315, 46.315, 200, 0.0
2021-05-21 14:14:00, 46.31, 46.32, 46.31, 46.31, 600, 0.0
2021-05-21 14:15:00, 46.29, 46.305, 46.28, 46.305, 433, 0.0
2021-05-21 14:16:00, 46.33, 46.33, 46.33, 46.33, 101, 0.0
2021-05-21 14:17:00, 46.31, 46.31, 46.295, 46.295, 1500, 0.0
2021-05-21 14:18:00, 46.28, 46.295, 46.28, 46.295, 2998, 0.0
2021-05-21 14:19:00, 46.295, 46.295, 46.295, 46.295, 1137, 0.0
2021-05-21 14:20:00, 46.3, 46.305, 46.29, 46.29, 416, 0.0
2021-05-21 14:22:00, 46.305, 46.305, 46.305, 46.305, 100, 0.0
2021-05-21 14:23:00, 46.3, 46.31, 46.3, 46.31, 301, 0.0
2021-05-21 14:24:00, 46.305, 46.32, 46.305, 46.315, 1732, 0.0
2021-05-21 14:25:00, 46.31, 46.31, 46.27, 46.305, 3531, 0.0
2021-05-21 14:26:00, 46.305, 46.34, 46.305, 46.34, 610, 0.0
2021-05-21 14:27:00, 46.34, 46.35, 46.34, 46.35, 492, 0.0
2021-05-21 14:28:00, 46.34, 46.34, 46.33, 46.33, 399, 0.0
2021-05-21 14:29:00, 46.32, 46.32, 46.31, 46.31, 836, 0.0
2021-05-21 14:30:00, 46.31, 46.31, 46.27, 46.27, 522, 0.0
2021-05-21 14:31:00, 46.28, 46.3, 46.27, 46.3, 1251, 0.0
2021-05-21 14:32:00, 46.295, 46.305, 46.29, 46.305, 1476, 0.0
2021-05-21 14:33:00, 46.295, 46.32, 46.295, 46.31, 602, 0.0
2021-05-21 14:34:00, 46.26, 46.26, 46.24, 46.24, 1104, 0.0
2021-05-21 14:35:00, 46.235, 46.255, 46.235, 46.255, 1216, 0.0
2021-05-21 14:36:00, 46.3, 46.31, 46.29, 46.31, 1362, 0.0
2021-05-21 14:37:00, 46.29, 46.29, 46.275, 46.275, 402, 0.0
2021-05-21 14:38:00, 46.28, 46.28, 46.28, 46.28, 1725, 0.0
2021-05-21 14:39:00, 46.29, 46.3, 46.26, 46.26, 1124, 0.0
2021-05-21 14:40:00, 46.25, 46.28, 46.24, 46.28, 2255, 0.0
2021-05-21 14:41:00, 46.29, 46.305, 46.26, 46.26, 794, 0.0
2021-05-21 14:42:00, 46.275, 46.285, 46.25, 46.25, 1363, 0.0
2021-05-21 14:43:00, 46.22, 46.22, 46.19, 46.21, 1633, 0.0
2021-05-21 14:44:00, 46.21, 46.21, 46.2, 46.2, 500, 0.0
2021-05-21 14:45:00, 46.18, 46.2, 46.17, 46.2, 924, 0.0
2021-05-21 14:46:00, 46.175, 46.175, 46.16, 46.17, 625, 0.0
2021-05-21 14:47:00, 46.16, 46.175, 46.16, 46.175, 1024, 0.0
2021-05-21 14:48:00, 46.17, 46.17, 46.135, 46.15, 673, 0.0
2021-05-21 14:49:00, 46.155, 46.21, 46.14, 46.19, 2872, 0.0
2021-05-21 14:50:00, 46.18, 46.18, 46.115, 46.16, 601, 0.0
2021-05-21 14:51:00, 46.155, 46.17, 46.125, 46.125, 2473, 0.0
2021-05-21 14:52:00, 46.15, 46.185, 46.145, 46.185, 2257, 0.0
2021-05-21 14:53:00, 46.18, 46.185, 46.18, 46.185, 5115, 0.0
2021-05-21 14:54:00, 46.185, 46.225, 46.185, 46.195, 10581, 0.0
2021-05-21 14:55:00, 46.195, 46.225, 46.185, 46.185, 15187, 0.0
2021-05-21 14:56:00, 46.185, 46.255, 46.185, 46.225, 18620, 0.0
2021-05-21 14:57:00, 46.225, 46.25, 46.22, 46.25, 20525, 0.0
2021-05-21 14:58:00, 46.255, 46.26, 46.21, 46.24, 26869, 0.0
2021-05-21 14:59:00, 46.215, 46.285, 46.215, 46.23, 20772, 0.0
2021-05-24 08:30:00, 46.71, 46.71, 46.63, 46.63, 921, 0.0
2021-05-24 08:32:00, 46.655, 46.66, 46.64, 46.64, 400, 0.0
2021-05-24 08:33:00, 46.69, 46.69, 46.675, 46.675, 200, 0.0
2021-05-24 08:34:00, 46.69, 46.77, 46.68, 46.73, 1750, 0.0
2021-05-24 08:35:00, 46.72, 46.81, 46.7, 46.81, 650, 0.0
2021-05-24 08:36:00, 46.825, 46.825, 46.75, 46.78, 800, 0.0
2021-05-24 08:37:00, 46.885, 46.885, 46.82, 46.82, 200, 0.0
2021-05-24 08:38:00, 46.91, 46.91, 46.91, 46.91, 100, 0.0
2021-05-24 08:39:00, 46.88, 46.92, 46.88, 46.92, 200, 0.0
2021-05-24 08:40:00, 46.85, 46.935, 46.85, 46.935, 400, 0.0
2021-05-24 08:41:00, 46.85, 46.85, 46.8, 46.84, 999, 0.0
2021-05-24 08:42:00, 46.85, 46.85, 46.85, 46.85, 100, 0.0
2021-05-24 08:43:00, 46.84, 46.84, 46.84, 46.84, 108, 0.0
2021-05-24 08:44:00, 46.855, 46.9, 46.855, 46.865, 400, 0.0
2021-05-24 08:45:00, 46.91, 46.91, 46.91, 46.91, 100, 0.0
2021-05-24 08:46:00, 46.945, 46.945, 46.93, 46.93, 357, 0.0
2021-05-24 08:48:00, 47, 47, 46.9, 46.9, 300, 0.0
2021-05-24 08:49:00, 46.92, 46.92, 46.92, 46.92, 100, 0.0
2021-05-24 08:50:00, 46.915, 46.96, 46.915, 46.96, 409, 0.0
2021-05-24 08:53:00, 46.94, 46.94, 46.94, 46.94, 157, 0.0
2021-05-24 08:55:00, 46.965, 46.965, 46.93, 46.955, 514, 0.0
2021-05-24 08:57:00, 46.905, 46.905, 46.89, 46.89, 200, 0.0
2021-05-24 08:58:00, 46.885, 46.885, 46.86, 46.86, 300, 0.0
2021-05-24 08:59:00, 46.79, 46.79, 46.79, 46.79, 101, 0.0
2021-05-24 09:01:00, 46.885, 46.885, 46.865, 46.87, 300, 0.0
2021-05-24 09:02:00, 46.825, 46.845, 46.825, 46.845, 405, 0.0
2021-05-24 09:04:00, 46.81, 46.81, 46.81, 46.81, 100, 0.0
2021-05-24 09:05:00, 46.83, 46.83, 46.785, 46.785, 500, 0.0
2021-05-24 09:06:00, 46.69, 46.7, 46.68, 46.68, 505, 0.0
2021-05-24 09:09:00, 46.71, 46.71, 46.71, 46.71, 100, 0.0
2021-05-24 09:10:00, 46.77, 46.77, 46.77, 46.77, 229, 0.0
2021-05-24 09:12:00, 46.76, 46.77, 46.76, 46.77, 300, 0.0
2021-05-24 09:13:00, 46.8, 46.81, 46.8, 46.81, 200, 0.0
2021-05-24 09:14:00, 46.79, 46.79, 46.79, 46.79, 100, 0.0
2021-05-24 09:16:00, 46.83, 46.83, 46.81, 46.81, 300, 0.0
2021-05-24 09:17:00, 46.81, 46.81, 46.8, 46.8, 300, 0.0
2021-05-24 09:18:00, 46.78, 46.78, 46.78, 46.78, 350, 0.0
2021-05-24 09:19:00, 46.7, 46.7, 46.7, 46.7, 200, 0.0
2021-05-24 09:20:00, 46.72, 46.75, 46.72, 46.73, 500, 0.0
2021-05-24 09:21:00, 46.755, 46.815, 46.755, 46.815, 1909, 0.0
2021-05-24 09:22:00, 46.85, 46.85, 46.85, 46.85, 203, 0.0
2021-05-24 09:23:00, 46.765, 46.825, 46.765, 46.825, 297, 0.0
2021-05-24 09:24:00, 46.84, 46.84, 46.835, 46.835, 200, 0.0
2021-05-24 09:25:00, 46.84, 46.86, 46.84, 46.86, 300, 0.0
2021-05-24 09:26:00, 46.845, 46.85, 46.845, 46.85, 400, 0.0
2021-05-24 09:27:00, 46.85, 46.85, 46.77, 46.77, 489, 0.0
2021-05-24 09:28:00, 46.71, 46.79, 46.71, 46.78, 471, 0.0
2021-05-24 09:29:00, 46.76, 46.76, 46.76, 46.76, 200, 0.0
2021-05-24 09:30:00, 46.75, 46.79, 46.75, 46.79, 350, 0.0
2021-05-24 09:31:00, 46.81, 46.81, 46.81, 46.81, 155, 0.0
2021-05-24 09:32:00, 46.865, 46.865, 46.865, 46.865, 100, 0.0
2021-05-24 09:33:00, 46.89, 46.89, 46.87, 46.87, 890, 0.0
2021-05-24 09:34:00, 46.9, 46.9, 46.85, 46.85, 1509, 0.0
2021-05-24 09:35:00, 46.825, 46.855, 46.825, 46.855, 291, 0.0
2021-05-24 09:36:00, 46.875, 46.875, 46.865, 46.865, 382, 0.0
2021-05-24 09:37:00, 46.87, 46.92, 46.87, 46.92, 617, 0.0
2021-05-24 09:40:00, 46.92, 46.935, 46.92, 46.935, 275, 0.0
2021-05-24 09:43:00, 46.84, 46.84, 46.84, 46.84, 107, 0.0
2021-05-24 09:44:00, 46.85, 46.85, 46.85, 46.85, 100, 0.0
2021-05-24 09:45:00, 46.83, 46.83, 46.83, 46.83, 201, 0.0
2021-05-24 09:46:00, 46.81, 46.81, 46.81, 46.81, 104, 0.0
2021-05-24 09:47:00, 46.79, 46.79, 46.79, 46.79, 250, 0.0
2021-05-24 09:49:00, 46.78, 46.78, 46.78, 46.78, 109, 0.0
2021-05-24 09:52:00, 46.76, 46.76, 46.76, 46.76, 109, 0.0
2021-05-24 09:53:00, 46.75, 46.82, 46.75, 46.82, 301, 0.0
2021-05-24 09:55:00, 46.79, 46.8, 46.79, 46.8, 201, 0.0
2021-05-24 09:59:00, 46.67, 46.67, 46.67, 46.67, 105, 0.0
2021-05-24 10:00:00, 46.69, 46.7, 46.69, 46.69, 401, 0.0
2021-05-24 10:03:00, 46.73, 46.73, 46.73, 46.73, 200, 0.0
2021-05-24 10:04:00, 46.72, 46.72, 46.72, 46.72, 200, 0.0
2021-05-24 10:05:00, 46.73, 46.73, 46.73, 46.73, 255, 0.0
2021-05-24 10:09:00, 46.7, 46.7, 46.7, 46.7, 232, 0.0
2021-05-24 10:13:00, 46.76, 46.76, 46.76, 46.76, 105, 0.0
2021-05-24 10:14:00, 46.795, 46.795, 46.795, 46.795, 118, 0.0
2021-05-24 10:18:00, 46.81, 46.83, 46.81, 46.83, 308, 0.0
2021-05-24 10:19:00, 46.855, 46.86, 46.855, 46.86, 200, 0.0
2021-05-24 10:20:00, 46.855, 46.855, 46.855, 46.855, 122, 0.0
2021-05-24 10:21:00, 46.87, 46.87, 46.83, 46.83, 223, 0.0
2021-05-24 10:23:00, 46.79, 46.79, 46.79, 46.79, 132, 0.0
2021-05-24 10:24:00, 46.8, 46.8, 46.8, 46.8, 362, 0.0
2021-05-24 10:25:00, 46.78, 46.8, 46.78, 46.8, 301, 0.0
2021-05-24 10:27:00, 46.85, 46.85, 46.845, 46.85, 301, 0.0
2021-05-24 10:29:00, 46.87, 46.87, 46.87, 46.87, 200, 0.0
2021-05-24 10:30:00, 46.89, 46.89, 46.89, 46.89, 101, 0.0
2021-05-24 10:31:00, 46.93, 46.93, 46.93, 46.93, 100, 0.0
2021-05-24 10:33:00, 46.98, 46.98, 46.98, 46.98, 300, 0.0
2021-05-24 10:34:00, 47.02, 47.04, 47.02, 47.02, 384, 0.0
2021-05-24 10:35:00, 47.04, 47.04, 47.04, 47.04, 100, 0.0
2021-05-24 10:39:00, 46.92, 46.93, 46.92, 46.93, 200, 0.0
2021-05-24 10:40:00, 46.925, 46.925, 46.925, 46.925, 500, 0.0
2021-05-24 10:42:00, 47.005, 47.005, 47.005, 47.005, 103, 0.0
2021-05-24 10:43:00, 47.04, 47.045, 47.04, 47.045, 208, 0.0
2021-05-24 10:44:00, 47.09, 47.09, 47.09, 47.09, 109, 0.0
2021-05-24 10:46:00, 47.1, 47.1, 47.095, 47.095, 300, 0.0
2021-05-24 10:47:00, 47.115, 47.115, 47.115, 47.115, 300, 0.0
2021-05-24 10:48:00, 47.105, 47.11, 47.105, 47.11, 593, 0.0
2021-05-24 10:49:00, 47.145, 47.145, 47.14, 47.14, 300, 0.0
2021-05-24 10:50:00, 47.105, 47.11, 47.105, 47.11, 201, 0.0
2021-05-24 10:52:00, 47.11, 47.145, 47.11, 47.145, 238, 0.0
2021-05-24 10:53:00, 47.09, 47.09, 47.05, 47.05, 300, 0.0
2021-05-24 10:54:00, 47.07, 47.07, 47.07, 47.07, 100, 0.0
2021-05-24 10:57:00, 47.13, 47.13, 47.13, 47.13, 100, 0.0
2021-05-24 10:58:00, 47.12, 47.12, 47.12, 47.12, 101, 0.0
2021-05-24 11:00:00, 47.11, 47.11, 47.11, 47.11, 100, 0.0
2021-05-24 11:01:00, 47.12, 47.12, 47.12, 47.12, 401, 0.0
2021-05-24 11:03:00, 47.12, 47.12, 47.12, 47.12, 102, 0.0
2021-05-24 11:04:00, 47.16, 47.16, 47.15, 47.15, 200, 0.0
2021-05-24 11:05:00, 47.13, 47.13, 47.13, 47.13, 100, 0.0
2021-05-24 11:07:00, 47.155, 47.16, 47.155, 47.16, 388, 0.0
2021-05-24 11:08:00, 47.165, 47.165, 47.165, 47.165, 100, 0.0
2021-05-24 11:09:00, 47.195, 47.2, 47.195, 47.2, 301, 0.0
2021-05-24 11:11:00, 47.2, 47.2, 47.2, 47.2, 800, 0.0
2021-05-24 11:12:00, 47.115, 47.14, 47.115, 47.14, 2037, 0.0
2021-05-24 11:15:00, 47.24, 47.24, 47.24, 47.24, 101, 0.0
2021-05-24 11:16:00, 47.25, 47.25, 47.24, 47.24, 1000, 0.0
2021-05-24 11:22:00, 47.33, 47.33, 47.33, 47.33, 252, 0.0
2021-05-24 11:25:00, 47.28, 47.28, 47.23, 47.23, 308, 0.0
2021-05-24 11:30:00, 47.3, 47.3, 47.3, 47.3, 110, 0.0
2021-05-24 11:42:00, 47.26, 47.26, 47.26, 47.26, 300, 0.0
2021-05-24 11:43:00, 47.23, 47.23, 47.23, 47.23, 200, 0.0
2021-05-24 11:44:00, 47.22, 47.24, 47.22, 47.24, 406, 0.0
2021-05-24 11:45:00, 47.24, 47.24, 47.24, 47.24, 301, 0.0
2021-05-24 11:46:00, 47.23, 47.23, 47.23, 47.23, 100, 0.0
2021-05-24 11:47:00, 47.22, 47.22, 47.22, 47.22, 100, 0.0
2021-05-24 11:49:00, 47.24, 47.25, 47.24, 47.25, 361, 0.0
2021-05-24 11:50:00, 47.24, 47.24, 47.24, 47.24, 100, 0.0
2021-05-24 11:52:00, 47.21, 47.21, 47.21, 47.21, 100, 0.0
2021-05-24 11:53:00, 47.18, 47.18, 47.18, 47.18, 113, 0.0
2021-05-24 11:55:00, 47.16, 47.16, 47.16, 47.16, 102, 0.0
2021-05-24 11:56:00, 47.19, 47.19, 47.19, 47.19, 100, 0.0
2021-05-24 11:57:00, 47.24, 47.24, 47.24, 47.24, 100, 0.0
2021-05-24 11:59:00, 47.265, 47.265, 47.265, 47.265, 165, 0.0
2021-05-24 12:01:00, 47.285, 47.29, 47.285, 47.29, 1862, 0.0
2021-05-24 12:03:00, 47.305, 47.31, 47.3, 47.3, 544, 0.0
2021-05-24 12:09:00, 47.21, 47.22, 47.21, 47.22, 300, 0.0
2021-05-24 12:11:00, 47.27, 47.27, 47.27, 47.27, 100, 0.0
2021-05-24 12:14:00, 47.285, 47.285, 47.285, 47.285, 102, 0.0
2021-05-24 12:15:00, 47.295, 47.3, 47.295, 47.3, 400, 0.0
2021-05-24 12:16:00, 47.27, 47.27, 47.265, 47.265, 400, 0.0
2021-05-24 12:17:00, 47.265, 47.275, 47.265, 47.275, 200, 0.0
2021-05-24 12:18:00, 47.31, 47.315, 47.31, 47.315, 250, 0.0
2021-05-24 12:19:00, 47.335, 47.34, 47.335, 47.34, 351, 0.0
2021-05-24 12:23:00, 47.28, 47.28, 47.28, 47.28, 100, 0.0
2021-05-24 12:24:00, 47.29, 47.3, 47.29, 47.295, 1459, 0.0
2021-05-24 12:25:00, 47.31, 47.31, 47.31, 47.31, 102, 0.0
2021-05-24 12:26:00, 47.315, 47.335, 47.315, 47.335, 1099, 0.0
2021-05-24 12:27:00, 47.35, 47.35, 47.34, 47.345, 401, 0.0
2021-05-24 12:28:00, 47.34, 47.345, 47.335, 47.345, 402, 0.0
2021-05-24 12:29:00, 47.345, 47.355, 47.345, 47.355, 454, 0.0
2021-05-24 12:30:00, 47.33, 47.33, 47.33, 47.33, 200, 0.0
2021-05-24 12:31:00, 47.32, 47.32, 47.32, 47.32, 301, 0.0
2021-05-24 12:32:00, 47.365, 47.39, 47.365, 47.39, 956, 0.0
2021-05-24 12:33:00, 47.375, 47.4, 47.375, 47.4, 1371, 0.0
2021-05-24 12:34:00, 47.415, 47.44, 47.415, 47.44, 1850, 0.0
2021-05-24 12:35:00, 47.43, 47.45, 47.415, 47.45, 1370, 0.0
2021-05-24 12:36:00, 47.42, 47.42, 47.41, 47.41, 200, 0.0
2021-05-24 12:37:00, 47.43, 47.46, 47.43, 47.45, 632, 0.0
2021-05-24 12:38:00, 47.385, 47.41, 47.385, 47.41, 900, 0.0
2021-05-24 12:39:00, 47.41, 47.41, 47.41, 47.41, 101, 0.0
2021-05-24 12:40:00, 47.44, 47.45, 47.44, 47.45, 505, 0.0
2021-05-24 12:41:00, 47.46, 47.5, 47.46, 47.49, 511, 0.0
2021-05-24 12:42:00, 47.45, 47.47, 47.45, 47.47, 423, 0.0
2021-05-24 12:43:00, 47.49, 47.49, 47.49, 47.49, 300, 0.0
2021-05-24 12:44:00, 47.49, 47.53, 47.49, 47.53, 601, 0.0
2021-05-24 12:48:00, 47.485, 47.485, 47.485, 47.485, 100, 0.0
2021-05-24 12:50:00, 47.515, 47.515, 47.515, 47.515, 100, 0.0
2021-05-24 12:51:00, 47.545, 47.545, 47.535, 47.535, 1153, 0.0
2021-05-24 12:53:00, 47.58, 47.59, 47.58, 47.59, 802, 0.0
2021-05-24 12:55:00, 47.61, 47.62, 47.61, 47.62, 209, 0.0
2021-05-24 12:56:00, 47.61, 47.61, 47.61, 47.61, 414, 0.0
2021-05-24 12:58:00, 47.58, 47.58, 47.58, 47.58, 207, 0.0
2021-05-24 13:00:00, 47.59, 47.6, 47.59, 47.59, 990, 0.0
2021-05-24 13:01:00, 47.59, 47.59, 47.59, 47.59, 300, 0.0
2021-05-24 13:03:00, 47.58, 47.59, 47.58, 47.59, 570, 0.0
2021-05-24 13:04:00, 47.62, 47.62, 47.62, 47.62, 213, 0.0
2021-05-24 13:05:00, 47.615, 47.615, 47.615, 47.615, 1919, 0.0
2021-05-24 13:07:00, 47.61, 47.61, 47.61, 47.61, 206, 0.0
2021-05-24 13:08:00, 47.61, 47.61, 47.61, 47.61, 109, 0.0
2021-05-24 13:09:00, 47.62, 47.69, 47.62, 47.63, 971, 0.0
2021-05-24 13:10:00, 47.625, 47.635, 47.625, 47.635, 340, 0.0
2021-05-24 13:12:00, 47.59, 47.59, 47.565, 47.565, 524, 0.0
2021-05-24 13:13:00, 47.575, 47.575, 47.535, 47.535, 658, 0.0
2021-05-24 13:14:00, 47.545, 47.62, 47.545, 47.62, 1160, 0.0
2021-05-24 13:15:00, 47.575, 47.6, 47.575, 47.6, 793, 0.0
2021-05-24 13:16:00, 47.59, 47.59, 47.59, 47.59, 400, 0.0
2021-05-24 13:17:00, 47.59, 47.615, 47.59, 47.615, 550, 0.0
2021-05-24 13:19:00, 47.645, 47.65, 47.645, 47.65, 11802, 0.0
2021-05-24 13:20:00, 47.65, 47.65, 47.595, 47.6, 2859, 0.0
2021-05-24 13:21:00, 47.615, 47.62, 47.615, 47.62, 802, 0.0
2021-05-24 13:22:00, 47.635, 47.655, 47.635, 47.655, 401, 0.0
2021-05-24 13:24:00, 47.69, 47.72, 47.69, 47.715, 1209, 0.0
2021-05-24 13:25:00, 47.725, 47.725, 47.705, 47.715, 4400, 0.0
2021-05-24 13:26:00, 47.715, 47.72, 47.715, 47.72, 1011, 0.0
2021-05-24 13:27:00, 47.715, 47.715, 47.715, 47.715, 1002, 0.0
2021-05-24 13:28:00, 47.725, 47.725, 47.725, 47.725, 1236, 0.0
2021-05-24 13:29:00, 47.735, 47.77, 47.73, 47.77, 1200, 0.0
2021-05-24 13:30:00, 47.775, 47.795, 47.765, 47.77, 1781, 0.0
2021-05-24 13:31:00, 47.775, 47.775, 47.725, 47.735, 2008, 0.0
2021-05-24 13:32:00, 47.76, 47.76, 47.76, 47.76, 501, 0.0
2021-05-24 13:33:00, 47.765, 47.815, 47.765, 47.815, 955, 0.0
2021-05-24 13:34:00, 47.79, 47.79, 47.745, 47.745, 686, 0.0
2021-05-24 13:35:00, 47.75, 47.79, 47.75, 47.79, 600, 0.0
2021-05-24 13:36:00, 47.8, 47.81, 47.8, 47.805, 603, 0.0
2021-05-24 13:37:00, 47.795, 47.795, 47.795, 47.795, 200, 0.0
2021-05-24 13:38:00, 47.815, 47.82, 47.815, 47.82, 400, 0.0
2021-05-24 13:39:00, 47.815, 47.82, 47.795, 47.795, 1259, 0.0
2021-05-24 13:40:00, 47.76, 47.775, 47.755, 47.775, 4950, 0.0
2021-05-24 13:41:00, 47.77, 47.77, 47.71, 47.71, 224, 0.0
2021-05-24 13:42:00, 47.73, 47.73, 47.7, 47.7, 656, 0.0
2021-05-24 13:44:00, 47.74, 47.74, 47.74, 47.74, 100, 0.0
2021-05-24 13:45:00, 47.8, 47.8, 47.8, 47.8, 106, 0.0
2021-05-24 13:46:00, 47.825, 47.825, 47.825, 47.825, 135, 0.0
2021-05-24 13:47:00, 47.84, 47.84, 47.81, 47.81, 626, 0.0
2021-05-24 13:48:00, 47.76, 47.76, 47.76, 47.76, 367, 0.0
2021-05-24 13:49:00, 47.74, 47.74, 47.74, 47.74, 102, 0.0
2021-05-24 13:51:00, 47.74, 47.74, 47.74, 47.74, 100, 0.0
2021-05-24 13:52:00, 47.69, 47.72, 47.69, 47.72, 877, 0.0
2021-05-24 13:57:00, 47.765, 47.77, 47.765, 47.77, 301, 0.0
2021-05-24 13:58:00, 47.77, 47.77, 47.77, 47.77, 107, 0.0
2021-05-24 13:59:00, 47.765, 47.765, 47.735, 47.735, 218, 0.0
2021-05-24 14:00:00, 47.74, 47.74, 47.74, 47.74, 1048, 0.0
2021-05-24 14:01:00, 47.77, 47.77, 47.77, 47.77, 955, 0.0
2021-05-24 14:02:00, 47.78, 47.78, 47.77, 47.78, 303, 0.0
2021-05-24 14:03:00, 47.75, 47.765, 47.75, 47.765, 716, 0.0
2021-05-24 14:04:00, 47.78, 47.78, 47.78, 47.78, 113, 0.0
2021-05-24 14:05:00, 47.775, 47.78, 47.775, 47.78, 350, 0.0
2021-05-24 14:06:00, 47.815, 47.815, 47.805, 47.805, 522, 0.0
2021-05-24 14:07:00, 47.775, 47.785, 47.775, 47.785, 304, 0.0
2021-05-24 14:08:00, 47.805, 47.805, 47.805, 47.805, 327, 0.0
2021-05-24 14:10:00, 47.8, 47.8, 47.79, 47.79, 600, 0.0
2021-05-24 14:13:00, 47.82, 47.82, 47.8, 47.8, 1200, 0.0
2021-05-24 14:14:00, 47.81, 47.81, 47.81, 47.81, 509, 0.0
2021-05-24 14:15:00, 47.79, 47.79, 47.79, 47.79, 169, 0.0
2021-05-24 14:17:00, 47.79, 47.8, 47.79, 47.795, 411, 0.0
2021-05-24 14:20:00, 47.79, 47.79, 47.79, 47.79, 280, 0.0
2021-05-24 14:21:00, 47.79, 47.79, 47.79, 47.79, 200, 0.0
2021-05-24 14:22:00, 47.74, 47.74, 47.74, 47.74, 509, 0.0
2021-05-24 14:23:00, 47.715, 47.73, 47.715, 47.73, 877, 0.0
2021-05-24 14:25:00, 47.71, 47.73, 47.71, 47.73, 406, 0.0
2021-05-24 14:26:00, 47.745, 47.755, 47.745, 47.755, 450, 0.0
2021-05-24 14:28:00, 47.8, 47.8, 47.77, 47.77, 799, 0.0
2021-05-24 14:29:00, 47.77, 47.81, 47.77, 47.81, 630, 0.0
2021-05-24 14:30:00, 47.82, 47.83, 47.79, 47.79, 600, 0.0
2021-05-24 14:31:00, 47.775, 47.775, 47.775, 47.775, 158, 0.0
2021-05-24 14:32:00, 47.77, 47.77, 47.765, 47.765, 557, 0.0
2021-05-24 14:33:00, 47.76, 47.76, 47.76, 47.76, 200, 0.0
2021-05-24 14:34:00, 47.72, 47.72, 47.71, 47.72, 435, 0.0
2021-05-24 14:35:00, 47.72, 47.72, 47.7, 47.7, 506, 0.0
2021-05-24 14:36:00, 47.67, 47.67, 47.67, 47.67, 100, 0.0
2021-05-24 14:37:00, 47.675, 47.69, 47.675, 47.68, 400, 0.0
2021-05-24 14:39:00, 47.695, 47.695, 47.695, 47.695, 451, 0.0
2021-05-24 14:40:00, 47.71, 47.75, 47.71, 47.75, 1601, 0.0
2021-05-24 14:41:00, 47.775, 47.775, 47.765, 47.77, 737, 0.0
2021-05-24 14:42:00, 47.755, 47.77, 47.755, 47.77, 412, 0.0
2021-05-24 14:43:00, 47.77, 47.77, 47.755, 47.755, 4421, 0.0
2021-05-24 14:44:00, 47.755, 47.79, 47.755, 47.79, 1331, 0.0
2021-05-24 14:45:00, 47.775, 47.8, 47.765, 47.785, 3189, 0.0
2021-05-24 14:46:00, 47.79, 47.86, 47.79, 47.83, 3270, 0.0
2021-05-24 14:47:00, 47.805, 47.85, 47.805, 47.84, 2134, 0.0
2021-05-24 14:48:00, 47.83, 47.83, 47.79, 47.79, 807, 0.0
2021-05-24 14:49:00, 47.79, 47.81, 47.79, 47.8, 1128, 0.0
2021-05-24 14:50:00, 47.705, 47.73, 47.68, 47.73, 2018, 0.0
2021-05-24 14:51:00, 47.74, 47.755, 47.7, 47.705, 2589, 0.0
2021-05-24 14:52:00, 47.695, 47.735, 47.685, 47.73, 3493, 0.0
2021-05-24 14:53:00, 47.73, 47.74, 47.725, 47.74, 2232, 0.0
2021-05-24 14:54:00, 47.735, 47.735, 47.66, 47.675, 5411, 0.0
2021-05-24 14:55:00, 47.68, 47.715, 47.68, 47.705, 4643, 0.0
2021-05-24 14:56:00, 47.68, 47.71, 47.67, 47.7, 4599, 0.0
2021-05-24 14:57:00, 47.685, 47.685, 47.675, 47.675, 1028, 0.0
2021-05-24 14:58:00, 47.66, 47.68, 47.66, 47.66, 4573, 0.0
2021-05-24 14:59:00, 47.605, 47.66, 47.6, 47.6, 4930, 0.0
2021-05-25 08:30:00, 47.95, 47.95, 47.76, 47.88, 843, 0.0
2021-05-25 08:32:00, 48.06, 48.06, 47.99, 47.99, 311, 0.0
2021-05-25 08:33:00, 47.95, 47.95, 47.92, 47.94, 469, 0.0
2021-05-25 08:34:00, 47.9, 47.92, 47.89, 47.89, 457, 0.0
2021-05-25 08:35:00, 47.83, 48.03, 47.805, 48.02, 1509, 0.0
2021-05-25 08:36:00, 47.94, 47.94, 47.94, 47.94, 304, 0.0
2021-05-25 08:38:00, 47.89, 47.89, 47.89, 47.89, 110, 0.0
2021-05-25 08:39:00, 47.98, 47.985, 47.98, 47.985, 246, 0.0
2021-05-25 08:40:00, 47.96, 48.02, 47.95, 48.02, 976, 0.0
2021-05-25 08:41:00, 48.07, 48.07, 48.07, 48.07, 147, 0.0
2021-05-25 08:42:00, 48.26, 48.26, 48.26, 48.26, 186, 0.0
2021-05-25 08:43:00, 48.21, 48.21, 48.21, 48.21, 943, 0.0
2021-05-25 08:44:00, 48.18, 48.18, 48.18, 48.18, 105, 0.0
2021-05-25 08:46:00, 48.24, 48.24, 48.24, 48.24, 104, 0.0
2021-05-25 08:47:00, 48.25, 48.32, 48.25, 48.29, 732, 0.0
2021-05-25 08:48:00, 48.35, 48.35, 48.35, 48.35, 147, 0.0
2021-05-25 08:49:00, 48.4, 48.4, 48.4, 48.4, 130, 0.0
2021-05-25 08:50:00, 48.36, 48.37, 48.34, 48.34, 463, 0.0
2021-05-25 08:51:00, 48.35, 48.355, 48.16, 48.16, 1103, 0.0
2021-05-25 08:52:00, 48.07, 48.07, 48.07, 48.07, 109, 0.0
2021-05-25 08:53:00, 47.885, 47.885, 47.81, 47.81, 1275, 0.0
2021-05-25 08:54:00, 47.8, 47.86, 47.8, 47.835, 899, 0.0
2021-05-25 08:55:00, 47.82, 47.835, 47.805, 47.815, 1052, 0.0
2021-05-25 08:56:00, 47.84, 47.915, 47.84, 47.915, 702, 0.0
2021-05-25 08:57:00, 47.93, 47.96, 47.91, 47.91, 412, 0.0
2021-05-25 08:58:00, 47.83, 47.83, 47.695, 47.71, 908, 0.0
2021-05-25 08:59:00, 47.66, 47.76, 47.66, 47.75, 786, 0.0
2021-05-25 09:00:00, 47.76, 47.76, 47.76, 47.76, 300, 0.0
2021-05-25 09:01:00, 47.81, 47.82, 47.68, 47.68, 587, 0.0
2021-05-25 09:02:00, 47.67, 47.67, 47.61, 47.63, 1010, 0.0
2021-05-25 09:03:00, 47.7, 47.77, 47.7, 47.77, 714, 0.0
2021-05-25 09:04:00, 47.68, 47.68, 47.68, 47.68, 107, 0.0
2021-05-25 09:05:00, 47.705, 47.705, 47.7, 47.7, 208, 0.0
2021-05-25 09:06:00, 47.79, 47.79, 47.79, 47.79, 208, 0.0
2021-05-25 09:07:00, 47.845, 47.9, 47.845, 47.895, 1525, 0.0
2021-05-25 09:08:00, 47.845, 47.845, 47.82, 47.835, 824, 0.0
2021-05-25 09:09:00, 47.835, 47.835, 47.815, 47.815, 579, 0.0
2021-05-25 09:10:00, 47.8, 47.8, 47.8, 47.8, 105, 0.0
2021-05-25 09:11:00, 47.835, 47.835, 47.755, 47.76, 476, 0.0
2021-05-25 09:12:00, 47.785, 47.785, 47.74, 47.74, 638, 0.0
2021-05-25 09:13:00, 47.65, 47.65, 47.65, 47.65, 103, 0.0
2021-05-25 09:14:00, 47.65, 47.68, 47.65, 47.68, 312, 0.0
2021-05-25 09:16:00, 47.695, 47.695, 47.59, 47.59, 304, 0.0
2021-05-25 09:17:00, 47.64, 47.64, 47.64, 47.64, 351, 0.0
2021-05-25 09:18:00, 47.6, 47.6, 47.6, 47.6, 689, 0.0
2021-05-25 09:19:00, 47.6, 47.605, 47.6, 47.605, 312, 0.0
2021-05-25 09:20:00, 47.61, 47.67, 47.61, 47.66, 1176, 0.0
2021-05-25 09:21:00, 47.585, 47.595, 47.585, 47.595, 1928, 0.0
2021-05-25 09:22:00, 47.64, 47.665, 47.6, 47.6, 406, 0.0
2021-05-25 09:23:00, 47.72, 47.72, 47.7, 47.7, 303, 0.0
2021-05-25 09:24:00, 47.75, 47.78, 47.75, 47.78, 305, 0.0
2021-05-25 09:25:00, 47.78, 47.79, 47.75, 47.77, 4662, 0.0
2021-05-25 09:26:00, 47.74, 47.75, 47.74, 47.75, 601, 0.0
2021-05-25 09:27:00, 47.77, 47.77, 47.755, 47.755, 734, 0.0
2021-05-25 09:28:00, 47.785, 47.785, 47.785, 47.785, 446, 0.0
2021-05-25 09:30:00, 47.85, 47.85, 47.85, 47.85, 107, 0.0
2021-05-25 09:31:00, 47.91, 47.91, 47.89, 47.89, 300, 0.0
2021-05-25 09:32:00, 47.82, 47.82, 47.76, 47.77, 907, 0.0
2021-05-25 09:33:00, 47.765, 47.765, 47.75, 47.765, 1186, 0.0
2021-05-25 09:34:00, 47.75, 47.8, 47.75, 47.8, 1009, 0.0
2021-05-25 09:35:00, 47.79, 47.79, 47.79, 47.79, 112, 0.0
2021-05-25 09:36:00, 47.88, 47.925, 47.88, 47.925, 1558, 0.0
2021-05-25 09:37:00, 47.935, 47.995, 47.935, 47.995, 1554, 0.0
2021-05-25 09:38:00, 48.03, 48.22, 48.03, 48.22, 2940, 0.0
2021-05-25 09:39:00, 48.19, 48.195, 48.115, 48.15, 4199, 0.0
2021-05-25 09:40:00, 48.16, 48.21, 48.16, 48.21, 1111, 0.0
2021-05-25 09:41:00, 48.155, 48.155, 48.12, 48.12, 416, 0.0
2021-05-25 09:42:00, 48.125, 48.15, 48.125, 48.15, 680, 0.0
2021-05-25 09:43:00, 48.185, 48.185, 48.16, 48.17, 933, 0.0
2021-05-25 09:44:00, 48.2, 48.2, 48.2, 48.2, 199, 0.0
2021-05-25 09:45:00, 48.27, 48.27, 48.255, 48.255, 604, 0.0
2021-05-25 09:46:00, 48.16, 48.18, 48.16, 48.18, 305, 0.0
2021-05-25 09:47:00, 48.24, 48.24, 48.24, 48.24, 209, 0.0
2021-05-25 09:49:00, 48.305, 48.32, 48.305, 48.32, 415, 0.0
2021-05-25 09:50:00, 48.345, 48.345, 48.32, 48.32, 423, 0.0
2021-05-25 09:51:00, 48.32, 48.32, 48.26, 48.26, 400, 0.0
2021-05-25 09:52:00, 48.265, 48.275, 48.24, 48.26, 4322, 0.0
2021-05-25 09:54:00, 48.255, 48.26, 48.255, 48.26, 680, 0.0
2021-05-25 09:55:00, 48.265, 48.265, 48.255, 48.255, 727, 0.0
2021-05-25 09:56:00, 48.315, 48.315, 48.315, 48.315, 211, 0.0
2021-05-25 09:57:00, 48.34, 48.34, 48.335, 48.335, 222, 0.0
2021-05-25 09:58:00, 48.33, 48.34, 48.33, 48.33, 933, 0.0
2021-05-25 09:59:00, 48.33, 48.36, 48.33, 48.36, 446, 0.0
2021-05-25 10:00:00, 48.365, 48.375, 48.365, 48.365, 441, 0.0
2021-05-25 10:02:00, 48.265, 48.28, 48.265, 48.28, 1808, 0.0
2021-05-25 10:03:00, 48.3, 48.3, 48.3, 48.3, 803, 0.0
2021-05-25 10:05:00, 48.2, 48.2, 48.13, 48.15, 1013, 0.0
2021-05-25 10:06:00, 48.21, 48.21, 48.19, 48.19, 303, 0.0
2021-05-25 10:07:00, 48.17, 48.18, 48.135, 48.15, 3635, 0.0
2021-05-25 10:08:00, 48.14, 48.15, 48.14, 48.15, 212, 0.0
2021-05-25 10:09:00, 48.23, 48.23, 48.23, 48.23, 162, 0.0
2021-05-25 10:10:00, 48.17, 48.2, 48.17, 48.2, 953, 0.0
2021-05-25 10:11:00, 48.26, 48.26, 48.26, 48.26, 102, 0.0
2021-05-25 10:13:00, 48.22, 48.22, 48.22, 48.22, 206, 0.0
2021-05-25 10:14:00, 48.25, 48.255, 48.21, 48.21, 3340, 0.0
2021-05-25 10:18:00, 47.96, 47.96, 47.96, 47.96, 730, 0.0
2021-05-25 10:20:00, 47.9, 47.9, 47.84, 47.84, 1860, 0.0
2021-05-25 10:21:00, 47.86, 47.89, 47.86, 47.89, 307, 0.0
2021-05-25 10:22:00, 47.87, 47.87, 47.87, 47.87, 191, 0.0
2021-05-25 10:23:00, 47.81, 47.81, 47.78, 47.78, 202, 0.0
2021-05-25 10:24:00, 47.815, 47.86, 47.815, 47.86, 420, 0.0
2021-05-25 10:25:00, 47.825, 47.84, 47.815, 47.815, 602, 0.0
2021-05-25 10:26:00, 47.755, 47.765, 47.75, 47.755, 3204, 0.0
2021-05-25 10:27:00, 47.79, 47.79, 47.75, 47.76, 1207, 0.0
2021-05-25 10:28:00, 47.75, 47.75, 47.75, 47.75, 2469, 0.0
2021-05-25 10:29:00, 47.76, 47.79, 47.715, 47.79, 1906, 0.0
2021-05-25 10:30:00, 47.8, 47.81, 47.75, 47.75, 1302, 0.0
2021-05-25 10:31:00, 47.76, 47.76, 47.66, 47.66, 1697, 0.0
2021-05-25 10:32:00, 47.645, 47.665, 47.625, 47.635, 1008, 0.0
2021-05-25 10:33:00, 47.63, 47.64, 47.56, 47.56, 603, 0.0
2021-05-25 10:35:00, 47.61, 47.73, 47.61, 47.73, 404, 0.0
2021-05-25 10:36:00, 47.745, 47.745, 47.71, 47.71, 502, 0.0
2021-05-25 10:37:00, 47.69, 47.69, 47.635, 47.635, 515, 0.0
2021-05-25 10:38:00, 47.665, 47.665, 47.665, 47.665, 225, 0.0
2021-05-25 10:39:00, 47.67, 47.67, 47.655, 47.655, 306, 0.0
2021-05-25 10:44:00, 47.77, 47.77, 47.77, 47.77, 109, 0.0
2021-05-25 10:45:00, 47.75, 47.85, 47.75, 47.845, 328, 0.0
2021-05-25 10:47:00, 47.89, 47.89, 47.89, 47.89, 113, 0.0
2021-05-25 10:48:00, 47.86, 47.86, 47.86, 47.86, 162, 0.0
2021-05-25 10:49:00, 47.845, 47.845, 47.83, 47.83, 303, 0.0
2021-05-25 10:50:00, 47.835, 47.835, 47.755, 47.76, 1017, 0.0
2021-05-25 10:51:00, 47.69, 47.695, 47.67, 47.67, 552, 0.0
2021-05-25 10:52:00, 47.66, 47.69, 47.65, 47.66, 1152, 0.0
2021-05-25 10:53:00, 47.65, 47.67, 47.65, 47.67, 592, 0.0
2021-05-25 10:54:00, 47.67, 47.69, 47.67, 47.68, 315, 0.0
2021-05-25 10:55:00, 47.74, 47.74, 47.74, 47.74, 207, 0.0
2021-05-25 10:57:00, 47.75, 47.8, 47.75, 47.8, 258, 0.0
2021-05-25 11:02:00, 47.78, 47.78, 47.78, 47.78, 504, 0.0
2021-05-25 11:05:00, 47.76, 47.78, 47.76, 47.78, 440, 0.0
2021-05-25 11:06:00, 47.73, 47.73, 47.7, 47.72, 415, 0.0
2021-05-25 11:07:00, 47.73, 47.74, 47.73, 47.74, 201, 0.0
2021-05-25 11:08:00, 47.7, 47.72, 47.7, 47.715, 404, 0.0
2021-05-25 11:09:00, 47.72, 47.74, 47.72, 47.74, 503, 0.0
2021-05-25 11:16:00, 47.73, 47.735, 47.73, 47.735, 1805, 0.0
2021-05-25 11:19:00, 47.66, 47.66, 47.66, 47.66, 281, 0.0
2021-05-25 11:20:00, 47.71, 47.71, 47.71, 47.71, 173, 0.0
2021-05-25 11:21:00, 47.765, 47.765, 47.76, 47.76, 24585, 0.0
2021-05-25 11:23:00, 47.7, 47.7, 47.7, 47.7, 104, 0.0
2021-05-25 11:24:00, 47.71, 47.72, 47.71, 47.72, 302, 0.0
2021-05-25 11:25:00, 47.69, 47.695, 47.685, 47.685, 1103, 0.0
2021-05-25 11:26:00, 47.68, 47.68, 47.605, 47.605, 604, 0.0
2021-05-25 11:27:00, 47.59, 47.59, 47.59, 47.59, 201, 0.0
2021-05-25 11:28:00, 47.64, 47.64, 47.64, 47.64, 350, 0.0
2021-05-25 11:29:00, 47.68, 47.68, 47.665, 47.665, 433, 0.0
2021-05-25 11:33:00, 47.7, 47.7, 47.7, 47.7, 153, 0.0
2021-05-25 11:34:00, 47.71, 47.71, 47.71, 47.71, 205, 0.0
2021-05-25 11:35:00, 47.67, 47.68, 47.67, 47.68, 209, 0.0
2021-05-25 11:36:00, 47.7, 47.7, 47.7, 47.7, 222, 0.0
2021-05-25 11:38:00, 47.61, 47.64, 47.61, 47.64, 211, 0.0
2021-05-25 11:39:00, 47.66, 47.685, 47.66, 47.685, 354, 0.0
2021-05-25 11:40:00, 47.695, 47.695, 47.695, 47.695, 103, 0.0
2021-05-25 11:41:00, 47.645, 47.645, 47.645, 47.645, 501, 0.0
2021-05-25 11:42:00, 47.59, 47.59, 47.59, 47.59, 200, 0.0
2021-05-25 11:43:00, 47.56, 47.57, 47.56, 47.57, 303, 0.0
2021-05-25 11:45:00, 47.595, 47.595, 47.595, 47.595, 105, 0.0
2021-05-25 11:46:00, 47.6, 47.6, 47.6, 47.6, 208, 0.0
2021-05-25 11:48:00, 47.62, 47.62, 47.62, 47.62, 309, 0.0
2021-05-25 11:49:00, 47.58, 47.58, 47.58, 47.58, 206, 0.0
2021-05-25 11:50:00, 47.61, 47.62, 47.61, 47.62, 412, 0.0
2021-05-25 11:52:00, 47.65, 47.65, 47.65, 47.65, 303, 0.0
2021-05-25 11:53:00, 47.67, 47.7, 47.67, 47.7, 506, 0.0
2021-05-25 11:55:00, 47.635, 47.635, 47.635, 47.635, 203, 0.0
2021-05-25 11:58:00, 47.7, 47.72, 47.7, 47.72, 304, 0.0
2021-05-25 11:59:00, 47.71, 47.71, 47.71, 47.71, 104, 0.0
2021-05-25 12:00:00, 47.68, 47.7, 47.68, 47.7, 587, 0.0
2021-05-25 12:01:00, 47.68, 47.68, 47.61, 47.63, 1005, 0.0
2021-05-25 12:02:00, 47.605, 47.605, 47.605, 47.605, 600, 0.0
2021-05-25 12:03:00, 47.61, 47.61, 47.58, 47.58, 400, 0.0
2021-05-25 12:04:00, 47.585, 47.585, 47.585, 47.585, 229, 0.0
2021-05-25 12:05:00, 47.545, 47.545, 47.545, 47.545, 100, 0.0
2021-05-25 12:06:00, 47.555, 47.555, 47.555, 47.555, 443, 0.0
2021-05-25 12:10:00, 47.64, 47.66, 47.64, 47.66, 309, 0.0
2021-05-25 12:11:00, 47.69, 47.73, 47.69, 47.73, 703, 0.0
2021-05-25 12:12:00, 47.7, 47.7, 47.7, 47.7, 300, 0.0
2021-05-25 12:13:00, 47.72, 47.72, 47.72, 47.72, 107, 0.0
2021-05-25 12:16:00, 47.7, 47.72, 47.7, 47.72, 220, 0.0
2021-05-25 12:17:00, 47.75, 47.77, 47.75, 47.77, 410, 0.0
2021-05-25 12:18:00, 47.8, 47.83, 47.8, 47.83, 203, 0.0
2021-05-25 12:19:00, 47.79, 47.79, 47.785, 47.785, 300, 0.0
2021-05-25 12:20:00, 47.79, 47.79, 47.78, 47.79, 608, 0.0
2021-05-25 12:21:00, 47.8, 47.8, 47.8, 47.8, 303, 0.0
2021-05-25 12:22:00, 47.81, 47.83, 47.81, 47.83, 205, 0.0
2021-05-25 12:23:00, 47.83, 47.83, 47.83, 47.83, 100, 0.0
2021-05-25 12:24:00, 47.84, 47.86, 47.84, 47.86, 417, 0.0
2021-05-25 12:26:00, 47.82, 47.82, 47.82, 47.82, 100, 0.0
2021-05-25 12:27:00, 47.835, 47.835, 47.81, 47.81, 16721, 0.0
2021-05-25 12:28:00, 47.805, 47.83, 47.805, 47.83, 257, 0.0
2021-05-25 12:29:00, 47.83, 47.84, 47.83, 47.84, 425, 0.0
2021-05-25 12:30:00, 47.84, 47.84, 47.84, 47.84, 204, 0.0
2021-05-25 12:31:00, 47.87, 47.87, 47.87, 47.87, 109, 0.0
2021-05-25 12:32:00, 47.88, 47.89, 47.88, 47.89, 446, 0.0
2021-05-25 12:33:00, 47.92, 47.92, 47.92, 47.92, 100, 0.0
2021-05-25 12:34:00, 47.93, 47.93, 47.91, 47.91, 305, 0.0
2021-05-25 12:35:00, 47.9, 47.91, 47.9, 47.91, 204, 0.0
2021-05-25 12:36:00, 47.865, 47.865, 47.86, 47.86, 404, 0.0
2021-05-25 12:37:00, 47.9, 47.9, 47.9, 47.9, 268, 0.0
2021-05-25 12:38:00, 47.95, 47.95, 47.94, 47.94, 303, 0.0
2021-05-25 12:39:00, 47.97, 47.97, 47.97, 47.97, 203, 0.0
2021-05-25 12:40:00, 47.935, 47.935, 47.935, 47.935, 181, 0.0
2021-05-25 12:42:00, 47.88, 47.88, 47.88, 47.88, 911, 0.0
2021-05-25 12:44:00, 47.88, 47.88, 47.88, 47.88, 206, 0.0
2021-05-25 12:46:00, 47.91, 47.98, 47.91, 47.98, 321, 0.0
2021-05-25 12:47:00, 47.98, 47.99, 47.98, 47.98, 303, 0.0
2021-05-25 12:48:00, 47.985, 47.985, 47.985, 47.985, 124, 0.0
2021-05-25 12:50:00, 48.01, 48.01, 48.01, 48.01, 405, 0.0
2021-05-25 12:51:00, 48.03, 48.03, 48.03, 48.03, 205, 0.0
2021-05-25 12:52:00, 47.995, 47.995, 47.98, 47.98, 203, 0.0
2021-05-25 12:53:00, 47.975, 48, 47.97, 47.97, 609, 0.0
2021-05-25 12:54:00, 47.96, 47.97, 47.96, 47.97, 464, 0.0
2021-05-25 12:56:00, 48.03, 48.03, 48.03, 48.03, 205, 0.0
2021-05-25 12:58:00, 48.07, 48.07, 48.07, 48.07, 203, 0.0
2021-05-25 12:59:00, 48.085, 48.085, 48.085, 48.085, 106, 0.0
2021-05-25 13:00:00, 48.1, 48.1, 47.99, 47.99, 1128, 0.0
2021-05-25 13:01:00, 48.04, 48.04, 48.03, 48.04, 1406, 0.0
2021-05-25 13:02:00, 48.03, 48.03, 48.03, 48.03, 384, 0.0
2021-05-25 13:03:00, 48.02, 48.02, 47.99, 47.99, 457, 0.0
2021-05-25 13:05:00, 47.95, 47.95, 47.95, 47.95, 104, 0.0
2021-05-25 13:06:00, 47.975, 47.975, 47.975, 47.975, 103, 0.0
2021-05-25 13:07:00, 47.97, 47.995, 47.97, 47.985, 403, 0.0
2021-05-25 13:08:00, 47.96, 47.96, 47.96, 47.96, 353, 0.0
2021-05-25 13:09:00, 47.99, 48, 47.99, 48, 204, 0.0
2021-05-25 13:10:00, 48.01, 48.01, 48, 48.01, 1003, 0.0
2021-05-25 13:11:00, 48, 48.03, 48, 48.03, 506, 0.0
2021-05-25 13:12:00, 48.03, 48.03, 48.03, 48.03, 104, 0.0
2021-05-25 13:13:00, 48.06, 48.08, 48.06, 48.08, 404, 0.0
2021-05-25 13:14:00, 48.07, 48.07, 48.05, 48.05, 702, 0.0
2021-05-25 13:16:00, 47.99, 48, 47.99, 48, 654, 0.0
2021-05-25 13:17:00, 48.02, 48.04, 48.02, 48.04, 507, 0.0
2021-05-25 13:18:00, 48.06, 48.08, 48.06, 48.08, 691, 0.0
2021-05-25 13:19:00, 48.05, 48.05, 48.015, 48.04, 772, 0.0
2021-05-25 13:20:00, 48.04, 48.09, 48.04, 48.09, 406, 0.0
2021-05-25 13:21:00, 48.11, 48.11, 48.08, 48.08, 1030, 0.0
2021-05-25 13:22:00, 48.1, 48.13, 48.1, 48.13, 208, 0.0
2021-05-25 13:23:00, 48.12, 48.12, 48.12, 48.12, 102, 0.0
2021-05-25 13:24:00, 48.1, 48.1, 48.07, 48.07, 861, 0.0
2021-05-25 13:25:00, 48.07, 48.08, 48.07, 48.08, 430, 0.0
2021-05-25 13:26:00, 48.1, 48.11, 48.1, 48.11, 415, 0.0
2021-05-25 13:29:00, 48.04, 48.05, 48.04, 48.05, 867, 0.0
2021-05-25 13:30:00, 48.11, 48.11, 48.11, 48.11, 387, 0.0
2021-05-25 13:31:00, 48.13, 48.13, 48.085, 48.085, 793, 0.0
2021-05-25 13:33:00, 48.09, 48.09, 48.09, 48.09, 201, 0.0
2021-05-25 13:34:00, 48.015, 48.02, 48, 48, 611, 0.0
2021-05-25 13:35:00, 47.98, 47.99, 47.98, 47.99, 228, 0.0
2021-05-25 13:37:00, 48.03, 48.04, 48.03, 48.04, 305, 0.0
2021-05-25 13:38:00, 48.06, 48.06, 48.05, 48.05, 304, 0.0
2021-05-25 13:39:00, 48.065, 48.065, 48.065, 48.065, 904, 0.0
2021-05-25 13:40:00, 48.07, 48.07, 48.07, 48.07, 210, 0.0
2021-05-25 13:42:00, 48.04, 48.04, 48.04, 48.04, 125, 0.0
2021-05-25 13:43:00, 48.07, 48.08, 48.07, 48.08, 486, 0.0
2021-05-25 13:44:00, 48.085, 48.085, 48.05, 48.05, 206, 0.0
2021-05-25 13:45:00, 48.05, 48.05, 48.05, 48.05, 322, 0.0
2021-05-25 13:46:00, 48.05, 48.05, 48.05, 48.05, 205, 0.0
2021-05-25 13:47:00, 48.07, 48.07, 48.07, 48.07, 178, 0.0
2021-05-25 13:48:00, 48.05, 48.05, 48.05, 48.05, 512, 0.0
2021-05-25 13:50:00, 48.06, 48.07, 48.06, 48.07, 382, 0.0
2021-05-25 13:52:00, 47.985, 47.985, 47.985, 47.985, 205, 0.0
2021-05-25 13:53:00, 47.985, 48.01, 47.985, 48.01, 333, 0.0
2021-05-25 13:54:00, 48.035, 48.04, 48.035, 48.04, 682, 0.0
2021-05-25 13:55:00, 48.06, 48.06, 48.055, 48.055, 571, 0.0
2021-05-25 13:56:00, 48.06, 48.08, 48.06, 48.08, 205, 0.0
2021-05-25 13:57:00, 48.08, 48.08, 48.08, 48.08, 104, 0.0
2021-05-25 13:58:00, 48.095, 48.12, 48.095, 48.12, 613, 0.0
2021-05-25 13:59:00, 48.09, 48.09, 48.085, 48.085, 832, 0.0
2021-05-25 14:00:00, 48.1, 48.135, 48.085, 48.135, 1168, 0.0
2021-05-25 14:01:00, 48.135, 48.135, 48.13, 48.13, 461, 0.0
2021-05-25 14:02:00, 48.07, 48.08, 48.04, 48.04, 310, 0.0
2021-05-25 14:03:00, 48.04, 48.04, 48.035, 48.035, 305, 0.0
2021-05-25 14:04:00, 48, 48.025, 48, 48.015, 809, 0.0
2021-05-25 14:05:00, 48.03, 48.06, 48, 48, 1057, 0.0
2021-05-25 14:06:00, 47.98, 47.99, 47.96, 47.98, 1003, 0.0
2021-05-25 14:08:00, 47.965, 47.97, 47.965, 47.97, 530, 0.0
2021-05-25 14:09:00, 47.97, 47.97, 47.97, 47.97, 217, 0.0
2021-05-25 14:10:00, 47.955, 47.955, 47.955, 47.955, 104, 0.0
2021-05-25 14:11:00, 47.94, 47.94, 47.94, 47.94, 404, 0.0
2021-05-25 14:14:00, 47.935, 47.935, 47.935, 47.935, 232, 0.0
2021-05-25 14:15:00, 47.91, 47.94, 47.9, 47.94, 899, 0.0
2021-05-25 14:17:00, 47.96, 47.97, 47.96, 47.97, 213, 0.0
2021-05-25 14:18:00, 47.96, 47.98, 47.96, 47.98, 415, 0.0
2021-05-25 14:19:00, 48.01, 48.015, 48.01, 48.015, 212, 0.0
2021-05-25 14:20:00, 48.07, 48.07, 48.04, 48.04, 323, 0.0
2021-05-25 14:21:00, 47.97, 47.98, 47.965, 47.98, 1313, 0.0
2021-05-25 14:22:00, 48.005, 48.005, 48.005, 48.005, 315, 0.0
2021-05-25 14:23:00, 48.03, 48.03, 48.025, 48.025, 294, 0.0
2021-05-25 14:24:00, 47.975, 47.98, 47.975, 47.98, 343, 0.0
2021-05-25 14:25:00, 48.01, 48.05, 48.01, 48.05, 217, 0.0
2021-05-25 14:26:00, 48.005, 48.005, 47.99, 47.99, 757, 0.0
2021-05-25 14:27:00, 47.985, 47.985, 47.985, 47.985, 181, 0.0
2021-05-25 14:28:00, 47.98, 47.99, 47.98, 47.99, 269, 0.0
2021-05-25 14:30:00, 47.93, 47.94, 47.93, 47.94, 501, 0.0
2021-05-25 14:32:00, 47.99, 47.99, 47.99, 47.99, 320, 0.0
2021-05-25 14:34:00, 47.93, 47.93, 47.93, 47.93, 518, 0.0
2021-05-25 14:35:00, 47.93, 47.94, 47.93, 47.94, 246, 0.0
2021-05-25 14:36:00, 47.92, 47.93, 47.92, 47.93, 606, 0.0
2021-05-25 14:37:00, 47.96, 47.96, 47.96, 47.96, 208, 0.0
2021-05-25 14:38:00, 47.94, 47.94, 47.94, 47.94, 623, 0.0
2021-05-25 14:39:00, 47.985, 47.99, 47.985, 47.99, 667, 0.0
2021-05-25 14:40:00, 47.98, 47.995, 47.975, 47.975, 853, 0.0
2021-05-25 14:41:00, 47.98, 47.98, 47.965, 47.965, 727, 0.0
2021-05-25 14:42:00, 47.96, 47.995, 47.96, 47.995, 1329, 0.0
2021-05-25 14:44:00, 47.97, 47.97, 47.97, 47.97, 549, 0.0
2021-05-25 14:45:00, 47.99, 47.995, 47.99, 47.995, 819, 0.0
2021-05-25 14:46:00, 48.01, 48.01, 48.01, 48.01, 523, 0.0
2021-05-25 14:47:00, 47.96, 47.96, 47.96, 47.96, 479, 0.0
2021-05-25 14:48:00, 47.985, 47.985, 47.98, 47.98, 568, 0.0
2021-05-25 14:49:00, 47.965, 47.965, 47.965, 47.965, 386, 0.0
2021-05-25 14:50:00, 47.925, 48.045, 47.925, 48, 2949, 0.0
2021-05-25 14:51:00, 48.005, 48.03, 47.995, 47.995, 1273, 0.0
2021-05-25 14:52:00, 48, 48.025, 48, 48.025, 1355, 0.0
2021-05-25 14:53:00, 48.02, 48.03, 48.02, 48.025, 1232, 0.0
2021-05-25 14:54:00, 48.015, 48.02, 47.98, 48, 2215, 0.0
2021-05-25 14:55:00, 47.97, 47.99, 47.96, 47.99, 1862, 0.0
2021-05-25 14:56:00, 47.995, 48.035, 47.995, 48.035, 2299, 0.0
2021-05-25 14:57:00, 48.04, 48.07, 48.035, 48.065, 2575, 0.0
2021-05-25 14:58:00, 48.03, 48.04, 48.02, 48.04, 2865, 0.0
2021-05-25 14:59:00, 48.05, 48.07, 48.045, 48.045, 6805, 0.0
2021-05-26 08:30:00, 48.36, 48.7, 48.36, 48.7, 1605, 0.0
2021-05-26 08:31:00, 48.75, 48.75, 48.5, 48.58, 5900, 0.0
2021-05-26 08:32:00, 48.52, 48.52, 48.44, 48.49, 2897, 0.0
2021-05-26 08:33:00, 48.5, 48.5, 48.49, 48.49, 300, 0.0
2021-05-26 08:34:00, 48.51, 48.51, 48.51, 48.51, 100, 0.0
2021-05-26 08:35:00, 48.49, 48.66, 48.49, 48.66, 200, 0.0
2021-05-26 08:36:00, 48.73, 48.73, 48.67, 48.68, 1053, 0.0
2021-05-26 08:37:00, 48.53, 48.58, 48.51, 48.58, 411, 0.0
2021-05-26 08:38:00, 48.6, 48.6, 48.56, 48.56, 700, 0.0
2021-05-26 08:39:00, 48.54, 48.54, 48.54, 48.54, 1700, 0.0
2021-05-26 08:40:00, 48.45, 48.49, 48.45, 48.49, 300, 0.0
2021-05-26 08:41:00, 48.445, 48.445, 48.44, 48.44, 981, 0.0
2021-05-26 08:42:00, 48.47, 48.47, 48.22, 48.28, 2289, 0.0
2021-05-26 08:44:00, 48.335, 48.445, 48.335, 48.425, 1210, 0.0
2021-05-26 08:45:00, 48.43, 48.465, 48.385, 48.385, 3006, 0.0
2021-05-26 08:46:00, 48.38, 48.38, 48.35, 48.35, 207, 0.0
2021-05-26 08:47:00, 48.35, 48.35, 48.305, 48.335, 1601, 0.0
2021-05-26 08:48:00, 48.33, 48.33, 48.245, 48.245, 505, 0.0
2021-05-26 08:49:00, 48.26, 48.315, 48.16, 48.16, 2406, 0.0
2021-05-26 08:50:00, 48.18, 48.18, 48.1, 48.14, 1310, 0.0
2021-05-26 08:51:00, 48.175, 48.19, 48.12, 48.12, 1705, 0.0
2021-05-26 08:52:00, 48.09, 48.09, 48.09, 48.09, 100, 0.0
2021-05-26 08:53:00, 48.075, 48.09, 48.075, 48.09, 2060, 0.0
2021-05-26 08:54:00, 48.105, 48.11, 48.09, 48.09, 1000, 0.0
2021-05-26 08:55:00, 48.12, 48.21, 48.12, 48.21, 800, 0.0
2021-05-26 08:56:00, 48.24, 48.255, 48.2, 48.2, 1304, 0.0
2021-05-26 08:57:00, 48.155, 48.19, 48.14, 48.19, 1000, 0.0
2021-05-26 08:58:00, 48.125, 48.125, 48.09, 48.11, 1410, 0.0
2021-05-26 08:59:00, 48.065, 48.08, 48.065, 48.07, 1701, 0.0
2021-05-26 09:00:00, 48, 48.075, 48, 48.035, 1401, 0.0
2021-05-26 09:01:00, 47.98, 47.98, 47.905, 47.905, 1180, 0.0
2021-05-26 09:02:00, 47.885, 47.92, 47.885, 47.9, 1076, 0.0
2021-05-26 09:03:00, 47.86, 47.97, 47.85, 47.965, 2352, 0.0
2021-05-26 09:04:00, 47.93, 47.99, 47.93, 47.975, 518, 0.0
2021-05-26 09:05:00, 48.12, 48.12, 48.1, 48.1, 753, 0.0
2021-05-26 09:06:00, 48.04, 48.04, 48.02, 48.02, 300, 0.0
2021-05-26 09:07:00, 48.05, 48.07, 48.05, 48.05, 700, 0.0
2021-05-26 09:08:00, 48.04, 48.04, 48.02, 48.02, 353, 0.0
2021-05-26 09:09:00, 48.125, 48.125, 48.1, 48.11, 923, 0.0
2021-05-26 09:10:00, 48.09, 48.09, 48.09, 48.09, 410, 0.0
2021-05-26 09:11:00, 48.125, 48.135, 48.12, 48.12, 731, 0.0
2021-05-26 09:12:00, 48.04, 48.04, 48.04, 48.04, 300, 0.0
2021-05-26 09:13:00, 48.055, 48.06, 48.055, 48.06, 1471, 0.0
2021-05-26 09:14:00, 48.03, 48.03, 48.03, 48.03, 361, 0.0
2021-05-26 09:15:00, 48.05, 48.12, 48.045, 48.095, 1714, 0.0
2021-05-26 09:16:00, 48.085, 48.085, 48.08, 48.08, 200, 0.0
2021-05-26 09:17:00, 48.18, 48.18, 48.17, 48.17, 1200, 0.0
2021-05-26 09:18:00, 48.185, 48.205, 48.17, 48.195, 1602, 0.0
2021-05-26 09:19:00, 48.16, 48.17, 48.135, 48.17, 903, 0.0
2021-05-26 09:20:00, 48.145, 48.145, 48.135, 48.135, 900, 0.0
2021-05-26 09:21:00, 48.15, 48.15, 48.15, 48.15, 403, 0.0
2021-05-26 09:22:00, 48.14, 48.145, 48.135, 48.14, 927, 0.0
2021-05-26 09:23:00, 48.145, 48.16, 48.13, 48.13, 1475, 0.0
2021-05-26 09:24:00, 48.105, 48.105, 48.105, 48.105, 200, 0.0
2021-05-26 09:25:00, 48.1, 48.16, 48.1, 48.15, 2156, 0.0
2021-05-26 09:26:00, 48.12, 48.15, 48.12, 48.13, 1238, 0.0
2021-05-26 09:27:00, 48.125, 48.125, 48.105, 48.105, 311, 0.0
2021-05-26 09:28:00, 48.095, 48.095, 48.065, 48.065, 900, 0.0
2021-05-26 09:29:00, 48.125, 48.185, 48.125, 48.16, 2234, 0.0
2021-05-26 09:30:00, 48.14, 48.14, 48.14, 48.14, 103, 0.0
2021-05-26 09:31:00, 48.105, 48.12, 48.075, 48.11, 2513, 0.0
2021-05-26 09:32:00, 48.12, 48.12, 48.1, 48.11, 300, 0.0
2021-05-26 09:33:00, 48.13, 48.175, 48.13, 48.17, 858, 0.0
2021-05-26 09:34:00, 48.145, 48.18, 48.145, 48.17, 952, 0.0
2021-05-26 09:35:00, 48.21, 48.22, 48.16, 48.16, 1157, 0.0
2021-05-26 09:36:00, 48.145, 48.185, 48.145, 48.18, 1100, 0.0
2021-05-26 09:37:00, 48.205, 48.205, 48.165, 48.17, 671, 0.0
2021-05-26 09:38:00, 48.13, 48.135, 48.125, 48.135, 350, 0.0
2021-05-26 09:39:00, 48.155, 48.155, 48.155, 48.155, 102, 0.0
2021-05-26 09:40:00, 48.165, 48.185, 48.165, 48.185, 810, 0.0
2021-05-26 09:41:00, 48.23, 48.24, 48.205, 48.205, 1505, 0.0
2021-05-26 09:42:00, 48.195, 48.215, 48.195, 48.215, 201, 0.0
2021-05-26 09:43:00, 48.235, 48.235, 48.21, 48.21, 441, 0.0
2021-05-26 09:44:00, 48.195, 48.225, 48.195, 48.215, 1889, 0.0
2021-05-26 09:45:00, 48.24, 48.28, 48.24, 48.255, 1601, 0.0
2021-05-26 09:46:00, 48.295, 48.35, 48.29, 48.32, 2411, 0.0
2021-05-26 09:47:00, 48.295, 48.345, 48.29, 48.315, 1900, 0.0
2021-05-26 09:48:00, 48.295, 48.295, 48.285, 48.285, 538, 0.0
2021-05-26 09:49:00, 48.275, 48.285, 48.275, 48.275, 734, 0.0
2021-05-26 09:50:00, 48.28, 48.28, 48.17, 48.17, 1546, 0.0
2021-05-26 09:51:00, 48.19, 48.19, 48.19, 48.19, 110, 0.0
2021-05-26 09:52:00, 48.215, 48.24, 48.165, 48.23, 1384, 0.0
2021-05-26 09:53:00, 48.255, 48.255, 48.215, 48.215, 954, 0.0
2021-05-26 09:54:00, 48.235, 48.26, 48.235, 48.26, 951, 0.0
2021-05-26 09:55:00, 48.225, 48.225, 48.205, 48.205, 452, 0.0
2021-05-26 09:56:00, 48.18, 48.18, 48.18, 48.18, 102, 0.0
2021-05-26 09:57:00, 48.175, 48.19, 48.175, 48.19, 412, 0.0
2021-05-26 09:58:00, 48.175, 48.175, 48.175, 48.175, 136, 0.0
2021-05-26 09:59:00, 48.14, 48.165, 48.14, 48.165, 1609, 0.0
2021-05-26 10:00:00, 48.085, 48.085, 48.085, 48.085, 160, 0.0
2021-05-26 10:01:00, 48.02, 48.05, 48.005, 48.05, 550, 0.0
2021-05-26 10:02:00, 48.04, 48.085, 48.04, 48.085, 1326, 0.0
2021-05-26 10:03:00, 48.07, 48.095, 48.07, 48.075, 600, 0.0
2021-05-26 10:04:00, 48.105, 48.135, 48.105, 48.135, 1023, 0.0
2021-05-26 10:05:00, 48.125, 48.125, 48.1, 48.1, 300, 0.0
2021-05-26 10:06:00, 48.16, 48.175, 48.16, 48.175, 376, 0.0
2021-05-26 10:07:00, 48.15, 48.15, 48.15, 48.15, 364, 0.0
2021-05-26 10:09:00, 48.115, 48.12, 48.11, 48.12, 500, 0.0
2021-05-26 10:10:00, 48.13, 48.13, 48.13, 48.13, 100, 0.0
2021-05-26 10:11:00, 48.115, 48.115, 48.065, 48.095, 531, 0.0
2021-05-26 10:12:00, 48.115, 48.115, 48.115, 48.115, 199, 0.0
2021-05-26 10:13:00, 48.145, 48.145, 48.125, 48.125, 684, 0.0
2021-05-26 10:14:00, 48.185, 48.2, 48.175, 48.175, 1106, 0.0
2021-05-26 10:16:00, 48.205, 48.205, 48.195, 48.205, 3017, 0.0
2021-05-26 10:17:00, 48.205, 48.235, 48.205, 48.235, 1201, 0.0
2021-05-26 10:18:00, 48.225, 48.235, 48.225, 48.235, 604, 0.0
2021-05-26 10:19:00, 48.23, 48.23, 48.23, 48.23, 103, 0.0
2021-05-26 10:20:00, 48.24, 48.25, 48.235, 48.25, 1002, 0.0
2021-05-26 10:21:00, 48.215, 48.24, 48.21, 48.235, 1842, 0.0
2021-05-26 10:22:00, 48.22, 48.265, 48.165, 48.165, 1582, 0.0
2021-05-26 10:23:00, 48.15, 48.15, 48.09, 48.09, 466, 0.0
2021-05-26 10:24:00, 48.085, 48.095, 48.06, 48.06, 1370, 0.0
2021-05-26 10:25:00, 48.07, 48.07, 48.035, 48.035, 1475, 0.0
2021-05-26 10:26:00, 48.015, 48.025, 48, 48, 1490, 0.0
2021-05-26 10:27:00, 48, 48.03, 48, 48.03, 566, 0.0
2021-05-26 10:28:00, 48.03, 48.075, 48.03, 48.065, 1408, 0.0
2021-05-26 10:29:00, 48.01, 48.01, 48.005, 48.005, 320, 0.0
2021-05-26 10:30:00, 48.015, 48.03, 48, 48.015, 933, 0.0
2021-05-26 10:31:00, 47.985, 48.015, 47.975, 47.995, 3776, 0.0
2021-05-26 10:32:00, 47.995, 47.995, 47.94, 47.94, 775, 0.0
2021-05-26 10:33:00, 47.97, 47.98, 47.97, 47.98, 300, 0.0
2021-05-26 10:35:00, 48.005, 48.005, 48.005, 48.005, 200, 0.0
2021-05-26 10:36:00, 48.005, 48.01, 48.005, 48.01, 201, 0.0
2021-05-26 10:37:00, 48.025, 48.04, 48.025, 48.04, 1501, 0.0
2021-05-26 10:38:00, 48.055, 48.105, 48.055, 48.105, 587, 0.0
2021-05-26 10:39:00, 48.085, 48.125, 48.075, 48.115, 1127, 0.0
2021-05-26 10:40:00, 48.085, 48.085, 48.075, 48.075, 514, 0.0
2021-05-26 10:41:00, 48.095, 48.095, 48.085, 48.085, 406, 0.0
2021-05-26 10:42:00, 48.115, 48.115, 48.115, 48.115, 298, 0.0
2021-05-26 10:43:00, 48.085, 48.095, 48.08, 48.095, 721, 0.0
2021-05-26 10:44:00, 48.095, 48.105, 48.09, 48.105, 311, 0.0
