Date, Open, High, Low, Close, Volume, Open Interest
2021-05-12 09:30:00, 86.2, 86.2, 85.845, 85.855, 2669, 0.0
2021-05-12 09:35:00, 85.855, 86.07, 85.84, 85.95, 2350, 0.0
2021-05-12 09:40:00, 85.78, 85.78, 85.7, 85.7, 1029, 0.0
2021-05-12 09:45:00, 85.8, 85.825, 85.73, 85.775, 1949, 0.0
2021-05-12 09:50:00, 85.73, 85.895, 85.73, 85.895, 1425, 0.0
2021-05-12 09:55:00, 85.77, 85.88, 85.77, 85.81, 1572, 0.0
2021-05-12 10:00:00, 85.8, 85.93, 85.8, 85.93, 1936, 0.0
2021-05-12 10:05:00, 85.935, 85.935, 85.875, 85.875, 250, 0.0
2021-05-12 10:10:00, 85.78, 85.78, 85.71, 85.71, 420, 0.0
2021-05-12 10:15:00, 85.625, 85.625, 85.53, 85.55, 615, 0.0
2021-05-12 10:20:00, 85.53, 85.65, 85.52, 85.65, 1360, 0.0
2021-05-12 10:25:00, 85.61, 85.74, 85.61, 85.74, 784, 0.0
2021-05-12 10:30:00, 85.88, 85.88, 85.76, 85.78, 1329, 0.0
2021-05-12 10:35:00, 85.715, 85.84, 85.705, 85.84, 918, 0.0
2021-05-12 10:40:00, 85.85, 85.93, 85.85, 85.93, 645, 0.0
2021-05-12 10:45:00, 85.95, 85.95, 85.85, 85.85, 456, 0.0
2021-05-12 10:50:00, 85.77, 85.84, 85.77, 85.84, 317, 0.0
2021-05-12 10:55:00, 85.75, 85.81, 85.625, 85.66, 1684, 0.0
2021-05-12 11:00:00, 85.77, 85.77, 85.76, 85.77, 500, 0.0
2021-05-12 11:05:00, 85.73, 85.81, 85.73, 85.81, 658, 0.0
2021-05-12 11:10:00, 85.69, 85.73, 85.68, 85.715, 1179, 0.0
2021-05-12 11:15:00, 85.67, 85.715, 85.67, 85.715, 2396, 0.0
2021-05-12 11:20:00, 85.76, 85.81, 85.75, 85.8, 1317, 0.0
2021-05-12 11:25:00, 85.79, 85.81, 85.79, 85.79, 2821, 0.0
2021-05-12 11:30:00, 85.78, 85.78, 85.685, 85.685, 1275, 0.0
2021-05-12 11:35:00, 85.71, 85.71, 85.64, 85.66, 1616, 0.0
2021-05-12 11:40:00, 85.675, 85.68, 85.575, 85.62, 2268, 0.0
2021-05-12 11:45:00, 85.59, 85.59, 85.485, 85.485, 1775, 0.0
2021-05-12 11:50:00, 85.48, 85.57, 85.48, 85.52, 1955, 0.0
2021-05-12 11:55:00, 85.555, 85.555, 85.53, 85.53, 426, 0.0
2021-05-12 12:00:00, 85.515, 85.56, 85.515, 85.56, 1559, 0.0
2021-05-12 12:05:00, 85.52, 85.52, 85.52, 85.52, 300, 0.0
2021-05-12 12:10:00, 85.36, 85.36, 85.36, 85.36, 200, 0.0
2021-05-12 12:15:00, 85.35, 85.35, 85.33, 85.33, 456, 0.0
2021-05-12 12:20:00, 85.325, 85.36, 85.325, 85.33, 462, 0.0
2021-05-12 12:25:00, 85.26, 85.26, 85.26, 85.26, 100, 0.0
2021-05-12 12:30:00, 85.31, 85.31, 85.235, 85.235, 652, 0.0
2021-05-12 12:35:00, 85.26, 85.26, 85.25, 85.25, 600, 0.0
2021-05-12 12:40:00, 85.24, 85.26, 85.24, 85.26, 282, 0.0
2021-05-12 12:45:00, 85.345, 85.37, 85.345, 85.36, 652, 0.0
2021-05-12 12:50:00, 85.27, 85.27, 85.27, 85.27, 102, 0.0
2021-05-12 12:55:00, 85.31, 85.31, 85.19, 85.19, 602, 0.0
2021-05-12 13:00:00, 85.21, 85.225, 85.16, 85.16, 750, 0.0
2021-05-12 13:05:00, 85.21, 85.21, 85.15, 85.15, 732, 0.0
2021-05-12 13:10:00, 85.175, 85.175, 85.115, 85.115, 589, 0.0
2021-05-12 13:15:00, 85.1, 85.1, 85.1, 85.1, 399, 0.0
2021-05-12 13:25:00, 85.1, 85.1, 85.01, 85.03, 425, 0.0
2021-05-12 13:30:00, 85.04, 85.225, 85.04, 85.225, 762, 0.0
2021-05-12 13:35:00, 85.2, 85.24, 85.2, 85.23, 2006, 0.0
2021-05-12 13:40:00, 85.26, 85.26, 85.26, 85.26, 250, 0.0
2021-05-12 13:45:00, 85.26, 85.35, 85.26, 85.35, 400, 0.0
2021-05-12 13:50:00, 85.41, 85.41, 85.41, 85.41, 300, 0.0
2021-05-12 13:55:00, 85.47, 85.52, 85.47, 85.52, 284, 0.0
2021-05-12 14:00:00, 85.51, 85.535, 85.49, 85.49, 1316, 0.0
2021-05-12 14:05:00, 85.53, 85.57, 85.53, 85.54, 957, 0.0
2021-05-12 14:10:00, 85.52, 85.52, 85.41, 85.42, 660, 0.0
2021-05-12 14:15:00, 85.3, 85.47, 85.3, 85.47, 778, 0.0
2021-05-12 14:20:00, 85.43, 85.43, 85.32, 85.32, 343, 0.0
2021-05-12 14:25:00, 85.33, 85.33, 85.12, 85.12, 1458, 0.0
2021-05-12 14:30:00, 85.12, 85.17, 85.1, 85.12, 2423, 0.0
2021-05-12 14:35:00, 85.1, 85.17, 85.09, 85.17, 3778, 0.0
2021-05-12 14:40:00, 85.14, 85.28, 85.14, 85.28, 3511, 0.0
2021-05-12 14:45:00, 85.235, 85.29, 85.175, 85.27, 5369, 0.0
2021-05-12 14:50:00, 85.29, 85.29, 84.89, 84.9, 4650, 0.0
2021-05-12 14:55:00, 84.93, 85.03, 84.88, 84.98, 7944, 0.0
2021-05-13 08:30:00, 85.07, 85.11, 84.92, 84.92, 2775, 0.0
2021-05-13 08:35:00, 84.84, 85.02, 84.84, 84.94, 2686, 0.0
2021-05-13 08:40:00, 84.96, 84.96, 84.91, 84.95, 1070, 0.0
2021-05-13 08:45:00, 84.99, 85.1, 84.99, 85.1, 401, 0.0
2021-05-13 08:50:00, 85.12, 85.2, 85.03, 85.03, 1664, 0.0
2021-05-13 08:55:00, 85.02, 85.075, 84.96, 85.06, 4018, 0.0
2021-05-13 09:00:00, 85.06, 85.18, 85.04, 85.18, 3686, 0.0
2021-05-13 09:05:00, 85.14, 85.15, 85, 85.025, 2131, 0.0
2021-05-13 09:10:00, 85.09, 85.17, 85.04, 85.155, 2058, 0.0
2021-05-13 09:15:00, 85.19, 85.51, 85.19, 85.485, 6368, 0.0
2021-05-13 09:20:00, 85.525, 85.615, 85.525, 85.615, 1784, 0.0
2021-05-13 09:25:00, 85.63, 85.68, 85.63, 85.68, 461, 0.0
2021-05-13 09:30:00, 85.675, 85.82, 85.675, 85.82, 1150, 0.0
2021-05-13 09:35:00, 85.82, 85.93, 85.81, 85.815, 809, 0.0
2021-05-13 09:40:00, 85.88, 85.88, 85.845, 85.86, 716, 0.0
2021-05-13 09:45:00, 85.92, 86.01, 85.92, 85.96, 1725, 0.0
2021-05-13 09:50:00, 85.925, 85.925, 85.87, 85.87, 613, 0.0
2021-05-13 09:55:00, 85.7, 85.94, 85.7, 85.94, 1852, 0.0
2021-05-13 10:00:00, 85.95, 86, 85.95, 85.98, 512, 0.0
2021-05-13 10:05:00, 85.94, 86.02, 85.94, 85.965, 874, 0.0
2021-05-13 10:10:00, 85.96, 86.03, 85.96, 86.03, 687, 0.0
2021-05-13 10:15:00, 86.02, 86.03, 86.02, 86.03, 217, 0.0
2021-05-13 10:20:00, 85.935, 86.065, 85.935, 86.065, 1734, 0.0
2021-05-13 10:25:00, 86.105, 86.19, 86.1, 86.17, 923, 0.0
2021-05-13 10:30:00, 86.17, 86.17, 86.09, 86.14, 639, 0.0
2021-05-13 10:35:00, 86.115, 86.115, 86.1, 86.1, 301, 0.0
2021-05-13 10:40:00, 86.19, 86.25, 86.165, 86.165, 827, 0.0
2021-05-13 10:45:00, 86.19, 86.26, 86.17, 86.26, 1650, 0.0
2021-05-13 10:50:00, 86.28, 86.33, 86.28, 86.33, 762, 0.0
2021-05-13 10:55:00, 86.36, 86.4, 86.36, 86.36, 2651, 0.0
2021-05-13 11:00:00, 86.44, 86.44, 86.36, 86.44, 821, 0.0
2021-05-13 11:05:00, 86.4, 86.43, 86.38, 86.43, 751, 0.0
2021-05-13 11:10:00, 86.455, 86.455, 86.415, 86.415, 1238, 0.0
2021-05-13 11:15:00, 86.305, 86.33, 86.295, 86.33, 600, 0.0
2021-05-13 11:20:00, 86.31, 86.38, 86.31, 86.38, 880, 0.0
2021-05-13 11:25:00, 86.47, 86.47, 86.445, 86.445, 458, 0.0
2021-05-13 11:30:00, 86.36, 86.37, 86.31, 86.34, 1087, 0.0
2021-05-13 11:35:00, 86.36, 86.42, 86.36, 86.42, 931, 0.0
2021-05-13 11:40:00, 86.49, 86.54, 86.49, 86.54, 504, 0.0
2021-05-13 11:45:00, 86.58, 86.58, 86.54, 86.54, 325, 0.0
2021-05-13 11:50:00, 86.63, 86.635, 86.56, 86.6, 596, 0.0
2021-05-13 11:55:00, 86.625, 86.625, 86.56, 86.56, 330, 0.0
2021-05-13 12:00:00, 86.475, 86.475, 86.435, 86.435, 559, 0.0
2021-05-13 12:05:00, 86.445, 86.46, 86.4, 86.445, 994, 0.0
2021-05-13 12:10:00, 86.47, 86.49, 86.47, 86.47, 1662, 0.0
2021-05-13 12:15:00, 86.49, 86.49, 86.49, 86.49, 211, 0.0
2021-05-13 12:20:00, 86.42, 86.44, 86.395, 86.4, 1155, 0.0
2021-05-13 12:25:00, 86.36, 86.405, 86.36, 86.405, 934, 0.0
2021-05-13 12:30:00, 86.425, 86.43, 86.36, 86.36, 416, 0.0
2021-05-13 12:35:00, 86.33, 86.39, 86.33, 86.39, 401, 0.0
2021-05-13 12:40:00, 86.39, 86.47, 86.39, 86.47, 205, 0.0
2021-05-13 12:45:00, 86.455, 86.455, 86.41, 86.42, 417, 0.0
2021-05-13 12:50:00, 86.41, 86.41, 86.41, 86.41, 240, 0.0
2021-05-13 12:55:00, 86.38, 86.45, 86.37, 86.45, 515, 0.0
2021-05-13 13:00:00, 86.53, 86.53, 86.53, 86.53, 116, 0.0
2021-05-13 13:05:00, 86.6, 86.69, 86.6, 86.69, 266, 0.0
2021-05-13 13:10:00, 86.74, 86.8, 86.74, 86.77, 851, 0.0
2021-05-13 13:15:00, 86.76, 86.86, 86.76, 86.86, 353, 0.0
2021-05-13 13:20:00, 86.85, 87.01, 86.85, 87.01, 1100, 0.0
2021-05-13 13:25:00, 86.98, 86.99, 86.95, 86.95, 418, 0.0
2021-05-13 13:30:00, 87.1, 87.1, 87.015, 87.015, 803, 0.0
2021-05-13 13:35:00, 86.98, 87.02, 86.81, 86.81, 1043, 0.0
2021-05-13 13:40:00, 86.79, 86.79, 86.78, 86.78, 208, 0.0
2021-05-13 13:45:00, 86.76, 86.77, 86.74, 86.75, 664, 0.0
2021-05-13 13:50:00, 86.74, 86.795, 86.74, 86.795, 400, 0.0
2021-05-13 13:55:00, 86.825, 86.94, 86.825, 86.94, 519, 0.0
2021-05-13 14:00:00, 86.93, 86.95, 86.93, 86.95, 300, 0.0
2021-05-13 14:05:00, 86.89, 86.93, 86.89, 86.93, 275, 0.0
2021-05-13 14:10:00, 87.005, 87.005, 86.915, 86.96, 987, 0.0
2021-05-13 14:15:00, 86.98, 86.98, 86.98, 86.98, 100, 0.0
2021-05-13 14:20:00, 86.99, 86.99, 86.99, 86.99, 201, 0.0
2021-05-13 14:25:00, 86.98, 87.03, 86.93, 86.98, 1049, 0.0
2021-05-13 14:30:00, 86.95, 86.95, 86.93, 86.93, 715, 0.0
2021-05-13 14:35:00, 86.93, 86.93, 86.84, 86.855, 1353, 0.0
2021-05-13 14:40:00, 86.84, 86.88, 86.805, 86.85, 2512, 0.0
2021-05-13 14:45:00, 86.815, 86.825, 86.77, 86.805, 2459, 0.0
2021-05-13 14:50:00, 86.81, 86.82, 86.51, 86.51, 6687, 0.0
2021-05-13 14:55:00, 86.53, 86.635, 86.43, 86.49, 19936, 0.0
2021-05-14 08:30:00, 86.7, 87.08, 86.7, 87.08, 1652, 0.0
2021-05-14 08:35:00, 86.92, 86.92, 86.67, 86.83, 970, 0.0
2021-05-14 08:40:00, 87.13, 87.31, 87.13, 87.31, 955, 0.0
2021-05-14 08:45:00, 87.33, 87.45, 87.285, 87.405, 1686, 0.0
2021-05-14 08:50:00, 87.25, 87.25, 87.06, 87.06, 432, 0.0
2021-05-14 08:55:00, 87.09, 87.09, 87.015, 87.015, 2005, 0.0
2021-05-14 09:00:00, 87.065, 87.065, 86.92, 86.93, 1101, 0.0
2021-05-14 09:05:00, 87.08, 87.08, 86.89, 87, 1749, 0.0
2021-05-14 09:10:00, 87, 87.02, 87, 87.01, 600, 0.0
2021-05-14 09:15:00, 86.99, 87.05, 86.99, 87.05, 349, 0.0
2021-05-14 09:20:00, 87.32, 87.39, 87.32, 87.36, 816, 0.0
2021-05-14 09:25:00, 87.31, 87.31, 87.12, 87.12, 1725, 0.0
2021-05-14 09:30:00, 87.13, 87.13, 86.93, 86.93, 528, 0.0
2021-05-14 09:40:00, 86.965, 86.965, 86.86, 86.86, 598, 0.0
2021-05-14 09:45:00, 86.9, 86.96, 86.83, 86.96, 605, 0.0
2021-05-14 09:50:00, 86.95, 87.16, 86.95, 87.13, 702, 0.0
2021-05-14 09:55:00, 87.21, 87.285, 87.21, 87.21, 1420, 0.0
2021-05-14 10:00:00, 87.18, 87.31, 87.18, 87.31, 490, 0.0
2021-05-14 10:05:00, 87.2, 87.2, 87.2, 87.2, 100, 0.0
2021-05-14 10:10:00, 87.23, 87.28, 87.2, 87.22, 947, 0.0
2021-05-14 10:15:00, 87.23, 87.23, 87.16, 87.16, 528, 0.0
2021-05-14 10:20:00, 87.15, 87.205, 87.15, 87.205, 649, 0.0
2021-05-14 10:25:00, 87.15, 87.15, 87.15, 87.15, 100, 0.0
2021-05-14 10:30:00, 87.09, 87.18, 87.09, 87.18, 1206, 0.0
2021-05-14 10:35:00, 87.18, 87.22, 87.165, 87.22, 1869, 0.0
2021-05-14 10:40:00, 87.225, 87.27, 87.215, 87.265, 1813, 0.0
2021-05-14 10:45:00, 87.205, 87.205, 87.13, 87.13, 502, 0.0
2021-05-14 10:50:00, 87.06, 87.09, 87.06, 87.09, 271, 0.0
2021-05-14 10:55:00, 87.09, 87.18, 87.09, 87.18, 1554, 0.0
2021-05-14 11:00:00, 87.195, 87.205, 87.16, 87.16, 935, 0.0
2021-05-14 11:05:00, 87.105, 87.115, 87.075, 87.1, 688, 0.0
2021-05-14 11:10:00, 87.05, 87.13, 87.05, 87.13, 500, 0.0
2021-05-14 11:15:00, 87.185, 87.25, 87.18, 87.23, 1125, 0.0
2021-05-14 11:20:00, 87.22, 87.24, 87.19, 87.2, 2273, 0.0
2021-05-14 11:25:00, 87.2, 87.255, 87.2, 87.255, 949, 0.0
2021-05-14 11:30:00, 87.275, 87.3, 87.275, 87.28, 8981, 0.0
2021-05-14 11:35:00, 87.26, 87.26, 87.18, 87.21, 1147, 0.0
2021-05-14 11:40:00, 87.21, 87.21, 87.2, 87.2, 502, 0.0
2021-05-14 11:45:00, 87.15, 87.15, 87.14, 87.14, 621, 0.0
2021-05-14 11:50:00, 87.17, 87.17, 87.17, 87.17, 101, 0.0
2021-05-14 12:00:00, 87.215, 87.39, 87.21, 87.39, 870, 0.0
2021-05-14 12:05:00, 87.39, 87.41, 87.35, 87.35, 2860, 0.0
2021-05-14 12:10:00, 87.35, 87.35, 87.26, 87.26, 521, 0.0
2021-05-14 12:15:00, 87.27, 87.295, 87.27, 87.295, 601, 0.0
2021-05-14 12:20:00, 87.26, 87.26, 87.25, 87.25, 433, 0.0
2021-05-14 12:25:00, 87.24, 87.24, 87.21, 87.21, 301, 0.0
2021-05-14 12:30:00, 87.21, 87.25, 87.21, 87.24, 864, 0.0
2021-05-14 12:35:00, 87.22, 87.22, 87.22, 87.22, 131, 0.0
2021-05-14 12:40:00, 87.24, 87.25, 87.24, 87.25, 401, 0.0
2021-05-14 12:45:00, 87.185, 87.185, 87.18, 87.18, 439, 0.0
2021-05-14 12:50:00, 87.17, 87.17, 87.105, 87.105, 507, 0.0
2021-05-14 12:55:00, 87.09, 87.09, 87.07, 87.07, 385, 0.0
2021-05-14 13:00:00, 87.05, 87.05, 87.05, 87.05, 100, 0.0
2021-05-14 13:05:00, 87.03, 87.03, 87.03, 87.03, 200, 0.0
2021-05-14 13:10:00, 87.08, 87.08, 87.05, 87.05, 306, 0.0
2021-05-14 13:15:00, 87.14, 87.14, 87.08, 87.08, 648, 0.0
2021-05-14 13:20:00, 87.09, 87.09, 87.06, 87.06, 300, 0.0
2021-05-14 13:25:00, 87.055, 87.055, 87, 87, 515, 0.0
2021-05-14 13:30:00, 87, 87.035, 87, 87.025, 1184, 0.0
2021-05-14 13:35:00, 87.04, 87.06, 87.02, 87.06, 1665, 0.0
2021-05-14 13:40:00, 87.015, 87.055, 87.015, 87.055, 404, 0.0
2021-05-14 13:45:00, 87.055, 87.1, 87.055, 87.1, 501, 0.0
2021-05-14 13:50:00, 87.1, 87.15, 87.1, 87.125, 1127, 0.0
2021-05-14 13:55:00, 87.11, 87.115, 87.04, 87.04, 1198, 0.0
2021-05-14 14:00:00, 87.04, 87.085, 87.02, 87.065, 1219, 0.0
2021-05-14 14:05:00, 87.05, 87.075, 87.05, 87.06, 822, 0.0
2021-05-14 14:10:00, 87.08, 87.08, 87.08, 87.08, 181, 0.0
2021-05-14 14:15:00, 87.095, 87.095, 87.05, 87.07, 1559, 0.0
2021-05-14 14:20:00, 87.06, 87.16, 87.06, 87.16, 2023, 0.0
2021-05-14 14:25:00, 87.13, 87.135, 87.12, 87.12, 826, 0.0
2021-05-14 14:30:00, 87.09, 87.09, 86.97, 87.02, 857, 0.0
2021-05-14 14:35:00, 87.04, 87.09, 86.92, 86.945, 2021, 0.0
2021-05-14 14:40:00, 86.95, 86.985, 86.95, 86.95, 1276, 0.0
2021-05-14 14:45:00, 86.94, 86.945, 86.87, 86.88, 2380, 0.0
2021-05-14 14:50:00, 86.89, 87.04, 86.89, 86.96, 4097, 0.0
2021-05-14 14:55:00, 86.985, 86.985, 86.78, 86.78, 13390, 0.0
2021-05-17 08:30:00, 86.4, 86.68, 86.27, 86.57, 2381, 0.0
2021-05-17 08:35:00, 86.44, 86.56, 86.375, 86.56, 1424, 0.0
2021-05-17 08:40:00, 86.38, 86.57, 86.37, 86.51, 1115, 0.0
2021-05-17 08:45:00, 86.42, 86.54, 86.33, 86.54, 1184, 0.0
2021-05-17 08:50:00, 86.52, 86.69, 86.52, 86.62, 966, 0.0
2021-05-17 08:55:00, 86.62, 86.81, 86.62, 86.73, 1980, 0.0
2021-05-17 09:00:00, 86.74, 86.84, 86.68, 86.715, 2695, 0.0
2021-05-17 09:05:00, 86.65, 86.73, 86.6, 86.6, 688, 0.0
2021-05-17 09:10:00, 86.57, 86.57, 86.44, 86.48, 890, 0.0
2021-05-17 09:15:00, 86.51, 86.6, 86.51, 86.58, 508, 0.0
2021-05-17 09:20:00, 86.6, 86.66, 86.58, 86.625, 443, 0.0
2021-05-17 09:25:00, 86.57, 86.66, 86.57, 86.6, 432, 0.0
2021-05-17 09:30:00, 86.59, 86.61, 86.45, 86.45, 1031, 0.0
2021-05-17 09:35:00, 86.44, 86.44, 86.25, 86.25, 407, 0.0
2021-05-17 09:40:00, 86.32, 86.32, 86.25, 86.25, 447, 0.0
2021-05-17 09:45:00, 86.27, 86.39, 86.27, 86.3, 751, 0.0
2021-05-17 09:50:00, 86.41, 86.415, 86.35, 86.39, 1932, 0.0
2021-05-17 09:55:00, 86.4, 86.43, 86.27, 86.305, 1697, 0.0
2021-05-17 10:00:00, 86.26, 86.32, 86.245, 86.245, 511, 0.0
2021-05-17 10:05:00, 86.345, 86.345, 86.32, 86.32, 206, 0.0
2021-05-17 10:10:00, 86.22, 86.27, 86.2, 86.2, 1015, 0.0
2021-05-17 10:15:00, 86.21, 86.21, 86.185, 86.195, 1063, 0.0
2021-05-17 10:20:00, 86.21, 86.285, 86.16, 86.17, 1349, 0.0
2021-05-17 10:25:00, 86.13, 86.135, 86.04, 86.04, 1890, 0.0
2021-05-17 10:30:00, 86.025, 86.025, 86, 86, 234, 0.0
2021-05-17 10:35:00, 86.095, 86.15, 86.095, 86.15, 910, 0.0
2021-05-17 10:40:00, 86.16, 86.185, 86.15, 86.15, 2005, 0.0
2021-05-17 10:45:00, 86.11, 86.11, 86.06, 86.07, 1374, 0.0
2021-05-17 10:50:00, 86.08, 86.235, 86.08, 86.22, 1580, 0.0
2021-05-17 10:55:00, 86.19, 86.19, 86.14, 86.165, 2318, 0.0
2021-05-17 11:00:00, 86.15, 86.33, 86.15, 86.3, 1024, 0.0
2021-05-17 11:05:00, 86.24, 86.24, 86.165, 86.215, 880, 0.0
2021-05-17 11:10:00, 86.225, 86.27, 86.225, 86.25, 408, 0.0
2021-05-17 11:15:00, 86.265, 86.265, 86.2, 86.235, 1199, 0.0
2021-05-17 11:20:00, 86.265, 86.28, 86.24, 86.28, 2070, 0.0
2021-05-17 11:25:00, 86.275, 86.295, 86.235, 86.235, 3163, 0.0
2021-05-17 11:30:00, 86.25, 86.33, 86.22, 86.22, 1443, 0.0
2021-05-17 11:35:00, 86.295, 86.31, 86.28, 86.29, 1061, 0.0
2021-05-17 11:40:00, 86.3, 86.4, 86.3, 86.335, 2597, 0.0
2021-05-17 11:45:00, 86.34, 86.34, 86.31, 86.31, 1476, 0.0
2021-05-17 11:50:00, 86.32, 86.32, 86.31, 86.31, 511, 0.0
2021-05-17 11:55:00, 86.32, 86.32, 86.295, 86.32, 1174, 0.0
2021-05-17 12:00:00, 86.33, 86.33, 86.255, 86.255, 612, 0.0
2021-05-17 12:05:00, 86.285, 86.3, 86.25, 86.25, 1662, 0.0
2021-05-17 12:10:00, 86.305, 86.36, 86.305, 86.36, 2301, 0.0
2021-05-17 12:15:00, 86.35, 86.415, 86.35, 86.415, 966, 0.0
2021-05-17 12:20:00, 86.41, 86.42, 86.38, 86.4, 1233, 0.0
2021-05-17 12:25:00, 86.435, 86.435, 86.385, 86.385, 761, 0.0
2021-05-17 12:30:00, 86.335, 86.4, 86.265, 86.335, 24833, 0.0
2021-05-17 12:35:00, 86.315, 86.34, 86.3, 86.305, 3992, 0.0
2021-05-17 12:40:00, 86.305, 86.305, 86.24, 86.28, 5074, 0.0
2021-05-17 12:45:00, 86.27, 86.375, 86.27, 86.31, 5805, 0.0
2021-05-17 12:50:00, 86.33, 86.36, 86.32, 86.32, 1804, 0.0
2021-05-17 12:55:00, 86.3, 86.3, 86.25, 86.26, 403, 0.0
2021-05-17 13:00:00, 86.27, 86.27, 86.185, 86.23, 1247, 0.0
2021-05-17 13:05:00, 86.19, 86.19, 86.185, 86.185, 354, 0.0
2021-05-17 13:10:00, 86.185, 86.185, 86.145, 86.155, 819, 0.0
2021-05-17 13:15:00, 86.155, 86.17, 86.145, 86.17, 502, 0.0
2021-05-17 13:20:00, 86.23, 86.3, 86.175, 86.3, 3525, 0.0
2021-05-17 13:25:00, 86.3, 86.3, 86.245, 86.245, 2605, 0.0
2021-05-17 13:30:00, 86.26, 86.26, 86.175, 86.175, 1446, 0.0
2021-05-17 13:35:00, 86.175, 86.22, 86.17, 86.205, 901, 0.0
2021-05-17 13:40:00, 86.2, 86.28, 86.2, 86.25, 1584, 0.0
2021-05-17 13:45:00, 86.25, 86.265, 86.23, 86.26, 1704, 0.0
2021-05-17 13:50:00, 86.255, 86.255, 86.215, 86.215, 965, 0.0
2021-05-17 13:55:00, 86.21, 86.24, 86.145, 86.155, 2870, 0.0
2021-05-17 14:00:00, 86.145, 86.145, 86.055, 86.1, 5128, 0.0
2021-05-17 14:05:00, 86.115, 86.115, 86.065, 86.1, 4614, 0.0
2021-05-17 14:10:00, 86.05, 86.15, 86.05, 86.08, 1388, 0.0
2021-05-17 14:15:00, 86.1, 86.1, 85.985, 86.015, 1855, 0.0
2021-05-17 14:20:00, 86.04, 86.04, 85.96, 85.965, 1168, 0.0
2021-05-17 14:25:00, 85.95, 85.98, 85.94, 85.965, 927, 0.0
2021-05-17 14:30:00, 85.935, 85.935, 85.805, 85.805, 3542, 0.0
2021-05-17 14:35:00, 85.78, 85.825, 85.75, 85.76, 2543, 0.0
2021-05-17 14:40:00, 85.765, 85.85, 85.765, 85.79, 1971, 0.0
2021-05-17 14:45:00, 85.765, 85.79, 85.68, 85.72, 4914, 0.0
2021-05-17 14:50:00, 85.56, 85.56, 85.27, 85.27, 4359, 0.0
2021-05-17 14:55:00, 85.245, 85.46, 85.24, 85.46, 5087, 0.0
2021-05-18 08:30:00, 85.87, 85.88, 85.41, 85.79, 2851, 0.0
2021-05-18 08:35:00, 85.79, 85.82, 85.69, 85.71, 2025, 0.0
2021-05-18 08:40:00, 85.64, 85.68, 85.55, 85.555, 3013, 0.0
2021-05-18 08:45:00, 85.56, 85.64, 85.45, 85.45, 2379, 0.0
2021-05-18 08:50:00, 85.34, 85.52, 85.34, 85.415, 977, 0.0
2021-05-18 08:55:00, 85.35, 85.36, 85.16, 85.2, 4133, 0.0
2021-05-18 09:00:00, 85.26, 85.44, 85.26, 85.44, 1326, 0.0
2021-05-18 09:05:00, 85.34, 85.43, 85.31, 85.4, 1962, 0.0
2021-05-18 09:10:00, 85.41, 85.44, 85.35, 85.43, 1452, 0.0
2021-05-18 09:15:00, 85.47, 85.78, 85.47, 85.78, 4085, 0.0
2021-05-18 09:20:00, 85.735, 85.735, 85.615, 85.615, 782, 0.0
2021-05-18 09:25:00, 85.61, 85.62, 85.61, 85.62, 782, 0.0
2021-05-18 09:30:00, 85.56, 85.58, 85.51, 85.51, 1272, 0.0
2021-05-18 09:35:00, 85.475, 85.485, 85.47, 85.47, 515, 0.0
2021-05-18 09:40:00, 85.455, 85.72, 85.455, 85.69, 2377, 0.0
2021-05-18 09:45:00, 85.69, 85.69, 85.62, 85.65, 1079, 0.0
2021-05-18 09:50:00, 85.66, 85.81, 85.66, 85.79, 2371, 0.0
2021-05-18 09:55:00, 85.73, 85.82, 85.73, 85.81, 988, 0.0
2021-05-18 10:00:00, 85.795, 85.82, 85.79, 85.82, 2421, 0.0
2021-05-18 10:05:00, 85.79, 85.79, 85.7, 85.72, 1006, 0.0
2021-05-18 10:10:00, 85.71, 85.72, 85.71, 85.72, 804, 0.0
2021-05-18 10:15:00, 85.66, 85.66, 85.55, 85.6, 1539, 0.0
2021-05-18 10:20:00, 85.58, 85.695, 85.58, 85.695, 1350, 0.0
2021-05-18 10:25:00, 85.71, 85.71, 85.68, 85.7, 1400, 0.0
2021-05-18 10:30:00, 85.69, 85.785, 85.69, 85.77, 842, 0.0
2021-05-18 10:35:00, 85.75, 85.82, 85.75, 85.79, 692, 0.0
2021-05-18 10:40:00, 85.73, 85.77, 85.73, 85.73, 922, 0.0
2021-05-18 10:45:00, 85.67, 85.71, 85.65, 85.7, 800, 0.0
2021-05-18 10:50:00, 85.64, 85.64, 85.6, 85.64, 1322, 0.0
2021-05-18 10:55:00, 85.63, 85.66, 85.63, 85.65, 1300, 0.0
2021-05-18 11:00:00, 85.785, 85.785, 85.785, 85.785, 152, 0.0
2021-05-18 11:05:00, 85.895, 85.895, 85.895, 85.895, 200, 0.0
2021-05-18 11:10:00, 85.885, 85.885, 85.885, 85.885, 100, 0.0
2021-05-18 11:15:00, 85.87, 85.94, 85.87, 85.94, 1162, 0.0
2021-05-18 11:20:00, 85.97, 86, 85.945, 85.95, 1526, 0.0
2021-05-18 11:25:00, 85.91, 85.93, 85.91, 85.925, 525, 0.0
2021-05-18 11:30:00, 85.97, 85.97, 85.81, 85.81, 471, 0.0
2021-05-18 11:35:00, 85.805, 85.825, 85.805, 85.825, 500, 0.0
2021-05-18 11:40:00, 85.81, 85.84, 85.81, 85.835, 1241, 0.0
2021-05-18 11:45:00, 85.85, 85.85, 85.82, 85.83, 900, 0.0
2021-05-18 11:50:00, 85.85, 85.85, 85.85, 85.85, 100, 0.0
2021-05-18 11:55:00, 85.86, 85.88, 85.86, 85.88, 709, 0.0
2021-05-18 12:00:00, 85.88, 85.88, 85.84, 85.84, 608, 0.0
2021-05-18 12:05:00, 85.81, 85.81, 85.77, 85.785, 1182, 0.0
2021-05-18 12:10:00, 85.78, 85.78, 85.75, 85.76, 888, 0.0
2021-05-18 12:15:00, 85.75, 85.78, 85.745, 85.78, 743, 0.0
2021-05-18 12:20:00, 85.785, 85.84, 85.785, 85.84, 707, 0.0
2021-05-18 12:25:00, 85.88, 85.88, 85.83, 85.835, 1316, 0.0
2021-05-18 12:30:00, 85.82, 85.82, 85.75, 85.75, 451, 0.0
2021-05-18 12:35:00, 85.76, 85.79, 85.76, 85.79, 795, 0.0
2021-05-18 12:40:00, 85.8, 85.87, 85.8, 85.865, 2459, 0.0
2021-05-18 12:45:00, 85.88, 85.88, 85.845, 85.845, 1667, 0.0
2021-05-18 12:50:00, 85.875, 85.965, 85.875, 85.955, 2182, 0.0
2021-05-18 12:55:00, 85.94, 85.96, 85.87, 85.95, 3965, 0.0
2021-05-18 13:00:00, 85.935, 85.98, 85.865, 85.865, 2004, 0.0
2021-05-18 13:05:00, 85.865, 85.865, 85.815, 85.82, 1600, 0.0
2021-05-18 13:10:00, 85.81, 85.83, 85.77, 85.805, 800, 0.0
2021-05-18 13:15:00, 85.8, 85.81, 85.71, 85.71, 1883, 0.0
2021-05-18 13:20:00, 85.695, 85.75, 85.69, 85.75, 1670, 0.0
2021-05-18 13:25:00, 85.79, 85.84, 85.76, 85.84, 1015, 0.0
2021-05-18 13:30:00, 85.835, 85.86, 85.83, 85.86, 798, 0.0
2021-05-18 13:35:00, 85.88, 85.91, 85.86, 85.91, 1111, 0.0
2021-05-18 13:40:00, 85.99, 86.02, 85.94, 85.98, 1323, 0.0
2021-05-18 13:45:00, 86.005, 86.03, 85.985, 86.02, 2445, 0.0
2021-05-18 13:50:00, 86.025, 86.045, 85.96, 85.97, 963, 0.0
2021-05-18 13:55:00, 85.94, 86.02, 85.94, 86.02, 582, 0.0
2021-05-18 14:00:00, 86, 86, 85.92, 85.94, 1587, 0.0
2021-05-18 14:05:00, 85.88, 85.89, 85.88, 85.89, 300, 0.0
2021-05-18 14:10:00, 85.88, 85.89, 85.82, 85.82, 874, 0.0
2021-05-18 14:15:00, 85.815, 85.89, 85.815, 85.89, 818, 0.0
2021-05-18 14:20:00, 85.92, 85.96, 85.86, 85.86, 1975, 0.0
2021-05-18 14:25:00, 85.84, 85.87, 85.84, 85.845, 761, 0.0
2021-05-18 14:30:00, 85.815, 85.905, 85.815, 85.885, 1154, 0.0
2021-05-18 14:35:00, 85.895, 85.955, 85.895, 85.955, 519, 0.0
2021-05-18 14:40:00, 85.955, 85.98, 85.915, 85.915, 2782, 0.0
2021-05-18 14:45:00, 85.92, 85.94, 85.88, 85.905, 2784, 0.0
2021-05-18 14:50:00, 85.92, 85.92, 85.8, 85.825, 6996, 0.0
2021-05-18 14:55:00, 85.85, 85.905, 85.73, 85.79, 15124, 0.0
2021-05-19 08:30:00, 85.56, 85.56, 85.08, 85.14, 1059, 0.0
2021-05-19 08:35:00, 85.27, 85.39, 85.2, 85.2, 1179, 0.0
2021-05-19 08:40:00, 85.46, 85.6, 85.46, 85.59, 671, 0.0
2021-05-19 08:45:00, 85.49, 85.49, 85.39, 85.39, 1426, 0.0
2021-05-19 08:50:00, 85.38, 85.63, 85.37, 85.63, 913, 0.0
2021-05-19 08:55:00, 85.54, 85.56, 85.5, 85.56, 610, 0.0
2021-05-19 09:00:00, 85.51, 85.625, 85.51, 85.56, 2042, 0.0
2021-05-19 09:05:00, 85.56, 85.56, 85.3, 85.38, 1150, 0.0
2021-05-19 09:10:00, 85.33, 85.33, 85.12, 85.12, 383, 0.0
2021-05-19 09:15:00, 85.16, 85.16, 85.04, 85.08, 701, 0.0
2021-05-19 09:20:00, 85.26, 85.27, 85.24, 85.24, 481, 0.0
2021-05-19 09:25:00, 85.19, 85.26, 85.15, 85.15, 513, 0.0
2021-05-19 09:30:00, 85.24, 85.43, 85.2, 85.42, 2382, 0.0
2021-05-19 09:35:00, 85.455, 85.455, 85.2, 85.2, 876, 0.0
2021-05-19 09:40:00, 85.15, 85.15, 84.775, 84.78, 1797, 0.0
2021-05-19 09:45:00, 84.8, 84.89, 84.79, 84.87, 1525, 0.0
2021-05-19 09:50:00, 84.89, 85.05, 84.89, 84.94, 1819, 0.0
2021-05-19 09:55:00, 84.96, 85.06, 84.96, 84.96, 1777, 0.0
2021-05-19 10:00:00, 84.93, 85.09, 84.93, 85.09, 712, 0.0
2021-05-19 10:05:00, 85.22, 85.26, 85.22, 85.25, 1036, 0.0
2021-05-19 10:10:00, 85.16, 85.2, 85.11, 85.2, 501, 0.0
2021-05-19 10:15:00, 85.185, 85.185, 85.14, 85.17, 633, 0.0
2021-05-19 10:20:00, 85.14, 85.16, 85.14, 85.155, 331, 0.0
2021-05-19 10:25:00, 85.22, 85.34, 85.22, 85.34, 300, 0.0
2021-05-19 10:30:00, 85.29, 85.29, 85.22, 85.22, 430, 0.0
2021-05-19 10:35:00, 85.28, 85.28, 85.205, 85.205, 303, 0.0
2021-05-19 10:40:00, 85.07, 85.07, 84.99, 85.07, 921, 0.0
2021-05-19 10:45:00, 85.04, 85.04, 84.97, 84.97, 314, 0.0
2021-05-19 10:55:00, 85.07, 85.1, 85.07, 85.1, 258, 0.0
2021-05-19 11:00:00, 85.13, 85.13, 85.13, 85.13, 112, 0.0
2021-05-19 11:05:00, 85.195, 85.21, 85.195, 85.205, 555, 0.0
2021-05-19 11:10:00, 85.255, 85.255, 85.2, 85.2, 558, 0.0
2021-05-19 11:15:00, 85.19, 85.26, 85.16, 85.26, 1109, 0.0
2021-05-19 11:20:00, 85.3, 85.33, 85.3, 85.33, 453, 0.0
2021-05-19 11:25:00, 85.25, 85.285, 85.25, 85.28, 744, 0.0
2021-05-19 11:30:00, 85.235, 85.31, 85.235, 85.31, 1502, 0.0
2021-05-19 11:35:00, 85.355, 85.37, 85.34, 85.37, 490, 0.0
2021-05-19 11:40:00, 85.365, 85.375, 85.36, 85.375, 431, 0.0
2021-05-19 11:45:00, 85.37, 85.44, 85.37, 85.44, 538, 0.0
2021-05-19 11:50:00, 85.45, 85.52, 85.45, 85.52, 561, 0.0
2021-05-19 12:00:00, 85.56, 85.56, 85.505, 85.505, 1651, 0.0
2021-05-19 12:05:00, 85.49, 85.57, 85.49, 85.57, 402, 0.0
2021-05-19 12:10:00, 85.59, 85.65, 85.59, 85.65, 408, 0.0
2021-05-19 12:15:00, 85.665, 85.665, 85.64, 85.64, 6710, 0.0
2021-05-19 12:20:00, 85.63, 85.63, 85.63, 85.63, 106, 0.0
2021-05-19 12:25:00, 85.63, 85.63, 85.62, 85.62, 300, 0.0
2021-05-19 12:30:00, 85.595, 85.61, 85.595, 85.6, 402, 0.0
2021-05-19 12:35:00, 85.52, 85.535, 85.52, 85.535, 201, 0.0
2021-05-19 12:40:00, 85.57, 85.65, 85.57, 85.65, 4168, 0.0
2021-05-19 12:45:00, 85.625, 85.625, 85.61, 85.61, 627, 0.0
2021-05-19 12:50:00, 85.715, 85.75, 85.715, 85.75, 377, 0.0
2021-05-19 12:55:00, 85.77, 85.79, 85.74, 85.74, 800, 0.0
2021-05-19 13:00:00, 85.76, 85.76, 85.59, 85.59, 1295, 0.0
2021-05-19 13:05:00, 85.58, 85.74, 85.54, 85.72, 2889, 0.0
2021-05-19 13:10:00, 85.7, 85.72, 85.65, 85.72, 1674, 0.0
2021-05-19 13:15:00, 85.74, 85.835, 85.73, 85.81, 1381, 0.0
2021-05-19 13:20:00, 85.84, 86.08, 85.83, 86.02, 2713, 0.0
2021-05-19 13:25:00, 85.99, 85.99, 85.85, 85.86, 2642, 0.0
2021-05-19 13:30:00, 85.9, 85.93, 85.84, 85.84, 2525, 0.0
2021-05-19 13:35:00, 85.76, 85.815, 85.64, 85.65, 1617, 0.0
2021-05-19 13:40:00, 85.66, 85.72, 85.65, 85.66, 1893, 0.0
2021-05-19 13:45:00, 85.635, 85.705, 85.63, 85.675, 2228, 0.0
2021-05-19 13:50:00, 85.68, 85.68, 85.61, 85.62, 2057, 0.0
2021-05-19 13:55:00, 85.61, 85.67, 85.61, 85.67, 1789, 0.0
2021-05-19 14:00:00, 85.59, 85.59, 85.52, 85.52, 1350, 0.0
2021-05-19 14:05:00, 85.555, 85.615, 85.53, 85.615, 1026, 0.0
2021-05-19 14:10:00, 85.62, 85.75, 85.62, 85.75, 1100, 0.0
2021-05-19 14:15:00, 85.725, 85.855, 85.725, 85.845, 1355, 0.0
2021-05-19 14:20:00, 85.815, 85.93, 85.79, 85.9, 2102, 0.0
2021-05-19 14:25:00, 85.83, 85.915, 85.83, 85.915, 1225, 0.0
2021-05-19 14:30:00, 85.73, 85.78, 85.73, 85.78, 402, 0.0
2021-05-19 14:35:00, 85.795, 85.795, 85.75, 85.77, 874, 0.0
2021-05-19 14:40:00, 85.78, 85.795, 85.75, 85.795, 612, 0.0
2021-05-19 14:45:00, 85.8, 85.85, 85.8, 85.84, 943, 0.0
2021-05-19 14:50:00, 85.89, 86.03, 85.86, 85.95, 7611, 0.0
2021-05-19 14:55:00, 85.985, 86.06, 85.905, 85.91, 18249, 0.0
2021-05-20 08:30:00, 85.7, 85.98, 85.7, 85.97, 2845, 0.0
2021-05-20 08:35:00, 85.95, 86.04, 85.93, 85.93, 589, 0.0
2021-05-20 08:40:00, 85.95, 86.045, 85.94, 86.045, 1143, 0.0
2021-05-20 08:45:00, 86.09, 86.18, 86.04, 86.15, 1300, 0.0
2021-05-20 08:50:00, 86.155, 86.25, 86.1, 86.245, 2389, 0.0
2021-05-20 08:55:00, 86.11, 86.18, 86.11, 86.18, 363, 0.0
2021-05-20 09:00:00, 86.1, 86.17, 86.1, 86.17, 854, 0.0
2021-05-20 09:05:00, 86.2, 86.27, 86.12, 86.27, 818, 0.0
2021-05-20 09:10:00, 86.06, 86.12, 86.06, 86.1, 443, 0.0
2021-05-20 09:15:00, 86.24, 86.33, 86.24, 86.3, 641, 0.0
2021-05-20 09:20:00, 86.29, 86.3, 86.26, 86.26, 500, 0.0
2021-05-20 09:25:00, 86.3, 86.3, 86.3, 86.3, 100, 0.0
2021-05-20 09:30:00, 86.4, 86.43, 86.4, 86.43, 253, 0.0
2021-05-20 09:35:00, 86.39, 86.39, 86.22, 86.37, 1530, 0.0
2021-05-20 09:40:00, 86.36, 86.36, 86.27, 86.27, 1041, 0.0
2021-05-20 09:45:00, 86.31, 86.31, 86.31, 86.31, 300, 0.0
2021-05-20 09:50:00, 86.37, 86.41, 86.37, 86.4, 604, 0.0
2021-05-20 09:55:00, 86.49, 86.555, 86.48, 86.52, 1938, 0.0
2021-05-20 10:00:00, 86.52, 86.52, 86.3, 86.3, 1099, 0.0
2021-05-20 10:05:00, 86.32, 86.35, 86.32, 86.35, 500, 0.0
2021-05-20 10:10:00, 86.29, 86.29, 86.21, 86.21, 325, 0.0
2021-05-20 10:15:00, 86.29, 86.31, 86.27, 86.27, 601, 0.0
2021-05-20 10:25:00, 86.33, 86.33, 86.31, 86.31, 282, 0.0
2021-05-20 10:30:00, 86.4, 86.42, 86.4, 86.42, 453, 0.0
2021-05-20 10:35:00, 86.43, 86.5, 86.43, 86.5, 3300, 0.0
2021-05-20 10:40:00, 86.5, 86.56, 86.5, 86.51, 962, 0.0
2021-05-20 10:45:00, 86.515, 86.62, 86.51, 86.62, 1535, 0.0
2021-05-20 10:50:00, 86.645, 86.67, 86.645, 86.67, 1013, 0.0
2021-05-20 10:55:00, 86.66, 86.67, 86.63, 86.63, 600, 0.0
2021-05-20 11:00:00, 86.58, 86.61, 86.58, 86.61, 400, 0.0
2021-05-20 11:05:00, 86.63, 86.63, 86.62, 86.62, 500, 0.0
2021-05-20 11:10:00, 86.68, 86.68, 86.68, 86.68, 100, 0.0
2021-05-20 11:20:00, 86.64, 86.65, 86.59, 86.59, 321, 0.0
2021-05-20 11:25:00, 86.69, 86.755, 86.69, 86.74, 967, 0.0
2021-05-20 11:30:00, 86.74, 86.755, 86.715, 86.715, 2450, 0.0
2021-05-20 11:35:00, 86.71, 86.86, 86.71, 86.86, 3731, 0.0
2021-05-20 11:40:00, 86.86, 86.86, 86.78, 86.78, 531, 0.0
2021-05-20 11:45:00, 86.79, 86.82, 86.79, 86.82, 693, 0.0
2021-05-20 11:50:00, 86.84, 86.84, 86.805, 86.825, 930, 0.0
2021-05-20 12:00:00, 86.87, 86.96, 86.87, 86.895, 1190, 0.0
2021-05-20 12:05:00, 86.84, 86.84, 86.83, 86.83, 935, 0.0
2021-05-20 12:10:00, 86.83, 86.83, 86.83, 86.83, 254, 0.0
2021-05-20 12:15:00, 86.85, 86.9, 86.85, 86.86, 966, 0.0
2021-05-20 12:20:00, 86.78, 86.8, 86.78, 86.8, 241, 0.0
2021-05-20 12:25:00, 86.75, 86.75, 86.72, 86.75, 1294, 0.0
2021-05-20 12:30:00, 86.76, 86.76, 86.76, 86.76, 300, 0.0
2021-05-20 12:35:00, 86.78, 86.78, 86.78, 86.78, 181, 0.0
2021-05-20 12:40:00, 86.81, 86.81, 86.76, 86.76, 701, 0.0
2021-05-20 12:45:00, 86.71, 86.71, 86.71, 86.71, 195, 0.0
2021-05-20 12:50:00, 86.8, 86.8, 86.75, 86.75, 400, 0.0
2021-05-20 12:55:00, 86.78, 86.78, 86.78, 86.78, 300, 0.0
2021-05-20 13:05:00, 86.7, 86.7, 86.665, 86.665, 630, 0.0
2021-05-20 13:10:00, 86.63, 86.66, 86.63, 86.66, 300, 0.0
2021-05-20 13:15:00, 86.66, 86.66, 86.66, 86.66, 189, 0.0
2021-05-20 13:20:00, 86.56, 86.58, 86.56, 86.58, 400, 0.0
2021-05-20 13:25:00, 86.59, 86.61, 86.59, 86.61, 210, 0.0
2021-05-20 13:30:00, 86.61, 86.61, 86.59, 86.59, 200, 0.0
2021-05-20 13:35:00, 86.62, 86.62, 86.605, 86.605, 400, 0.0
2021-05-20 13:40:00, 86.6, 86.605, 86.56, 86.58, 1931, 0.0
2021-05-20 13:45:00, 86.55, 86.55, 86.53, 86.53, 600, 0.0
2021-05-20 13:50:00, 86.51, 86.51, 86.505, 86.505, 400, 0.0
2021-05-20 13:55:00, 86.51, 86.51, 86.41, 86.41, 639, 0.0
2021-05-20 14:00:00, 86.36, 86.36, 86.36, 86.36, 193, 0.0
2021-05-20 14:05:00, 86.33, 86.33, 86.32, 86.32, 202, 0.0
2021-05-20 14:10:00, 86.39, 86.42, 86.39, 86.42, 506, 0.0
2021-05-20 14:15:00, 86.45, 86.5, 86.45, 86.5, 631, 0.0
2021-05-20 14:20:00, 86.52, 86.63, 86.52, 86.63, 930, 0.0
2021-05-20 14:25:00, 86.63, 86.64, 86.58, 86.6, 1218, 0.0
2021-05-20 14:30:00, 86.54, 86.58, 86.53, 86.57, 1383, 0.0
2021-05-20 14:35:00, 86.58, 86.63, 86.57, 86.6, 1037, 0.0
2021-05-20 14:40:00, 86.6, 86.61, 86.55, 86.56, 1085, 0.0
2021-05-20 14:45:00, 86.52, 86.53, 86.4, 86.4, 2510, 0.0
2021-05-20 14:50:00, 86.4, 86.47, 86.35, 86.38, 5671, 0.0
2021-05-20 14:55:00, 86.38, 86.4, 86.17, 86.21, 6645, 0.0
2021-05-21 08:30:00, 86.47, 86.745, 86.42, 86.645, 5373, 0.0
2021-05-21 08:35:00, 86.6, 86.82, 86.6, 86.815, 3140, 0.0
2021-05-21 08:40:00, 86.7, 86.7, 86.475, 86.51, 1077, 0.0
2021-05-21 08:45:00, 86.54, 86.575, 86.37, 86.37, 1419, 0.0
2021-05-21 08:50:00, 86.34, 86.62, 86.32, 86.565, 1018, 0.0
2021-05-21 08:55:00, 86.36, 86.36, 86.335, 86.335, 539, 0.0
2021-05-21 09:00:00, 86.4, 86.44, 86.275, 86.275, 1113, 0.0
2021-05-21 09:05:00, 86.28, 86.4, 86.28, 86.285, 1580, 0.0
2021-05-21 09:10:00, 86.32, 86.32, 86.27, 86.295, 1200, 0.0
2021-05-21 09:15:00, 86.39, 86.575, 86.39, 86.55, 1456, 0.0
2021-05-21 09:20:00, 86.56, 86.605, 86.44, 86.44, 955, 0.0
2021-05-21 09:25:00, 86.52, 86.575, 86.52, 86.55, 1014, 0.0
2021-05-21 09:30:00, 86.49, 86.525, 86.45, 86.45, 1624, 0.0
2021-05-21 09:35:00, 86.42, 86.42, 86.41, 86.41, 225, 0.0
2021-05-21 09:40:00, 86.52, 86.54, 86.505, 86.52, 575, 0.0
2021-05-21 09:45:00, 86.53, 86.585, 86.53, 86.57, 868, 0.0
2021-05-21 09:50:00, 86.55, 86.55, 86.47, 86.47, 1019, 0.0
2021-05-21 09:55:00, 86.44, 86.515, 86.44, 86.46, 877, 0.0
2021-05-21 10:00:00, 86.47, 86.55, 86.45, 86.55, 844, 0.0
2021-05-21 10:05:00, 86.6, 86.605, 86.54, 86.54, 1271, 0.0
2021-05-21 10:10:00, 86.52, 86.6, 86.52, 86.56, 554, 0.0
2021-05-21 10:15:00, 86.55, 86.615, 86.55, 86.6, 1305, 0.0
2021-05-21 10:20:00, 86.6, 86.65, 86.585, 86.585, 2407, 0.0
2021-05-21 10:25:00, 86.49, 86.49, 86.45, 86.46, 1060, 0.0
2021-05-21 10:30:00, 86.46, 86.56, 86.46, 86.55, 535, 0.0
2021-05-21 10:35:00, 86.55, 86.55, 86.48, 86.52, 1277, 0.0
2021-05-21 10:40:00, 86.5, 86.5, 86.46, 86.47, 421, 0.0
2021-05-21 10:45:00, 86.48, 86.53, 86.47, 86.515, 514, 0.0
2021-05-21 10:50:00, 86.51, 86.55, 86.51, 86.54, 509, 0.0
2021-05-21 10:55:00, 86.54, 86.56, 86.49, 86.49, 329, 0.0
2021-05-21 11:00:00, 86.46, 86.49, 86.46, 86.49, 552, 0.0
2021-05-21 11:05:00, 86.5, 86.5, 86.38, 86.38, 609, 0.0
2021-05-21 11:10:00, 86.36, 86.42, 86.36, 86.42, 710, 0.0
2021-05-21 11:15:00, 86.365, 86.46, 86.355, 86.455, 1364, 0.0
2021-05-21 11:25:00, 86.395, 86.395, 86.345, 86.345, 647, 0.0
2021-05-21 11:30:00, 86.35, 86.35, 86.345, 86.345, 300, 0.0
2021-05-21 11:35:00, 86.33, 86.33, 86.32, 86.33, 300, 0.0
2021-05-21 11:40:00, 86.315, 86.36, 86.315, 86.35, 721, 0.0
2021-05-21 11:45:00, 86.265, 86.265, 86.265, 86.265, 100, 0.0
2021-05-21 11:50:00, 86.28, 86.28, 86.25, 86.25, 1250, 0.0
2021-05-21 11:55:00, 86.23, 86.29, 86.22, 86.29, 1064, 0.0
2021-05-21 12:00:00, 86.285, 86.285, 86.285, 86.285, 100, 0.0
2021-05-21 12:05:00, 86.35, 86.37, 86.35, 86.37, 342, 0.0
2021-05-21 12:10:00, 86.345, 86.355, 86.34, 86.34, 500, 0.0
2021-05-21 12:15:00, 86.37, 86.37, 86.345, 86.345, 906, 0.0
2021-05-21 12:20:00, 86.315, 86.325, 86.295, 86.32, 1490, 0.0
2021-05-21 12:25:00, 86.3, 86.385, 86.3, 86.38, 302, 0.0
2021-05-21 12:30:00, 86.37, 86.4, 86.37, 86.4, 945, 0.0
2021-05-21 12:35:00, 86.355, 86.38, 86.355, 86.38, 221, 0.0
2021-05-21 12:40:00, 86.37, 86.37, 86.37, 86.37, 309, 0.0
2021-05-21 12:45:00, 86.38, 86.41, 86.38, 86.405, 806, 0.0
2021-05-21 12:50:00, 86.405, 86.405, 86.37, 86.38, 1596, 0.0
2021-05-21 12:55:00, 86.355, 86.4, 86.33, 86.39, 835, 0.0
2021-05-21 13:00:00, 86.32, 86.38, 86.32, 86.36, 590, 0.0
2021-05-21 13:05:00, 86.35, 86.415, 86.32, 86.405, 960, 0.0
2021-05-21 13:10:00, 86.42, 86.42, 86.405, 86.405, 842, 0.0
2021-05-21 13:15:00, 86.38, 86.4, 86.37, 86.38, 1653, 0.0
2021-05-21 13:20:00, 86.38, 86.4, 86.36, 86.36, 665, 0.0
2021-05-21 13:25:00, 86.36, 86.36, 86.34, 86.34, 425, 0.0
2021-05-21 13:30:00, 86.33, 86.365, 86.33, 86.335, 526, 0.0
2021-05-21 13:35:00, 86.325, 86.37, 86.325, 86.335, 853, 0.0
2021-05-21 13:40:00, 86.32, 86.355, 86.32, 86.34, 2122, 0.0
2021-05-21 13:45:00, 86.36, 86.4, 86.36, 86.4, 752, 0.0
2021-05-21 13:50:00, 86.4, 86.475, 86.39, 86.475, 1646, 0.0
2021-05-21 13:55:00, 86.495, 86.495, 86.495, 86.495, 103, 0.0
2021-05-21 14:00:00, 86.475, 86.475, 86.43, 86.47, 732, 0.0
2021-05-21 14:05:00, 86.49, 86.49, 86.49, 86.49, 204, 0.0
2021-05-21 14:10:00, 86.52, 86.53, 86.5, 86.52, 2345, 0.0
2021-05-21 14:15:00, 86.52, 86.545, 86.49, 86.495, 1929, 0.0
2021-05-21 14:20:00, 86.505, 86.58, 86.5, 86.575, 3001, 0.0
2021-05-21 14:25:00, 86.54, 86.615, 86.54, 86.615, 1871, 0.0
2021-05-21 14:30:00, 86.595, 86.595, 86.515, 86.565, 2815, 0.0
2021-05-21 14:35:00, 86.565, 86.575, 86.52, 86.52, 2068, 0.0
2021-05-21 14:40:00, 86.505, 86.505, 86.47, 86.47, 2582, 0.0
2021-05-21 14:45:00, 86.49, 86.53, 86.44, 86.53, 4538, 0.0
2021-05-21 14:50:00, 86.58, 86.675, 86.57, 86.63, 7687, 0.0
2021-05-21 14:55:00, 86.645, 86.675, 86.61, 86.66, 11002, 0.0
2021-05-24 08:30:00, 86.97, 87.07, 86.97, 86.985, 1279, 0.0
2021-05-24 08:35:00, 86.93, 86.93, 86.83, 86.88, 452, 0.0
2021-05-24 08:40:00, 86.74, 86.74, 86.74, 86.74, 600, 0.0
2021-05-24 08:45:00, 86.78, 86.78, 86.6, 86.67, 818, 0.0
2021-05-24 08:50:00, 86.54, 86.54, 86.54, 86.54, 100, 0.0
2021-05-24 08:55:00, 86.48, 86.53, 86.45, 86.53, 393, 0.0
2021-05-24 09:00:00, 86.57, 86.655, 86.47, 86.655, 1048, 0.0
2021-05-24 09:05:00, 86.64, 86.66, 86.59, 86.59, 912, 0.0
2021-05-24 09:10:00, 86.54, 86.64, 86.46, 86.625, 898, 0.0
2021-05-24 09:15:00, 86.67, 86.765, 86.65, 86.745, 812, 0.0
2021-05-24 09:20:00, 86.76, 86.765, 86.755, 86.755, 400, 0.0
2021-05-24 09:25:00, 86.8, 86.82, 86.7, 86.73, 1441, 0.0
2021-05-24 09:30:00, 86.75, 86.8, 86.75, 86.8, 724, 0.0
2021-05-24 09:35:00, 86.84, 86.84, 86.83, 86.83, 235, 0.0
2021-05-24 09:40:00, 86.86, 86.89, 86.86, 86.89, 306, 0.0
2021-05-24 09:45:00, 86.925, 86.94, 86.925, 86.94, 557, 0.0
2021-05-24 09:50:00, 86.975, 86.975, 86.93, 86.93, 505, 0.0
2021-05-24 09:55:00, 86.95, 86.985, 86.95, 86.985, 543, 0.0
2021-05-24 10:00:00, 86.93, 86.93, 86.9, 86.9, 224, 0.0
2021-05-24 10:05:00, 86.855, 86.855, 86.81, 86.81, 505, 0.0
2021-05-24 10:10:00, 86.76, 86.76, 86.76, 86.76, 100, 0.0
2021-05-24 10:15:00, 86.78, 86.78, 86.76, 86.76, 200, 0.0
2021-05-24 10:20:00, 86.755, 86.755, 86.755, 86.755, 211, 0.0
2021-05-24 10:25:00, 86.73, 86.75, 86.73, 86.75, 317, 0.0
2021-05-24 10:30:00, 86.76, 86.76, 86.76, 86.76, 302, 0.0
2021-05-24 10:35:00, 86.77, 86.77, 86.72, 86.72, 452, 0.0
2021-05-24 10:40:00, 86.74, 86.74, 86.74, 86.74, 100, 0.0
2021-05-24 10:45:00, 86.74, 86.74, 86.67, 86.67, 609, 0.0
2021-05-24 10:50:00, 86.675, 86.7, 86.66, 86.7, 505, 0.0
2021-05-24 10:55:00, 86.72, 86.72, 86.72, 86.72, 103, 0.0
2021-05-24 11:00:00, 86.68, 86.68, 86.68, 86.68, 300, 0.0
2021-05-24 11:05:00, 86.77, 86.83, 86.77, 86.81, 506, 0.0
2021-05-24 11:10:00, 86.83, 86.83, 86.83, 86.83, 210, 0.0
2021-05-24 11:15:00, 86.805, 86.805, 86.785, 86.785, 500, 0.0
2021-05-24 11:20:00, 86.765, 86.77, 86.765, 86.77, 301, 0.0
2021-05-24 11:25:00, 86.78, 86.8, 86.78, 86.8, 915, 0.0
2021-05-24 11:30:00, 86.83, 86.865, 86.83, 86.865, 335, 0.0
2021-05-24 11:35:00, 86.87, 86.87, 86.87, 86.87, 100, 0.0
2021-05-24 11:40:00, 86.87, 86.94, 86.87, 86.93, 3676, 0.0
2021-05-24 11:45:00, 86.93, 86.93, 86.915, 86.915, 1084, 0.0
2021-05-24 11:50:00, 86.905, 86.92, 86.9, 86.92, 1688, 0.0
2021-05-24 11:55:00, 86.935, 86.935, 86.935, 86.935, 247, 0.0
2021-05-24 12:00:00, 86.875, 86.88, 86.875, 86.88, 201, 0.0
2021-05-24 12:05:00, 86.89, 86.89, 86.845, 86.85, 600, 0.0
2021-05-24 12:15:00, 86.86, 86.86, 86.85, 86.85, 347, 0.0
2021-05-24 12:25:00, 86.8, 86.81, 86.8, 86.81, 310, 0.0
2021-05-24 12:30:00, 86.815, 86.9, 86.815, 86.9, 984, 0.0
2021-05-24 12:35:00, 86.91, 86.91, 86.85, 86.85, 223, 0.0
2021-05-24 12:40:00, 86.87, 86.87, 86.835, 86.835, 203, 0.0
2021-05-24 12:45:00, 86.82, 86.82, 86.82, 86.82, 670, 0.0
2021-05-24 12:55:00, 86.84, 86.84, 86.84, 86.84, 100, 0.0
2021-05-24 13:00:00, 86.85, 86.85, 86.85, 86.85, 347, 0.0
2021-05-24 13:05:00, 86.875, 86.875, 86.87, 86.87, 200, 0.0
2021-05-24 13:10:00, 86.885, 86.91, 86.885, 86.91, 3407, 0.0
2021-05-24 13:15:00, 86.94, 86.945, 86.915, 86.935, 3058, 0.0
2021-05-24 13:20:00, 86.95, 86.95, 86.88, 86.885, 1170, 0.0
2021-05-24 13:25:00, 86.905, 86.905, 86.865, 86.865, 902, 0.0
2021-05-24 13:30:00, 86.88, 86.88, 86.845, 86.86, 806, 0.0
2021-05-24 13:35:00, 86.84, 86.86, 86.79, 86.79, 2713, 0.0
2021-05-24 13:40:00, 86.8, 86.845, 86.8, 86.83, 2003, 0.0
2021-05-24 13:45:00, 86.835, 86.835, 86.795, 86.8, 1260, 0.0
2021-05-24 13:50:00, 86.825, 86.825, 86.75, 86.75, 1165, 0.0
2021-05-24 13:55:00, 86.76, 86.76, 86.75, 86.75, 303, 0.0
2021-05-24 14:00:00, 86.695, 86.695, 86.695, 86.695, 264, 0.0
2021-05-24 14:05:00, 86.725, 86.725, 86.69, 86.72, 735, 0.0
2021-05-24 14:10:00, 86.735, 86.75, 86.73, 86.75, 609, 0.0
2021-05-24 14:15:00, 86.755, 86.815, 86.755, 86.815, 2452, 0.0
2021-05-24 14:20:00, 86.805, 86.805, 86.765, 86.775, 638, 0.0
2021-05-24 14:25:00, 86.795, 86.795, 86.735, 86.755, 1201, 0.0
2021-05-24 14:30:00, 86.78, 86.8, 86.745, 86.8, 2096, 0.0
2021-05-24 14:35:00, 86.805, 86.825, 86.785, 86.785, 1412, 0.0
2021-05-24 14:40:00, 86.735, 86.77, 86.73, 86.735, 1558, 0.0
2021-05-24 14:45:00, 86.745, 86.83, 86.745, 86.83, 1561, 0.0
2021-05-24 14:50:00, 86.86, 86.88, 86.67, 86.67, 4212, 0.0
2021-05-24 14:55:00, 86.655, 86.66, 86.55, 86.55, 6876, 0.0
2021-05-25 08:30:00, 86.75, 86.75, 86.365, 86.38, 1931, 0.0
2021-05-25 08:35:00, 86.05, 86.05, 85.87, 85.87, 703, 0.0
2021-05-25 08:40:00, 85.85, 85.85, 85.76, 85.76, 406, 0.0
2021-05-25 08:45:00, 85.75, 85.78, 85.62, 85.625, 6200, 0.0
2021-05-25 08:50:00, 85.695, 85.86, 85.615, 85.82, 1543, 0.0
2021-05-25 08:55:00, 85.82, 86, 85.82, 85.985, 930, 0.0
2021-05-25 09:00:00, 86.01, 86.05, 85.93, 85.975, 1042, 0.0
2021-05-25 09:05:00, 86.03, 86.03, 85.85, 85.88, 1429, 0.0
2021-05-25 09:10:00, 85.91, 85.91, 85.85, 85.9, 1131, 0.0
2021-05-25 09:15:00, 85.86, 85.88, 85.83, 85.83, 1095, 0.0
2021-05-25 09:20:00, 85.84, 85.84, 85.78, 85.78, 334, 0.0
2021-05-25 09:25:00, 85.75, 85.85, 85.75, 85.85, 1107, 0.0
2021-05-25 09:30:00, 85.805, 85.905, 85.785, 85.9, 2928, 0.0
2021-05-25 09:35:00, 85.845, 85.85, 85.7, 85.7, 755, 0.0
2021-05-25 09:40:00, 85.715, 85.76, 85.715, 85.76, 913, 0.0
2021-05-25 09:45:00, 85.7, 85.755, 85.7, 85.715, 4158, 0.0
2021-05-25 09:50:00, 85.745, 85.755, 85.72, 85.755, 3644, 0.0
2021-05-25 09:55:00, 85.735, 85.735, 85.64, 85.71, 1275, 0.0
2021-05-25 10:00:00, 85.75, 85.95, 85.745, 85.95, 1949, 0.0
2021-05-25 10:05:00, 85.99, 86.03, 85.965, 86.03, 1067, 0.0
2021-05-25 10:10:00, 86.115, 86.115, 86.1, 86.11, 2579, 0.0
2021-05-25 10:15:00, 86.105, 86.17, 86.1, 86.15, 3202, 0.0
2021-05-25 10:20:00, 86.13, 86.15, 86.12, 86.12, 2051, 0.0
2021-05-25 10:25:00, 86.13, 86.145, 86.1, 86.1, 1653, 0.0
2021-05-25 10:30:00, 86.1, 86.135, 86.1, 86.115, 1441, 0.0
2021-05-25 10:35:00, 86.06, 86.06, 86.05, 86.05, 1394, 0.0
2021-05-25 10:40:00, 86.1, 86.125, 86.1, 86.105, 3878, 0.0
2021-05-25 10:45:00, 86.01, 86.01, 86.01, 86.01, 114, 0.0
2021-05-25 10:55:00, 86.01, 86.01, 86.01, 86.01, 276, 0.0
2021-05-25 11:00:00, 86.06, 86.08, 86.06, 86.08, 438, 0.0
2021-05-25 11:05:00, 86.07, 86.14, 86.07, 86.14, 2510, 0.0
2021-05-25 11:10:00, 86.12, 86.135, 86.115, 86.135, 1146, 0.0
2021-05-25 11:15:00, 86.135, 86.195, 86.135, 86.195, 1182, 0.0
2021-05-25 11:20:00, 86.19, 86.195, 86.16, 86.16, 1628, 0.0
2021-05-25 11:25:00, 86.105, 86.115, 86.105, 86.105, 2015, 0.0
2021-05-25 11:30:00, 86.105, 86.13, 86.1, 86.1, 1217, 0.0
2021-05-25 11:35:00, 86.105, 86.105, 86.105, 86.105, 677, 0.0
2021-05-25 11:40:00, 86.105, 86.24, 86.1, 86.24, 3796, 0.0
2021-05-25 11:45:00, 86.24, 86.245, 86.205, 86.205, 1309, 0.0
2021-05-25 11:50:00, 86.225, 86.245, 86.205, 86.245, 1390, 0.0
2021-05-25 11:55:00, 86.27, 86.27, 86.27, 86.27, 235, 0.0
2021-05-25 12:00:00, 86.24, 86.255, 86.17, 86.175, 2588, 0.0
2021-05-25 12:05:00, 86.195, 86.195, 86.09, 86.09, 6800, 0.0
2021-05-25 12:10:00, 86.1, 86.125, 86.095, 86.1, 2452, 0.0
2021-05-25 12:15:00, 86.105, 86.14, 86.105, 86.125, 2766, 0.0
2021-05-25 12:20:00, 86.075, 86.085, 86.075, 86.085, 658, 0.0
2021-05-25 12:25:00, 86.115, 86.135, 86.105, 86.135, 2384, 0.0
2021-05-25 12:30:00, 86.125, 86.125, 86.05, 86.05, 2574, 0.0
2021-05-25 12:35:00, 86.055, 86.06, 86.05, 86.05, 604, 0.0
2021-05-25 12:40:00, 85.99, 85.99, 85.99, 85.99, 100, 0.0
2021-05-25 12:45:00, 85.94, 85.94, 85.94, 85.94, 143, 0.0
2021-05-25 12:50:00, 85.96, 85.96, 85.96, 85.96, 116, 0.0
2021-05-25 12:55:00, 85.93, 85.93, 85.93, 85.93, 110, 0.0
2021-05-25 13:00:00, 85.86, 85.86, 85.85, 85.85, 418, 0.0
2021-05-25 13:05:00, 85.93, 85.93, 85.91, 85.91, 453, 0.0
2021-05-25 13:10:00, 85.84, 85.84, 85.82, 85.83, 420, 0.0
2021-05-25 13:15:00, 85.79, 85.795, 85.73, 85.73, 1076, 0.0
2021-05-25 13:20:00, 85.71, 85.71, 85.71, 85.71, 125, 0.0
2021-05-25 13:25:00, 85.715, 85.725, 85.715, 85.715, 462, 0.0
2021-05-25 13:30:00, 85.73, 85.76, 85.73, 85.76, 805, 0.0
2021-05-25 13:40:00, 85.785, 85.785, 85.74, 85.74, 461, 0.0
2021-05-25 13:45:00, 85.765, 85.765, 85.76, 85.76, 220, 0.0
2021-05-25 13:50:00, 85.78, 85.85, 85.78, 85.8, 862, 0.0
2021-05-25 13:55:00, 85.82, 85.82, 85.805, 85.805, 413, 0.0
2021-05-25 14:00:00, 85.81, 85.81, 85.77, 85.78, 868, 0.0
2021-05-25 14:05:00, 85.79, 85.795, 85.72, 85.72, 511, 0.0
2021-05-25 14:10:00, 85.75, 85.75, 85.75, 85.75, 110, 0.0
2021-05-25 14:15:00, 85.77, 85.77, 85.75, 85.75, 1437, 0.0
2021-05-25 14:20:00, 85.78, 85.86, 85.78, 85.86, 569, 0.0
2021-05-25 14:25:00, 85.94, 85.94, 85.915, 85.92, 847, 0.0
2021-05-25 14:30:00, 85.905, 85.95, 85.89, 85.89, 1246, 0.0
2021-05-25 14:35:00, 85.885, 85.91, 85.88, 85.91, 778, 0.0
2021-05-25 14:40:00, 85.95, 86.03, 85.95, 85.98, 1550, 0.0
2021-05-25 14:45:00, 85.995, 86.005, 85.915, 85.915, 2442, 0.0
2021-05-25 14:50:00, 85.9, 85.915, 85.835, 85.85, 2955, 0.0
2021-05-25 14:55:00, 85.91, 85.96, 85.905, 85.94, 13891, 0.0
2021-05-26 08:30:00, 86.055, 86.055, 85.87, 85.97, 1585, 0.0
2021-05-26 08:35:00, 86.06, 86.09, 85.77, 85.87, 1924, 0.0
2021-05-26 08:40:00, 86, 86.17, 85.91, 85.93, 5946, 0.0
2021-05-26 08:45:00, 85.76, 85.76, 85.6, 85.72, 1534, 0.0
2021-05-26 08:50:00, 85.71, 85.71, 85.71, 85.71, 198, 0.0
2021-05-26 08:55:00, 85.755, 85.755, 85.585, 85.66, 978, 0.0
2021-05-26 09:00:00, 85.73, 85.77, 85.72, 85.74, 770, 0.0
2021-05-26 09:05:00, 85.66, 85.68, 85.645, 85.66, 765, 0.0
2021-05-26 09:10:00, 85.68, 85.68, 85.68, 85.68, 747, 0.0
2021-05-26 09:15:00, 85.63, 85.67, 85.63, 85.65, 600, 0.0
2021-05-26 09:20:00, 85.77, 85.78, 85.73, 85.73, 1099, 0.0
2021-05-26 09:25:00, 85.76, 85.76, 85.66, 85.66, 1007, 0.0
2021-05-26 09:30:00, 85.62, 85.74, 85.62, 85.74, 903, 0.0
2021-05-26 09:35:00, 85.745, 85.88, 85.745, 85.83, 1363, 0.0
2021-05-26 09:40:00, 85.84, 85.865, 85.815, 85.865, 512, 0.0
2021-05-26 09:45:00, 85.9, 85.915, 85.83, 85.83, 531, 0.0
2021-05-26 09:50:00, 85.74, 85.75, 85.71, 85.75, 526, 0.0
2021-05-26 09:55:00, 85.77, 85.83, 85.77, 85.83, 326, 0.0
2021-05-26 10:00:00, 85.9, 85.9, 85.9, 85.9, 205, 0.0
2021-05-26 10:05:00, 85.935, 85.935, 85.9, 85.9, 2809, 0.0
2021-05-26 10:10:00, 85.89, 85.92, 85.87, 85.92, 713, 0.0
2021-05-26 10:15:00, 85.875, 85.875, 85.85, 85.85, 407, 0.0
2021-05-26 10:20:00, 85.88, 85.91, 85.88, 85.91, 1050, 0.0
2021-05-26 10:25:00, 85.93, 85.94, 85.93, 85.94, 201, 0.0
2021-05-26 10:30:00, 85.91, 85.99, 85.91, 85.96, 1125, 0.0
2021-05-26 10:35:00, 85.94, 85.96, 85.94, 85.96, 1310, 0.0
2021-05-26 10:40:00, 85.9, 85.9, 85.89, 85.9, 337, 0.0
