Date, Open, High, Low, Close, Volume, Open Interest
2021-05-21 13:19:00, 80.96, 80.97, 80.96, 80.97, 1000, 0.0
2021-05-21 13:20:00, 80.97, 80.97, 80.97, 80.97, 504, 0.0
2021-05-21 13:21:00, 80.98, 80.98, 80.98, 80.98, 204, 0.0
2021-05-21 13:22:00, 80.97, 80.97, 80.97, 80.97, 111, 0.0
2021-05-21 13:23:00, 80.995, 81.02, 80.995, 81.02, 1200, 0.0
2021-05-21 13:24:00, 80.98, 80.98, 80.98, 80.98, 200, 0.0
2021-05-21 13:25:00, 80.98, 80.98, 80.975, 80.975, 205, 0.0
2021-05-21 13:26:00, 80.955, 80.955, 80.95, 80.95, 315, 0.0
2021-05-21 13:27:00, 80.96, 80.96, 80.87, 80.87, 2600, 0.0
2021-05-21 13:28:00, 80.8, 80.82, 80.78, 80.82, 1027, 0.0
2021-05-21 13:29:00, 80.85, 80.85, 80.85, 80.85, 459, 0.0
2021-05-21 13:30:00, 80.89, 80.92, 80.89, 80.91, 702, 0.0
2021-05-21 13:31:00, 80.9, 80.94, 80.9, 80.94, 802, 0.0
2021-05-21 13:32:00, 80.96, 80.985, 80.96, 80.985, 1019, 0.0
2021-05-21 13:33:00, 80.92, 80.92, 80.92, 80.92, 867, 0.0
2021-05-21 13:34:00, 80.87, 80.87, 80.85, 80.85, 401, 0.0
2021-05-21 13:35:00, 80.85, 80.85, 80.85, 80.85, 173, 0.0
2021-05-21 13:36:00, 80.825, 80.825, 80.815, 80.815, 303, 0.0
2021-05-21 13:37:00, 80.835, 80.835, 80.83, 80.83, 400, 0.0
2021-05-21 13:38:00, 80.8, 80.81, 80.64, 80.64, 1335, 0.0
2021-05-21 13:39:00, 80.67, 80.71, 80.67, 80.71, 1522, 0.0
2021-05-21 13:40:00, 80.71, 80.81, 80.71, 80.78, 2314, 0.0
2021-05-21 13:41:00, 80.775, 80.775, 80.74, 80.745, 400, 0.0
2021-05-21 13:42:00, 80.77, 80.8, 80.77, 80.785, 820, 0.0
2021-05-21 13:44:00, 80.71, 80.71, 80.71, 80.71, 186, 0.0
2021-05-21 13:45:00, 80.69, 80.69, 80.65, 80.65, 1101, 0.0
2021-05-21 13:46:00, 80.73, 80.73, 80.72, 80.72, 599, 0.0
2021-05-21 13:47:00, 80.71, 80.725, 80.71, 80.725, 301, 0.0
2021-05-21 13:48:00, 80.71, 80.71, 80.7, 80.7, 885, 0.0
2021-05-21 13:49:00, 80.7, 80.71, 80.7, 80.7, 701, 0.0
2021-05-21 13:50:00, 80.74, 80.74, 80.73, 80.73, 402, 0.0
2021-05-21 13:51:00, 80.73, 80.73, 80.73, 80.73, 443, 0.0
2021-05-21 13:52:00, 80.745, 80.77, 80.74, 80.74, 720, 0.0
2021-05-21 13:53:00, 80.78, 80.78, 80.76, 80.77, 800, 0.0
2021-05-21 13:54:00, 80.78, 80.78, 80.78, 80.78, 105, 0.0
2021-05-21 13:55:00, 80.79, 80.8, 80.78, 80.79, 802, 0.0
2021-05-21 13:56:00, 80.82, 80.84, 80.81, 80.84, 889, 0.0
2021-05-21 13:57:00, 80.895, 80.895, 80.78, 80.82, 900, 0.0
2021-05-21 14:00:00, 80.84, 80.855, 80.81, 80.81, 500, 0.0
2021-05-21 14:01:00, 80.81, 80.81, 80.81, 80.81, 101, 0.0
2021-05-21 14:02:00, 80.8, 80.8, 80.8, 80.8, 300, 0.0
2021-05-21 14:03:00, 80.76, 80.78, 80.76, 80.78, 602, 0.0
2021-05-21 14:04:00, 80.76, 80.77, 80.73, 80.76, 1193, 0.0
2021-05-21 14:05:00, 80.79, 80.81, 80.78, 80.78, 1954, 0.0
2021-05-21 14:06:00, 80.76, 80.76, 80.73, 80.74, 1101, 0.0
2021-05-21 14:07:00, 80.75, 80.76, 80.75, 80.76, 404, 0.0
2021-05-21 14:08:00, 80.75, 80.77, 80.75, 80.77, 499, 0.0
2021-05-21 14:09:00, 80.77, 80.77, 80.77, 80.77, 300, 0.0
2021-05-21 14:10:00, 80.75, 80.8, 80.75, 80.8, 1732, 0.0
2021-05-21 14:11:00, 80.83, 80.87, 80.83, 80.85, 905, 0.0
2021-05-21 14:12:00, 80.86, 80.87, 80.86, 80.87, 200, 0.0
2021-05-21 14:14:00, 80.86, 80.86, 80.86, 80.86, 239, 0.0
2021-05-21 14:16:00, 80.87, 80.9, 80.86, 80.86, 800, 0.0
2021-05-21 14:17:00, 80.87, 80.87, 80.86, 80.86, 812, 0.0
2021-05-21 14:18:00, 80.84, 80.87, 80.84, 80.865, 1319, 0.0
2021-05-21 14:19:00, 80.87, 80.87, 80.86, 80.86, 230, 0.0
2021-05-21 14:20:00, 80.85, 80.85, 80.85, 80.85, 300, 0.0
2021-05-21 14:21:00, 80.88, 80.88, 80.87, 80.87, 905, 0.0
2021-05-21 14:22:00, 80.86, 80.86, 80.86, 80.86, 396, 0.0
2021-05-21 14:23:00, 80.85, 80.87, 80.85, 80.86, 800, 0.0
2021-05-21 14:24:00, 80.86, 80.88, 80.86, 80.87, 1089, 0.0
2021-05-21 14:25:00, 80.85, 80.9, 80.82, 80.9, 1126, 0.0
2021-05-21 14:26:00, 80.92, 80.93, 80.91, 80.93, 1200, 0.0
2021-05-21 14:27:00, 80.92, 80.935, 80.91, 80.93, 1357, 0.0
2021-05-21 14:28:00, 80.94, 80.95, 80.94, 80.95, 290, 0.0
2021-05-21 14:29:00, 80.92, 80.92, 80.92, 80.92, 762, 0.0
2021-05-21 14:30:00, 80.92, 80.93, 80.9, 80.9, 1282, 0.0
2021-05-21 14:31:00, 80.87, 80.88, 80.82, 80.86, 1616, 0.0
2021-05-21 14:32:00, 80.87, 80.87, 80.78, 80.78, 617, 0.0
2021-05-21 14:33:00, 80.795, 80.82, 80.78, 80.78, 825, 0.0
2021-05-21 14:34:00, 80.72, 80.73, 80.71, 80.73, 1993, 0.0
2021-05-21 14:35:00, 80.74, 80.79, 80.73, 80.79, 1747, 0.0
2021-05-21 14:36:00, 80.81, 80.83, 80.81, 80.81, 1243, 0.0
2021-05-21 14:37:00, 80.81, 80.825, 80.8, 80.82, 898, 0.0
2021-05-21 14:38:00, 80.8, 80.8, 80.77, 80.77, 1658, 0.0
2021-05-21 14:39:00, 80.78, 80.78, 80.75, 80.75, 1279, 0.0
2021-05-21 14:40:00, 80.71, 80.76, 80.69, 80.75, 1987, 0.0
2021-05-21 14:41:00, 80.73, 80.74, 80.7, 80.7, 947, 0.0
2021-05-21 14:42:00, 80.7, 80.7, 80.68, 80.7, 902, 0.0
2021-05-21 14:43:00, 80.7, 80.7, 80.65, 80.69, 413, 0.0
2021-05-21 14:44:00, 80.68, 80.69, 80.65, 80.66, 1043, 0.0
2021-05-21 14:45:00, 80.6, 80.62, 80.59, 80.62, 1203, 0.0
2021-05-21 14:46:00, 80.615, 80.62, 80.585, 80.59, 1326, 0.0
2021-05-21 14:47:00, 80.615, 80.63, 80.605, 80.605, 657, 0.0
2021-05-21 14:48:00, 80.605, 80.61, 80.58, 80.6, 2284, 0.0
2021-05-21 14:49:00, 80.6, 80.68, 80.6, 80.68, 2569, 0.0
2021-05-21 14:50:00, 80.67, 80.77, 80.67, 80.77, 2748, 0.0
2021-05-21 14:51:00, 80.78, 80.78, 80.7, 80.7, 5632, 0.0
2021-05-21 14:52:00, 80.72, 80.785, 80.72, 80.78, 3922, 0.0
2021-05-21 14:53:00, 80.79, 80.81, 80.75, 80.77, 2269, 0.0
2021-05-21 14:54:00, 80.78, 80.78, 80.68, 80.78, 5045, 0.0
2021-05-21 14:55:00, 80.76, 80.78, 80.7, 80.7, 3534, 0.0
2021-05-21 14:56:00, 80.71, 80.77, 80.71, 80.71, 2254, 0.0
2021-05-21 14:57:00, 80.735, 80.76, 80.72, 80.755, 2945, 0.0
2021-05-21 14:58:00, 80.74, 80.75, 80.695, 80.7, 2594, 0.0
2021-05-21 14:59:00, 80.69, 80.74, 80.66, 80.7, 6345, 0.0
2021-05-24 07:48:00, 81.27, 81.27, 81.27, 81.27, 100, 0.0
2021-05-24 07:50:00, 81.25, 81.25, 81.25, 81.25, 100, 0.0
2021-05-24 08:23:00, 81.27, 81.27, 81.27, 81.27, 790, 0.0
2021-05-24 08:30:00, 81.46, 81.66, 81.38, 81.62, 3836, 0.0
2021-05-24 08:31:00, 81.5, 81.66, 81.41, 81.66, 3315, 0.0
2021-05-24 08:32:00, 81.73, 81.805, 81.59, 81.59, 4332, 0.0
2021-05-24 08:33:00, 81.64, 81.84, 81.64, 81.77, 7788, 0.0
2021-05-24 08:34:00, 81.81, 82.02, 81.81, 82.01, 2984, 0.0
2021-05-24 08:35:00, 82.17, 82.39, 82.17, 82.35, 5505, 0.0
2021-05-24 08:36:00, 82.41, 82.45, 82.29, 82.3, 2629, 0.0
2021-05-24 08:37:00, 82.33, 82.49, 82.33, 82.49, 2245, 0.0
2021-05-24 08:38:00, 82.52, 82.52, 82.43, 82.46, 1727, 0.0
2021-05-24 08:39:00, 82.51, 82.61, 82.5, 82.51, 1441, 0.0
2021-05-24 08:40:00, 82.51, 82.73, 82.51, 82.72, 1779, 0.0
2021-05-24 08:41:00, 82.69, 82.73, 82.56, 82.72, 3307, 0.0
2021-05-24 08:42:00, 82.715, 82.78, 82.715, 82.72, 1857, 0.0
2021-05-24 08:43:00, 82.705, 82.86, 82.705, 82.86, 1137, 0.0
2021-05-24 08:44:00, 82.85, 82.92, 82.79, 82.805, 7513, 0.0
2021-05-24 08:45:00, 82.84, 82.95, 82.79, 82.79, 6457, 0.0
2021-05-24 08:46:00, 82.78, 83.15, 82.78, 83.09, 6082, 0.0
2021-05-24 08:47:00, 83.18, 83.24, 83.14, 83.23, 3302, 0.0
2021-05-24 08:48:00, 83.22, 83.25, 83.03, 83.03, 9424, 0.0
2021-05-24 08:49:00, 83.19, 83.225, 83.13, 83.13, 2809, 0.0
2021-05-24 08:50:00, 83.15, 83.28, 83.15, 83.24, 2685, 0.0
2021-05-24 08:51:00, 83.26, 83.335, 83.25, 83.28, 1821, 0.0
2021-05-24 08:52:00, 83.32, 83.4, 83.28, 83.29, 3112, 0.0
2021-05-24 08:53:00, 83.295, 83.425, 83.28, 83.42, 5836, 0.0
2021-05-24 08:54:00, 83.41, 83.41, 83.25, 83.25, 5162, 0.0
2021-05-24 08:55:00, 83.22, 83.3, 83.15, 83.3, 3226, 0.0
2021-05-24 08:56:00, 83.24, 83.24, 83.1, 83.1, 1789, 0.0
2021-05-24 08:57:00, 83.08, 83.08, 83.04, 83.06, 832, 0.0
2021-05-24 08:58:00, 83.04, 83.04, 82.87, 82.87, 1373, 0.0
2021-05-24 08:59:00, 82.875, 82.88, 82.805, 82.805, 501, 0.0
2021-05-24 09:00:00, 82.93, 82.97, 82.92, 82.955, 1628, 0.0
2021-05-24 09:01:00, 82.975, 82.975, 82.85, 82.85, 1448, 0.0
2021-05-24 09:02:00, 82.77, 82.805, 82.72, 82.74, 1138, 0.0
2021-05-24 09:03:00, 82.76, 82.82, 82.76, 82.82, 735, 0.0
2021-05-24 09:04:00, 82.78, 82.78, 82.68, 82.72, 1132, 0.0
2021-05-24 09:05:00, 82.71, 82.775, 82.645, 82.655, 1073, 0.0
2021-05-24 09:06:00, 82.72, 82.79, 82.69, 82.79, 1002, 0.0
2021-05-24 09:07:00, 82.955, 82.97, 82.78, 82.78, 1587, 0.0
2021-05-24 09:08:00, 82.785, 82.85, 82.785, 82.815, 1342, 0.0
2021-05-24 09:09:00, 82.85, 82.89, 82.77, 82.77, 920, 0.0
2021-05-24 09:10:00, 82.81, 82.895, 82.78, 82.895, 1057, 0.0
2021-05-24 09:11:00, 82.93, 82.96, 82.89, 82.89, 1309, 0.0
2021-05-24 09:12:00, 82.93, 82.93, 82.835, 82.835, 1012, 0.0
2021-05-24 09:13:00, 82.855, 82.88, 82.84, 82.85, 1100, 0.0
2021-05-24 09:14:00, 82.87, 82.95, 82.84, 82.95, 1884, 0.0
2021-05-24 09:15:00, 82.94, 82.94, 82.88, 82.93, 2744, 0.0
2021-05-24 09:16:00, 82.935, 83.02, 82.92, 83.01, 5480, 0.0
2021-05-24 09:17:00, 83.04, 83.105, 83.04, 83.105, 974, 0.0
2021-05-24 09:18:00, 83.14, 83.14, 82.97, 82.97, 1121, 0.0
2021-05-24 09:19:00, 82.97, 82.97, 82.87, 82.9, 912, 0.0
2021-05-24 09:20:00, 82.83, 82.915, 82.83, 82.91, 1932, 0.0
2021-05-24 09:21:00, 82.94, 82.96, 82.94, 82.94, 1339, 0.0
2021-05-24 09:22:00, 82.985, 82.99, 82.875, 82.875, 908, 0.0
2021-05-24 09:23:00, 82.82, 82.97, 82.81, 82.96, 1504, 0.0
2021-05-24 09:24:00, 82.93, 82.935, 82.91, 82.935, 732, 0.0
2021-05-24 09:25:00, 82.84, 82.88, 82.83, 82.88, 602, 0.0
2021-05-24 09:26:00, 82.82, 82.82, 82.81, 82.81, 390, 0.0
2021-05-24 09:27:00, 82.79, 82.79, 82.65, 82.65, 740, 0.0
2021-05-24 09:28:00, 82.63, 82.71, 82.61, 82.7, 985, 0.0
2021-05-24 09:29:00, 82.7, 82.7, 82.665, 82.665, 600, 0.0
2021-05-24 09:30:00, 82.69, 82.77, 82.66, 82.755, 1024, 0.0
2021-05-24 09:31:00, 82.78, 82.79, 82.71, 82.71, 1028, 0.0
2021-05-24 09:32:00, 82.69, 82.745, 82.68, 82.74, 1408, 0.0
2021-05-24 09:33:00, 82.775, 82.83, 82.775, 82.83, 727, 0.0
2021-05-24 09:34:00, 82.88, 82.88, 82.83, 82.86, 1033, 0.0
2021-05-24 09:35:00, 82.855, 82.855, 82.83, 82.83, 836, 0.0
2021-05-24 09:36:00, 82.87, 82.9, 82.87, 82.9, 5090, 0.0
2021-05-24 09:37:00, 83.01, 83.01, 82.99, 82.99, 414, 0.0
2021-05-24 09:38:00, 83, 83.065, 83, 83.06, 691, 0.0
2021-05-24 09:39:00, 83.03, 83.09, 83.01, 83.09, 866, 0.0
2021-05-24 09:40:00, 83.105, 83.11, 83, 83, 1365, 0.0
2021-05-24 09:41:00, 83.03, 83.03, 83, 83.005, 1345, 0.0
2021-05-24 09:42:00, 82.985, 83.03, 82.955, 83.005, 7998, 0.0
2021-05-24 09:43:00, 83.01, 83.01, 82.94, 82.94, 798, 0.0
2021-05-24 09:44:00, 82.96, 82.96, 82.91, 82.91, 810, 0.0
2021-05-24 09:45:00, 82.92, 82.94, 82.9, 82.9, 1091, 0.0
2021-05-24 09:46:00, 82.89, 82.935, 82.89, 82.92, 1316, 0.0
2021-05-24 09:47:00, 82.95, 82.95, 82.84, 82.84, 853, 0.0
2021-05-24 09:48:00, 82.84, 82.85, 82.83, 82.85, 1394, 0.0
2021-05-24 09:49:00, 82.84, 82.84, 82.835, 82.835, 522, 0.0
2021-05-24 09:50:00, 82.77, 82.805, 82.77, 82.79, 1099, 0.0
2021-05-24 09:51:00, 82.81, 82.83, 82.78, 82.78, 1356, 0.0
2021-05-24 09:52:00, 82.745, 82.76, 82.62, 82.65, 1821, 0.0
2021-05-24 09:53:00, 82.67, 82.67, 82.6, 82.6, 1207, 0.0
2021-05-24 09:54:00, 82.6, 82.65, 82.6, 82.65, 1085, 0.0
2021-05-24 09:55:00, 82.64, 82.72, 82.64, 82.695, 638, 0.0
2021-05-24 09:56:00, 82.725, 82.785, 82.725, 82.785, 1030, 0.0
2021-05-24 09:57:00, 82.795, 82.8, 82.73, 82.73, 805, 0.0
2021-05-24 09:59:00, 82.585, 82.59, 82.47, 82.48, 1807, 0.0
2021-05-24 10:00:00, 82.57, 82.57, 82.49, 82.5, 1485, 0.0
2021-05-24 10:01:00, 82.5, 82.54, 82.5, 82.53, 669, 0.0
2021-05-24 10:02:00, 82.51, 82.61, 82.47, 82.6, 2333, 0.0
2021-05-24 10:03:00, 82.62, 82.62, 82.62, 82.62, 160, 0.0
2021-05-24 10:04:00, 82.6, 82.6, 82.6, 82.6, 773, 0.0
2021-05-24 10:05:00, 82.595, 82.61, 82.57, 82.61, 723, 0.0
2021-05-24 10:07:00, 82.73, 82.75, 82.73, 82.75, 830, 0.0
2021-05-24 10:08:00, 82.78, 82.8, 82.765, 82.765, 1160, 0.0
2021-05-24 10:09:00, 82.71, 82.725, 82.7, 82.725, 620, 0.0
2021-05-24 10:10:00, 82.695, 82.695, 82.695, 82.695, 287, 0.0
2021-05-24 10:11:00, 82.725, 82.745, 82.68, 82.68, 1046, 0.0
2021-05-24 10:12:00, 82.665, 82.665, 82.64, 82.66, 453, 0.0
2021-05-24 10:13:00, 82.77, 82.81, 82.755, 82.775, 1335, 0.0
2021-05-24 10:14:00, 82.86, 82.93, 82.86, 82.93, 1107, 0.0
2021-05-24 10:15:00, 82.945, 82.945, 82.9, 82.915, 1816, 0.0
2021-05-24 10:16:00, 82.905, 82.93, 82.905, 82.92, 1221, 0.0
2021-05-24 10:17:00, 82.89, 82.89, 82.875, 82.88, 780, 0.0
2021-05-24 10:18:00, 82.905, 82.905, 82.84, 82.84, 600, 0.0
2021-05-24 10:19:00, 82.87, 82.88, 82.85, 82.85, 851, 0.0
2021-05-24 10:20:00, 82.83, 82.86, 82.82, 82.84, 1142, 0.0
2021-05-24 10:21:00, 82.85, 82.865, 82.82, 82.82, 820, 0.0
2021-05-24 10:22:00, 82.81, 82.81, 82.74, 82.74, 864, 0.0
2021-05-24 10:23:00, 82.75, 82.83, 82.75, 82.81, 1325, 0.0
2021-05-24 10:24:00, 82.87, 82.87, 82.81, 82.81, 832, 0.0
2021-05-24 10:25:00, 82.82, 82.86, 82.81, 82.86, 756, 0.0
2021-05-24 10:26:00, 82.91, 82.91, 82.89, 82.89, 512, 0.0
2021-05-24 10:27:00, 82.89, 82.94, 82.89, 82.93, 1225, 0.0
2021-05-24 10:28:00, 82.94, 82.94, 82.89, 82.89, 727, 0.0
2021-05-24 10:29:00, 82.97, 82.97, 82.925, 82.94, 1271, 0.0
2021-05-24 10:30:00, 82.945, 82.945, 82.86, 82.88, 811, 0.0
2021-05-24 10:31:00, 82.86, 82.86, 82.86, 82.86, 269, 0.0
2021-05-24 10:32:00, 82.88, 82.9, 82.88, 82.9, 769, 0.0
2021-05-24 10:33:00, 82.96, 83.02, 82.96, 83, 1265, 0.0
2021-05-24 10:34:00, 83.03, 83.04, 82.99, 82.99, 1091, 0.0
2021-05-24 10:35:00, 83, 83.01, 83, 83.01, 415, 0.0
2021-05-24 10:36:00, 83.015, 83.015, 82.93, 82.93, 1056, 0.0
2021-05-24 10:37:00, 82.915, 82.935, 82.915, 82.935, 360, 0.0
2021-05-24 10:38:00, 82.92, 82.925, 82.855, 82.855, 1474, 0.0
2021-05-24 10:39:00, 82.81, 82.855, 82.8, 82.855, 1046, 0.0
2021-05-24 10:40:00, 82.84, 82.85, 82.84, 82.85, 502, 0.0
2021-05-24 10:41:00, 82.85, 82.9, 82.83, 82.9, 920, 0.0
2021-05-24 10:42:00, 82.9, 82.92, 82.895, 82.895, 1469, 0.0
2021-05-24 10:43:00, 82.945, 82.945, 82.93, 82.93, 1645, 0.0
2021-05-24 10:44:00, 82.91, 82.95, 82.91, 82.92, 1462, 0.0
2021-05-24 10:45:00, 82.93, 82.93, 82.91, 82.93, 705, 0.0
2021-05-24 10:46:00, 82.97, 82.97, 82.955, 82.955, 715, 0.0
2021-05-24 10:47:00, 82.95, 83.015, 82.95, 83.015, 901, 0.0
2021-05-24 10:48:00, 83.03, 83.1, 83.03, 83.1, 1810, 0.0
2021-05-24 10:49:00, 83.145, 83.145, 83.09, 83.11, 1302, 0.0
2021-05-24 10:50:00, 83.145, 83.145, 83.07, 83.13, 2415, 0.0
2021-05-24 10:51:00, 83.145, 83.145, 83.09, 83.09, 1142, 0.0
2021-05-24 10:52:00, 83.09, 83.155, 83.09, 83.09, 2449, 0.0
2021-05-24 10:53:00, 83.1, 83.12, 83.085, 83.12, 555, 0.0
2021-05-24 10:54:00, 83.145, 83.145, 83.125, 83.14, 648, 0.0
2021-05-24 10:55:00, 83.12, 83.145, 83.12, 83.145, 1080, 0.0
2021-05-24 10:56:00, 83.15, 83.17, 83.14, 83.17, 706, 0.0
2021-05-24 10:57:00, 83.19, 83.27, 83.19, 83.25, 1670, 0.0
2021-05-24 10:58:00, 83.25, 83.25, 83.21, 83.22, 1431, 0.0
2021-05-24 10:59:00, 83.26, 83.275, 83.25, 83.27, 914, 0.0
2021-05-24 11:00:00, 83.27, 83.38, 83.26, 83.295, 3269, 0.0
2021-05-24 11:01:00, 83.29, 83.31, 83.28, 83.28, 739, 0.0
2021-05-24 11:02:00, 83.26, 83.3, 83.25, 83.295, 833, 0.0
2021-05-24 11:03:00, 83.33, 83.33, 83.295, 83.3, 1616, 0.0
2021-05-24 11:04:00, 83.31, 83.32, 83.31, 83.31, 603, 0.0
2021-05-24 11:05:00, 83.305, 83.345, 83.305, 83.33, 1770, 0.0
2021-05-24 11:06:00, 83.33, 83.33, 83.29, 83.29, 308, 0.0
2021-05-24 11:07:00, 83.26, 83.27, 83.26, 83.26, 514, 0.0
2021-05-24 11:08:00, 83.28, 83.29, 83.27, 83.27, 622, 0.0
2021-05-24 11:09:00, 83.27, 83.27, 83.26, 83.26, 543, 0.0
2021-05-24 11:10:00, 83.22, 83.22, 83.2, 83.2, 366, 0.0
2021-05-24 11:11:00, 83.22, 83.225, 83.22, 83.22, 434, 0.0
2021-05-24 11:12:00, 83.2, 83.215, 83.2, 83.215, 786, 0.0
2021-05-24 11:13:00, 83.235, 83.245, 83.23, 83.235, 416, 0.0
2021-05-24 11:14:00, 83.22, 83.22, 83.205, 83.21, 502, 0.0
2021-05-24 11:15:00, 83.2, 83.23, 83.2, 83.23, 737, 0.0
2021-05-24 11:16:00, 83.26, 83.29, 83.255, 83.26, 556, 0.0
2021-05-24 11:17:00, 83.26, 83.26, 83.26, 83.26, 410, 0.0
2021-05-24 11:18:00, 83.24, 83.255, 83.24, 83.25, 600, 0.0
2021-05-24 11:19:00, 83.255, 83.27, 83.25, 83.27, 1652, 0.0
2021-05-24 11:20:00, 83.285, 83.31, 83.285, 83.31, 1214, 0.0
2021-05-24 11:21:00, 83.275, 83.31, 83.275, 83.31, 502, 0.0
2021-05-24 11:22:00, 83.29, 83.31, 83.29, 83.3, 818, 0.0
2021-05-24 11:23:00, 83.3, 83.32, 83.295, 83.31, 1825, 0.0
2021-05-24 11:24:00, 83.29, 83.29, 83.275, 83.275, 609, 0.0
2021-05-24 11:25:00, 83.265, 83.265, 83.21, 83.225, 1000, 0.0
2021-05-24 11:26:00, 83.195, 83.205, 83.165, 83.165, 400, 0.0
2021-05-24 11:27:00, 83.185, 83.24, 83.185, 83.215, 1931, 0.0
2021-05-24 11:28:00, 83.2, 83.22, 83.2, 83.21, 843, 0.0
2021-05-24 11:29:00, 83.235, 83.26, 83.22, 83.26, 503, 0.0
2021-05-24 11:30:00, 83.29, 83.29, 83.285, 83.285, 520, 0.0
2021-05-24 11:31:00, 83.29, 83.295, 83.27, 83.29, 704, 0.0
2021-05-24 11:32:00, 83.275, 83.3, 83.265, 83.3, 1006, 0.0
2021-05-24 11:33:00, 83.3, 83.33, 83.3, 83.33, 501, 0.0
2021-05-24 11:34:00, 83.34, 83.34, 83.325, 83.325, 330, 0.0
2021-05-24 11:35:00, 83.345, 83.47, 83.345, 83.44, 1144, 0.0
2021-05-24 11:36:00, 83.43, 83.47, 83.43, 83.44, 1241, 0.0
2021-05-24 11:37:00, 83.485, 83.485, 83.485, 83.485, 619, 0.0
2021-05-24 11:38:00, 83.51, 83.54, 83.505, 83.53, 1474, 0.0
2021-05-24 11:39:00, 83.53, 83.55, 83.53, 83.55, 653, 0.0
2021-05-24 11:40:00, 83.585, 83.62, 83.52, 83.53, 5210, 0.0
2021-05-24 11:41:00, 83.525, 83.525, 83.42, 83.42, 1126, 0.0
2021-05-24 11:42:00, 83.425, 83.49, 83.425, 83.49, 902, 0.0
2021-05-24 11:44:00, 83.41, 83.435, 83.41, 83.435, 411, 0.0
2021-05-24 11:45:00, 83.41, 83.455, 83.39, 83.45, 1096, 0.0
2021-05-24 11:46:00, 83.405, 83.41, 83.405, 83.41, 310, 0.0
2021-05-24 11:47:00, 83.41, 83.41, 83.38, 83.39, 1141, 0.0
2021-05-24 11:48:00, 83.41, 83.41, 83.41, 83.41, 307, 0.0
2021-05-24 11:49:00, 83.415, 83.415, 83.41, 83.41, 204, 0.0
2021-05-24 11:50:00, 83.365, 83.365, 83.365, 83.365, 473, 0.0
2021-05-24 11:51:00, 83.405, 83.405, 83.355, 83.355, 542, 0.0
2021-05-24 11:52:00, 83.37, 83.37, 83.29, 83.29, 1322, 0.0
2021-05-24 11:53:00, 83.33, 83.345, 83.295, 83.295, 512, 0.0
2021-05-24 11:54:00, 83.285, 83.34, 83.285, 83.34, 510, 0.0
2021-05-24 11:55:00, 83.33, 83.33, 83.28, 83.28, 1104, 0.0
2021-05-24 11:56:00, 83.265, 83.29, 83.265, 83.29, 450, 0.0
2021-05-24 11:57:00, 83.295, 83.3, 83.28, 83.28, 1440, 0.0
2021-05-24 11:58:00, 83.28, 83.29, 83.245, 83.245, 1004, 0.0
2021-05-24 11:59:00, 83.24, 83.25, 83.24, 83.25, 614, 0.0
2021-05-24 12:00:00, 83.29, 83.33, 83.29, 83.32, 958, 0.0
2021-05-24 12:01:00, 83.31, 83.32, 83.31, 83.32, 1235, 0.0
2021-05-24 12:02:00, 83.325, 83.325, 83.32, 83.32, 459, 0.0
2021-05-24 12:03:00, 83.31, 83.315, 83.31, 83.315, 1114, 0.0
2021-05-24 12:04:00, 83.33, 83.33, 83.33, 83.33, 384, 0.0
2021-05-24 12:05:00, 83.245, 83.245, 83.235, 83.235, 415, 0.0
2021-05-24 12:06:00, 83.21, 83.22, 83.21, 83.215, 840, 0.0
2021-05-24 12:07:00, 83.23, 83.23, 83.14, 83.14, 1654, 0.0
2021-05-24 12:08:00, 83.14, 83.14, 83.01, 83.05, 2196, 0.0
2021-05-24 12:09:00, 83.08, 83.12, 83.08, 83.12, 627, 0.0
2021-05-24 12:10:00, 83.17, 83.17, 83.17, 83.17, 200, 0.0
2021-05-24 12:11:00, 83.18, 83.22, 83.18, 83.22, 1002, 0.0
2021-05-24 12:12:00, 83.225, 83.225, 83.205, 83.205, 302, 0.0
2021-05-24 12:13:00, 83.185, 83.185, 83.17, 83.17, 293, 0.0
2021-05-24 12:14:00, 83.185, 83.23, 83.185, 83.225, 521, 0.0
2021-05-24 12:15:00, 83.25, 83.25, 83.2, 83.22, 834, 0.0
2021-05-24 12:16:00, 83.18, 83.21, 83.17, 83.21, 576, 0.0
2021-05-24 12:17:00, 83.235, 83.26, 83.235, 83.26, 1213, 0.0
2021-05-24 12:18:00, 83.24, 83.255, 83.24, 83.255, 806, 0.0
2021-05-24 12:19:00, 83.28, 83.28, 83.27, 83.27, 772, 0.0
2021-05-24 12:20:00, 83.255, 83.255, 83.205, 83.205, 731, 0.0
2021-05-24 12:21:00, 83.21, 83.21, 83.185, 83.185, 742, 0.0
2021-05-24 12:22:00, 83.19, 83.23, 83.19, 83.23, 502, 0.0
2021-05-24 12:23:00, 83.22, 83.24, 83.22, 83.24, 751, 0.0
2021-05-24 12:24:00, 83.265, 83.315, 83.265, 83.315, 768, 0.0
2021-05-24 12:25:00, 83.285, 83.285, 83.285, 83.285, 172, 0.0
2021-05-24 12:26:00, 83.275, 83.275, 83.27, 83.27, 770, 0.0
2021-05-24 12:27:00, 83.28, 83.295, 83.28, 83.29, 413, 0.0
2021-05-24 12:28:00, 83.305, 83.315, 83.295, 83.315, 481, 0.0
2021-05-24 12:29:00, 83.315, 83.315, 83.25, 83.25, 1602, 0.0
2021-05-24 12:30:00, 83.255, 83.265, 83.25, 83.265, 961, 0.0
2021-05-24 12:31:00, 83.265, 83.265, 83.265, 83.265, 316, 0.0
2021-05-24 12:32:00, 83.285, 83.35, 83.285, 83.345, 422, 0.0
2021-05-24 12:33:00, 83.35, 83.36, 83.345, 83.345, 1249, 0.0
2021-05-24 12:34:00, 83.355, 83.36, 83.355, 83.36, 640, 0.0
2021-05-24 12:35:00, 83.32, 83.34, 83.32, 83.34, 573, 0.0
2021-05-24 12:36:00, 83.31, 83.325, 83.31, 83.31, 613, 0.0
2021-05-24 12:37:00, 83.31, 83.33, 83.31, 83.33, 947, 0.0
2021-05-24 12:38:00, 83.33, 83.345, 83.33, 83.33, 342, 0.0
2021-05-24 12:39:00, 83.33, 83.34, 83.33, 83.34, 401, 0.0
2021-05-24 12:40:00, 83.33, 83.39, 83.33, 83.39, 988, 0.0
2021-05-24 12:41:00, 83.355, 83.355, 83.32, 83.32, 877, 0.0
2021-05-24 12:42:00, 83.31, 83.34, 83.31, 83.34, 525, 0.0
2021-05-24 12:43:00, 83.365, 83.39, 83.35, 83.385, 1438, 0.0
2021-05-24 12:44:00, 83.32, 83.325, 83.32, 83.325, 567, 0.0
2021-05-24 12:45:00, 83.34, 83.35, 83.335, 83.335, 1223, 0.0
2021-05-24 12:46:00, 83.315, 83.33, 83.315, 83.33, 401, 0.0
2021-05-24 12:47:00, 83.31, 83.31, 83.285, 83.285, 1084, 0.0
2021-05-24 12:48:00, 83.3, 83.31, 83.3, 83.31, 972, 0.0
2021-05-24 12:49:00, 83.31, 83.33, 83.295, 83.3, 1243, 0.0
2021-05-24 12:50:00, 83.3, 83.325, 83.295, 83.325, 572, 0.0
2021-05-24 12:51:00, 83.305, 83.305, 83.275, 83.29, 742, 0.0
2021-05-24 12:52:00, 83.26, 83.26, 83.26, 83.26, 470, 0.0
2021-05-24 12:54:00, 83.35, 83.36, 83.35, 83.36, 685, 0.0
2021-05-24 12:55:00, 83.34, 83.35, 83.315, 83.33, 1067, 0.0
2021-05-24 12:56:00, 83.335, 83.35, 83.33, 83.35, 412, 0.0
2021-05-24 12:57:00, 83.345, 83.345, 83.345, 83.345, 296, 0.0
2021-05-24 12:58:00, 83.335, 83.335, 83.325, 83.325, 415, 0.0
2021-05-24 12:59:00, 83.305, 83.305, 83.3, 83.3, 750, 0.0
2021-05-24 13:00:00, 83.315, 83.315, 83.28, 83.28, 943, 0.0
2021-05-24 13:01:00, 83.27, 83.27, 83.27, 83.27, 661, 0.0
2021-05-24 13:02:00, 83.265, 83.275, 83.25, 83.27, 543, 0.0
2021-05-24 13:03:00, 83.27, 83.35, 83.26, 83.335, 4013, 0.0
2021-05-24 13:04:00, 83.335, 83.435, 83.32, 83.33, 4225, 0.0
2021-05-24 13:05:00, 83.34, 83.39, 83.34, 83.35, 1277, 0.0
2021-05-24 13:06:00, 83.35, 83.36, 83.35, 83.355, 703, 0.0
2021-05-24 13:07:00, 83.355, 83.385, 83.355, 83.38, 619, 0.0
2021-05-24 13:08:00, 83.43, 83.44, 83.42, 83.425, 1246, 0.0
2021-05-24 13:09:00, 83.41, 83.41, 83.4, 83.4, 722, 0.0
2021-05-24 13:10:00, 83.38, 83.42, 83.375, 83.395, 2262, 0.0
2021-05-24 13:11:00, 83.375, 83.405, 83.35, 83.395, 3133, 0.0
2021-05-24 13:12:00, 83.375, 83.375, 83.25, 83.28, 1515, 0.0
2021-05-24 13:14:00, 83.25, 83.25, 83.21, 83.21, 1566, 0.0
2021-05-24 13:15:00, 83.19, 83.19, 83.19, 83.19, 327, 0.0
2021-05-24 13:16:00, 83.27, 83.275, 83.27, 83.275, 414, 0.0
2021-05-24 13:18:00, 83.235, 83.235, 83.235, 83.235, 252, 0.0
2021-05-24 13:19:00, 83.245, 83.355, 83.245, 83.355, 717, 0.0
2021-05-24 13:22:00, 83.34, 83.34, 83.34, 83.34, 422, 0.0
2021-05-24 13:23:00, 83.39, 83.44, 83.39, 83.44, 1153, 0.0
2021-05-24 13:25:00, 83.425, 83.425, 83.385, 83.385, 865, 0.0
2021-05-24 13:26:00, 83.39, 83.39, 83.38, 83.38, 523, 0.0
2021-05-24 13:27:00, 83.375, 83.375, 83.375, 83.375, 260, 0.0
2021-05-24 13:28:00, 83.315, 83.315, 83.295, 83.3, 700, 0.0
2021-05-24 13:29:00, 83.255, 83.26, 83.245, 83.26, 548, 0.0
2021-05-24 13:30:00, 83.235, 83.24, 83.235, 83.24, 532, 0.0
2021-05-24 13:31:00, 83.23, 83.23, 83.205, 83.21, 808, 0.0
2021-05-24 13:32:00, 83.225, 83.265, 83.225, 83.24, 995, 0.0
2021-05-24 13:33:00, 83.245, 83.255, 83.24, 83.24, 310, 0.0
2021-05-24 13:34:00, 83.235, 83.255, 83.21, 83.245, 818, 0.0
2021-05-24 13:35:00, 83.225, 83.245, 83.225, 83.24, 1636, 0.0
2021-05-24 13:36:00, 83.25, 83.25, 83.225, 83.225, 1111, 0.0
2021-05-24 13:37:00, 83.23, 83.24, 83.22, 83.22, 1673, 0.0
2021-05-24 13:38:00, 83.225, 83.25, 83.225, 83.25, 2612, 0.0
2021-05-24 13:39:00, 83.23, 83.23, 83.19, 83.19, 689, 0.0
2021-05-24 13:40:00, 83.175, 83.205, 83.175, 83.205, 295, 0.0
2021-05-24 13:41:00, 83.215, 83.22, 83.2, 83.21, 1200, 0.0
2021-05-24 13:42:00, 83.21, 83.255, 83.21, 83.255, 2714, 0.0
2021-05-24 13:43:00, 83.255, 83.26, 83.225, 83.225, 1700, 0.0
2021-05-24 13:44:00, 83.23, 83.245, 83.23, 83.235, 1411, 0.0
2021-05-24 13:45:00, 83.28, 83.31, 83.27, 83.31, 601, 0.0
2021-05-24 13:46:00, 83.35, 83.36, 83.35, 83.36, 913, 0.0
2021-05-24 13:47:00, 83.375, 83.39, 83.375, 83.38, 1064, 0.0
2021-05-24 13:48:00, 83.37, 83.38, 83.36, 83.36, 1236, 0.0
2021-05-24 13:49:00, 83.345, 83.365, 83.345, 83.365, 542, 0.0
2021-05-24 13:50:00, 83.375, 83.375, 83.29, 83.295, 1107, 0.0
2021-05-24 13:51:00, 83.26, 83.3, 83.255, 83.265, 1425, 0.0
2021-05-24 13:52:00, 83.285, 83.29, 83.27, 83.29, 621, 0.0
2021-05-24 13:53:00, 83.275, 83.28, 83.27, 83.27, 806, 0.0
2021-05-24 13:54:00, 83.31, 83.31, 83.26, 83.26, 1039, 0.0
2021-05-24 13:55:00, 83.28, 83.33, 83.275, 83.33, 1360, 0.0
2021-05-24 13:56:00, 83.36, 83.41, 83.36, 83.365, 906, 0.0
2021-05-24 13:57:00, 83.405, 83.425, 83.405, 83.42, 470, 0.0
2021-05-24 13:58:00, 83.43, 83.46, 83.415, 83.415, 839, 0.0
2021-05-24 13:59:00, 83.375, 83.38, 83.36, 83.375, 739, 0.0
2021-05-24 14:00:00, 83.41, 83.43, 83.41, 83.41, 724, 0.0
2021-05-24 14:01:00, 83.42, 83.43, 83.4, 83.415, 1050, 0.0
2021-05-24 14:02:00, 83.5, 83.505, 83.46, 83.46, 555, 0.0
2021-05-24 14:03:00, 83.435, 83.435, 83.42, 83.42, 357, 0.0
2021-05-24 14:04:00, 83.45, 83.49, 83.45, 83.47, 948, 0.0
2021-05-24 14:05:00, 83.45, 83.45, 83.4, 83.4, 642, 0.0
2021-05-24 14:06:00, 83.41, 83.44, 83.41, 83.41, 1026, 0.0
2021-05-24 14:08:00, 83.35, 83.4, 83.35, 83.4, 656, 0.0
2021-05-24 14:09:00, 83.4, 83.4, 83.4, 83.4, 122, 0.0
2021-05-24 14:10:00, 83.39, 83.39, 83.36, 83.36, 1442, 0.0
2021-05-24 14:11:00, 83.36, 83.38, 83.36, 83.38, 714, 0.0
2021-05-24 14:12:00, 83.365, 83.37, 83.36, 83.37, 712, 0.0
2021-05-24 14:13:00, 83.35, 83.35, 83.295, 83.31, 902, 0.0
2021-05-24 14:14:00, 83.31, 83.31, 83.31, 83.31, 426, 0.0
2021-05-24 14:15:00, 83.285, 83.285, 83.28, 83.28, 425, 0.0
2021-05-24 14:16:00, 83.21, 83.23, 83.21, 83.23, 561, 0.0
2021-05-24 14:18:00, 83.26, 83.27, 83.26, 83.26, 300, 0.0
2021-05-24 14:19:00, 83.25, 83.25, 83.245, 83.245, 397, 0.0
2021-05-24 14:20:00, 83.21, 83.24, 83.21, 83.24, 304, 0.0
2021-05-24 14:21:00, 83.24, 83.24, 83.18, 83.18, 909, 0.0
2021-05-24 14:22:00, 83.17, 83.17, 83.17, 83.17, 294, 0.0
2021-05-24 14:23:00, 83.16, 83.16, 83.13, 83.13, 843, 0.0
2021-05-24 14:24:00, 83.15, 83.16, 83.135, 83.14, 1088, 0.0
2021-05-24 14:25:00, 83.155, 83.215, 83.155, 83.195, 1273, 0.0
2021-05-24 14:26:00, 83.18, 83.185, 83.17, 83.17, 589, 0.0
2021-05-24 14:27:00, 83.17, 83.215, 83.17, 83.215, 700, 0.0
2021-05-24 14:28:00, 83.2, 83.22, 83.195, 83.205, 607, 0.0
2021-05-24 14:29:00, 83.175, 83.24, 83.17, 83.235, 940, 0.0
2021-05-24 14:30:00, 83.225, 83.25, 83.22, 83.25, 800, 0.0
2021-05-24 14:31:00, 83.265, 83.325, 83.265, 83.31, 1143, 0.0
2021-05-24 14:32:00, 83.325, 83.35, 83.29, 83.29, 2082, 0.0
2021-05-24 14:33:00, 83.265, 83.27, 83.2, 83.205, 1940, 0.0
2021-05-24 14:34:00, 83.18, 83.19, 83.12, 83.14, 2919, 0.0
2021-05-24 14:35:00, 83.18, 83.18, 83.11, 83.11, 1444, 0.0
2021-05-24 14:36:00, 83.12, 83.15, 83.12, 83.15, 617, 0.0
2021-05-24 14:37:00, 83.14, 83.15, 83.105, 83.11, 1026, 0.0
2021-05-24 14:38:00, 83.08, 83.08, 83.07, 83.075, 6266, 0.0
2021-05-24 14:39:00, 83.12, 83.14, 83.105, 83.105, 949, 0.0
2021-05-24 14:40:00, 83.115, 83.13, 83.09, 83.13, 1387, 0.0
2021-05-24 14:41:00, 83.14, 83.145, 83.1, 83.1, 1897, 0.0
2021-05-24 14:42:00, 83.085, 83.085, 83.03, 83.08, 3033, 0.0
2021-05-24 14:43:00, 83.075, 83.115, 83.075, 83.075, 2074, 0.0
2021-05-24 14:44:00, 83.075, 83.135, 83.075, 83.105, 1651, 0.0
2021-05-24 14:45:00, 83.095, 83.12, 83.075, 83.095, 3000, 0.0
2021-05-24 14:46:00, 83.125, 83.23, 83.125, 83.215, 2858, 0.0
2021-05-24 14:47:00, 83.23, 83.295, 83.16, 83.205, 3167, 0.0
2021-05-24 14:48:00, 83.205, 83.235, 83.18, 83.235, 1734, 0.0
2021-05-24 14:49:00, 83.245, 83.29, 83.24, 83.26, 2099, 0.0
2021-05-24 14:50:00, 83.23, 83.23, 82.965, 82.975, 4491, 0.0
2021-05-24 14:51:00, 82.98, 82.98, 82.935, 82.935, 2145, 0.0
2021-05-24 14:52:00, 82.95, 82.96, 82.935, 82.935, 2947, 0.0
2021-05-24 14:53:00, 82.94, 82.97, 82.935, 82.955, 1862, 0.0
2021-05-24 14:54:00, 82.97, 82.98, 82.92, 82.955, 3719, 0.0
2021-05-24 14:55:00, 82.945, 82.965, 82.895, 82.895, 2084, 0.0
2021-05-24 14:56:00, 82.87, 82.875, 82.85, 82.875, 4495, 0.0
2021-05-24 14:57:00, 82.875, 82.875, 82.815, 82.82, 4053, 0.0
2021-05-24 14:58:00, 82.845, 82.87, 82.835, 82.84, 4497, 0.0
2021-05-24 14:59:00, 82.82, 82.925, 82.82, 82.88, 7884, 0.0
2021-05-25 08:30:00, 83.61, 83.69, 83.3, 83.3, 11440, 0.0
2021-05-25 08:31:00, 83.37, 83.4, 83.23, 83.23, 1681, 0.0
2021-05-25 08:32:00, 83.23, 83.32, 83.12, 83.15, 2414, 0.0
2021-05-25 08:33:00, 83, 83.11, 82.91, 82.91, 2376, 0.0
2021-05-25 08:34:00, 82.81, 82.91, 82.67, 82.67, 3578, 0.0
2021-05-25 08:35:00, 82.68, 82.86, 82.48, 82.77, 4517, 0.0
2021-05-25 08:36:00, 82.8, 82.83, 82.68, 82.68, 3216, 0.0
2021-05-25 08:37:00, 82.83, 82.83, 82.75, 82.75, 1211, 0.0
2021-05-25 08:38:00, 82.69, 82.81, 82.66, 82.8, 2764, 0.0
2021-05-25 08:39:00, 82.75, 82.86, 82.75, 82.86, 1610, 0.0
2021-05-25 08:40:00, 82.84, 82.9, 82.77, 82.9, 2168, 0.0
2021-05-25 08:41:00, 82.9, 83.23, 82.9, 83.14, 4101, 0.0
2021-05-25 08:42:00, 83.19, 83.27, 83.02, 83.1, 2394, 0.0
2021-05-25 08:43:00, 83.13, 83.15, 82.99, 82.99, 1222, 0.0
2021-05-25 08:44:00, 83.01, 83.08, 83.01, 83.08, 915, 0.0
2021-05-25 08:45:00, 83.07, 83.2, 83.07, 83.2, 2490, 0.0
2021-05-25 08:46:00, 83, 83.19, 82.97, 83.19, 868, 0.0
2021-05-25 08:47:00, 83.2, 83.24, 83.15, 83.23, 1388, 0.0
2021-05-25 08:48:00, 83.16, 83.41, 83.16, 83.41, 1976, 0.0
2021-05-25 08:49:00, 83.42, 83.42, 83.36, 83.39, 779, 0.0
2021-05-25 08:50:00, 83.32, 83.38, 83.32, 83.32, 1264, 0.0
2021-05-25 08:51:00, 83.17, 83.19, 82.915, 82.92, 1898, 0.0
2021-05-25 08:52:00, 82.9, 82.91, 82.77, 82.77, 3834, 0.0
2021-05-25 08:53:00, 82.79, 82.83, 82.75, 82.83, 2016, 0.0
2021-05-25 08:54:00, 82.84, 82.885, 82.84, 82.87, 1267, 0.0
2021-05-25 08:55:00, 82.97, 83, 82.96, 82.97, 1000, 0.0
2021-05-25 08:56:00, 83.03, 83.04, 82.9, 82.94, 3075, 0.0
2021-05-25 08:57:00, 82.97, 83.02, 82.97, 82.99, 1774, 0.0
2021-05-25 08:58:00, 82.93, 82.93, 82.74, 82.74, 1976, 0.0
2021-05-25 08:59:00, 82.68, 82.78, 82.68, 82.765, 2697, 0.0
2021-05-25 09:00:00, 82.84, 82.88, 82.81, 82.86, 2640, 0.0
2021-05-25 09:01:00, 82.86, 83, 82.74, 82.76, 2924, 0.0
2021-05-25 09:02:00, 82.69, 82.735, 82.6, 82.735, 4020, 0.0
2021-05-25 09:03:00, 82.745, 82.96, 82.745, 82.89, 2782, 0.0
2021-05-25 09:04:00, 82.88, 83.065, 82.825, 83.06, 4151, 0.0
2021-05-25 09:05:00, 83.11, 83.11, 82.96, 83.01, 2321, 0.0
2021-05-25 09:06:00, 82.92, 83.05, 82.92, 83, 1102, 0.0
2021-05-25 09:07:00, 83.04, 83.17, 83.04, 83.14, 1613, 0.0
2021-05-25 09:08:00, 83.12, 83.155, 83.07, 83.12, 3028, 0.0
2021-05-25 09:09:00, 83.13, 83.165, 83.035, 83.035, 1835, 0.0
2021-05-25 09:10:00, 83.04, 83.12, 83.04, 83.04, 1133, 0.0
2021-05-25 09:11:00, 83.05, 83.05, 82.95, 82.95, 1156, 0.0
2021-05-25 09:12:00, 82.97, 83.1, 82.97, 82.99, 6873, 0.0
2021-05-25 09:13:00, 82.99, 83.05, 82.92, 83.05, 2231, 0.0
2021-05-25 09:14:00, 83.06, 83.065, 83.01, 83.01, 717, 0.0
2021-05-25 09:15:00, 83.06, 83.19, 83.06, 83.19, 712, 0.0
2021-05-25 09:16:00, 83.13, 83.14, 83.045, 83.07, 600, 0.0
2021-05-25 09:17:00, 83.17, 83.17, 83.11, 83.11, 614, 0.0
2021-05-25 09:18:00, 83.08, 83.08, 83.04, 83.08, 1595, 0.0
2021-05-25 09:19:00, 83.11, 83.11, 83.05, 83.05, 611, 0.0
2021-05-25 09:20:00, 83.06, 83.15, 83.06, 83.15, 915, 0.0
2021-05-25 09:21:00, 83.16, 83.16, 83.09, 83.15, 759, 0.0
2021-05-25 09:22:00, 83.28, 83.28, 83.23, 83.23, 1071, 0.0
2021-05-25 09:23:00, 83.21, 83.21, 83.155, 83.17, 1263, 0.0
2021-05-25 09:24:00, 83.16, 83.26, 83.16, 83.26, 1122, 0.0
2021-05-25 09:25:00, 83.28, 83.29, 83.235, 83.24, 4975, 0.0
2021-05-25 09:26:00, 83.235, 83.235, 83.19, 83.19, 1692, 0.0
2021-05-25 09:27:00, 83.17, 83.21, 83.17, 83.21, 501, 0.0
2021-05-25 09:28:00, 83.18, 83.2, 83.15, 83.19, 2010, 0.0
2021-05-25 09:29:00, 83.18, 83.24, 83.18, 83.22, 11127, 0.0
2021-05-25 09:30:00, 83.24, 83.295, 83.24, 83.275, 3549, 0.0
2021-05-25 09:31:00, 83.265, 83.265, 83.155, 83.155, 3110, 0.0
2021-05-25 09:32:00, 83.09, 83.09, 82.97, 82.99, 2430, 0.0
2021-05-25 09:33:00, 82.865, 82.89, 82.85, 82.88, 728, 0.0
2021-05-25 09:34:00, 82.885, 82.89, 82.76, 82.77, 1242, 0.0
2021-05-25 09:35:00, 82.74, 82.77, 82.74, 82.765, 5294, 0.0
2021-05-25 09:36:00, 82.81, 82.86, 82.77, 82.77, 4391, 0.0
2021-05-25 09:37:00, 82.775, 82.845, 82.765, 82.82, 14493, 0.0
2021-05-25 09:38:00, 82.825, 82.945, 82.82, 82.93, 3300, 0.0
2021-05-25 09:39:00, 82.94, 82.94, 82.86, 82.93, 1045, 0.0
2021-05-25 09:40:00, 83.03, 83.03, 82.97, 82.99, 1607, 0.0
2021-05-25 09:41:00, 82.96, 82.965, 82.88, 82.88, 1301, 0.0
2021-05-25 09:42:00, 82.845, 82.93, 82.83, 82.93, 4127, 0.0
2021-05-25 09:43:00, 83.02, 83.02, 82.94, 82.94, 1311, 0.0
2021-05-25 09:44:00, 82.91, 83.035, 82.91, 83.015, 2902, 0.0
2021-05-25 09:45:00, 83.04, 83.09, 83.04, 83.085, 1108, 0.0
2021-05-25 09:46:00, 83.09, 83.15, 83.09, 83.15, 1768, 0.0
2021-05-25 09:47:00, 83.16, 83.18, 83.15, 83.16, 1834, 0.0
2021-05-25 09:48:00, 83.17, 83.195, 83.15, 83.19, 1369, 0.0
2021-05-25 09:49:00, 83.23, 83.24, 83.19, 83.19, 1424, 0.0
2021-05-25 09:50:00, 83.215, 83.29, 83.215, 83.28, 1892, 0.0
2021-05-25 09:51:00, 83.31, 83.37, 83.31, 83.37, 1133, 0.0
2021-05-25 09:52:00, 83.36, 83.37, 83.24, 83.24, 1587, 0.0
2021-05-25 09:53:00, 83.27, 83.31, 83.26, 83.29, 1464, 0.0
2021-05-25 09:54:00, 83.29, 83.325, 83.28, 83.31, 1118, 0.0
2021-05-25 09:55:00, 83.33, 83.45, 83.33, 83.45, 1811, 0.0
2021-05-25 09:56:00, 83.47, 83.53, 83.47, 83.53, 732, 0.0
2021-05-25 09:57:00, 83.54, 83.57, 83.54, 83.57, 704, 0.0
2021-05-25 09:58:00, 83.545, 83.565, 83.545, 83.55, 863, 0.0
2021-05-25 09:59:00, 83.52, 83.54, 83.51, 83.54, 907, 0.0
2021-05-25 10:00:00, 83.535, 83.54, 83.4, 83.4, 1606, 0.0
2021-05-25 10:01:00, 83.42, 83.42, 83.27, 83.34, 4543, 0.0
2021-05-25 10:02:00, 83.375, 83.55, 83.37, 83.55, 35615, 0.0
2021-05-25 10:03:00, 83.56, 83.58, 83.26, 83.27, 21942, 0.0
2021-05-25 10:04:00, 83.28, 83.36, 82.62, 82.66, 14134, 0.0
2021-05-25 10:05:00, 82.56, 82.56, 81.96, 82.02, 22474, 0.0
2021-05-25 10:06:00, 82.01, 82.39, 81.77, 81.93, 38701, 0.0
2021-05-25 10:07:00, 81.96, 81.96, 81.33, 81.455, 26144, 0.0
2021-05-25 10:08:00, 81.425, 81.92, 81.29, 81.91, 21151, 0.0
2021-05-25 10:09:00, 81.79, 81.79, 81.24, 81.43, 8715, 0.0
2021-05-25 10:10:00, 81.31, 81.31, 80.95, 81.24, 28506, 0.0
2021-05-25 10:11:00, 81.23, 81.35, 81.07, 81.15, 5863, 0.0
2021-05-25 10:12:00, 81.14, 81.35, 80.97, 81.35, 6582, 0.0
2021-05-25 10:13:00, 81.42, 81.42, 81.305, 81.39, 2645, 0.0
2021-05-25 10:14:00, 81.39, 81.475, 81.21, 81.28, 5226, 0.0
2021-05-25 10:15:00, 81.285, 81.3, 80.77, 80.83, 8874, 0.0
2021-05-25 10:16:00, 80.85, 80.91, 80.7, 80.87, 13023, 0.0
2021-05-25 10:17:00, 80.89, 80.89, 80.58, 80.59, 15599, 0.0
2021-05-25 10:18:00, 80.58, 80.59, 80.23, 80.29, 14658, 0.0
2021-05-25 10:19:00, 80.22, 80.31, 80.09, 80.14, 9202, 0.0
2021-05-25 10:20:00, 80.15, 80.37, 79.94, 80.12, 15719, 0.0
2021-05-25 10:21:00, 80.16, 80.39, 80.1, 80.38, 7510, 0.0
2021-05-25 10:22:00, 80.425, 80.56, 80.24, 80.56, 5958, 0.0
2021-05-25 10:23:00, 80.525, 80.64, 80.34, 80.64, 6051, 0.0
2021-05-25 10:24:00, 80.66, 80.8, 80.62, 80.625, 4668, 0.0
2021-05-25 10:25:00, 80.645, 80.68, 80.32, 80.355, 6858, 0.0
2021-05-25 10:26:00, 80.38, 80.38, 80.09, 80.14, 5395, 0.0
2021-05-25 10:27:00, 80.15, 80.16, 79.88, 79.99, 7699, 0.0
2021-05-25 10:28:00, 80.09, 80.09, 79.885, 79.91, 30296, 0.0
2021-05-25 10:29:00, 79.86, 79.975, 79.75, 79.785, 5356, 0.0
2021-05-25 10:30:00, 79.795, 80.12, 79.795, 80.12, 10636, 0.0
2021-05-25 10:31:00, 80.1, 80.14, 79.98, 80.1, 9078, 0.0
2021-05-25 10:32:00, 80.02, 80.22, 79.955, 80.165, 30314, 0.0
2021-05-25 10:33:00, 80.17, 80.21, 80.02, 80.06, 2139, 0.0
2021-05-25 10:34:00, 80.21, 80.4, 80.21, 80.32, 5194, 0.0
2021-05-25 10:35:00, 80.41, 80.55, 80.38, 80.54, 3195, 0.0
2021-05-25 10:36:00, 80.585, 80.76, 80.58, 80.74, 6608, 0.0
2021-05-25 10:37:00, 80.7, 80.77, 80.58, 80.77, 3776, 0.0
2021-05-25 10:38:00, 80.74, 80.75, 80.56, 80.61, 3457, 0.0
2021-05-25 10:39:00, 80.55, 80.585, 80.46, 80.46, 984, 0.0
2021-05-25 10:40:00, 80.51, 80.605, 80.51, 80.605, 782, 0.0
2021-05-25 10:41:00, 80.63, 80.66, 80.6, 80.655, 2179, 0.0
2021-05-25 10:42:00, 80.7, 80.75, 80.6, 80.6, 2622, 0.0
2021-05-25 10:43:00, 80.57, 80.605, 80.52, 80.535, 1436, 0.0
2021-05-25 10:44:00, 80.66, 80.69, 80.65, 80.67, 1001, 0.0
2021-05-25 10:45:00, 80.67, 80.81, 80.62, 80.81, 2715, 0.0
2021-05-25 10:46:00, 80.77, 80.77, 80.68, 80.68, 2926, 0.0
2021-05-25 10:47:00, 80.62, 80.625, 80.58, 80.58, 1470, 0.0
2021-05-25 10:48:00, 80.55, 80.67, 80.55, 80.61, 1393, 0.0
2021-05-25 10:49:00, 80.59, 80.59, 80.56, 80.56, 403, 0.0
2021-05-25 10:50:00, 80.605, 80.605, 80.56, 80.58, 2138, 0.0
2021-05-25 10:51:00, 80.5, 80.57, 80.46, 80.57, 1358, 0.0
2021-05-25 10:52:00, 80.63, 80.66, 80.6, 80.62, 762, 0.0
2021-05-25 10:53:00, 80.65, 80.81, 80.65, 80.74, 815, 0.0
2021-05-25 10:54:00, 80.75, 80.785, 80.74, 80.785, 531, 0.0
2021-05-25 10:55:00, 80.9, 81.025, 80.88, 81.025, 3586, 0.0
2021-05-25 10:56:00, 81, 81.04, 80.93, 80.95, 2993, 0.0
2021-05-25 10:57:00, 81, 81, 80.95, 80.995, 2489, 0.0
2021-05-25 10:58:00, 81, 81.03, 80.95, 80.95, 1415, 0.0
2021-05-25 10:59:00, 80.95, 81.01, 80.95, 81.01, 1682, 0.0
2021-05-25 11:00:00, 80.99, 81.05, 80.96, 80.96, 2160, 0.0
2021-05-25 11:01:00, 80.91, 80.91, 80.86, 80.89, 1445, 0.0
2021-05-25 11:02:00, 80.855, 80.88, 80.855, 80.88, 1675, 0.0
2021-05-25 11:03:00, 80.87, 80.87, 80.81, 80.81, 529, 0.0
2021-05-25 11:04:00, 80.8, 80.86, 80.8, 80.86, 6491, 0.0
2021-05-25 11:05:00, 80.87, 80.87, 80.81, 80.82, 1193, 0.0
2021-05-25 11:06:00, 80.795, 80.795, 80.72, 80.795, 1898, 0.0
2021-05-25 11:07:00, 80.755, 80.78, 80.75, 80.76, 892, 0.0
2021-05-25 11:08:00, 80.78, 80.82, 80.78, 80.82, 892, 0.0
2021-05-25 11:09:00, 80.85, 80.86, 80.84, 80.84, 1162, 0.0
2021-05-25 11:10:00, 80.81, 80.92, 80.81, 80.86, 642, 0.0
2021-05-25 11:11:00, 80.83, 80.83, 80.79, 80.79, 318, 0.0
2021-05-25 11:12:00, 80.79, 80.86, 80.79, 80.85, 901, 0.0
2021-05-25 11:13:00, 80.85, 80.85, 80.79, 80.81, 2075, 0.0
2021-05-25 11:14:00, 80.83, 80.83, 80.81, 80.83, 1102, 0.0
2021-05-25 11:15:00, 80.85, 80.85, 80.805, 80.81, 2818, 0.0
2021-05-25 11:16:00, 80.79, 80.81, 80.78, 80.79, 768, 0.0
2021-05-25 11:17:00, 80.73, 80.73, 80.65, 80.65, 1155, 0.0
2021-05-25 11:18:00, 80.67, 80.67, 80.66, 80.66, 471, 0.0
2021-05-25 11:19:00, 80.48, 80.53, 80.47, 80.53, 1052, 0.0
2021-05-25 11:20:00, 80.56, 80.57, 80.5, 80.55, 1202, 0.0
2021-05-25 11:21:00, 80.6, 80.63, 80.58, 80.63, 1092, 0.0
2021-05-25 11:22:00, 80.57, 80.57, 80.54, 80.54, 1028, 0.0
2021-05-25 11:23:00, 80.49, 80.57, 80.49, 80.57, 854, 0.0
2021-05-25 11:24:00, 80.6, 80.6, 80.59, 80.59, 500, 0.0
2021-05-25 11:25:00, 80.62, 80.665, 80.6, 80.64, 2501, 0.0
2021-05-25 11:26:00, 80.65, 80.7, 80.61, 80.61, 2866, 0.0
2021-05-25 11:27:00, 80.62, 80.63, 80.56, 80.56, 1533, 0.0
2021-05-25 11:28:00, 80.58, 80.58, 80.54, 80.57, 1011, 0.0
2021-05-25 11:29:00, 80.58, 80.59, 80.54, 80.59, 1088, 0.0
2021-05-25 11:30:00, 80.59, 80.6, 80.54, 80.54, 2363, 0.0
2021-05-25 11:31:00, 80.55, 80.66, 80.55, 80.62, 2560, 0.0
2021-05-25 11:32:00, 80.63, 80.65, 80.63, 80.64, 1395, 0.0
2021-05-25 11:33:00, 80.615, 80.62, 80.59, 80.61, 1510, 0.0
2021-05-25 11:34:00, 80.635, 80.66, 80.625, 80.635, 1303, 0.0
2021-05-25 11:35:00, 80.61, 80.615, 80.54, 80.55, 1039, 0.0
2021-05-25 11:36:00, 80.505, 80.51, 80.37, 80.38, 1411, 0.0
2021-05-25 11:37:00, 80.36, 80.38, 80.29, 80.29, 1866, 0.0
2021-05-25 11:38:00, 80.25, 80.315, 80.24, 80.27, 1332, 0.0
2021-05-25 11:39:00, 80.26, 80.31, 80.25, 80.31, 512, 0.0
2021-05-25 11:40:00, 80.39, 80.4, 80.39, 80.4, 1113, 0.0
2021-05-25 11:41:00, 80.42, 80.42, 80.37, 80.37, 425, 0.0
2021-05-25 11:42:00, 80.375, 80.375, 80.375, 80.375, 161, 0.0
2021-05-25 11:44:00, 80.4, 80.43, 80.39, 80.39, 802, 0.0
2021-05-25 11:45:00, 80.39, 80.44, 80.39, 80.44, 496, 0.0
2021-05-25 11:46:00, 80.49, 80.59, 80.49, 80.57, 1177, 0.0
2021-05-25 11:47:00, 80.53, 80.53, 80.53, 80.53, 225, 0.0
2021-05-25 11:48:00, 80.56, 80.56, 80.505, 80.51, 527, 0.0
2021-05-25 11:49:00, 80.47, 80.47, 80.47, 80.47, 269, 0.0
2021-05-25 11:50:00, 80.45, 80.59, 80.45, 80.59, 438, 0.0
2021-05-25 11:51:00, 80.58, 80.58, 80.58, 80.58, 500, 0.0
2021-05-25 11:52:00, 80.59, 80.59, 80.55, 80.55, 400, 0.0
2021-05-25 11:53:00, 80.58, 80.67, 80.58, 80.66, 878, 0.0
2021-05-25 11:54:00, 80.64, 80.65, 80.64, 80.65, 247, 0.0
2021-05-25 11:55:00, 80.61, 80.62, 80.58, 80.62, 1000, 0.0
2021-05-25 11:56:00, 80.61, 80.635, 80.6, 80.6, 823, 0.0
2021-05-25 11:57:00, 80.63, 80.66, 80.61, 80.66, 1924, 0.0
2021-05-25 11:58:00, 80.71, 80.745, 80.69, 80.715, 3855, 0.0
2021-05-25 11:59:00, 80.71, 80.74, 80.71, 80.73, 3401, 0.0
2021-05-25 12:00:00, 80.71, 80.72, 80.705, 80.715, 3963, 0.0
2021-05-25 12:01:00, 80.7, 80.72, 80.6, 80.66, 1825, 0.0
2021-05-25 12:02:00, 80.64, 80.68, 80.64, 80.67, 1191, 0.0
2021-05-25 12:03:00, 80.67, 80.67, 80.67, 80.67, 601, 0.0
2021-05-25 12:04:00, 80.665, 80.695, 80.66, 80.67, 2039, 0.0
2021-05-25 12:05:00, 80.67, 80.67, 80.625, 80.625, 1873, 0.0
2021-05-25 12:06:00, 80.63, 80.74, 80.63, 80.74, 1511, 0.0
2021-05-25 12:07:00, 80.8, 80.81, 80.77, 80.81, 494, 0.0
2021-05-25 12:08:00, 80.835, 80.835, 80.79, 80.82, 712, 0.0
2021-05-25 12:09:00, 80.85, 80.91, 80.85, 80.91, 306, 0.0
2021-05-25 12:10:00, 80.91, 80.92, 80.89, 80.92, 961, 0.0
2021-05-25 12:11:00, 80.93, 80.94, 80.91, 80.91, 822, 0.0
2021-05-25 12:12:00, 80.87, 80.88, 80.86, 80.87, 1000, 0.0
2021-05-25 12:13:00, 80.86, 80.87, 80.86, 80.86, 611, 0.0
2021-05-25 12:14:00, 80.92, 80.92, 80.92, 80.92, 583, 0.0
2021-05-25 12:15:00, 80.935, 80.935, 80.91, 80.91, 344, 0.0
2021-05-25 12:16:00, 80.85, 80.85, 80.85, 80.85, 419, 0.0
2021-05-25 12:17:00, 80.91, 80.965, 80.91, 80.965, 1267, 0.0
2021-05-25 12:18:00, 81.05, 81.055, 80.99, 80.99, 2994, 0.0
2021-05-25 12:19:00, 80.98, 80.98, 80.945, 80.96, 441, 0.0
2021-05-25 12:20:00, 80.96, 81.01, 80.96, 81.01, 667, 0.0
2021-05-25 12:21:00, 81.03, 81.1, 81, 81.1, 2230, 0.0
2021-05-25 12:22:00, 81.07, 81.09, 81.055, 81.055, 1111, 0.0
2021-05-25 12:23:00, 81.11, 81.2, 81.11, 81.18, 4338, 0.0
2021-05-25 12:24:00, 81.18, 81.22, 81.14, 81.17, 1590, 0.0
2021-05-25 12:25:00, 81.19, 81.19, 81.14, 81.165, 668, 0.0
2021-05-25 12:26:00, 81.18, 81.19, 81.155, 81.19, 1430, 0.0
2021-05-25 12:27:00, 81.2, 81.21, 81.145, 81.185, 562, 0.0
2021-05-25 12:28:00, 81.18, 81.18, 81.18, 81.18, 718, 0.0
2021-05-25 12:29:00, 81.13, 81.13, 81.095, 81.1, 875, 0.0
2021-05-25 12:30:00, 81.07, 81.07, 81.07, 81.07, 122, 0.0
2021-05-25 12:31:00, 81.035, 81.05, 81.01, 81.05, 1146, 0.0
2021-05-25 12:32:00, 81.02, 81.05, 81.02, 81.05, 879, 0.0
2021-05-25 12:33:00, 81.09, 81.09, 81.09, 81.09, 546, 0.0
2021-05-25 12:34:00, 81.07, 81.07, 81.05, 81.05, 300, 0.0
2021-05-25 12:35:00, 81.02, 81.02, 81.02, 81.02, 257, 0.0
2021-05-25 12:36:00, 81, 81, 80.93, 80.97, 1383, 0.0
2021-05-25 12:37:00, 81.01, 81.09, 81.01, 81.09, 715, 0.0
2021-05-25 12:38:00, 81.09, 81.1, 81.07, 81.09, 901, 0.0
2021-05-25 12:39:00, 81.07, 81.13, 81.06, 81.13, 738, 0.0
2021-05-25 12:40:00, 81.12, 81.12, 81.105, 81.11, 1214, 0.0
2021-05-25 12:41:00, 81.09, 81.09, 81.05, 81.05, 301, 0.0
2021-05-25 12:42:00, 81.07, 81.07, 81.07, 81.07, 515, 0.0
2021-05-25 12:43:00, 81.1, 81.1, 81.08, 81.095, 430, 0.0
2021-05-25 12:44:00, 81.12, 81.12, 81.12, 81.12, 200, 0.0
2021-05-25 12:45:00, 81.11, 81.12, 81.11, 81.12, 606, 0.0
2021-05-25 12:46:00, 81.13, 81.19, 81.13, 81.19, 701, 0.0
2021-05-25 12:48:00, 81.15, 81.18, 81.15, 81.18, 313, 0.0
2021-05-25 12:49:00, 81.14, 81.14, 81.14, 81.14, 293, 0.0
2021-05-25 12:50:00, 81.115, 81.34, 81.115, 81.34, 2700, 0.0
2021-05-25 12:51:00, 81.33, 81.34, 81.31, 81.325, 1066, 0.0
2021-05-25 12:52:00, 81.33, 81.33, 81.19, 81.19, 2068, 0.0
2021-05-25 12:53:00, 81.18, 81.22, 81.17, 81.18, 896, 0.0
2021-05-25 12:54:00, 81.21, 81.22, 81.21, 81.22, 536, 0.0
2021-05-25 12:55:00, 81.205, 81.21, 81.19, 81.19, 301, 0.0
2021-05-25 12:56:00, 81.16, 81.17, 81.14, 81.17, 500, 0.0
2021-05-25 12:57:00, 81.17, 81.17, 81.08, 81.08, 703, 0.0
2021-05-25 12:58:00, 81.1, 81.12, 81.1, 81.1, 708, 0.0
2021-05-25 12:59:00, 81.07, 81.11, 81.07, 81.11, 946, 0.0
2021-05-25 13:00:00, 81.17, 81.17, 81.04, 81.09, 1646, 0.0
2021-05-25 13:01:00, 81.11, 81.11, 80.99, 80.99, 1451, 0.0
2021-05-25 13:02:00, 80.97, 81.015, 80.92, 80.92, 1172, 0.0
2021-05-25 13:03:00, 80.94, 80.97, 80.87, 80.87, 1147, 0.0
2021-05-25 13:04:00, 80.84, 80.85, 80.84, 80.85, 728, 0.0
2021-05-25 13:05:00, 80.95, 80.95, 80.915, 80.94, 1175, 0.0
2021-05-25 13:06:00, 80.93, 80.93, 80.92, 80.92, 704, 0.0
2021-05-25 13:07:00, 80.93, 80.96, 80.91, 80.91, 935, 0.0
2021-05-25 13:08:00, 80.895, 80.93, 80.885, 80.93, 1821, 0.0
2021-05-25 13:09:00, 80.99, 80.99, 80.97, 80.98, 915, 0.0
2021-05-25 13:10:00, 80.96, 81.01, 80.945, 81.01, 738, 0.0
2021-05-25 13:11:00, 80.99, 81.075, 80.95, 81.065, 1602, 0.0
2021-05-25 13:12:00, 81.04, 81.075, 81.04, 81.06, 1022, 0.0
2021-05-25 13:13:00, 81.08, 81.11, 81.08, 81.11, 926, 0.0
2021-05-25 13:14:00, 81.09, 81.14, 81.08, 81.14, 661, 0.0
2021-05-25 13:15:00, 81.1, 81.14, 81.1, 81.1, 681, 0.0
2021-05-25 13:16:00, 81.07, 81.08, 81.07, 81.08, 538, 0.0
2021-05-25 13:17:00, 81.09, 81.19, 81.09, 81.19, 1104, 0.0
2021-05-25 13:18:00, 81.175, 81.28, 81.175, 81.27, 2701, 0.0
2021-05-25 13:19:00, 81.27, 81.29, 81.23, 81.24, 1487, 0.0
2021-05-25 13:20:00, 81.23, 81.27, 81.23, 81.27, 1670, 0.0
2021-05-25 13:21:00, 81.32, 81.32, 81.29, 81.3, 1354, 0.0
2021-05-25 13:22:00, 81.36, 81.39, 81.34, 81.38, 3338, 0.0
2021-05-25 13:23:00, 81.38, 81.38, 81.37, 81.37, 976, 0.0
2021-05-25 13:24:00, 81.35, 81.35, 81.29, 81.32, 951, 0.0
2021-05-25 13:25:00, 81.3, 81.31, 81.28, 81.31, 868, 0.0
2021-05-25 13:26:00, 81.35, 81.35, 81.32, 81.32, 436, 0.0
2021-05-25 13:27:00, 81.33, 81.34, 81.33, 81.34, 451, 0.0
2021-05-25 13:28:00, 81.335, 81.335, 81.21, 81.21, 1517, 0.0
2021-05-25 13:29:00, 81.22, 81.305, 81.22, 81.285, 1018, 0.0
2021-05-25 13:30:00, 81.28, 81.355, 81.24, 81.32, 1517, 0.0
2021-05-25 13:31:00, 81.28, 81.285, 81.27, 81.285, 636, 0.0
2021-05-25 13:32:00, 81.28, 81.28, 81.23, 81.24, 900, 0.0
2021-05-25 13:33:00, 81.255, 81.255, 81.22, 81.24, 1145, 0.0
2021-05-25 13:34:00, 81.14, 81.17, 81.135, 81.135, 1104, 0.0
2021-05-25 13:35:00, 81.1, 81.1, 81.04, 81.04, 1530, 0.0
2021-05-25 13:36:00, 81.05, 81.05, 81.015, 81.015, 305, 0.0
2021-05-25 13:37:00, 81.03, 81.09, 81.03, 81.09, 1198, 0.0
2021-05-25 13:38:00, 81.1, 81.1, 81.07, 81.08, 1111, 0.0
2021-05-25 13:39:00, 81.06, 81.08, 81.06, 81.08, 301, 0.0
2021-05-25 13:40:00, 81.09, 81.18, 81.09, 81.14, 2555, 0.0
2021-05-25 13:41:00, 81.12, 81.12, 81.11, 81.12, 1390, 0.0
2021-05-25 13:42:00, 81.11, 81.11, 81.09, 81.1, 855, 0.0
2021-05-25 13:43:00, 81.12, 81.17, 81.12, 81.15, 909, 0.0
2021-05-25 13:44:00, 81.13, 81.18, 81.13, 81.18, 617, 0.0
2021-05-25 13:45:00, 81.19, 81.19, 81.14, 81.14, 2340, 0.0
2021-05-25 13:46:00, 81.13, 81.14, 81.11, 81.11, 1613, 0.0
2021-05-25 13:47:00, 81.13, 81.14, 81.12, 81.14, 821, 0.0
2021-05-25 13:48:00, 81.14, 81.175, 81.13, 81.13, 864, 0.0
2021-05-25 13:49:00, 81.14, 81.14, 81.115, 81.14, 966, 0.0
2021-05-25 13:50:00, 81.16, 81.23, 81.16, 81.225, 2811, 0.0
2021-05-25 13:51:00, 81.22, 81.22, 81.055, 81.07, 2331, 0.0
2021-05-25 13:52:00, 81.08, 81.14, 81.08, 81.14, 400, 0.0
2021-05-25 13:53:00, 81.075, 81.075, 81.03, 81.07, 1191, 0.0
2021-05-25 13:54:00, 81.11, 81.11, 81.08, 81.08, 600, 0.0
2021-05-25 13:55:00, 81.07, 81.12, 81.07, 81.12, 607, 0.0
2021-05-25 13:56:00, 81.1, 81.115, 81.1, 81.115, 315, 0.0
2021-05-25 13:57:00, 81.095, 81.11, 81.095, 81.11, 433, 0.0
2021-05-25 13:58:00, 81.09, 81.09, 81.08, 81.08, 2193, 0.0
2021-05-25 13:59:00, 81.065, 81.08, 81.03, 81.07, 1354, 0.0
2021-05-25 14:00:00, 81.05, 81.11, 81.05, 81.07, 890, 0.0
2021-05-25 14:01:00, 81.075, 81.075, 81.045, 81.045, 952, 0.0
2021-05-25 14:02:00, 80.99, 80.99, 80.965, 80.98, 2202, 0.0
2021-05-25 14:03:00, 80.96, 80.965, 80.91, 80.91, 1616, 0.0
2021-05-25 14:04:00, 80.92, 80.92, 80.86, 80.87, 1549, 0.0
2021-05-25 14:05:00, 80.9, 80.92, 80.9, 80.905, 824, 0.0
2021-05-25 14:06:00, 80.91, 80.96, 80.91, 80.96, 1602, 0.0
2021-05-25 14:07:00, 80.96, 81.01, 80.96, 81, 802, 0.0
2021-05-25 14:08:00, 80.98, 81, 80.93, 80.985, 1349, 0.0
2021-05-25 14:09:00, 80.94, 80.94, 80.88, 80.88, 1223, 0.0
2021-05-25 14:10:00, 80.865, 80.865, 80.84, 80.84, 572, 0.0
2021-05-25 14:11:00, 80.81, 80.81, 80.65, 80.65, 4104, 0.0
2021-05-25 14:12:00, 80.65, 80.72, 80.65, 80.72, 4836, 0.0
2021-05-25 14:13:00, 80.73, 80.73, 80.7, 80.7, 407, 0.0
2021-05-25 14:14:00, 80.7, 80.71, 80.65, 80.65, 2246, 0.0
2021-05-25 14:15:00, 80.65, 80.8, 80.65, 80.765, 2670, 0.0
2021-05-25 14:16:00, 80.75, 80.75, 80.75, 80.75, 196, 0.0
2021-05-25 14:17:00, 80.725, 80.73, 80.71, 80.71, 1164, 0.0
2021-05-25 14:18:00, 80.705, 80.72, 80.67, 80.72, 1888, 0.0
2021-05-25 14:19:00, 80.74, 80.79, 80.72, 80.79, 2008, 0.0
2021-05-25 14:20:00, 80.795, 80.87, 80.795, 80.82, 1974, 0.0
2021-05-25 14:21:00, 80.76, 80.85, 80.74, 80.84, 1487, 0.0
2021-05-25 14:22:00, 80.84, 80.87, 80.84, 80.87, 408, 0.0
2021-05-25 14:23:00, 80.85, 80.89, 80.85, 80.89, 1323, 0.0
2021-05-25 14:24:00, 80.91, 80.91, 80.91, 80.91, 307, 0.0
2021-05-25 14:25:00, 80.91, 80.96, 80.91, 80.96, 1971, 0.0
2021-05-25 14:26:00, 80.91, 80.94, 80.91, 80.935, 872, 0.0
2021-05-25 14:27:00, 80.98, 80.99, 80.94, 80.94, 594, 0.0
2021-05-25 14:28:00, 80.92, 80.955, 80.92, 80.945, 1001, 0.0
2021-05-25 14:29:00, 80.94, 80.94, 80.9, 80.9, 1210, 0.0
2021-05-25 14:30:00, 80.9, 80.9, 80.84, 80.87, 1602, 0.0
2021-05-25 14:31:00, 80.89, 80.92, 80.85, 80.85, 1502, 0.0
2021-05-25 14:32:00, 80.87, 80.87, 80.84, 80.86, 725, 0.0
2021-05-25 14:33:00, 80.85, 80.85, 80.85, 80.85, 911, 0.0
2021-05-25 14:34:00, 80.86, 80.89, 80.835, 80.86, 924, 0.0
2021-05-25 14:35:00, 80.89, 80.92, 80.865, 80.895, 1267, 0.0
2021-05-25 14:36:00, 80.935, 81.015, 80.935, 81.015, 1652, 0.0
2021-05-25 14:37:00, 81.05, 81.1, 81.03, 81.03, 3127, 0.0
2021-05-25 14:38:00, 81.025, 81.11, 81.025, 81.11, 876, 0.0
2021-05-25 14:39:00, 81.06, 81.09, 81.06, 81.07, 1424, 0.0
2021-05-25 14:40:00, 81.05, 81.09, 81.04, 81.06, 1461, 0.0
2021-05-25 14:41:00, 81.09, 81.12, 81.04, 81.06, 2969, 0.0
2021-05-25 14:42:00, 81.07, 81.16, 81.07, 81.16, 1891, 0.0
2021-05-25 14:43:00, 81.14, 81.14, 81.105, 81.11, 1322, 0.0
2021-05-25 14:44:00, 81.085, 81.16, 81.085, 81.135, 1287, 0.0
2021-05-25 14:45:00, 81.15, 81.23, 81.15, 81.18, 2694, 0.0
2021-05-25 14:46:00, 81.19, 81.19, 81.18, 81.18, 598, 0.0
2021-05-25 14:47:00, 81.2, 81.2, 81.15, 81.16, 1734, 0.0
2021-05-25 14:48:00, 81.145, 81.145, 81.12, 81.12, 2405, 0.0
2021-05-25 14:49:00, 81.07, 81.08, 81.02, 81.02, 2256, 0.0
2021-05-25 14:50:00, 81.05, 81.18, 81.03, 81.05, 2366, 0.0
2021-05-25 14:51:00, 81.06, 81.06, 80.97, 80.97, 2128, 0.0
2021-05-25 14:52:00, 81.01, 81.03, 80.99, 81, 1928, 0.0
2021-05-25 14:53:00, 81, 81.02, 80.97, 81.01, 3236, 0.0
2021-05-25 14:54:00, 81.025, 81.03, 80.99, 81.02, 2634, 0.0
2021-05-25 14:55:00, 81.025, 81.11, 80.945, 81.09, 6605, 0.0
2021-05-25 14:56:00, 81.08, 81.2, 81.06, 81.2, 4664, 0.0
2021-05-25 14:57:00, 81.22, 81.22, 81.095, 81.145, 4423, 0.0
2021-05-25 14:58:00, 81.13, 81.19, 81.1, 81.175, 6792, 0.0
2021-05-25 14:59:00, 81.19, 81.275, 81.185, 81.265, 5858, 0.0
2021-05-26 08:28:00, 81.72, 81.72, 81.72, 81.72, 168, 0.0
2021-05-26 08:30:00, 81.59, 81.59, 81.16, 81.54, 5529, 0.0
2021-05-26 08:31:00, 81.62, 81.62, 81.53, 81.55, 2170, 0.0
2021-05-26 08:32:00, 81.42, 81.445, 81.34, 81.425, 3864, 0.0
2021-05-26 08:33:00, 81.445, 81.82, 81.42, 81.79, 10414, 0.0
2021-05-26 08:34:00, 81.865, 82.29, 81.83, 82.25, 9661, 0.0
2021-05-26 08:35:00, 82.31, 82.375, 82.07, 82.12, 3333, 0.0
2021-05-26 08:36:00, 82.15, 82.16, 82.05, 82.125, 1510, 0.0
2021-05-26 08:37:00, 82.12, 82.25, 82.12, 82.24, 1872, 0.0
2021-05-26 08:38:00, 82.37, 82.37, 82.32, 82.32, 546, 0.0
2021-05-26 08:39:00, 82.33, 82.41, 82.27, 82.27, 2167, 0.0
2021-05-26 08:40:00, 82.26, 82.27, 82.22, 82.23, 4529, 0.0
2021-05-26 08:41:00, 82.13, 82.13, 82.02, 82.1, 2047, 0.0
2021-05-26 08:42:00, 81.94, 81.94, 81.94, 81.94, 200, 0.0
2021-05-26 08:43:00, 81.96, 81.96, 81.89, 81.89, 1179, 0.0
2021-05-26 08:44:00, 81.77, 81.83, 81.74, 81.75, 3312, 0.0
2021-05-26 08:45:00, 81.78, 81.78, 81.61, 81.62, 5410, 0.0
2021-05-26 08:46:00, 81.66, 81.66, 81.61, 81.61, 1299, 0.0
2021-05-26 08:47:00, 81.73, 81.73, 81.595, 81.66, 936, 0.0
2021-05-26 08:48:00, 81.57, 81.58, 81.45, 81.45, 1601, 0.0
2021-05-26 08:49:00, 81.51, 81.55, 81.38, 81.4, 2663, 0.0
2021-05-26 08:50:00, 81.38, 81.42, 81.35, 81.42, 4523, 0.0
2021-05-26 08:51:00, 81.47, 81.47, 81.37, 81.37, 1732, 0.0
2021-05-26 08:52:00, 81.31, 81.31, 81.19, 81.23, 2310, 0.0
2021-05-26 08:53:00, 81.26, 81.36, 81.23, 81.36, 3200, 0.0
2021-05-26 08:54:00, 81.39, 81.4, 81.34, 81.37, 5392, 0.0
2021-05-26 08:55:00, 81.35, 81.59, 81.35, 81.59, 4602, 0.0
2021-05-26 08:56:00, 81.61, 81.61, 81.53, 81.53, 955, 0.0
2021-05-26 08:57:00, 81.49, 81.515, 81.43, 81.44, 2380, 0.0
2021-05-26 08:58:00, 81.4, 81.4, 81.29, 81.29, 1331, 0.0
2021-05-26 08:59:00, 81.27, 81.31, 81.2, 81.2, 1585, 0.0
2021-05-26 09:00:00, 81.16, 81.27, 81.16, 81.27, 1920, 0.0
2021-05-26 09:01:00, 81.21, 81.21, 81.18, 81.18, 658, 0.0
2021-05-26 09:02:00, 81.16, 81.23, 81.12, 81.23, 1031, 0.0
2021-05-26 09:03:00, 81.24, 81.365, 81.24, 81.36, 1659, 0.0
2021-05-26 09:04:00, 81.36, 81.52, 81.35, 81.51, 2005, 0.0
2021-05-26 09:05:00, 81.52, 81.67, 81.34, 81.34, 923, 0.0
2021-05-26 09:06:00, 81.465, 81.58, 81.44, 81.58, 1843, 0.0
2021-05-26 09:07:00, 81.7, 81.7, 81.66, 81.66, 257, 0.0
2021-05-26 09:08:00, 81.51, 81.58, 81.51, 81.58, 314, 0.0
2021-05-26 09:09:00, 81.61, 81.67, 81.59, 81.67, 973, 0.0
2021-05-26 09:10:00, 81.73, 81.73, 81.69, 81.69, 598, 0.0
2021-05-26 09:11:00, 81.71, 81.71, 81.705, 81.71, 615, 0.0
2021-05-26 09:12:00, 81.61, 81.62, 81.58, 81.58, 450, 0.0
2021-05-26 09:14:00, 81.63, 81.63, 81.6, 81.6, 313, 0.0
2021-05-26 09:15:00, 81.63, 81.63, 81.63, 81.63, 382, 0.0
2021-05-26 09:16:00, 81.66, 81.66, 81.66, 81.66, 559, 0.0
2021-05-26 09:17:00, 81.72, 81.72, 81.63, 81.7, 1001, 0.0
2021-05-26 09:18:00, 81.68, 81.7, 81.67, 81.67, 1331, 0.0
2021-05-26 09:19:00, 81.69, 81.7, 81.635, 81.7, 1439, 0.0
2021-05-26 09:20:00, 81.695, 81.695, 81.68, 81.68, 260, 0.0
2021-05-26 09:21:00, 81.67, 81.68, 81.65, 81.67, 1086, 0.0
2021-05-26 09:22:00, 81.66, 81.66, 81.63, 81.65, 422, 0.0
2021-05-26 09:23:00, 81.69, 81.76, 81.69, 81.75, 2125, 0.0
2021-05-26 09:24:00, 81.74, 81.825, 81.72, 81.8, 1250, 0.0
2021-05-26 09:25:00, 81.84, 81.86, 81.78, 81.81, 1165, 0.0
2021-05-26 09:26:00, 81.71, 81.73, 81.7, 81.73, 784, 0.0
2021-05-26 09:27:00, 81.755, 81.79, 81.74, 81.77, 1970, 0.0
2021-05-26 09:28:00, 81.81, 81.84, 81.81, 81.83, 509, 0.0
2021-05-26 09:29:00, 81.78, 81.8, 81.78, 81.79, 1842, 0.0
2021-05-26 09:30:00, 81.8, 81.81, 81.69, 81.69, 2031, 0.0
2021-05-26 09:31:00, 81.7, 81.7, 81.66, 81.7, 2594, 0.0
2021-05-26 09:32:00, 81.7, 81.76, 81.7, 81.74, 831, 0.0
2021-05-26 09:33:00, 81.76, 81.76, 81.69, 81.69, 1200, 0.0
2021-05-26 09:34:00, 81.68, 81.75, 81.67, 81.75, 1946, 0.0
2021-05-26 09:35:00, 81.81, 81.81, 81.73, 81.73, 1199, 0.0
2021-05-26 09:36:00, 81.69, 81.81, 81.69, 81.79, 1238, 0.0
2021-05-26 09:37:00, 81.77, 81.77, 81.665, 81.665, 1312, 0.0
2021-05-26 09:38:00, 81.65, 81.68, 81.65, 81.68, 920, 0.0
2021-05-26 09:39:00, 81.715, 81.78, 81.67, 81.68, 1726, 0.0
2021-05-26 09:40:00, 81.75, 81.76, 81.72, 81.72, 1094, 0.0
2021-05-26 09:41:00, 81.73, 81.83, 81.73, 81.8, 2100, 0.0
2021-05-26 09:42:00, 81.71, 81.74, 81.71, 81.72, 401, 0.0
2021-05-26 09:43:00, 81.73, 81.74, 81.65, 81.655, 1020, 0.0
2021-05-26 09:44:00, 81.68, 81.72, 81.68, 81.72, 801, 0.0
2021-05-26 09:45:00, 81.77, 81.77, 81.7, 81.7, 630, 0.0
2021-05-26 09:46:00, 81.67, 81.67, 81.585, 81.585, 200, 0.0
2021-05-26 09:47:00, 81.55, 81.57, 81.55, 81.56, 1845, 0.0
2021-05-26 09:48:00, 81.54, 81.59, 81.53, 81.59, 1113, 0.0
2021-05-26 09:49:00, 81.475, 81.48, 81.475, 81.48, 711, 0.0
2021-05-26 09:51:00, 81.44, 81.49, 81.43, 81.49, 515, 0.0
2021-05-26 09:52:00, 81.53, 81.66, 81.53, 81.64, 1473, 0.0
2021-05-26 09:53:00, 81.65, 81.73, 81.65, 81.67, 1630, 0.0
2021-05-26 09:54:00, 81.7, 81.72, 81.7, 81.71, 624, 0.0
2021-05-26 09:55:00, 81.7, 81.73, 81.695, 81.73, 1850, 0.0
2021-05-26 09:56:00, 81.73, 81.74, 81.72, 81.74, 1335, 0.0
2021-05-26 09:57:00, 81.77, 81.79, 81.76, 81.79, 681, 0.0
2021-05-26 09:58:00, 81.75, 81.75, 81.75, 81.75, 118, 0.0
2021-05-26 09:59:00, 81.775, 81.805, 81.775, 81.775, 935, 0.0
2021-05-26 10:00:00, 81.75, 81.75, 81.67, 81.67, 2952, 0.0
2021-05-26 10:01:00, 81.66, 81.66, 81.61, 81.62, 1601, 0.0
2021-05-26 10:02:00, 81.56, 81.56, 81.51, 81.535, 1682, 0.0
2021-05-26 10:03:00, 81.535, 81.61, 81.535, 81.61, 811, 0.0
2021-05-26 10:04:00, 81.58, 81.58, 81.57, 81.57, 585, 0.0
2021-05-26 10:05:00, 81.53, 81.57, 81.52, 81.52, 1159, 0.0
2021-05-26 10:06:00, 81.54, 81.65, 81.54, 81.65, 1068, 0.0
2021-05-26 10:07:00, 81.63, 81.63, 81.56, 81.58, 1519, 0.0
2021-05-26 10:08:00, 81.55, 81.55, 81.55, 81.55, 1800, 0.0
2021-05-26 10:09:00, 81.5, 81.54, 81.45, 81.54, 1779, 0.0
2021-05-26 10:10:00, 81.51, 81.51, 81.5, 81.5, 388, 0.0
2021-05-26 10:11:00, 81.47, 81.47, 81.42, 81.45, 1046, 0.0
2021-05-26 10:12:00, 81.5, 81.5, 81.44, 81.47, 608, 0.0
2021-05-26 10:13:00, 81.5, 81.52, 81.5, 81.52, 324, 0.0
2021-05-26 10:14:00, 81.54, 81.565, 81.54, 81.55, 938, 0.0
2021-05-26 10:15:00, 81.56, 81.56, 81.46, 81.48, 1502, 0.0
2021-05-26 10:16:00, 81.47, 81.49, 81.47, 81.49, 959, 0.0
2021-05-26 10:17:00, 81.425, 81.45, 81.405, 81.445, 1751, 0.0
2021-05-26 10:18:00, 81.43, 81.43, 81.41, 81.41, 819, 0.0
2021-05-26 10:19:00, 81.39, 81.4, 81.39, 81.4, 200, 0.0
2021-05-26 10:20:00, 81.41, 81.43, 81.41, 81.43, 449, 0.0
2021-05-26 10:21:00, 81.455, 81.455, 81.455, 81.455, 100, 0.0
2021-05-26 10:22:00, 81.39, 81.39, 81.39, 81.39, 300, 0.0
2021-05-26 10:23:00, 81.38, 81.38, 81.33, 81.36, 1406, 0.0
2021-05-26 10:24:00, 81.36, 81.37, 81.33, 81.33, 1526, 0.0
2021-05-26 10:25:00, 81.335, 81.34, 81.31, 81.34, 407, 0.0
2021-05-26 10:26:00, 81.32, 81.345, 81.32, 81.345, 1526, 0.0
2021-05-26 10:27:00, 81.37, 81.37, 81.37, 81.37, 900, 0.0
2021-05-26 10:28:00, 81.39, 81.43, 81.39, 81.4, 603, 0.0
2021-05-26 10:29:00, 81.385, 81.385, 81.35, 81.38, 1021, 0.0
2021-05-26 10:30:00, 81.33, 81.35, 81.17, 81.17, 2439, 0.0
2021-05-26 10:31:00, 81.15, 81.19, 81.15, 81.19, 602, 0.0
2021-05-26 10:32:00, 81.13, 81.13, 81.03, 81.075, 1646, 0.0
2021-05-26 10:33:00, 81.06, 81.1, 81.05, 81.1, 1113, 0.0
2021-05-26 10:34:00, 81.09, 81.15, 81.09, 81.15, 405, 0.0
2021-05-26 10:35:00, 81.18, 81.195, 81.17, 81.17, 700, 0.0
2021-05-26 10:36:00, 81.17, 81.2, 81.17, 81.2, 340, 0.0
2021-05-26 10:37:00, 81.215, 81.245, 81.215, 81.245, 367, 0.0
2021-05-26 10:38:00, 81.195, 81.24, 81.195, 81.23, 600, 0.0
2021-05-26 10:39:00, 81.22, 81.22, 81.21, 81.21, 300, 0.0
2021-05-26 10:40:00, 81.24, 81.24, 81.22, 81.22, 686, 0.0
2021-05-26 10:41:00, 81.24, 81.25, 81.24, 81.245, 804, 0.0
2021-05-26 10:42:00, 81.24, 81.275, 81.2, 81.245, 851, 0.0
2021-05-26 10:43:00, 81.23, 81.24, 81.23, 81.24, 1251, 0.0
2021-05-26 10:44:00, 81.23, 81.3, 81.23, 81.27, 2531, 0.0
