Date, Open, High, Low, Close, Volume, Open Interest
2021-05-20 14:52:00, 136.13, 136.27, 136.13, 136.27, 1490, 0.0
2021-05-20 14:53:00, 136.22, 136.29, 136.22, 136.29, 1462, 0.0
2021-05-20 14:54:00, 136.26, 136.29, 136.2, 136.29, 5037, 0.0
2021-05-20 14:55:00, 136.23, 136.27, 136.23, 136.23, 1733, 0.0
2021-05-20 14:56:00, 136.205, 136.205, 136.105, 136.11, 2416, 0.0
2021-05-20 14:57:00, 136.09, 136.105, 136.08, 136.09, 2153, 0.0
2021-05-20 14:58:00, 136.11, 136.11, 136.09, 136.1, 1971, 0.0
2021-05-20 14:59:00, 136.09, 136.2, 136.09, 136.2, 3453, 0.0
2021-05-21 08:30:00, 137.14, 137.24, 137.05, 137.24, 1581, 0.0
2021-05-21 08:31:00, 137.36, 137.37, 137.15, 137.19, 942, 0.0
2021-05-21 08:32:00, 137.22, 137.27, 137.06, 137.06, 1002, 0.0
2021-05-21 08:33:00, 137.08, 137.39, 137.02, 137.09, 2024, 0.0
2021-05-21 08:34:00, 137.08, 137.23, 136.98, 137.03, 1793, 0.0
2021-05-21 08:35:00, 137.06, 137.12, 136.77, 136.93, 1443, 0.0
2021-05-21 08:36:00, 136.87, 136.99, 136.83, 136.99, 800, 0.0
2021-05-21 08:37:00, 137.015, 137.185, 137.015, 137.185, 1200, 0.0
2021-05-21 08:38:00, 137.16, 137.195, 137.13, 137.195, 403, 0.0
2021-05-21 08:39:00, 137.2, 137.29, 137.13, 137.13, 402, 0.0
2021-05-21 08:40:00, 137.09, 137.09, 137.03, 137.03, 328, 0.0
2021-05-21 08:41:00, 137.02, 137.02, 137.01, 137.02, 300, 0.0
2021-05-21 08:42:00, 137, 137, 137, 137, 127, 0.0
2021-05-21 08:43:00, 137.01, 137.01, 137.01, 137.01, 130, 0.0
2021-05-21 08:45:00, 137.04, 137.04, 137, 137, 390, 0.0
2021-05-21 08:47:00, 136.88, 136.88, 136.84, 136.84, 204, 0.0
2021-05-21 08:48:00, 137.02, 137.02, 136.81, 136.82, 1687, 0.0
2021-05-21 08:49:00, 136.81, 136.81, 136.81, 136.81, 109, 0.0
2021-05-21 08:50:00, 137, 137, 136.97, 136.99, 400, 0.0
2021-05-21 08:51:00, 136.95, 136.985, 136.95, 136.985, 431, 0.0
2021-05-21 08:53:00, 137.02, 137.03, 136.845, 136.845, 627, 0.0
2021-05-21 08:54:00, 136.845, 136.86, 136.82, 136.83, 602, 0.0
2021-05-21 08:55:00, 136.81, 136.81, 136.79, 136.8, 1330, 0.0
2021-05-21 08:56:00, 136.795, 136.795, 136.795, 136.795, 129, 0.0
2021-05-21 08:57:00, 136.82, 136.82, 136.81, 136.81, 505, 0.0
2021-05-21 08:58:00, 136.82, 136.82, 136.81, 136.81, 400, 0.0
2021-05-21 08:59:00, 137.02, 137.06, 137.02, 137.06, 1088, 0.0
2021-05-21 09:00:00, 137.13, 137.14, 137.13, 137.14, 426, 0.0
2021-05-21 09:01:00, 137.15, 137.21, 137.15, 137.21, 222, 0.0
2021-05-21 09:02:00, 137.16, 137.17, 137.07, 137.07, 681, 0.0
2021-05-21 09:06:00, 136.97, 136.97, 136.95, 136.95, 611, 0.0
2021-05-21 09:07:00, 136.89, 136.89, 136.89, 136.89, 150, 0.0
2021-05-21 09:08:00, 136.72, 136.83, 136.72, 136.83, 623, 0.0
2021-05-21 09:09:00, 136.83, 136.84, 136.77, 136.79, 800, 0.0
2021-05-21 09:10:00, 137.04, 137.05, 137.04, 137.05, 400, 0.0
2021-05-21 09:11:00, 137.01, 137.01, 137.01, 137.01, 300, 0.0
2021-05-21 09:13:00, 136.78, 136.78, 136.73, 136.73, 3670, 0.0
2021-05-21 09:14:00, 136.74, 136.85, 136.74, 136.76, 1702, 0.0
2021-05-21 09:15:00, 136.68, 136.68, 136.68, 136.68, 100, 0.0
2021-05-21 09:17:00, 136.66, 136.66, 136.37, 136.48, 2456, 0.0
2021-05-21 09:18:00, 136.41, 136.44, 136.345, 136.44, 724, 0.0
2021-05-21 09:21:00, 136.525, 136.525, 136.5, 136.5, 300, 0.0
2021-05-21 09:22:00, 136.505, 136.505, 136.495, 136.495, 615, 0.0
2021-05-21 09:23:00, 136.49, 136.6, 136.47, 136.6, 700, 0.0
2021-05-21 09:26:00, 136.685, 136.685, 136.685, 136.685, 301, 0.0
2021-05-21 09:27:00, 136.59, 136.59, 136.59, 136.59, 100, 0.0
2021-05-21 09:28:00, 136.625, 136.625, 136.625, 136.625, 102, 0.0
2021-05-21 09:29:00, 136.695, 136.695, 136.675, 136.675, 510, 0.0
2021-05-21 09:32:00, 136.7, 136.7, 136.695, 136.695, 233, 0.0
2021-05-21 09:33:00, 136.685, 136.685, 136.65, 136.65, 444, 0.0
2021-05-21 09:35:00, 136.68, 136.7, 136.68, 136.7, 800, 0.0
2021-05-21 09:36:00, 136.7, 136.705, 136.6, 136.61, 457, 0.0
2021-05-21 09:37:00, 136.54, 136.54, 136.47, 136.47, 526, 0.0
2021-05-21 09:38:00, 136.49, 136.53, 136.49, 136.53, 719, 0.0
2021-05-21 09:39:00, 136.44, 136.47, 136.44, 136.47, 629, 0.0
2021-05-21 09:40:00, 136.45, 136.45, 136.45, 136.45, 100, 0.0
2021-05-21 09:41:00, 136.48, 136.48, 136.38, 136.42, 1012, 0.0
2021-05-21 09:42:00, 136.365, 136.365, 136.365, 136.365, 100, 0.0
2021-05-21 09:43:00, 136.32, 136.42, 136.32, 136.42, 902, 0.0
2021-05-21 09:45:00, 136.39, 136.39, 136.33, 136.345, 703, 0.0
2021-05-21 09:46:00, 136.34, 136.38, 136.34, 136.38, 201, 0.0
2021-05-21 09:48:00, 136.5, 136.5, 136.49, 136.495, 600, 0.0
2021-05-21 09:49:00, 136.48, 136.48, 136.48, 136.48, 130, 0.0
2021-05-21 09:50:00, 136.485, 136.485, 136.485, 136.485, 647, 0.0
2021-05-21 09:51:00, 136.5, 136.505, 136.47, 136.5, 3690, 0.0
2021-05-21 09:52:00, 136.47, 136.5, 136.38, 136.495, 9350, 0.0
2021-05-21 09:53:00, 136.47, 136.47, 136.46, 136.46, 283, 0.0
2021-05-21 09:54:00, 136.39, 136.39, 136.36, 136.38, 629, 0.0
2021-05-21 09:56:00, 136.4, 136.4, 136.4, 136.4, 362, 0.0
2021-05-21 09:57:00, 136.5, 136.5, 136.5, 136.5, 227, 0.0
2021-05-21 09:58:00, 136.42, 136.42, 136.4, 136.4, 334, 0.0
2021-05-21 09:59:00, 136.42, 136.42, 136.42, 136.42, 208, 0.0
2021-05-21 10:00:00, 136.42, 136.42, 136.4, 136.4, 503, 0.0
2021-05-21 10:01:00, 136.45, 136.45, 136.42, 136.42, 729, 0.0
2021-05-21 10:02:00, 136.4, 136.4, 136.4, 136.4, 188, 0.0
2021-05-21 10:03:00, 136.32, 136.32, 136.32, 136.32, 505, 0.0
2021-05-21 10:04:00, 136.26, 136.26, 136.2, 136.2, 439, 0.0
2021-05-21 10:05:00, 136.24, 136.24, 136.24, 136.24, 101, 0.0
2021-05-21 10:06:00, 136.35, 136.36, 136.35, 136.36, 354, 0.0
2021-05-21 10:07:00, 136.34, 136.34, 136.34, 136.34, 219, 0.0
2021-05-21 10:11:00, 136.32, 136.33, 136.32, 136.33, 1049, 0.0
2021-05-21 10:12:00, 136.38, 136.38, 136.38, 136.38, 339, 0.0
2021-05-21 10:13:00, 136.35, 136.35, 136.31, 136.31, 368, 0.0
2021-05-21 10:14:00, 136.29, 136.29, 136.29, 136.29, 122, 0.0
2021-05-21 10:15:00, 136.25, 136.34, 136.25, 136.34, 655, 0.0
2021-05-21 10:16:00, 136.31, 136.31, 136.28, 136.28, 319, 0.0
2021-05-21 10:17:00, 136.27, 136.27, 136.27, 136.27, 201, 0.0
2021-05-21 10:18:00, 136.26, 136.28, 136.26, 136.28, 201, 0.0
2021-05-21 10:19:00, 136.37, 136.37, 136.37, 136.37, 100, 0.0
2021-05-21 10:20:00, 136.31, 136.31, 136.31, 136.31, 120, 0.0
2021-05-21 10:22:00, 136.275, 136.275, 136.275, 136.275, 301, 0.0
2021-05-21 10:23:00, 136.29, 136.29, 136.29, 136.29, 100, 0.0
2021-05-21 10:24:00, 136.29, 136.29, 136.21, 136.21, 447, 0.0
2021-05-21 10:25:00, 136.21, 136.23, 136.21, 136.23, 344, 0.0
2021-05-21 10:26:00, 136.19, 136.19, 136.19, 136.19, 100, 0.0
2021-05-21 10:27:00, 136.16, 136.16, 136.08, 136.08, 1046, 0.0
2021-05-21 10:28:00, 135.96, 135.96, 135.96, 135.96, 300, 0.0
2021-05-21 10:29:00, 136.015, 136.015, 135.95, 135.95, 300, 0.0
2021-05-21 10:30:00, 135.93, 135.94, 135.93, 135.94, 228, 0.0
2021-05-21 10:31:00, 136.01, 136.01, 136.01, 136.01, 289, 0.0
2021-05-21 10:33:00, 136.06, 136.08, 136.06, 136.08, 1200, 0.0
2021-05-21 10:34:00, 136.06, 136.06, 136.06, 136.06, 202, 0.0
2021-05-21 10:35:00, 135.98, 135.98, 135.94, 135.94, 593, 0.0
2021-05-21 10:36:00, 135.92, 135.93, 135.92, 135.93, 200, 0.0
2021-05-21 10:37:00, 135.94, 135.94, 135.85, 135.88, 801, 0.0
2021-05-21 10:38:00, 135.86, 135.92, 135.86, 135.92, 761, 0.0
2021-05-21 10:39:00, 135.96, 136.01, 135.96, 135.96, 708, 0.0
2021-05-21 10:41:00, 135.95, 135.97, 135.95, 135.97, 255, 0.0
2021-05-21 10:42:00, 135.86, 135.86, 135.81, 135.81, 903, 0.0
2021-05-21 10:43:00, 135.82, 135.87, 135.82, 135.845, 851, 0.0
2021-05-21 10:44:00, 135.86, 135.86, 135.86, 135.86, 324, 0.0
2021-05-21 10:45:00, 135.83, 135.85, 135.83, 135.85, 483, 0.0
2021-05-21 10:46:00, 135.81, 135.81, 135.79, 135.79, 274, 0.0
2021-05-21 10:47:00, 135.91, 135.91, 135.85, 135.85, 521, 0.0
2021-05-21 10:50:00, 135.885, 135.89, 135.885, 135.89, 221, 0.0
2021-05-21 10:51:00, 135.92, 136.01, 135.92, 135.93, 1080, 0.0
2021-05-21 10:52:00, 135.92, 135.92, 135.92, 135.92, 100, 0.0
2021-05-21 10:53:00, 135.94, 135.97, 135.94, 135.96, 1081, 0.0
2021-05-21 10:54:00, 135.94, 135.94, 135.94, 135.94, 366, 0.0
2021-05-21 10:55:00, 135.925, 135.925, 135.89, 135.9, 1168, 0.0
2021-05-21 10:57:00, 135.9, 135.9, 135.855, 135.855, 396, 0.0
2021-05-21 10:58:00, 135.89, 135.91, 135.89, 135.91, 200, 0.0
2021-05-21 10:59:00, 135.9, 135.905, 135.9, 135.905, 201, 0.0
2021-05-21 11:00:00, 135.89, 135.89, 135.89, 135.89, 303, 0.0
2021-05-21 11:01:00, 135.91, 135.92, 135.91, 135.92, 400, 0.0
2021-05-21 11:04:00, 136.01, 136.13, 136.01, 136.13, 704, 0.0
2021-05-21 11:05:00, 136.1, 136.11, 136.1, 136.11, 301, 0.0
2021-05-21 11:06:00, 136.15, 136.15, 136.15, 136.15, 100, 0.0
2021-05-21 11:08:00, 136.13, 136.13, 136.08, 136.08, 743, 0.0
2021-05-21 11:09:00, 136.045, 136.045, 135.95, 136, 473, 0.0
2021-05-21 11:10:00, 136.02, 136.02, 136.01, 136.01, 258, 0.0
2021-05-21 11:11:00, 136, 136, 136, 136, 180, 0.0
2021-05-21 11:12:00, 136.15, 136.15, 136.15, 136.15, 201, 0.0
2021-05-21 11:13:00, 136.2, 136.2, 136.2, 136.2, 100, 0.0
2021-05-21 11:14:00, 136.18, 136.21, 136.18, 136.21, 201, 0.0
2021-05-21 11:15:00, 136.31, 136.31, 136.31, 136.31, 183, 0.0
2021-05-21 11:16:00, 136.255, 136.255, 136.21, 136.21, 250, 0.0
2021-05-21 11:17:00, 136.23, 136.23, 136.15, 136.15, 435, 0.0
2021-05-21 11:18:00, 136.13, 136.13, 136.13, 136.13, 200, 0.0
2021-05-21 11:21:00, 136.27, 136.27, 136.27, 136.27, 126, 0.0
2021-05-21 11:24:00, 136.3, 136.3, 136.29, 136.29, 547, 0.0
2021-05-21 11:26:00, 136.25, 136.25, 136.25, 136.25, 102, 0.0
2021-05-21 11:28:00, 136.22, 136.22, 136.22, 136.22, 202, 0.0
2021-05-21 11:29:00, 136.37, 136.37, 136.37, 136.37, 202, 0.0
2021-05-21 11:30:00, 136.4, 136.42, 136.4, 136.42, 300, 0.0
2021-05-21 11:33:00, 136.375, 136.39, 136.375, 136.39, 407, 0.0
2021-05-21 11:34:00, 136.375, 136.38, 136.375, 136.38, 296, 0.0
2021-05-21 11:35:00, 136.37, 136.37, 136.37, 136.37, 113, 0.0
2021-05-21 11:36:00, 136.405, 136.405, 136.405, 136.405, 361, 0.0
2021-05-21 11:37:00, 136.44, 136.445, 136.44, 136.445, 201, 0.0
2021-05-21 11:38:00, 136.43, 136.43, 136.43, 136.43, 142, 0.0
2021-05-21 11:39:00, 136.505, 136.51, 136.41, 136.41, 1852, 0.0
2021-05-21 11:40:00, 136.41, 136.6, 136.41, 136.54, 1535, 0.0
2021-05-21 11:41:00, 136.51, 136.51, 136.51, 136.51, 108, 0.0
2021-05-21 11:43:00, 136.41, 136.41, 136.41, 136.41, 202, 0.0
2021-05-21 11:44:00, 136.29, 136.305, 136.245, 136.305, 602, 0.0
2021-05-21 11:45:00, 136.28, 136.28, 136.27, 136.27, 305, 0.0
2021-05-21 11:46:00, 136.28, 136.28, 136.28, 136.28, 300, 0.0
2021-05-21 11:47:00, 136.11, 136.11, 136.11, 136.11, 331, 0.0
2021-05-21 11:51:00, 136.16, 136.17, 136.13, 136.13, 300, 0.0
2021-05-21 11:52:00, 136.12, 136.12, 136.12, 136.12, 137, 0.0
2021-05-21 11:53:00, 136.02, 136.02, 135.95, 135.95, 330, 0.0
2021-05-21 11:54:00, 135.96, 135.995, 135.96, 135.99, 538, 0.0
2021-05-21 11:55:00, 136.03, 136.03, 136.03, 136.03, 300, 0.0
2021-05-21 11:56:00, 136.025, 136.025, 136.025, 136.025, 106, 0.0
2021-05-21 11:57:00, 136.07, 136.07, 136.07, 136.07, 132, 0.0
2021-05-21 11:59:00, 136.06, 136.06, 136.06, 136.06, 220, 0.0
2021-05-21 12:00:00, 136.115, 136.12, 136.115, 136.12, 203, 0.0
2021-05-21 12:04:00, 136.12, 136.12, 136.11, 136.11, 543, 0.0
2021-05-21 12:05:00, 136.06, 136.06, 136.06, 136.06, 354, 0.0
2021-05-21 12:07:00, 136.05, 136.05, 136.05, 136.05, 104, 0.0
2021-05-21 12:08:00, 136.13, 136.13, 136.13, 136.13, 107, 0.0
2021-05-21 12:10:00, 136.1, 136.1, 136.1, 136.1, 100, 0.0
2021-05-21 12:11:00, 136.1, 136.1, 136.1, 136.1, 199, 0.0
2021-05-21 12:12:00, 136, 136, 136, 136, 301, 0.0
2021-05-21 12:15:00, 136.04, 136.04, 135.98, 135.98, 256, 0.0
2021-05-21 12:17:00, 135.995, 135.995, 135.995, 135.995, 113, 0.0
2021-05-21 12:18:00, 136, 136, 136, 136, 200, 0.0
2021-05-21 12:19:00, 136.01, 136.01, 136.01, 136.01, 400, 0.0
2021-05-21 12:28:00, 136.13, 136.13, 136.13, 136.13, 100, 0.0
2021-05-21 12:35:00, 136.38, 136.38, 136.38, 136.38, 100, 0.0
2021-05-21 12:36:00, 136.36, 136.36, 136.355, 136.355, 224, 0.0
2021-05-21 12:38:00, 136.32, 136.32, 136.32, 136.32, 101, 0.0
2021-05-21 12:40:00, 136.28, 136.32, 136.28, 136.32, 202, 0.0
2021-05-21 12:42:00, 136.31, 136.31, 136.29, 136.29, 319, 0.0
2021-05-21 12:43:00, 136.24, 136.24, 136.24, 136.24, 300, 0.0
2021-05-21 12:44:00, 136.25, 136.25, 136.25, 136.25, 302, 0.0
2021-05-21 12:45:00, 136.245, 136.245, 136.245, 136.245, 100, 0.0
2021-05-21 12:46:00, 136.255, 136.255, 136.255, 136.255, 200, 0.0
2021-05-21 12:47:00, 136.24, 136.25, 136.22, 136.22, 500, 0.0
2021-05-21 12:48:00, 136.22, 136.22, 136.22, 136.22, 187, 0.0
2021-05-21 12:49:00, 136.22, 136.22, 136.22, 136.22, 402, 0.0
2021-05-21 12:50:00, 136.3, 136.3, 136.3, 136.3, 393, 0.0
2021-05-21 12:54:00, 136.245, 136.25, 136.245, 136.25, 500, 0.0
2021-05-21 12:56:00, 136.245, 136.245, 136.245, 136.245, 107, 0.0
2021-05-21 12:58:00, 136.205, 136.21, 136.205, 136.21, 402, 0.0
2021-05-21 13:01:00, 136.06, 136.06, 136.06, 136.06, 400, 0.0
2021-05-21 13:02:00, 136.08, 136.08, 136.08, 136.08, 100, 0.0
2021-05-21 13:04:00, 136.13, 136.16, 136.13, 136.15, 428, 0.0
2021-05-21 13:05:00, 136.195, 136.195, 136.195, 136.195, 109, 0.0
2021-05-21 13:06:00, 136.14, 136.14, 136.13, 136.13, 226, 0.0
2021-05-21 13:07:00, 136.13, 136.13, 136.13, 136.13, 101, 0.0
2021-05-21 13:08:00, 136.16, 136.16, 136.16, 136.16, 356, 0.0
2021-05-21 13:09:00, 136.22, 136.22, 136.22, 136.22, 201, 0.0
2021-05-21 13:10:00, 136.19, 136.19, 136.19, 136.19, 100, 0.0
2021-05-21 13:11:00, 136.155, 136.16, 136.155, 136.16, 200, 0.0
2021-05-21 13:12:00, 136.17, 136.17, 136.17, 136.17, 200, 0.0
2021-05-21 13:13:00, 136.16, 136.16, 136.16, 136.16, 100, 0.0
2021-05-21 13:24:00, 136.12, 136.12, 136.12, 136.12, 303, 0.0
2021-05-21 13:25:00, 136.12, 136.12, 136.12, 136.12, 306, 0.0
2021-05-21 13:26:00, 136.08, 136.08, 136.08, 136.08, 102, 0.0
2021-05-21 13:27:00, 136.085, 136.085, 136.08, 136.08, 204, 0.0
2021-05-21 13:28:00, 136.04, 136.04, 136.04, 136.04, 224, 0.0
2021-05-21 13:30:00, 136.09, 136.09, 136.09, 136.09, 163, 0.0
2021-05-21 13:31:00, 136.09, 136.09, 136.09, 136.09, 100, 0.0
2021-05-21 13:32:00, 136.1, 136.1, 136.09, 136.09, 246, 0.0
2021-05-21 13:33:00, 136.07, 136.07, 136.07, 136.07, 102, 0.0
2021-05-21 13:36:00, 136.1, 136.1, 136.1, 136.1, 104, 0.0
2021-05-21 13:37:00, 136.15, 136.15, 136.15, 136.15, 142, 0.0
2021-05-21 13:38:00, 136.09, 136.09, 136.025, 136.025, 400, 0.0
2021-05-21 13:39:00, 136.02, 136.02, 136.02, 136.02, 200, 0.0
2021-05-21 13:41:00, 136.02, 136.045, 136.02, 136.045, 402, 0.0
2021-05-21 13:42:00, 136.06, 136.06, 136.06, 136.06, 102, 0.0
2021-05-21 13:43:00, 136.06, 136.06, 136.06, 136.06, 102, 0.0
2021-05-21 13:46:00, 136.11, 136.11, 136.11, 136.11, 102, 0.0
2021-05-21 13:47:00, 136.11, 136.11, 136.11, 136.11, 100, 0.0
2021-05-21 13:51:00, 136.1, 136.1, 136.1, 136.1, 206, 0.0
2021-05-21 13:57:00, 136.21, 136.21, 136.21, 136.21, 105, 0.0
2021-05-21 13:59:00, 136.22, 136.22, 136.22, 136.22, 202, 0.0
2021-05-21 14:00:00, 136.23, 136.23, 136.21, 136.21, 216, 0.0
2021-05-21 14:01:00, 136.13, 136.15, 136.13, 136.15, 322, 0.0
2021-05-21 14:03:00, 136.1, 136.1, 136.1, 136.1, 183, 0.0
2021-05-21 14:04:00, 136.06, 136.06, 136.06, 136.06, 106, 0.0
2021-05-21 14:05:00, 136.13, 136.13, 136.13, 136.13, 339, 0.0
2021-05-21 14:06:00, 136.09, 136.09, 136.09, 136.09, 103, 0.0
2021-05-21 14:07:00, 136.12, 136.12, 136.12, 136.12, 157, 0.0
2021-05-21 14:09:00, 136.14, 136.14, 136.14, 136.14, 177, 0.0
2021-05-21 14:10:00, 136.11, 136.14, 136.11, 136.14, 402, 0.0
2021-05-21 14:12:00, 136.21, 136.21, 136.21, 136.21, 228, 0.0
2021-05-21 14:15:00, 136.29, 136.29, 136.28, 136.29, 506, 0.0
2021-05-21 14:18:00, 136.33, 136.33, 136.33, 136.33, 302, 0.0
2021-05-21 14:19:00, 136.32, 136.32, 136.3, 136.3, 703, 0.0
2021-05-21 14:20:00, 136.3, 136.3, 136.3, 136.3, 102, 0.0
2021-05-21 14:21:00, 136.265, 136.265, 136.265, 136.265, 178, 0.0
2021-05-21 14:22:00, 136.245, 136.245, 136.245, 136.245, 102, 0.0
2021-05-21 14:23:00, 136.25, 136.26, 136.235, 136.26, 709, 0.0
2021-05-21 14:24:00, 136.29, 136.31, 136.28, 136.285, 603, 0.0
2021-05-21 14:25:00, 136.25, 136.25, 136.25, 136.25, 111, 0.0
2021-05-21 14:26:00, 136.21, 136.21, 136.2, 136.2, 236, 0.0
2021-05-21 14:27:00, 136.225, 136.225, 136.225, 136.225, 108, 0.0
2021-05-21 14:28:00, 136.22, 136.22, 136.195, 136.195, 256, 0.0
2021-05-21 14:29:00, 136.16, 136.16, 136.16, 136.16, 108, 0.0
2021-05-21 14:30:00, 136.12, 136.16, 136.12, 136.16, 479, 0.0
2021-05-21 14:31:00, 136.16, 136.22, 136.15, 136.22, 404, 0.0
2021-05-21 14:32:00, 136.24, 136.24, 136.24, 136.24, 103, 0.0
2021-05-21 14:33:00, 136.25, 136.305, 136.25, 136.28, 634, 0.0
2021-05-21 14:35:00, 136.335, 136.37, 136.335, 136.37, 433, 0.0
2021-05-21 14:36:00, 136.365, 136.365, 136.355, 136.355, 312, 0.0
2021-05-21 14:37:00, 136.38, 136.38, 136.38, 136.38, 173, 0.0
2021-05-21 14:38:00, 136.36, 136.36, 136.34, 136.34, 1104, 0.0
2021-05-21 14:39:00, 136.27, 136.27, 136.27, 136.27, 171, 0.0
2021-05-21 14:40:00, 136.275, 136.32, 136.27, 136.32, 498, 0.0
2021-05-21 14:41:00, 136.33, 136.335, 136.225, 136.225, 500, 0.0
2021-05-21 14:42:00, 136.15, 136.15, 136.11, 136.11, 379, 0.0
2021-05-21 14:43:00, 136.07, 136.07, 136.07, 136.07, 331, 0.0
2021-05-21 14:44:00, 136.08, 136.085, 136.015, 136.015, 401, 0.0
2021-05-21 14:45:00, 135.94, 135.94, 135.915, 135.915, 900, 0.0
2021-05-21 14:46:00, 135.94, 135.94, 135.89, 135.89, 219, 0.0
2021-05-21 14:47:00, 135.91, 135.91, 135.91, 135.91, 215, 0.0
2021-05-21 14:48:00, 135.945, 135.945, 135.87, 135.9, 637, 0.0
2021-05-21 14:49:00, 135.945, 136.14, 135.945, 136.13, 916, 0.0
2021-05-21 14:50:00, 136.12, 136.16, 136.11, 136.13, 2035, 0.0
2021-05-21 14:51:00, 136.075, 136.12, 136.065, 136.12, 892, 0.0
2021-05-21 14:52:00, 136.14, 136.165, 136.1, 136.1, 774, 0.0
2021-05-21 14:53:00, 136.11, 136.15, 136.11, 136.14, 320, 0.0
2021-05-21 14:54:00, 136.16, 136.16, 136, 136, 2983, 0.0
2021-05-21 14:55:00, 136.01, 136.01, 135.95, 135.955, 603, 0.0
2021-05-21 14:56:00, 135.94, 135.965, 135.92, 135.95, 774, 0.0
2021-05-21 14:57:00, 135.95, 135.95, 135.88, 135.88, 1999, 0.0
2021-05-21 14:58:00, 135.925, 136.01, 135.925, 135.94, 2376, 0.0
2021-05-21 14:59:00, 135.965, 136.07, 135.965, 135.975, 1668, 0.0
2021-05-24 08:30:00, 136.58, 136.71, 136.58, 136.71, 604, 0.0
2021-05-24 08:31:00, 136.64, 136.64, 136.64, 136.64, 101, 0.0
2021-05-24 08:32:00, 136.58, 136.63, 136.56, 136.62, 408, 0.0
2021-05-24 08:33:00, 136.61, 136.71, 136.57, 136.71, 1203, 0.0
2021-05-24 08:34:00, 136.73, 136.73, 136.7, 136.7, 603, 0.0
2021-05-24 08:35:00, 136.58, 136.59, 136.53, 136.55, 942, 0.0
2021-05-24 08:36:00, 136.53, 136.76, 136.53, 136.76, 1127, 0.0
2021-05-24 08:37:00, 136.97, 136.97, 136.97, 136.97, 131, 0.0
2021-05-24 08:38:00, 137.01, 137.01, 137.01, 137.01, 397, 0.0
2021-05-24 08:39:00, 136.99, 136.99, 136.86, 136.86, 321, 0.0
2021-05-24 08:40:00, 137.01, 137.04, 136.95, 137.04, 1325, 0.0
2021-05-24 08:41:00, 137, 137, 136.95, 136.95, 474, 0.0
2021-05-24 08:42:00, 136.93, 136.93, 136.93, 136.93, 102, 0.0
2021-05-24 08:43:00, 136.88, 136.89, 136.88, 136.89, 300, 0.0
2021-05-24 08:44:00, 136.9, 136.9, 136.9, 136.9, 100, 0.0
2021-05-24 08:46:00, 136.83, 136.83, 136.83, 136.83, 150, 0.0
2021-05-24 08:47:00, 136.77, 136.77, 136.77, 136.77, 100, 0.0
2021-05-24 08:48:00, 136.79, 136.79, 136.72, 136.72, 336, 0.0
2021-05-24 08:49:00, 136.7, 136.77, 136.69, 136.77, 300, 0.0
2021-05-24 08:50:00, 136.82, 136.82, 136.82, 136.82, 124, 0.0
2021-05-24 08:51:00, 136.77, 136.77, 136.77, 136.77, 151, 0.0
2021-05-24 08:52:00, 136.84, 136.84, 136.84, 136.84, 157, 0.0
2021-05-24 08:53:00, 136.8, 136.8, 136.8, 136.8, 105, 0.0
2021-05-24 08:54:00, 136.87, 136.87, 136.87, 136.87, 303, 0.0
2021-05-24 08:55:00, 136.85, 136.85, 136.83, 136.83, 401, 0.0
2021-05-24 08:56:00, 136.88, 136.88, 136.855, 136.855, 200, 0.0
2021-05-24 08:57:00, 136.87, 136.9, 136.87, 136.9, 204, 0.0
2021-05-24 08:58:00, 136.82, 136.83, 136.77, 136.83, 384, 0.0
2021-05-24 08:59:00, 136.85, 136.85, 136.85, 136.85, 300, 0.0
2021-05-24 09:00:00, 136.86, 136.86, 136.81, 136.81, 210, 0.0
2021-05-24 09:01:00, 137.1, 137.1, 137.1, 137.1, 146, 0.0
2021-05-24 09:02:00, 137.18, 137.18, 137.14, 137.14, 880, 0.0
2021-05-24 09:03:00, 137.11, 137.11, 137.01, 137.02, 1022, 0.0
2021-05-24 09:04:00, 137.01, 137.025, 137.01, 137.025, 1346, 0.0
2021-05-24 09:05:00, 137.005, 137.02, 137.005, 137.02, 558, 0.0
2021-05-24 09:06:00, 136.93, 136.93, 136.93, 136.93, 300, 0.0
2021-05-24 09:07:00, 136.985, 136.985, 136.985, 136.985, 100, 0.0
2021-05-24 09:09:00, 137.01, 137.01, 137.01, 137.01, 313, 0.0
2021-05-24 09:10:00, 137, 137, 137, 137, 201, 0.0
2021-05-24 09:11:00, 137, 137, 137, 137, 300, 0.0
2021-05-24 09:12:00, 137.005, 137.01, 137.005, 137.01, 204, 0.0
2021-05-24 09:13:00, 137.06, 137.235, 137.06, 137.205, 2578, 0.0
2021-05-24 09:14:00, 137.165, 137.165, 137.065, 137.065, 1300, 0.0
2021-05-24 09:15:00, 137.13, 137.17, 137.11, 137.17, 625, 0.0
2021-05-24 09:16:00, 137.21, 137.21, 137.04, 137.04, 500, 0.0
2021-05-24 09:17:00, 137.125, 137.125, 137.09, 137.09, 677, 0.0
2021-05-24 09:18:00, 137.18, 137.18, 137.18, 137.18, 490, 0.0
2021-05-24 09:19:00, 137.22, 137.28, 137.2, 137.2, 1603, 0.0
2021-05-24 09:20:00, 137.205, 137.205, 137.175, 137.185, 908, 0.0
2021-05-24 09:21:00, 137.205, 137.26, 137.205, 137.21, 866, 0.0
2021-05-24 09:22:00, 137.23, 137.26, 137.23, 137.26, 466, 0.0
2021-05-24 09:24:00, 137.57, 137.57, 137.57, 137.57, 181, 0.0
2021-05-24 09:26:00, 137.53, 137.54, 137.53, 137.53, 634, 0.0
2021-05-24 09:28:00, 137.55, 137.55, 137.55, 137.55, 151, 0.0
2021-05-24 09:29:00, 137.53, 137.53, 137.53, 137.53, 188, 0.0
2021-05-24 09:31:00, 137.5, 137.5, 137.5, 137.5, 263, 0.0
2021-05-24 09:32:00, 137.5, 137.52, 137.48, 137.52, 501, 0.0
2021-05-24 09:33:00, 137.52, 137.52, 137.5, 137.5, 624, 0.0
2021-05-24 09:34:00, 137.49, 137.49, 137.49, 137.49, 201, 0.0
2021-05-24 09:36:00, 137.58, 137.595, 137.58, 137.595, 415, 0.0
2021-05-24 09:37:00, 137.56, 137.56, 137.545, 137.545, 422, 0.0
2021-05-24 09:39:00, 137.46, 137.46, 137.46, 137.46, 400, 0.0
2021-05-24 09:40:00, 137.445, 137.445, 137.445, 137.445, 100, 0.0
2021-05-24 09:41:00, 137.46, 137.46, 137.44, 137.44, 216, 0.0
2021-05-24 09:42:00, 137.41, 137.41, 137.41, 137.41, 104, 0.0
2021-05-24 09:43:00, 137.42, 137.47, 137.42, 137.47, 985, 0.0
2021-05-24 09:44:00, 137.53, 137.62, 137.53, 137.62, 609, 0.0
2021-05-24 09:45:00, 137.625, 137.625, 137.62, 137.62, 328, 0.0
2021-05-24 09:46:00, 137.64, 137.64, 137.64, 137.64, 207, 0.0
2021-05-24 09:48:00, 137.63, 137.63, 137.495, 137.5, 1205, 0.0
2021-05-24 09:49:00, 137.5, 137.5, 137.44, 137.44, 1840, 0.0
2021-05-24 09:50:00, 137.52, 137.52, 137.49, 137.49, 316, 0.0
2021-05-24 09:51:00, 137.5, 137.525, 137.495, 137.495, 500, 0.0
2021-05-24 09:52:00, 137.5, 137.5, 137.38, 137.38, 949, 0.0
2021-05-24 09:53:00, 137.395, 137.395, 137.395, 137.395, 105, 0.0
2021-05-24 09:55:00, 137.35, 137.35, 137.29, 137.29, 343, 0.0
2021-05-24 09:56:00, 137.37, 137.37, 137.32, 137.32, 906, 0.0
2021-05-24 09:57:00, 137.36, 137.36, 137.345, 137.345, 320, 0.0
2021-05-24 09:59:00, 137.49, 137.49, 137.47, 137.47, 400, 0.0
2021-05-24 10:00:00, 137.49, 137.49, 137.49, 137.49, 216, 0.0
2021-05-24 10:01:00, 137.49, 137.49, 137.49, 137.49, 200, 0.0
2021-05-24 10:04:00, 137.5, 137.5, 137.47, 137.49, 425, 0.0
2021-05-24 10:05:00, 137.41, 137.41, 137.41, 137.41, 204, 0.0
2021-05-24 10:06:00, 137.47, 137.47, 137.47, 137.47, 197, 0.0
2021-05-24 10:07:00, 137.48, 137.48, 137.48, 137.48, 110, 0.0
2021-05-24 10:08:00, 137.45, 137.45, 137.45, 137.45, 311, 0.0
2021-05-24 10:09:00, 137.46, 137.46, 137.46, 137.46, 252, 0.0
2021-05-24 10:11:00, 137.49, 137.49, 137.49, 137.49, 143, 0.0
2021-05-24 10:12:00, 137.54, 137.595, 137.54, 137.595, 789, 0.0
2021-05-24 10:13:00, 137.62, 137.62, 137.62, 137.62, 244, 0.0
2021-05-24 10:14:00, 137.65, 137.65, 137.62, 137.62, 203, 0.0
2021-05-24 10:15:00, 137.6, 137.67, 137.6, 137.67, 202, 0.0
2021-05-24 10:16:00, 137.67, 137.7, 137.67, 137.68, 786, 0.0
2021-05-24 10:17:00, 137.72, 137.79, 137.72, 137.79, 412, 0.0
2021-05-24 10:18:00, 137.78, 137.805, 137.78, 137.805, 287, 0.0
2021-05-24 10:20:00, 137.83, 137.83, 137.77, 137.77, 334, 0.0
2021-05-24 10:22:00, 137.71, 137.71, 137.68, 137.69, 300, 0.0
2021-05-24 10:23:00, 137.72, 137.79, 137.71, 137.78, 746, 0.0
2021-05-24 10:24:00, 137.79, 137.79, 137.79, 137.79, 284, 0.0
2021-05-24 10:25:00, 137.685, 137.685, 137.685, 137.685, 300, 0.0
2021-05-24 10:26:00, 137.66, 137.68, 137.66, 137.68, 325, 0.0
2021-05-24 10:27:00, 137.67, 137.74, 137.67, 137.74, 302, 0.0
2021-05-24 10:28:00, 137.715, 137.715, 137.715, 137.715, 217, 0.0
2021-05-24 10:29:00, 137.7, 137.7, 137.7, 137.7, 200, 0.0
2021-05-24 10:30:00, 137.77, 137.77, 137.75, 137.75, 401, 0.0
2021-05-24 10:32:00, 137.76, 137.76, 137.75, 137.75, 601, 0.0
2021-05-24 10:34:00, 137.66, 137.66, 137.66, 137.66, 100, 0.0
2021-05-24 10:35:00, 137.7, 137.7, 137.69, 137.69, 519, 0.0
2021-05-24 10:38:00, 137.66, 137.66, 137.66, 137.66, 152, 0.0
2021-05-24 10:41:00, 137.75, 137.75, 137.75, 137.75, 348, 0.0
2021-05-24 10:43:00, 137.815, 137.82, 137.815, 137.82, 400, 0.0
2021-05-24 10:44:00, 137.82, 137.88, 137.82, 137.88, 458, 0.0
2021-05-24 10:45:00, 137.885, 137.885, 137.76, 137.76, 693, 0.0
2021-05-24 10:47:00, 137.8, 137.8, 137.8, 137.8, 400, 0.0
2021-05-24 10:50:00, 137.75, 137.75, 137.75, 137.75, 200, 0.0
2021-05-24 10:52:00, 137.76, 137.76, 137.7, 137.7, 357, 0.0
2021-05-24 10:53:00, 137.69, 137.69, 137.69, 137.69, 163, 0.0
2021-05-24 10:54:00, 137.7, 137.7, 137.7, 137.7, 100, 0.0
2021-05-24 10:55:00, 137.64, 137.64, 137.64, 137.64, 115, 0.0
2021-05-24 10:56:00, 137.67, 137.67, 137.67, 137.67, 106, 0.0
2021-05-24 10:59:00, 137.68, 137.68, 137.67, 137.67, 200, 0.0
2021-05-24 11:05:00, 137.63, 137.63, 137.63, 137.63, 800, 0.0
2021-05-24 11:07:00, 137.62, 137.62, 137.62, 137.62, 1754, 0.0
2021-05-24 11:09:00, 137.56, 137.56, 137.56, 137.56, 301, 0.0
2021-05-24 11:14:00, 137.46, 137.46, 137.46, 137.46, 618, 0.0
2021-05-24 11:15:00, 137.53, 137.53, 137.53, 137.53, 200, 0.0
2021-05-24 11:16:00, 137.53, 137.54, 137.53, 137.54, 200, 0.0
2021-05-24 11:17:00, 137.59, 137.59, 137.59, 137.59, 216, 0.0
2021-05-24 11:18:00, 137.58, 137.58, 137.58, 137.58, 1310, 0.0
2021-05-24 11:19:00, 137.63, 137.63, 137.63, 137.63, 1101, 0.0
2021-05-24 11:20:00, 137.6, 137.6, 137.6, 137.6, 362, 0.0
2021-05-24 11:21:00, 137.62, 137.62, 137.62, 137.62, 115, 0.0
2021-05-24 11:24:00, 137.62, 137.62, 137.615, 137.615, 218, 0.0
2021-05-24 11:25:00, 137.625, 137.625, 137.605, 137.605, 500, 0.0
2021-05-24 11:29:00, 137.605, 137.69, 137.35, 137.39, 3112, 0.0
2021-05-24 11:32:00, 137.57, 137.57, 137.57, 137.57, 100, 0.0
2021-05-24 11:34:00, 137.63, 137.66, 137.63, 137.66, 1135, 0.0
2021-05-24 11:35:00, 137.6, 137.6, 137.6, 137.6, 264, 0.0
2021-05-24 11:36:00, 137.6, 137.6, 137.6, 137.6, 119, 0.0
2021-05-24 11:37:00, 137.63, 137.63, 137.63, 137.63, 303, 0.0
2021-05-24 11:38:00, 137.66, 137.66, 137.66, 137.66, 100, 0.0
2021-05-24 11:39:00, 137.65, 137.65, 137.65, 137.65, 258, 0.0
2021-05-24 11:40:00, 137.56, 137.56, 137.56, 137.56, 200, 0.0
2021-05-24 11:43:00, 137.61, 137.62, 137.61, 137.62, 202, 0.0
2021-05-24 11:44:00, 137.63, 137.63, 137.63, 137.63, 400, 0.0
2021-05-24 11:45:00, 137.68, 137.68, 137.68, 137.68, 220, 0.0
2021-05-24 11:47:00, 137.64, 137.64, 137.64, 137.64, 300, 0.0
2021-05-24 11:48:00, 137.63, 137.63, 137.63, 137.63, 100, 0.0
2021-05-24 11:49:00, 137.67, 137.67, 137.67, 137.67, 102, 0.0
2021-05-24 11:50:00, 137.62, 137.62, 137.62, 137.62, 203, 0.0
2021-05-24 11:52:00, 137.63, 137.67, 137.63, 137.67, 301, 0.0
2021-05-24 11:53:00, 137.63, 137.63, 137.63, 137.63, 148, 0.0
2021-05-24 11:54:00, 137.62, 137.62, 137.62, 137.62, 100, 0.0
2021-05-24 11:55:00, 137.61, 137.61, 137.61, 137.61, 100, 0.0
2021-05-24 11:56:00, 137.6, 137.6, 137.6, 137.6, 100, 0.0
2021-05-24 11:57:00, 137.62, 137.63, 137.62, 137.63, 200, 0.0
2021-05-24 12:00:00, 137.62, 137.62, 137.62, 137.62, 105, 0.0
2021-05-24 12:01:00, 137.59, 137.59, 137.59, 137.59, 138, 0.0
2021-05-24 12:03:00, 137.6, 137.61, 137.6, 137.61, 375, 0.0
2021-05-24 12:04:00, 137.56, 137.56, 137.56, 137.56, 200, 0.0
2021-05-24 12:06:00, 137.6, 137.61, 137.6, 137.61, 200, 0.0
2021-05-24 12:07:00, 137.62, 137.62, 137.62, 137.62, 100, 0.0
2021-05-24 12:08:00, 137.62, 137.62, 137.62, 137.62, 203, 0.0
2021-05-24 12:09:00, 137.64, 137.73, 137.64, 137.68, 516, 0.0
2021-05-24 12:13:00, 137.64, 137.64, 137.64, 137.64, 400, 0.0
2021-05-24 12:16:00, 137.68, 137.69, 137.68, 137.69, 305, 0.0
2021-05-24 12:18:00, 137.7, 137.7, 137.7, 137.7, 250, 0.0
2021-05-24 12:19:00, 137.7, 137.7, 137.7, 137.7, 100, 0.0
2021-05-24 12:21:00, 137.67, 137.67, 137.67, 137.67, 236, 0.0
2021-05-24 12:23:00, 137.69, 137.69, 137.69, 137.69, 343, 0.0
2021-05-24 12:25:00, 137.67, 137.67, 137.67, 137.67, 301, 0.0
2021-05-24 12:27:00, 137.61, 137.61, 137.605, 137.605, 201, 0.0
2021-05-24 12:28:00, 137.64, 137.64, 137.64, 137.64, 218, 0.0
2021-05-24 12:29:00, 137.64, 137.64, 137.64, 137.64, 242, 0.0
2021-05-24 12:30:00, 137.65, 137.65, 137.63, 137.63, 207, 0.0
2021-05-24 12:32:00, 137.64, 137.64, 137.64, 137.64, 500, 0.0
2021-05-24 12:34:00, 137.67, 137.67, 137.67, 137.67, 308, 0.0
2021-05-24 12:35:00, 137.65, 137.65, 137.63, 137.63, 570, 0.0
2021-05-24 12:36:00, 137.66, 137.66, 137.66, 137.66, 100, 0.0
2021-05-24 12:38:00, 137.67, 137.67, 137.67, 137.67, 300, 0.0
2021-05-24 12:41:00, 137.69, 137.69, 137.69, 137.69, 317, 0.0
2021-05-24 12:43:00, 137.68, 137.68, 137.68, 137.68, 259, 0.0
2021-05-24 12:45:00, 137.66, 137.66, 137.66, 137.66, 123, 0.0
2021-05-24 12:46:00, 137.66, 137.67, 137.66, 137.67, 244, 0.0
2021-05-24 12:49:00, 137.68, 137.68, 137.68, 137.68, 336, 0.0
2021-05-24 12:52:00, 137.66, 137.66, 137.66, 137.66, 204, 0.0
2021-05-24 12:53:00, 137.66, 137.66, 137.62, 137.62, 547, 0.0
2021-05-24 12:54:00, 137.59, 137.59, 137.57, 137.57, 453, 0.0
2021-05-24 12:55:00, 137.56, 137.58, 137.56, 137.58, 360, 0.0
2021-05-24 12:56:00, 137.57, 137.57, 137.57, 137.57, 200, 0.0
2021-05-24 13:00:00, 137.61, 137.615, 137.61, 137.615, 545, 0.0
2021-05-24 13:01:00, 137.6, 137.6, 137.6, 137.6, 171, 0.0
2021-05-24 13:03:00, 137.64, 137.64, 137.64, 137.64, 156, 0.0
2021-05-24 13:04:00, 137.585, 137.585, 137.585, 137.585, 100, 0.0
2021-05-24 13:05:00, 137.58, 137.58, 137.58, 137.58, 103, 0.0
2021-05-24 13:06:00, 137.45, 137.47, 137.45, 137.47, 545, 0.0
2021-05-24 13:07:00, 137.43, 137.43, 137.43, 137.43, 100, 0.0
2021-05-24 13:08:00, 137.45, 137.45, 137.39, 137.39, 437, 0.0
2021-05-24 13:09:00, 137.39, 137.39, 137.39, 137.39, 263, 0.0
2021-05-24 13:13:00, 137.36, 137.36, 137.36, 137.36, 358, 0.0
2021-05-24 13:15:00, 137.54, 137.55, 137.54, 137.55, 200, 0.0
2021-05-24 13:16:00, 137.63, 137.63, 137.62, 137.62, 513, 0.0
2021-05-24 13:18:00, 137.67, 137.67, 137.655, 137.655, 203, 0.0
2021-05-24 13:19:00, 137.64, 137.64, 137.64, 137.64, 225, 0.0
2021-05-24 13:20:00, 137.67, 137.67, 137.67, 137.67, 100, 0.0
2021-05-24 13:21:00, 137.62, 137.62, 137.62, 137.62, 200, 0.0
2021-05-24 13:23:00, 137.62, 137.64, 137.62, 137.64, 320, 0.0
2021-05-24 13:24:00, 137.65, 137.65, 137.65, 137.65, 100, 0.0
2021-05-24 13:25:00, 137.67, 137.67, 137.67, 137.67, 117, 0.0
2021-05-24 13:26:00, 137.65, 137.65, 137.65, 137.65, 418, 0.0
2021-05-24 13:28:00, 137.67, 137.67, 137.67, 137.67, 203, 0.0
2021-05-24 13:29:00, 137.68, 137.68, 137.68, 137.68, 104, 0.0
2021-05-24 13:30:00, 137.68, 137.68, 137.62, 137.63, 700, 0.0
2021-05-24 13:31:00, 137.64, 137.64, 137.64, 137.64, 115, 0.0
2021-05-24 13:32:00, 137.61, 137.62, 137.61, 137.62, 352, 0.0
2021-05-24 13:35:00, 137.64, 137.64, 137.63, 137.63, 608, 0.0
2021-05-24 13:36:00, 137.63, 137.63, 137.63, 137.63, 116, 0.0
2021-05-24 13:37:00, 137.64, 137.64, 137.64, 137.64, 201, 0.0
2021-05-24 13:38:00, 137.62, 137.62, 137.62, 137.62, 100, 0.0
2021-05-24 13:39:00, 137.62, 137.64, 137.62, 137.63, 432, 0.0
2021-05-24 13:40:00, 137.62, 137.63, 137.62, 137.63, 315, 0.0
2021-05-24 13:41:00, 137.65, 137.65, 137.6, 137.6, 1107, 0.0
2021-05-24 13:45:00, 137.58, 137.58, 137.58, 137.58, 111, 0.0
2021-05-24 13:46:00, 137.61, 137.61, 137.61, 137.61, 101, 0.0
2021-05-24 13:48:00, 137.62, 137.63, 137.62, 137.63, 444, 0.0
2021-05-24 13:49:00, 137.635, 137.64, 137.63, 137.63, 300, 0.0
2021-05-24 13:50:00, 137.61, 137.61, 137.61, 137.61, 101, 0.0
2021-05-24 13:52:00, 137.72, 137.735, 137.72, 137.735, 201, 0.0
2021-05-24 13:53:00, 137.75, 137.75, 137.75, 137.75, 110, 0.0
2021-05-24 13:54:00, 137.73, 137.73, 137.68, 137.68, 763, 0.0
2021-05-24 13:55:00, 137.675, 137.675, 137.675, 137.675, 200, 0.0
2021-05-24 13:59:00, 137.59, 137.59, 137.59, 137.59, 200, 0.0
2021-05-24 14:00:00, 137.6, 137.6, 137.59, 137.59, 600, 0.0
2021-05-24 14:02:00, 137.59, 137.59, 137.59, 137.59, 100, 0.0
2021-05-24 14:03:00, 137.575, 137.575, 137.575, 137.575, 139, 0.0
2021-05-24 14:04:00, 137.58, 137.58, 137.58, 137.58, 100, 0.0
2021-05-24 14:06:00, 137.68, 137.68, 137.68, 137.68, 879, 0.0
2021-05-24 14:07:00, 137.69, 137.72, 137.69, 137.695, 810, 0.0
2021-05-24 14:08:00, 137.72, 137.72, 137.72, 137.72, 289, 0.0
2021-05-24 14:11:00, 137.68, 137.69, 137.68, 137.69, 328, 0.0
2021-05-24 14:12:00, 137.67, 137.67, 137.67, 137.67, 300, 0.0
2021-05-24 14:13:00, 137.61, 137.61, 137.57, 137.6, 531, 0.0
2021-05-24 14:14:00, 137.59, 137.59, 137.59, 137.59, 101, 0.0
2021-05-24 14:15:00, 137.58, 137.58, 137.53, 137.53, 315, 0.0
2021-05-24 14:16:00, 137.53, 137.53, 137.52, 137.53, 759, 0.0
2021-05-24 14:18:00, 137.58, 137.58, 137.58, 137.58, 101, 0.0
2021-05-24 14:19:00, 137.58, 137.58, 137.58, 137.58, 300, 0.0
2021-05-24 14:20:00, 137.6, 137.64, 137.6, 137.64, 523, 0.0
2021-05-24 14:21:00, 137.62, 137.62, 137.62, 137.62, 100, 0.0
2021-05-24 14:22:00, 137.645, 137.65, 137.64, 137.64, 1927, 0.0
2021-05-24 14:23:00, 137.68, 137.68, 137.68, 137.68, 199, 0.0
2021-05-24 14:25:00, 137.66, 137.66, 137.66, 137.66, 109, 0.0
2021-05-24 14:26:00, 137.72, 137.74, 137.72, 137.74, 202, 0.0
2021-05-24 14:27:00, 137.75, 137.75, 137.75, 137.75, 201, 0.0
2021-05-24 14:28:00, 137.72, 137.74, 137.72, 137.74, 210, 0.0
2021-05-24 14:29:00, 137.77, 137.77, 137.77, 137.77, 116, 0.0
2021-05-24 14:30:00, 137.775, 137.83, 137.75, 137.83, 546, 0.0
2021-05-24 14:31:00, 137.82, 137.82, 137.81, 137.81, 201, 0.0
2021-05-24 14:33:00, 137.86, 137.9, 137.86, 137.9, 401, 0.0
2021-05-24 14:34:00, 137.89, 137.89, 137.89, 137.89, 371, 0.0
2021-05-24 14:35:00, 137.94, 138.015, 137.93, 138.015, 1271, 0.0
2021-05-24 14:36:00, 138.03, 138.115, 138.03, 138.115, 1434, 0.0
2021-05-24 14:37:00, 138.08, 138.09, 138.03, 138.03, 907, 0.0
2021-05-24 14:38:00, 138.025, 138.025, 138.025, 138.025, 762, 0.0
2021-05-24 14:39:00, 138.04, 138.065, 138.025, 138.06, 547, 0.0
2021-05-24 14:40:00, 138.06, 138.15, 138.06, 138.15, 1987, 0.0
2021-05-24 14:41:00, 138.02, 138.02, 138.02, 138.02, 211, 0.0
2021-05-24 14:42:00, 138, 138.01, 137.99, 137.99, 1300, 0.0
2021-05-24 14:43:00, 137.99, 137.99, 137.9, 137.9, 900, 0.0
2021-05-24 14:45:00, 137.93, 137.97, 137.93, 137.955, 515, 0.0
2021-05-24 14:46:00, 138, 138.025, 138, 138.025, 584, 0.0
2021-05-24 14:47:00, 137.96, 137.97, 137.96, 137.96, 600, 0.0
2021-05-24 14:48:00, 137.94, 138.03, 137.94, 138.03, 319, 0.0
2021-05-24 14:49:00, 138.04, 138.04, 138.04, 138.04, 303, 0.0
2021-05-24 14:50:00, 138.02, 138.27, 138.02, 138.11, 4147, 0.0
2021-05-24 14:51:00, 138.1, 138.1, 137.95, 137.96, 2553, 0.0
2021-05-24 14:52:00, 137.94, 137.965, 137.91, 137.96, 2009, 0.0
2021-05-24 14:53:00, 137.98, 138.01, 137.965, 138.01, 1314, 0.0
2021-05-24 14:54:00, 138.02, 138.11, 137.99, 138.08, 2005, 0.0
2021-05-24 14:55:00, 137.98, 137.98, 137.91, 137.93, 835, 0.0
2021-05-24 14:56:00, 137.95, 137.95, 137.86, 137.86, 803, 0.0
2021-05-24 14:57:00, 137.87, 137.87, 137.85, 137.85, 854, 0.0
2021-05-24 14:58:00, 137.88, 137.88, 137.78, 137.78, 1499, 0.0
2021-05-24 14:59:00, 137.73, 137.76, 137.73, 137.76, 1567, 0.0
2021-05-25 08:30:00, 137.975, 138.15, 137.975, 138.09, 836, 0.0
2021-05-25 08:31:00, 138.19, 138.28, 138.19, 138.28, 305, 0.0
2021-05-25 08:32:00, 138.31, 138.49, 138.3, 138.49, 700, 0.0
2021-05-25 08:33:00, 138.61, 138.78, 138.54, 138.78, 1582, 0.0
2021-05-25 08:34:00, 138.78, 138.88, 138.56, 138.57, 1412, 0.0
2021-05-25 08:35:00, 138.46, 138.54, 138.42, 138.53, 1002, 0.0
2021-05-25 08:36:00, 138.54, 138.54, 138.5, 138.5, 340, 0.0
2021-05-25 08:37:00, 138.45, 138.57, 138.45, 138.57, 400, 0.0
2021-05-25 08:38:00, 138.41, 138.41, 138.41, 138.41, 247, 0.0
2021-05-25 08:39:00, 138.49, 138.49, 138.49, 138.49, 100, 0.0
2021-05-25 08:40:00, 138.47, 138.48, 138.375, 138.415, 2443, 0.0
2021-05-25 08:41:00, 138.27, 138.28, 138.12, 138.12, 811, 0.0
2021-05-25 08:42:00, 138.16, 138.16, 137.98, 137.98, 987, 0.0
2021-05-25 08:43:00, 137.935, 137.955, 137.935, 137.95, 603, 0.0
2021-05-25 08:44:00, 138, 138, 137.95, 137.95, 408, 0.0
2021-05-25 08:45:00, 137.9, 137.92, 137.86, 137.87, 747, 0.0
2021-05-25 08:46:00, 137.9, 137.905, 137.89, 137.905, 901, 0.0
2021-05-25 08:47:00, 137.905, 137.91, 137.8, 137.8, 775, 0.0
2021-05-25 08:48:00, 137.84, 138.03, 137.84, 138.03, 659, 0.0
2021-05-25 08:49:00, 138.01, 138.07, 138.01, 138.04, 659, 0.0
2021-05-25 08:50:00, 138.04, 138.04, 137.77, 137.8, 1073, 0.0
2021-05-25 08:51:00, 137.74, 137.8, 137.74, 137.8, 432, 0.0
2021-05-25 08:52:00, 137.8, 137.85, 137.7, 137.71, 1091, 0.0
2021-05-25 08:53:00, 137.69, 137.75, 137.68, 137.68, 924, 0.0
2021-05-25 08:54:00, 137.74, 137.74, 137.72, 137.74, 696, 0.0
2021-05-25 08:55:00, 137.67, 137.68, 137.66, 137.66, 467, 0.0
2021-05-25 08:56:00, 137.72, 137.72, 137.665, 137.67, 400, 0.0
2021-05-25 08:57:00, 137.73, 137.73, 137.73, 137.73, 359, 0.0
2021-05-25 08:58:00, 137.56, 137.62, 137.545, 137.545, 980, 0.0
2021-05-25 08:59:00, 137.59, 137.59, 137.45, 137.45, 1228, 0.0
2021-05-25 09:00:00, 137.44, 137.49, 137.44, 137.49, 2252, 0.0
2021-05-25 09:01:00, 137.48, 137.48, 137.46, 137.475, 302, 0.0
2021-05-25 09:02:00, 137.56, 137.56, 137.56, 137.56, 300, 0.0
2021-05-25 09:03:00, 137.615, 137.64, 137.615, 137.64, 201, 0.0
2021-05-25 09:04:00, 137.695, 137.695, 137.695, 137.695, 112, 0.0
2021-05-25 09:05:00, 137.71, 137.71, 137.71, 137.71, 367, 0.0
2021-05-25 09:06:00, 137.775, 137.775, 137.775, 137.775, 198, 0.0
2021-05-25 09:07:00, 137.84, 137.94, 137.84, 137.93, 1059, 0.0
2021-05-25 09:09:00, 137.94, 137.94, 137.94, 137.94, 223, 0.0
2021-05-25 09:10:00, 137.94, 137.94, 137.94, 137.94, 101, 0.0
2021-05-25 09:11:00, 137.94, 137.96, 137.865, 137.865, 812, 0.0
2021-05-25 09:12:00, 137.86, 137.94, 137.86, 137.94, 408, 0.0
2021-05-25 09:14:00, 137.81, 137.83, 137.81, 137.83, 304, 0.0
2021-05-25 09:15:00, 137.76, 137.76, 137.76, 137.76, 101, 0.0
2021-05-25 09:16:00, 137.75, 137.75, 137.705, 137.705, 300, 0.0
2021-05-25 09:18:00, 137.71, 137.71, 137.71, 137.71, 126, 0.0
2021-05-25 09:19:00, 137.84, 137.84, 137.84, 137.84, 160, 0.0
2021-05-25 09:20:00, 137.77, 137.84, 137.77, 137.84, 201, 0.0
2021-05-25 09:21:00, 137.71, 137.71, 137.675, 137.675, 404, 0.0
2021-05-25 09:22:00, 137.69, 137.69, 137.6, 137.615, 1006, 0.0
2021-05-25 09:23:00, 137.62, 137.63, 137.59, 137.59, 1037, 0.0
2021-05-25 09:24:00, 137.615, 137.62, 137.56, 137.56, 687, 0.0
2021-05-25 09:25:00, 137.53, 137.54, 137.53, 137.54, 511, 0.0
2021-05-25 09:28:00, 137.42, 137.42, 137.42, 137.42, 197, 0.0
2021-05-25 09:29:00, 137.41, 137.48, 137.41, 137.48, 734, 0.0
2021-05-25 09:31:00, 137.49, 137.49, 137.49, 137.49, 103, 0.0
2021-05-25 09:32:00, 137.35, 137.35, 137.35, 137.35, 153, 0.0
2021-05-25 09:33:00, 137.44, 137.44, 137.44, 137.44, 101, 0.0
2021-05-25 09:34:00, 137.38, 137.38, 137.38, 137.38, 307, 0.0
2021-05-25 09:35:00, 137.39, 137.39, 137.39, 137.39, 234, 0.0
2021-05-25 09:36:00, 137.335, 137.335, 137.245, 137.245, 376, 0.0
2021-05-25 09:37:00, 137.2, 137.21, 137.18, 137.18, 534, 0.0
2021-05-25 09:38:00, 137.18, 137.25, 137.18, 137.25, 900, 0.0
2021-05-25 09:40:00, 137.34, 137.34, 137.325, 137.325, 300, 0.0
2021-05-25 09:44:00, 137.46, 137.46, 137.45, 137.45, 504, 0.0
2021-05-25 09:46:00, 137.45, 137.47, 137.45, 137.47, 200, 0.0
2021-05-25 09:47:00, 137.44, 137.45, 137.44, 137.45, 605, 0.0
2021-05-25 09:48:00, 137.42, 137.42, 137.39, 137.4, 300, 0.0
2021-05-25 09:50:00, 137.37, 137.37, 137.37, 137.37, 116, 0.0
2021-05-25 09:51:00, 137.28, 137.28, 137.28, 137.28, 100, 0.0
2021-05-25 09:52:00, 137.36, 137.36, 137.3, 137.3, 412, 0.0
2021-05-25 09:53:00, 137.32, 137.32, 137.32, 137.32, 100, 0.0
2021-05-25 09:55:00, 137.39, 137.39, 137.39, 137.39, 101, 0.0
2021-05-25 09:56:00, 137.38, 137.38, 137.38, 137.38, 200, 0.0
2021-05-25 09:59:00, 137.295, 137.325, 137.295, 137.325, 200, 0.0
2021-05-25 10:00:00, 137.385, 137.39, 137.38, 137.39, 450, 0.0
2021-05-25 10:01:00, 137.45, 137.45, 137.36, 137.36, 500, 0.0
2021-05-25 10:02:00, 137.385, 137.385, 137.385, 137.385, 213, 0.0
2021-05-25 10:03:00, 137.39, 137.39, 137.36, 137.36, 599, 0.0
2021-05-25 10:04:00, 137.28, 137.28, 137.2, 137.23, 1700, 0.0
2021-05-25 10:07:00, 137.17, 137.17, 137.17, 137.17, 101, 0.0
2021-05-25 10:08:00, 137.15, 137.16, 137.15, 137.16, 306, 0.0
2021-05-25 10:09:00, 137.11, 137.11, 137.08, 137.1, 1016, 0.0
2021-05-25 10:11:00, 137.05, 137.15, 137.05, 137.145, 2255, 0.0
2021-05-25 10:12:00, 137.12, 137.12, 137.12, 137.12, 300, 0.0
2021-05-25 10:13:00, 137.09, 137.14, 137.09, 137.14, 300, 0.0
2021-05-25 10:14:00, 137.235, 137.235, 137.2, 137.2, 214, 0.0
2021-05-25 10:15:00, 137.225, 137.24, 137.22, 137.24, 556, 0.0
2021-05-25 10:16:00, 137.115, 137.165, 137.115, 137.165, 1300, 0.0
2021-05-25 10:17:00, 137.17, 137.17, 137.17, 137.17, 119, 0.0
2021-05-25 10:18:00, 137.16, 137.16, 137.16, 137.16, 200, 0.0
2021-05-25 10:19:00, 137.18, 137.22, 137.18, 137.22, 370, 0.0
2021-05-25 10:20:00, 137.24, 137.24, 137.24, 137.24, 447, 0.0
2021-05-25 10:21:00, 137.26, 137.26, 137.25, 137.26, 503, 0.0
2021-05-25 10:23:00, 137.23, 137.23, 137.23, 137.23, 200, 0.0
2021-05-25 10:24:00, 137.25, 137.26, 137.23, 137.23, 438, 0.0
2021-05-25 10:25:00, 137.25, 137.26, 137.25, 137.26, 400, 0.0
2021-05-25 10:26:00, 137.2, 137.2, 137.2, 137.2, 200, 0.0
2021-05-25 10:27:00, 137.165, 137.19, 137.165, 137.17, 604, 0.0
2021-05-25 10:28:00, 137.14, 137.14, 137.14, 137.14, 301, 0.0
2021-05-25 10:33:00, 137.02, 137.02, 137.02, 137.02, 363, 0.0
2021-05-25 10:34:00, 136.97, 136.97, 136.97, 136.97, 105, 0.0
2021-05-25 10:35:00, 137.01, 137.01, 137.01, 137.01, 155, 0.0
2021-05-25 10:36:00, 137.06, 137.06, 137, 137, 226, 0.0
2021-05-25 10:38:00, 137.03, 137.03, 137.03, 137.03, 337, 0.0
2021-05-25 10:39:00, 137, 137, 137, 137, 101, 0.0
2021-05-25 10:42:00, 137, 137, 137, 137, 200, 0.0
2021-05-25 10:43:00, 137.02, 137.07, 137.02, 137.07, 401, 0.0
2021-05-25 10:45:00, 137.14, 137.14, 137.14, 137.14, 189, 0.0
2021-05-25 10:46:00, 137.19, 137.19, 137.19, 137.19, 112, 0.0
2021-05-25 10:47:00, 137.17, 137.18, 137.16, 137.16, 516, 0.0
2021-05-25 10:48:00, 137.18, 137.19, 137.18, 137.19, 200, 0.0
2021-05-25 10:50:00, 137.15, 137.155, 137.08, 137.08, 500, 0.0
2021-05-25 10:51:00, 137.05, 137.05, 137.05, 137.05, 414, 0.0
2021-05-25 10:52:00, 137.04, 137.04, 136.99, 137, 598, 0.0
2021-05-25 10:53:00, 136.985, 136.99, 136.985, 136.99, 402, 0.0
2021-05-25 10:55:00, 137, 137.03, 136.99, 137.03, 1125, 0.0
2021-05-25 10:56:00, 137, 137, 136.94, 136.94, 600, 0.0
2021-05-25 10:57:00, 136.9, 136.97, 136.9, 136.97, 627, 0.0
2021-05-25 10:58:00, 136.96, 136.97, 136.96, 136.97, 436, 0.0
2021-05-25 10:59:00, 137, 137, 137, 137, 300, 0.0
2021-05-25 11:00:00, 136.99, 136.99, 136.99, 136.99, 353, 0.0
2021-05-25 11:01:00, 136.94, 136.94, 136.94, 136.94, 100, 0.0
2021-05-25 11:02:00, 136.97, 137, 136.97, 137, 353, 0.0
2021-05-25 11:04:00, 137.01, 137.04, 137.01, 137.04, 202, 0.0
2021-05-25 11:05:00, 137.11, 137.11, 137.11, 137.11, 300, 0.0
2021-05-25 11:06:00, 137.04, 137.04, 137.04, 137.04, 301, 0.0
2021-05-25 11:07:00, 137.05, 137.12, 137.05, 137.11, 557, 0.0
2021-05-25 11:08:00, 137.155, 137.155, 137.13, 137.13, 200, 0.0
2021-05-25 11:09:00, 137.12, 137.12, 137.04, 137.05, 366, 0.0
2021-05-25 11:10:00, 137.01, 137.02, 137.01, 137.02, 201, 0.0
2021-05-25 11:12:00, 137.07, 137.09, 137.07, 137.07, 807, 0.0
2021-05-25 11:13:00, 137.06, 137.065, 137.045, 137.045, 725, 0.0
2021-05-25 11:14:00, 137.06, 137.06, 137, 137, 2905, 0.0
2021-05-25 11:15:00, 137.01, 137.015, 136.99, 137.01, 801, 0.0
2021-05-25 11:16:00, 137, 137.015, 137, 137.015, 936, 0.0
2021-05-25 11:17:00, 137.02, 137.05, 137.02, 137.05, 400, 0.0
2021-05-25 11:18:00, 137.055, 137.055, 137.055, 137.055, 198, 0.0
2021-05-25 11:20:00, 137.055, 137.06, 137.03, 137.03, 617, 0.0
2021-05-25 11:22:00, 137.06, 137.06, 137.05, 137.05, 800, 0.0
2021-05-25 11:24:00, 137.07, 137.07, 137.04, 137.04, 201, 0.0
2021-05-25 11:25:00, 137.005, 137.005, 137.005, 137.005, 135, 0.0
2021-05-25 11:26:00, 137.025, 137.025, 137.01, 137.01, 756, 0.0
2021-05-25 11:27:00, 137, 137, 136.98, 136.98, 404, 0.0
2021-05-25 11:28:00, 137, 137, 136.99, 137, 934, 0.0
2021-05-25 11:29:00, 137, 137.135, 137, 137.13, 2670, 0.0
2021-05-25 11:30:00, 137.13, 137.13, 137.105, 137.11, 976, 0.0
2021-05-25 11:31:00, 137.13, 137.13, 137.095, 137.13, 1168, 0.0
2021-05-25 11:32:00, 137.13, 137.13, 137.13, 137.13, 1007, 0.0
2021-05-25 11:33:00, 137.115, 137.115, 137.115, 137.115, 100, 0.0
2021-05-25 11:34:00, 137.11, 137.14, 137.08, 137.08, 847, 0.0
2021-05-25 11:36:00, 137.14, 137.23, 137.14, 137.23, 1900, 0.0
2021-05-25 11:37:00, 137.235, 137.24, 137.23, 137.23, 537, 0.0
2021-05-25 11:38:00, 137.21, 137.235, 137.19, 137.19, 1465, 0.0
2021-05-25 11:39:00, 137.195, 137.235, 137.195, 137.235, 530, 0.0
2021-05-25 11:40:00, 137.23, 137.23, 137.23, 137.23, 400, 0.0
2021-05-25 11:41:00, 137.24, 137.24, 137.19, 137.24, 2107, 0.0
2021-05-25 11:44:00, 137.17, 137.18, 137.17, 137.18, 250, 0.0
2021-05-25 11:45:00, 137.13, 137.13, 137.13, 137.13, 163, 0.0
2021-05-25 11:46:00, 137.17, 137.17, 137.17, 137.17, 102, 0.0
2021-05-25 11:47:00, 137.15, 137.18, 137.15, 137.18, 201, 0.0
2021-05-25 11:48:00, 137.19, 137.21, 137.185, 137.2, 647, 0.0
2021-05-25 11:49:00, 137.16, 137.16, 137.16, 137.16, 101, 0.0
2021-05-25 11:50:00, 137.16, 137.16, 137.16, 137.16, 279, 0.0
2021-05-25 11:51:00, 137.125, 137.125, 137.125, 137.125, 300, 0.0
2021-05-25 11:53:00, 137.14, 137.18, 137.14, 137.18, 541, 0.0
2021-05-25 11:54:00, 137.2, 137.2, 137.175, 137.175, 302, 0.0
2021-05-25 11:55:00, 137.16, 137.16, 137.16, 137.16, 108, 0.0
2021-05-25 11:56:00, 137.165, 137.165, 137.165, 137.165, 100, 0.0
2021-05-25 11:57:00, 137.2, 137.2, 137.18, 137.18, 400, 0.0
2021-05-25 11:58:00, 137.15, 137.15, 137.145, 137.145, 406, 0.0
2021-05-25 11:59:00, 137.17, 137.17, 137.17, 137.17, 100, 0.0
2021-05-25 12:00:00, 137.16, 137.16, 137.14, 137.14, 399, 0.0
2021-05-25 12:01:00, 137.025, 137.025, 136.985, 137, 1021, 0.0
2021-05-25 12:04:00, 136.96, 136.96, 136.92, 136.92, 300, 0.0
2021-05-25 12:05:00, 136.91, 136.91, 136.91, 136.91, 101, 0.0
2021-05-25 12:06:00, 136.91, 136.945, 136.91, 136.945, 863, 0.0
2021-05-25 12:08:00, 136.95, 136.98, 136.95, 136.98, 300, 0.0
2021-05-25 12:09:00, 136.98, 136.98, 136.98, 136.98, 100, 0.0
2021-05-25 12:10:00, 136.98, 136.98, 136.98, 136.98, 151, 0.0
2021-05-25 12:11:00, 137.03, 137.03, 137.005, 137.005, 234, 0.0
2021-05-25 12:12:00, 137.01, 137.06, 137.01, 137.06, 338, 0.0
2021-05-25 12:15:00, 136.99, 136.99, 136.97, 136.97, 325, 0.0
2021-05-25 12:16:00, 137.005, 137.1, 137.005, 137.1, 701, 0.0
2021-05-25 12:17:00, 137.11, 137.11, 137.05, 137.06, 735, 0.0
2021-05-25 12:18:00, 137.085, 137.085, 137.085, 137.085, 204, 0.0
2021-05-25 12:19:00, 137.11, 137.11, 137.11, 137.11, 200, 0.0
2021-05-25 12:20:00, 137.08, 137.08, 137.08, 137.08, 384, 0.0
2021-05-25 12:22:00, 137.035, 137.035, 137.035, 137.035, 200, 0.0
2021-05-25 12:24:00, 137.095, 137.1, 137.095, 137.1, 316, 0.0
2021-05-25 12:26:00, 137.07, 137.13, 137.07, 137.13, 1319, 0.0
2021-05-25 12:28:00, 137.25, 137.25, 137.25, 137.25, 200, 0.0
2021-05-25 12:30:00, 137.335, 137.335, 137.335, 137.335, 203, 0.0
2021-05-25 12:32:00, 137.4, 137.4, 137.4, 137.4, 203, 0.0
2021-05-25 12:33:00, 137.38, 137.38, 137.38, 137.38, 200, 0.0
2021-05-25 12:34:00, 137.35, 137.36, 137.35, 137.36, 300, 0.0
2021-05-25 12:36:00, 137.34, 137.34, 137.34, 137.34, 100, 0.0
2021-05-25 12:37:00, 137.34, 137.34, 137.34, 137.34, 300, 0.0
2021-05-25 12:38:00, 137.415, 137.415, 137.415, 137.415, 100, 0.0
2021-05-25 12:39:00, 137.455, 137.455, 137.4, 137.4, 495, 0.0
2021-05-25 12:41:00, 137.42, 137.42, 137.34, 137.34, 903, 0.0
2021-05-25 12:42:00, 137.35, 137.355, 137.34, 137.355, 1288, 0.0
2021-05-25 12:44:00, 137.35, 137.35, 137.315, 137.315, 211, 0.0
2021-05-25 12:45:00, 137.36, 137.36, 137.33, 137.33, 204, 0.0
2021-05-25 12:46:00, 137.35, 137.35, 137.35, 137.35, 111, 0.0
2021-05-25 12:47:00, 137.2, 137.2, 137.2, 137.2, 400, 0.0
2021-05-25 12:48:00, 137.18, 137.21, 137.18, 137.19, 738, 0.0
2021-05-25 12:49:00, 137.14, 137.14, 137.14, 137.14, 100, 0.0
2021-05-25 12:50:00, 137.16, 137.17, 137.16, 137.17, 217, 0.0
2021-05-25 12:51:00, 137.225, 137.225, 137.225, 137.225, 400, 0.0
2021-05-25 12:52:00, 137.17, 137.17, 137.17, 137.17, 250, 0.0
2021-05-25 12:54:00, 137.13, 137.13, 137.13, 137.13, 101, 0.0
2021-05-25 12:56:00, 137.175, 137.175, 137.09, 137.09, 399, 0.0
2021-05-25 12:57:00, 137.07, 137.07, 137.07, 137.07, 105, 0.0
2021-05-25 12:58:00, 137.09, 137.09, 137.09, 137.09, 114, 0.0
2021-05-25 12:59:00, 137.09, 137.11, 137.09, 137.11, 200, 0.0
2021-05-25 13:00:00, 137.12, 137.12, 137.12, 137.12, 317, 0.0
2021-05-25 13:01:00, 137.14, 137.14, 137.04, 137.04, 201, 0.0
2021-05-25 13:02:00, 137.09, 137.09, 137.05, 137.05, 734, 0.0
2021-05-25 13:03:00, 137.06, 137.06, 137.06, 137.06, 222, 0.0
2021-05-25 13:04:00, 137.02, 137.05, 137.02, 137.05, 201, 0.0
2021-05-25 13:05:00, 137.04, 137.04, 137.04, 137.04, 100, 0.0
2021-05-25 13:07:00, 137.03, 137.04, 137.03, 137.04, 300, 0.0
2021-05-25 13:08:00, 137.03, 137.03, 137.005, 137.005, 201, 0.0
2021-05-25 13:09:00, 137.01, 137.01, 137.01, 137.01, 347, 0.0
2021-05-25 13:12:00, 137.005, 137.005, 136.975, 136.975, 600, 0.0
2021-05-25 13:13:00, 136.96, 136.98, 136.96, 136.98, 789, 0.0
2021-05-25 13:14:00, 136.95, 136.95, 136.87, 136.87, 474, 0.0
2021-05-25 13:17:00, 136.92, 136.95, 136.92, 136.95, 615, 0.0
2021-05-25 13:18:00, 136.94, 136.97, 136.94, 136.97, 201, 0.0
2021-05-25 13:19:00, 136.85, 136.85, 136.85, 136.85, 300, 0.0
2021-05-25 13:21:00, 136.93, 136.93, 136.93, 136.93, 111, 0.0
2021-05-25 13:23:00, 137, 137, 137, 137, 629, 0.0
2021-05-25 13:24:00, 136.93, 136.93, 136.93, 136.93, 134, 0.0
2021-05-25 13:26:00, 136.935, 136.99, 136.935, 136.99, 317, 0.0
2021-05-25 13:28:00, 136.99, 136.99, 136.99, 136.99, 131, 0.0
2021-05-25 13:29:00, 137, 137, 137, 137, 401, 0.0
2021-05-25 13:30:00, 136.98, 136.98, 136.98, 136.98, 310, 0.0
2021-05-25 13:32:00, 137, 137, 136.99, 136.99, 300, 0.0
2021-05-25 13:34:00, 136.99, 136.99, 136.99, 136.99, 180, 0.0
2021-05-25 13:35:00, 136.96, 136.96, 136.94, 136.94, 401, 0.0
2021-05-25 13:36:00, 136.95, 136.95, 136.95, 136.95, 102, 0.0
2021-05-25 13:38:00, 136.98, 136.98, 136.97, 136.97, 400, 0.0
2021-05-25 13:40:00, 136.985, 137.01, 136.985, 137, 1261, 0.0
2021-05-25 13:41:00, 136.99, 136.99, 136.99, 136.99, 289, 0.0
2021-05-25 13:42:00, 136.99, 137, 136.99, 137, 301, 0.0
2021-05-25 13:43:00, 137, 137.09, 137, 137.09, 390, 0.0
2021-05-25 13:44:00, 137.17, 137.17, 137.17, 137.17, 137, 0.0
2021-05-25 13:47:00, 137.06, 137.08, 137.06, 137.08, 279, 0.0
2021-05-25 13:48:00, 137.095, 137.095, 137.095, 137.095, 122, 0.0
2021-05-25 13:49:00, 137.09, 137.09, 137.09, 137.09, 217, 0.0
2021-05-25 13:50:00, 137.09, 137.09, 137.09, 137.09, 200, 0.0
2021-05-25 13:55:00, 137.09, 137.09, 137.09, 137.09, 200, 0.0
2021-05-25 13:56:00, 137.07, 137.07, 137.07, 137.07, 101, 0.0
2021-05-25 13:57:00, 137.08, 137.08, 137.08, 137.08, 200, 0.0
2021-05-25 13:59:00, 137.105, 137.135, 137.105, 137.135, 353, 0.0
2021-05-25 14:00:00, 137.085, 137.085, 137.03, 137.07, 775, 0.0
2021-05-25 14:01:00, 137.075, 137.075, 137.07, 137.07, 200, 0.0
2021-05-25 14:02:00, 136.98, 136.99, 136.98, 136.98, 600, 0.0
2021-05-25 14:06:00, 136.98, 136.98, 136.98, 136.98, 900, 0.0
2021-05-25 14:08:00, 137.03, 137.04, 137.03, 137.04, 273, 0.0
2021-05-25 14:10:00, 136.98, 136.98, 136.97, 136.97, 559, 0.0
2021-05-25 14:11:00, 136.98, 136.99, 136.97, 136.97, 467, 0.0
2021-05-25 14:12:00, 136.99, 137.01, 136.99, 137.01, 262, 0.0
2021-05-25 14:14:00, 137.02, 137.02, 136.99, 136.99, 201, 0.0
2021-05-25 14:15:00, 137, 137.01, 137, 137.01, 281, 0.0
2021-05-25 14:17:00, 136.98, 136.98, 136.98, 136.98, 142, 0.0
2021-05-25 14:18:00, 136.97, 136.97, 136.97, 136.97, 317, 0.0
2021-05-25 14:19:00, 136.99, 137.04, 136.99, 137.04, 536, 0.0
2021-05-25 14:20:00, 137.05, 137.05, 137.02, 137.02, 491, 0.0
2021-05-25 14:21:00, 137, 137.04, 137, 137.04, 200, 0.0
2021-05-25 14:22:00, 137.07, 137.08, 137.07, 137.08, 504, 0.0
2021-05-25 14:23:00, 137.13, 137.145, 137.13, 137.145, 202, 0.0
2021-05-25 14:25:00, 137.165, 137.25, 137.165, 137.25, 331, 0.0
2021-05-25 14:26:00, 137.32, 137.32, 137.32, 137.32, 138, 0.0
2021-05-25 14:27:00, 137.31, 137.31, 137.31, 137.31, 468, 0.0
2021-05-25 14:28:00, 137.315, 137.315, 137.315, 137.315, 153, 0.0
2021-05-25 14:29:00, 137.33, 137.33, 137.21, 137.21, 673, 0.0
2021-05-25 14:30:00, 137.18, 137.22, 137.18, 137.22, 387, 0.0
2021-05-25 14:31:00, 137.24, 137.24, 137.24, 137.24, 359, 0.0
2021-05-25 14:32:00, 137.12, 137.12, 137.04, 137.04, 486, 0.0
2021-05-25 14:33:00, 136.97, 136.97, 136.97, 136.97, 401, 0.0
2021-05-25 14:34:00, 136.965, 136.985, 136.96, 136.96, 1001, 0.0
2021-05-25 14:35:00, 137.06, 137.06, 137.04, 137.04, 639, 0.0
2021-05-25 14:36:00, 137.06, 137.09, 137.06, 137.09, 432, 0.0
2021-05-25 14:37:00, 137.11, 137.11, 137.05, 137.06, 568, 0.0
2021-05-25 14:38:00, 137.06, 137.08, 137.04, 137.05, 1006, 0.0
2021-05-25 14:39:00, 137.06, 137.09, 137.045, 137.045, 703, 0.0
2021-05-25 14:40:00, 136.98, 136.985, 136.98, 136.98, 401, 0.0
2021-05-25 14:41:00, 136.99, 137.08, 136.99, 137.08, 504, 0.0
2021-05-25 14:42:00, 137.08, 137.08, 137.06, 137.08, 1000, 0.0
2021-05-25 14:43:00, 137.06, 137.06, 137, 137, 704, 0.0
2021-05-25 14:44:00, 136.99, 136.99, 136.99, 136.99, 304, 0.0
2021-05-25 14:45:00, 136.99, 137.01, 136.985, 136.985, 2594, 0.0
2021-05-25 14:46:00, 136.96, 137.01, 136.96, 137.01, 1050, 0.0
2021-05-25 14:47:00, 137.01, 137.01, 136.95, 136.955, 633, 0.0
2021-05-25 14:48:00, 136.95, 136.975, 136.95, 136.975, 567, 0.0
2021-05-25 14:49:00, 137, 137.1, 137, 137.1, 1678, 0.0
2021-05-25 14:50:00, 137.11, 137.285, 137.11, 137.16, 2287, 0.0
2021-05-25 14:51:00, 137.17, 137.17, 137.1, 137.11, 3185, 0.0
2021-05-25 14:52:00, 137.12, 137.26, 137.115, 137.26, 3300, 0.0
2021-05-25 14:53:00, 137.235, 137.24, 137.1, 137.13, 2546, 0.0
2021-05-25 14:54:00, 137.14, 137.14, 136.85, 136.95, 2394, 0.0
2021-05-25 14:55:00, 136.87, 136.96, 136.85, 136.95, 2190, 0.0
2021-05-25 14:56:00, 136.875, 136.885, 136.84, 136.84, 1644, 0.0
2021-05-25 14:57:00, 136.83, 136.95, 136.83, 136.95, 1160, 0.0
2021-05-25 14:58:00, 136.92, 136.935, 136.9, 136.925, 1248, 0.0
2021-05-25 14:59:00, 136.92, 136.92, 136.78, 136.78, 2367, 0.0
2021-05-26 08:30:00, 136.79, 137.05, 136.79, 137.05, 324, 0.0
2021-05-26 08:31:00, 137.07, 137.27, 137.07, 137.27, 650, 0.0
2021-05-26 08:32:00, 137.29, 137.29, 137.14, 137.14, 270, 0.0
2021-05-26 08:33:00, 137.21, 137.21, 137.21, 137.21, 207, 0.0
2021-05-26 08:34:00, 137.23, 137.43, 137.23, 137.41, 630, 0.0
2021-05-26 08:35:00, 137.59, 137.61, 137.59, 137.61, 408, 0.0
2021-05-26 08:36:00, 137.645, 137.67, 137.645, 137.67, 977, 0.0
2021-05-26 08:37:00, 137.59, 137.59, 137.575, 137.575, 520, 0.0
2021-05-26 08:39:00, 137.82, 137.83, 137.82, 137.83, 723, 0.0
2021-05-26 08:40:00, 137.905, 137.905, 137.76, 137.76, 838, 0.0
2021-05-26 08:42:00, 137.61, 137.61, 137.61, 137.61, 262, 0.0
2021-05-26 08:43:00, 137.82, 137.82, 137.82, 137.82, 100, 0.0
2021-05-26 08:44:00, 137.68, 137.68, 137.62, 137.62, 244, 0.0
2021-05-26 08:45:00, 137.6, 137.6, 137.485, 137.485, 200, 0.0
2021-05-26 08:46:00, 137.375, 137.39, 137.375, 137.39, 478, 0.0
2021-05-26 08:47:00, 137.47, 137.47, 137.47, 137.47, 287, 0.0
2021-05-26 08:49:00, 137.495, 137.495, 137.495, 137.495, 100, 0.0
2021-05-26 08:50:00, 137.54, 137.57, 137.485, 137.485, 465, 0.0
2021-05-26 08:51:00, 137.51, 137.51, 137.5, 137.5, 230, 0.0
2021-05-26 08:52:00, 137.57, 137.61, 137.57, 137.61, 210, 0.0
2021-05-26 08:53:00, 137.58, 137.58, 137.58, 137.58, 100, 0.0
2021-05-26 08:54:00, 137.595, 137.63, 137.58, 137.58, 1140, 0.0
2021-05-26 08:55:00, 137.575, 137.59, 137.56, 137.59, 300, 0.0
2021-05-26 08:56:00, 137.545, 137.57, 137.45, 137.47, 1117, 0.0
2021-05-26 08:58:00, 137.52, 137.57, 137.52, 137.57, 201, 0.0
2021-05-26 08:59:00, 137.68, 137.7, 137.68, 137.7, 389, 0.0
2021-05-26 09:01:00, 137.76, 137.76, 137.75, 137.75, 483, 0.0
2021-05-26 09:02:00, 137.77, 137.78, 137.74, 137.74, 401, 0.0
2021-05-26 09:03:00, 137.71, 137.755, 137.71, 137.755, 300, 0.0
2021-05-26 09:04:00, 137.76, 137.8, 137.76, 137.795, 945, 0.0
2021-05-26 09:05:00, 137.685, 137.685, 137.685, 137.685, 232, 0.0
2021-05-26 09:06:00, 137.7, 137.76, 137.67, 137.67, 430, 0.0
2021-05-26 09:07:00, 137.68, 137.68, 137.68, 137.68, 300, 0.0
2021-05-26 09:08:00, 137.67, 137.67, 137.58, 137.58, 412, 0.0
2021-05-26 09:09:00, 137.565, 137.58, 137.54, 137.54, 414, 0.0
2021-05-26 09:10:00, 137.49, 137.49, 137.49, 137.49, 100, 0.0
2021-05-26 09:11:00, 137.54, 137.64, 137.54, 137.64, 504, 0.0
2021-05-26 09:13:00, 137.66, 137.7, 137.655, 137.655, 403, 0.0
2021-05-26 09:14:00, 137.68, 137.71, 137.68, 137.71, 300, 0.0
2021-05-26 09:15:00, 137.7, 137.7, 137.675, 137.675, 301, 0.0
2021-05-26 09:17:00, 137.69, 137.695, 137.69, 137.695, 420, 0.0
2021-05-26 09:18:00, 137.68, 137.695, 137.67, 137.69, 1915, 0.0
2021-05-26 09:19:00, 137.66, 137.665, 137.66, 137.665, 561, 0.0
2021-05-26 09:20:00, 137.695, 137.695, 137.685, 137.685, 400, 0.0
2021-05-26 09:21:00, 137.7, 137.7, 137.7, 137.7, 400, 0.0
2021-05-26 09:22:00, 137.73, 137.84, 137.73, 137.84, 257, 0.0
2021-05-26 09:23:00, 137.81, 137.81, 137.81, 137.81, 150, 0.0
2021-05-26 09:24:00, 137.83, 137.83, 137.83, 137.83, 2167, 0.0
2021-05-26 09:27:00, 137.82, 137.82, 137.8, 137.8, 203, 0.0
2021-05-26 09:29:00, 137.83, 137.83, 137.83, 137.83, 311, 0.0
2021-05-26 09:30:00, 137.83, 137.85, 137.83, 137.85, 1158, 0.0
2021-05-26 09:31:00, 137.85, 137.85, 137.85, 137.85, 469, 0.0
2021-05-26 09:32:00, 138.1, 138.1, 138.1, 138.1, 205, 0.0
2021-05-26 09:33:00, 138.11, 138.11, 138.11, 138.11, 132, 0.0
2021-05-26 09:34:00, 138.13, 138.13, 138.13, 138.13, 147, 0.0
2021-05-26 09:35:00, 138.295, 138.325, 138.295, 138.325, 409, 0.0
2021-05-26 09:36:00, 138.24, 138.24, 138.24, 138.24, 274, 0.0
2021-05-26 09:37:00, 138.165, 138.18, 138.165, 138.18, 881, 0.0
2021-05-26 09:38:00, 138.145, 138.145, 138.085, 138.085, 1003, 0.0
2021-05-26 09:39:00, 138.08, 138.11, 138.08, 138.11, 624, 0.0
2021-05-26 09:40:00, 138.065, 138.065, 138, 138, 810, 0.0
2021-05-26 09:41:00, 138.05, 138.05, 138.02, 138.02, 310, 0.0
2021-05-26 09:42:00, 137.99, 137.99, 137.99, 137.99, 180, 0.0
2021-05-26 09:45:00, 138.08, 138.1, 138.08, 138.1, 254, 0.0
2021-05-26 09:47:00, 138.24, 138.25, 138.24, 138.25, 540, 0.0
2021-05-26 09:49:00, 138.31, 138.31, 138.31, 138.31, 303, 0.0
2021-05-26 09:50:00, 138.405, 138.41, 138.405, 138.41, 450, 0.0
2021-05-26 09:51:00, 138.475, 138.475, 138.475, 138.475, 100, 0.0
2021-05-26 09:52:00, 138.49, 138.54, 138.46, 138.54, 402, 0.0
2021-05-26 09:53:00, 138.55, 138.55, 138.48, 138.53, 585, 0.0
2021-05-26 09:54:00, 138.48, 138.48, 138.48, 138.48, 101, 0.0
2021-05-26 09:55:00, 138.52, 138.56, 138.52, 138.52, 503, 0.0
2021-05-26 09:56:00, 138.52, 138.54, 138.52, 138.52, 4319, 0.0
2021-05-26 09:57:00, 138.59, 138.59, 138.58, 138.59, 301, 0.0
2021-05-26 09:58:00, 138.66, 138.66, 138.66, 138.66, 200, 0.0
2021-05-26 10:00:00, 138.68, 138.7, 138.68, 138.7, 650, 0.0
2021-05-26 10:01:00, 138.74, 138.755, 138.74, 138.755, 400, 0.0
2021-05-26 10:02:00, 138.75, 138.77, 138.75, 138.77, 272, 0.0
2021-05-26 10:04:00, 138.795, 138.83, 138.79, 138.83, 924, 0.0
2021-05-26 10:05:00, 138.84, 138.84, 138.8, 138.8, 286, 0.0
2021-05-26 10:06:00, 138.825, 138.83, 138.82, 138.83, 652, 0.0
2021-05-26 10:07:00, 138.825, 138.93, 138.825, 138.93, 300, 0.0
2021-05-26 10:08:00, 138.93, 138.965, 138.93, 138.965, 268, 0.0
2021-05-26 10:09:00, 138.95, 139.01, 138.95, 139.01, 286, 0.0
2021-05-26 10:10:00, 139.015, 139.03, 139.015, 139.02, 303, 0.0
2021-05-26 10:11:00, 139.075, 139.075, 139.07, 139.07, 439, 0.0
2021-05-26 10:12:00, 139.07, 139.07, 139.03, 139.03, 428, 0.0
2021-05-26 10:13:00, 139.03, 139.03, 139.03, 139.03, 916, 0.0
2021-05-26 10:14:00, 139.035, 139.04, 138.99, 139.03, 1189, 0.0
2021-05-26 10:15:00, 139.12, 139.29, 139.12, 139.27, 1363, 0.0
2021-05-26 10:16:00, 139.295, 139.295, 139.27, 139.27, 940, 0.0
2021-05-26 10:17:00, 139.315, 139.345, 139.26, 139.29, 12077, 0.0
2021-05-26 10:18:00, 139.22, 139.22, 139.22, 139.22, 629, 0.0
2021-05-26 10:19:00, 139.095, 139.1, 139.02, 139.02, 500, 0.0
2021-05-26 10:20:00, 139.02, 139.11, 139.02, 139.1, 850, 0.0
2021-05-26 10:21:00, 139.11, 139.13, 139.11, 139.13, 375, 0.0
2021-05-26 10:22:00, 139.11, 139.19, 139.11, 139.19, 440, 0.0
2021-05-26 10:23:00, 139.2, 139.3, 139.2, 139.3, 579, 0.0
2021-05-26 10:24:00, 139.39, 139.515, 139.39, 139.515, 1507, 0.0
2021-05-26 10:25:00, 139.55, 139.56, 139.51, 139.55, 823, 0.0
2021-05-26 10:26:00, 139.51, 139.515, 139.5, 139.5, 834, 0.0
2021-05-26 10:27:00, 139.53, 139.53, 139.49, 139.53, 23235, 0.0
2021-05-26 10:28:00, 139.63, 139.66, 139.63, 139.66, 401, 0.0
2021-05-26 10:29:00, 139.65, 139.79, 139.65, 139.77, 1243, 0.0
2021-05-26 10:30:00, 139.74, 139.74, 139.675, 139.675, 506, 0.0
2021-05-26 10:31:00, 139.73, 139.75, 139.73, 139.75, 646, 0.0
2021-05-26 10:32:00, 139.76, 139.76, 139.745, 139.75, 319, 0.0
2021-05-26 10:33:00, 139.73, 139.77, 139.65, 139.675, 2604, 0.0
2021-05-26 10:34:00, 139.7, 139.7, 139.68, 139.68, 492, 0.0
2021-05-26 10:35:00, 139.65, 139.65, 139.65, 139.65, 166, 0.0
2021-05-26 10:36:00, 139.8, 139.83, 139.77, 139.77, 835, 0.0
2021-05-26 10:37:00, 139.81, 139.85, 139.8, 139.85, 690, 0.0
2021-05-26 10:38:00, 139.86, 139.99, 139.86, 139.99, 880, 0.0
2021-05-26 10:39:00, 140.07, 140.07, 139.99, 139.99, 806, 0.0
2021-05-26 10:40:00, 139.92, 139.92, 139.92, 139.92, 146, 0.0
2021-05-26 10:41:00, 139.87, 139.87, 139.87, 139.87, 154, 0.0
2021-05-26 10:42:00, 139.86, 139.9, 139.86, 139.89, 998, 0.0
2021-05-26 10:43:00, 139.89, 139.96, 139.89, 139.96, 483, 0.0
2021-05-26 10:44:00, 139.91, 140.01, 139.91, 139.94, 1660, 0.0
