Date, Open, High, Low, Close, Volume, Open Interest
2021-05-12 10:20:00, 136.65, 136.7, 136.55, 136.55, 2419, 0.0
2021-05-12 10:25:00, 136.6, 136.64, 136.47, 136.62, 3669, 0.0
2021-05-12 10:30:00, 136.67, 136.75, 136.63, 136.72, 3224, 0.0
2021-05-12 10:35:00, 136.43, 136.46, 136.35, 136.46, 2567, 0.0
2021-05-12 10:40:00, 136.48, 136.56, 136.38, 136.55, 1971, 0.0
2021-05-12 10:45:00, 136.52, 136.52, 136.225, 136.27, 3402, 0.0
2021-05-12 10:50:00, 136.27, 136.27, 136.05, 136.05, 2252, 0.0
2021-05-12 10:55:00, 136, 136, 135.95, 136, 1797, 0.0
2021-05-12 11:00:00, 136.12, 136.46, 136.12, 136.41, 3551, 0.0
2021-05-12 11:05:00, 136.46, 136.7, 136.46, 136.64, 3626, 0.0
2021-05-12 11:10:00, 136.59, 136.59, 136.43, 136.47, 2279, 0.0
2021-05-12 11:15:00, 136.39, 136.57, 136.39, 136.54, 1939, 0.0
2021-05-12 11:20:00, 136.6, 136.7, 136.6, 136.65, 598, 0.0
2021-05-12 11:25:00, 136.69, 136.76, 136.575, 136.575, 1251, 0.0
2021-05-12 11:30:00, 136.51, 136.67, 136.44, 136.57, 4297, 0.0
2021-05-12 11:35:00, 136.65, 136.665, 136.52, 136.52, 1920, 0.0
2021-05-12 11:40:00, 136.34, 136.59, 136.34, 136.58, 1801, 0.0
2021-05-12 11:45:00, 136.51, 136.62, 136.41, 136.56, 1704, 0.0
2021-05-12 11:50:00, 136.63, 136.75, 136.63, 136.73, 1768, 0.0
2021-05-12 11:55:00, 136.68, 136.76, 136.67, 136.74, 812, 0.0
2021-05-12 12:00:00, 136.82, 137.07, 136.77, 137.06, 3859, 0.0
2021-05-12 12:05:00, 137.07, 137.07, 136.88, 136.91, 1933, 0.0
2021-05-12 12:10:00, 136.92, 137.085, 136.9, 136.9, 1517, 0.0
2021-05-12 12:15:00, 136.96, 136.96, 136.89, 136.89, 549, 0.0
2021-05-12 12:20:00, 136.8, 136.8, 136.68, 136.71, 4060, 0.0
2021-05-12 12:25:00, 136.71, 136.78, 136.665, 136.75, 3868, 0.0
2021-05-12 12:30:00, 136.7, 136.75, 136.56, 136.63, 4962, 0.0
2021-05-12 12:35:00, 136.625, 136.83, 136.625, 136.83, 2509, 0.0
2021-05-12 12:40:00, 136.8, 136.8, 136.685, 136.73, 2974, 0.0
2021-05-12 12:45:00, 136.76, 136.76, 136.58, 136.59, 871, 0.0
2021-05-12 12:50:00, 136.52, 136.595, 136.52, 136.595, 719, 0.0
2021-05-12 12:55:00, 136.7, 136.71, 136.69, 136.69, 503, 0.0
2021-05-12 13:00:00, 136.68, 136.74, 136.68, 136.74, 391, 0.0
2021-05-12 13:05:00, 136.58, 136.62, 136.58, 136.595, 781, 0.0
2021-05-12 13:10:00, 136.6, 136.6, 136.45, 136.475, 826, 0.0
2021-05-12 13:15:00, 136.54, 136.54, 136.47, 136.47, 463, 0.0
2021-05-12 13:20:00, 136.62, 136.72, 136.53, 136.72, 987, 0.0
2021-05-12 13:25:00, 136.71, 136.8, 136.71, 136.8, 459, 0.0
2021-05-12 13:30:00, 136.8, 137.03, 136.795, 137.03, 2240, 0.0
2021-05-12 13:35:00, 137.02, 137.19, 137.02, 137.1, 1639, 0.0
2021-05-12 13:40:00, 137.075, 137.25, 137.075, 137.25, 2322, 0.0
2021-05-12 13:45:00, 137.23, 137.28, 137.155, 137.26, 1763, 0.0
2021-05-12 13:50:00, 137.34, 137.34, 137.1, 137.1, 4474, 0.0
2021-05-12 13:55:00, 137.12, 137.12, 136.95, 136.95, 1459, 0.0
2021-05-12 14:00:00, 136.92, 136.92, 136.5, 136.53, 1737, 0.0
2021-05-12 14:05:00, 136.495, 136.495, 136.255, 136.33, 1445, 0.0
2021-05-12 14:10:00, 136.31, 136.46, 136.26, 136.46, 2256, 0.0
2021-05-12 14:15:00, 136.395, 136.46, 136.36, 136.36, 960, 0.0
2021-05-12 14:20:00, 136.27, 136.38, 136.27, 136.3, 1087, 0.0
2021-05-12 14:25:00, 136.27, 136.58, 136.26, 136.525, 2179, 0.0
2021-05-12 14:30:00, 136.55, 136.67, 136.41, 136.62, 3623, 0.0
2021-05-12 14:35:00, 136.58, 136.58, 136.35, 136.35, 2161, 0.0
2021-05-12 14:40:00, 136.37, 136.61, 136.33, 136.61, 1893, 0.0
2021-05-12 14:45:00, 136.55, 136.69, 136.44, 136.51, 3773, 0.0
2021-05-12 14:50:00, 136.51, 136.51, 135.96, 136.14, 7702, 0.0
2021-05-12 14:55:00, 136.215, 136.74, 136.215, 136.66, 21357, 0.0
2021-05-13 08:30:00, 137.06, 137.08, 136.74, 136.74, 2545, 0.0
2021-05-13 08:35:00, 136.6, 136.705, 136.5, 136.5, 1563, 0.0
2021-05-13 08:40:00, 136.605, 136.78, 136.605, 136.76, 652, 0.0
2021-05-13 08:45:00, 136.84, 136.84, 136.625, 136.79, 1527, 0.0
2021-05-13 08:50:00, 136.82, 137.27, 136.82, 137.08, 3432, 0.0
2021-05-13 08:55:00, 137.1, 137.145, 136.96, 137.145, 2506, 0.0
2021-05-13 09:00:00, 137.2, 137.68, 137.2, 137.62, 3128, 0.0
2021-05-13 09:05:00, 137.7, 137.82, 137.645, 137.75, 7682, 0.0
2021-05-13 09:10:00, 137.765, 138.13, 137.74, 138.025, 5943, 0.0
2021-05-13 09:15:00, 138.13, 138.17, 137.935, 138.03, 3180, 0.0
2021-05-13 09:20:00, 137.995, 138.28, 137.96, 138.28, 2258, 0.0
2021-05-13 09:25:00, 138.19, 138.19, 137.855, 137.99, 2573, 0.0
2021-05-13 09:30:00, 137.85, 138.12, 137.82, 138.12, 1425, 0.0
2021-05-13 09:35:00, 138.08, 138.14, 137.99, 138.14, 1035, 0.0
2021-05-13 09:40:00, 138.02, 138.02, 137.985, 138.02, 1507, 0.0
2021-05-13 09:45:00, 138.11, 138.19, 138.11, 138.19, 981, 0.0
2021-05-13 09:50:00, 138.16, 138.16, 137.96, 137.965, 679, 0.0
2021-05-13 09:55:00, 138.29, 138.44, 138.28, 138.32, 1656, 0.0
2021-05-13 10:00:00, 138.08, 138.12, 137.96, 137.96, 1546, 0.0
2021-05-13 10:05:00, 137.93, 137.96, 137.48, 137.65, 2796, 0.0
2021-05-13 10:10:00, 137.75, 137.96, 137.605, 137.67, 7159, 0.0
2021-05-13 10:15:00, 137.58, 138.02, 137.54, 138.02, 12867, 0.0
2021-05-13 10:20:00, 137.93, 138.025, 137.92, 138.01, 2824, 0.0
2021-05-13 10:25:00, 138.105, 138.175, 137.95, 137.96, 4315, 0.0
2021-05-13 10:30:00, 137.95, 138.11, 137.91, 138.1, 8537, 0.0
2021-05-13 10:35:00, 138.19, 138.19, 138.05, 138.17, 1789, 0.0
2021-05-13 10:40:00, 138.01, 138.1, 137.79, 137.79, 2108, 0.0
2021-05-13 10:45:00, 137.705, 137.73, 137.6, 137.6, 2337, 0.0
2021-05-13 10:50:00, 137.58, 137.6, 137.53, 137.56, 1686, 0.0
2021-05-13 10:55:00, 137.64, 137.83, 137.64, 137.83, 2063, 0.0
2021-05-13 11:00:00, 137.94, 138, 137.88, 137.95, 1076, 0.0
2021-05-13 11:05:00, 137.92, 138.075, 137.92, 137.99, 836, 0.0
2021-05-13 11:10:00, 138.08, 138.08, 137.98, 137.98, 501, 0.0
2021-05-13 11:15:00, 138.08, 138.08, 137.99, 137.99, 496, 0.0
2021-05-13 11:20:00, 137.99, 138.03, 137.91, 138, 1155, 0.0
2021-05-13 11:25:00, 137.955, 138.12, 137.955, 138.12, 1065, 0.0
2021-05-13 11:30:00, 138.17, 138.24, 138.15, 138.23, 641, 0.0
2021-05-13 11:35:00, 138.26, 138.26, 138.11, 138.12, 1222, 0.0
2021-05-13 11:40:00, 138.07, 138.13, 137.99, 137.99, 1511, 0.0
2021-05-13 11:50:00, 138.11, 138.12, 137.88, 137.99, 8916, 0.0
2021-05-13 11:55:00, 137.96, 137.99, 137.775, 137.97, 2197, 0.0
2021-05-13 12:00:00, 137.96, 138.02, 137.85, 137.965, 3808, 0.0
2021-05-13 12:05:00, 137.94, 138, 137.94, 138, 1606, 0.0
2021-05-13 12:10:00, 138.18, 138.3, 138.18, 138.26, 930, 0.0
2021-05-13 12:15:00, 138.34, 138.34, 138.14, 138.14, 263, 0.0
2021-05-13 12:20:00, 138.09, 138.12, 138.01, 138.015, 827, 0.0
2021-05-13 12:25:00, 138, 138.14, 138, 138.14, 700, 0.0
2021-05-13 12:30:00, 138.12, 138.17, 137.95, 137.955, 963, 0.0
2021-05-13 12:35:00, 137.91, 138.03, 137.9, 138, 2490, 0.0
2021-05-13 12:40:00, 137.95, 137.95, 137.79, 137.8, 1755, 0.0
2021-05-13 12:45:00, 137.82, 138.04, 137.82, 138.01, 1305, 0.0
2021-05-13 12:50:00, 137.98, 138.18, 137.98, 138.11, 4182, 0.0
2021-05-13 12:55:00, 138.095, 138.18, 138.055, 138.1, 4190, 0.0
2021-05-13 13:00:00, 138.075, 138.29, 138.075, 138.29, 1409, 0.0
2021-05-13 13:05:00, 138.255, 138.55, 138.255, 138.49, 1071, 0.0
2021-05-13 13:10:00, 138.46, 138.63, 138.41, 138.545, 5056, 0.0
2021-05-13 13:15:00, 138.485, 138.625, 138.36, 138.49, 2435, 0.0
2021-05-13 13:20:00, 138.45, 138.6, 138.45, 138.59, 2141, 0.0
2021-05-13 13:25:00, 138.53, 138.83, 138.53, 138.77, 2720, 0.0
2021-05-13 13:30:00, 138.835, 138.98, 138.78, 138.95, 2252, 0.0
2021-05-13 13:35:00, 138.96, 139.09, 138.855, 138.94, 4401, 0.0
2021-05-13 13:40:00, 138.93, 138.98, 138.83, 138.87, 2074, 0.0
2021-05-13 13:45:00, 138.95, 138.95, 138.82, 138.82, 3895, 0.0
2021-05-13 13:50:00, 138.86, 138.86, 138.57, 138.58, 4165, 0.0
2021-05-13 13:55:00, 138.55, 138.55, 138.39, 138.46, 1734, 0.0
2021-05-13 14:00:00, 138.39, 138.49, 138.39, 138.49, 604, 0.0
2021-05-13 14:05:00, 138.46, 138.46, 138.28, 138.29, 1176, 0.0
2021-05-13 14:10:00, 138.39, 138.39, 138.15, 138.17, 1118, 0.0
2021-05-13 14:15:00, 138.16, 138.27, 138.15, 138.15, 1381, 0.0
2021-05-13 14:20:00, 138.19, 138.28, 138.145, 138.26, 1081, 0.0
2021-05-13 14:25:00, 138.34, 138.68, 138.34, 138.68, 1866, 0.0
2021-05-13 14:30:00, 138.675, 138.84, 138.675, 138.74, 1577, 0.0
2021-05-13 14:35:00, 138.75, 138.78, 138.66, 138.66, 2493, 0.0
2021-05-13 14:40:00, 138.67, 138.67, 138.5, 138.6, 3091, 0.0
2021-05-13 14:45:00, 138.57, 138.63, 138.49, 138.49, 2797, 0.0
2021-05-13 14:50:00, 138.59, 138.59, 138.21, 138.32, 5132, 0.0
2021-05-13 14:55:00, 138.36, 138.38, 138.12, 138.13, 11278, 0.0
2021-05-14 08:30:00, 138.9, 139.56, 138.83, 139.22, 4537, 0.0
2021-05-14 08:35:00, 139.16, 139.16, 138.83, 138.95, 3846, 0.0
2021-05-14 08:40:00, 139.02, 139.3, 139.02, 139.15, 3990, 0.0
2021-05-14 08:45:00, 139.14, 139.44, 139.07, 139.25, 1548, 0.0
2021-05-14 08:50:00, 139.22, 139.54, 139.2, 139.54, 1282, 0.0
2021-05-14 08:55:00, 139.58, 139.69, 139.5, 139.64, 2124, 0.0
2021-05-14 09:00:00, 139.755, 140.09, 139.74, 140.05, 4668, 0.0
2021-05-14 09:05:00, 140.02, 140.09, 139.565, 139.625, 4158, 0.0
2021-05-14 09:10:00, 139.875, 139.97, 139.875, 139.97, 665, 0.0
2021-05-14 09:15:00, 139.84, 139.84, 139.675, 139.84, 2499, 0.0
2021-05-14 09:20:00, 139.815, 140.03, 139.805, 139.92, 1871, 0.0
2021-05-14 09:25:00, 140.005, 140.28, 139.96, 140.11, 4103, 0.0
2021-05-14 09:30:00, 140.18, 140.43, 140.18, 140.43, 1621, 0.0
2021-05-14 09:35:00, 140.435, 140.68, 140.21, 140.63, 2384, 0.0
2021-05-14 09:40:00, 140.615, 140.615, 140.055, 140.08, 2304, 0.0
2021-05-14 09:45:00, 140.26, 140.27, 139.945, 139.965, 2818, 0.0
2021-05-14 09:50:00, 139.97, 140, 139.8, 139.8, 2162, 0.0
2021-05-14 09:55:00, 139.99, 140.05, 139.95, 139.95, 4774, 0.0
2021-05-14 10:00:00, 139.9, 140.01, 139.89, 140.01, 1687, 0.0
2021-05-14 10:05:00, 140, 140.12, 139.99, 140.12, 1779, 0.0
2021-05-14 10:10:00, 140.21, 140.51, 140.205, 140.33, 4612, 0.0
2021-05-14 10:15:00, 140.33, 140.36, 140.11, 140.11, 1382, 0.0
2021-05-14 10:20:00, 140.18, 140.32, 140.18, 140.21, 1489, 0.0
2021-05-14 10:25:00, 140.26, 140.315, 140.22, 140.22, 927, 0.0
2021-05-14 10:30:00, 140.27, 140.27, 140.19, 140.23, 1828, 0.0
2021-05-14 10:35:00, 140.27, 140.51, 140.27, 140.475, 3647, 0.0
2021-05-14 10:40:00, 140.485, 140.87, 140.485, 140.83, 6914, 0.0
2021-05-14 10:45:00, 140.88, 141.05, 140.78, 141.05, 4979, 0.0
2021-05-14 10:50:00, 141.075, 141.225, 141.03, 141.13, 9810, 0.0
2021-05-14 10:55:00, 141.24, 141.28, 140.96, 141.135, 7075, 0.0
2021-05-14 11:00:00, 141.14, 141.405, 141.135, 141.315, 5072, 0.0
2021-05-14 11:05:00, 141.305, 141.515, 141.305, 141.47, 6216, 0.0
2021-05-14 11:10:00, 141.39, 141.455, 141.28, 141.455, 2577, 0.0
2021-05-14 11:15:00, 141.5, 141.5, 141.03, 141.16, 4885, 0.0
2021-05-14 11:20:00, 141.165, 141.185, 141.065, 141.08, 1728, 0.0
2021-05-14 11:25:00, 141.13, 141.18, 141.09, 141.09, 1701, 0.0
2021-05-14 11:30:00, 141.125, 141.15, 141.12, 141.15, 1144, 0.0
2021-05-14 11:35:00, 141.14, 141.27, 141.14, 141.175, 1717, 0.0
2021-05-14 11:40:00, 141.155, 141.385, 141.155, 141.34, 6451, 0.0
2021-05-14 11:45:00, 141.21, 141.36, 141.21, 141.36, 1084, 0.0
2021-05-14 11:50:00, 141.395, 141.395, 141.3, 141.31, 2670, 0.0
2021-05-14 11:55:00, 141.32, 141.4, 141.32, 141.37, 5252, 0.0
2021-05-14 12:00:00, 141.35, 141.465, 141.33, 141.405, 4829, 0.0
2021-05-14 12:05:00, 141.425, 141.51, 141.425, 141.48, 6191, 0.0
2021-05-14 12:10:00, 141.46, 141.51, 141.39, 141.48, 5629, 0.0
2021-05-14 12:15:00, 141.465, 141.525, 141.42, 141.505, 6706, 0.0
2021-05-14 12:20:00, 141.53, 141.635, 141.51, 141.62, 4241, 0.0
2021-05-14 12:25:00, 141.65, 141.65, 141.55, 141.58, 3386, 0.0
2021-05-14 12:30:00, 141.575, 141.67, 141.54, 141.62, 6515, 0.0
2021-05-14 12:35:00, 141.65, 141.72, 141.63, 141.68, 6113, 0.0
2021-05-14 12:40:00, 141.655, 141.73, 141.61, 141.675, 2062, 0.0
2021-05-14 12:45:00, 141.7, 141.79, 141.695, 141.75, 1823, 0.0
2021-05-14 12:50:00, 141.82, 141.84, 141.72, 141.72, 1200, 0.0
2021-05-14 12:55:00, 141.79, 141.83, 141.75, 141.75, 2679, 0.0
2021-05-14 13:00:00, 141.78, 141.92, 141.76, 141.805, 6597, 0.0
2021-05-14 13:05:00, 141.85, 141.85, 141.73, 141.73, 4006, 0.0
2021-05-14 13:10:00, 141.68, 141.86, 141.68, 141.8, 4132, 0.0
2021-05-14 13:15:00, 141.9, 142.13, 141.89, 142.11, 4493, 0.0
2021-05-14 13:20:00, 142.175, 142.285, 142.09, 142.1, 4740, 0.0
2021-05-14 13:25:00, 142.155, 142.155, 141.89, 142.05, 4976, 0.0
2021-05-14 13:30:00, 142.05, 142.16, 142.04, 142.15, 2426, 0.0
2021-05-14 13:35:00, 142.21, 142.295, 142.11, 142.26, 3988, 0.0
2021-05-14 13:40:00, 142.26, 142.55, 142.26, 142.54, 4278, 0.0
2021-05-14 13:45:00, 142.56, 142.775, 142.52, 142.73, 4969, 0.0
2021-05-14 13:50:00, 142.82, 143.005, 142.77, 142.95, 7992, 0.0
2021-05-14 13:55:00, 143.02, 143.09, 142.95, 143.08, 4773, 0.0
2021-05-14 14:00:00, 143.05, 143.055, 142.71, 142.73, 8740, 0.0
2021-05-14 14:05:00, 142.685, 142.685, 142.59, 142.68, 2787, 0.0
2021-05-14 14:10:00, 142.775, 142.79, 142.43, 142.43, 1072, 0.0
2021-05-14 14:15:00, 142.41, 142.41, 141.87, 141.87, 1431, 0.0
2021-05-14 14:20:00, 141.86, 141.91, 141.68, 141.755, 2304, 0.0
2021-05-14 14:25:00, 141.67, 141.78, 141.63, 141.78, 1400, 0.0
2021-05-14 14:30:00, 141.805, 141.805, 141.62, 141.725, 2554, 0.0
2021-05-14 14:35:00, 141.765, 141.89, 141.63, 141.74, 7464, 0.0
2021-05-14 14:40:00, 141.805, 141.85, 141.695, 141.71, 3481, 0.0
2021-05-14 14:45:00, 141.67, 141.89, 141.67, 141.89, 3221, 0.0
2021-05-14 14:50:00, 141.87, 141.96, 141.75, 141.81, 7702, 0.0
2021-05-14 14:55:00, 141.85, 141.85, 141.54, 141.54, 13470, 0.0
2021-05-17 08:30:00, 140.17, 140.365, 139.55, 140.05, 23515, 0.0
2021-05-17 08:35:00, 140.125, 140.31, 139.94, 140.18, 6061, 0.0
2021-05-17 08:40:00, 140.38, 140.38, 140.055, 140.25, 4494, 0.0
2021-05-17 08:45:00, 140.11, 140.24, 140.07, 140.085, 4824, 0.0
2021-05-17 08:50:00, 139.95, 140.16, 139.89, 139.965, 13080, 0.0
2021-05-17 08:55:00, 139.81, 139.95, 139.75, 139.76, 4174, 0.0
2021-05-17 09:00:00, 139.75, 139.88, 139.75, 139.8, 10216, 0.0
2021-05-17 09:05:00, 139.78, 139.855, 139.63, 139.67, 12587, 0.0
2021-05-17 09:10:00, 139.685, 139.8, 139.64, 139.78, 3668, 0.0
2021-05-17 09:15:00, 139.78, 140.03, 139.78, 140.03, 1814, 0.0
2021-05-17 09:20:00, 140.045, 140.045, 139.93, 139.93, 201, 0.0
2021-05-17 09:25:00, 139.9, 139.96, 139.575, 139.575, 1086, 0.0
2021-05-17 09:30:00, 139.58, 139.58, 139.4, 139.485, 9005, 0.0
2021-05-17 09:35:00, 139.465, 139.96, 139.465, 139.8, 2917, 0.0
2021-05-17 09:40:00, 139.84, 140.01, 139.8, 139.8, 2339, 0.0
2021-05-17 09:45:00, 139.79, 139.9, 139.79, 139.85, 2497, 0.0
2021-05-17 09:50:00, 139.9, 139.9, 139.73, 139.73, 1309, 0.0
2021-05-17 09:55:00, 139.7, 139.81, 139.7, 139.78, 873, 0.0
2021-05-17 10:00:00, 139.83, 139.83, 139.48, 139.555, 2796, 0.0
2021-05-17 10:05:00, 139.5, 139.575, 139.41, 139.55, 2410, 0.0
2021-05-17 10:10:00, 139.46, 139.52, 139.455, 139.485, 2095, 0.0
2021-05-17 10:15:00, 139.4, 139.575, 139.38, 139.405, 4447, 0.0
2021-05-17 10:20:00, 139.45, 139.78, 139.45, 139.77, 4245, 0.0
2021-05-17 10:25:00, 139.76, 139.765, 139.55, 139.61, 10336, 0.0
2021-05-17 10:30:00, 139.64, 139.64, 139.405, 139.55, 22916, 0.0
2021-05-17 10:35:00, 139.6, 139.6, 139.48, 139.5, 2807, 0.0
2021-05-17 10:40:00, 139.5, 139.58, 139.43, 139.545, 3189, 0.0
2021-05-17 10:45:00, 139.54, 139.55, 139.345, 139.39, 2068, 0.0
2021-05-17 10:50:00, 139.28, 139.28, 139.23, 139.24, 1020, 0.0
2021-05-17 10:55:00, 139.3, 139.39, 139.26, 139.39, 2912, 0.0
2021-05-17 11:00:00, 139.355, 139.39, 139.245, 139.27, 1681, 0.0
2021-05-17 11:05:00, 139.435, 139.435, 139.39, 139.39, 1013, 0.0
2021-05-17 11:10:00, 139.43, 139.47, 139.41, 139.47, 1624, 0.0
2021-05-17 11:15:00, 139.42, 139.64, 139.42, 139.64, 790, 0.0
2021-05-17 11:20:00, 139.575, 139.575, 139.49, 139.49, 216, 0.0
2021-05-17 11:25:00, 139.495, 139.54, 139.48, 139.48, 611, 0.0
2021-05-17 11:30:00, 139.48, 139.53, 139.38, 139.43, 1784, 0.0
2021-05-17 11:35:00, 139.39, 139.54, 139.39, 139.53, 1729, 0.0
2021-05-17 11:40:00, 139.56, 139.65, 139.56, 139.65, 407, 0.0
2021-05-17 11:45:00, 139.62, 139.62, 139.58, 139.58, 445, 0.0
2021-05-17 11:50:00, 139.575, 139.6, 139.575, 139.6, 346, 0.0
2021-05-17 11:55:00, 139.59, 139.735, 139.59, 139.735, 1950, 0.0
2021-05-17 12:00:00, 139.77, 139.89, 139.75, 139.85, 1742, 0.0
2021-05-17 12:05:00, 139.86, 139.92, 139.82, 139.92, 1860, 0.0
2021-05-17 12:10:00, 139.88, 139.88, 139.81, 139.88, 2073, 0.0
2021-05-17 12:15:00, 139.85, 139.89, 139.63, 139.63, 2285, 0.0
2021-05-17 12:20:00, 139.57, 139.68, 139.48, 139.57, 2706, 0.0
2021-05-17 12:25:00, 139.6, 139.64, 139.515, 139.515, 3309, 0.0
2021-05-17 12:30:00, 139.53, 139.53, 139.315, 139.315, 5091, 0.0
2021-05-17 12:35:00, 139.515, 139.63, 139.5, 139.63, 1412, 0.0
2021-05-17 12:40:00, 139.65, 139.65, 139.43, 139.54, 7022, 0.0
2021-05-17 12:45:00, 139.685, 139.75, 139.605, 139.62, 1034, 0.0
2021-05-17 12:50:00, 139.635, 139.83, 139.635, 139.83, 2367, 0.0
2021-05-17 12:55:00, 139.78, 139.98, 139.76, 139.98, 1812, 0.0
2021-05-17 13:00:00, 139.96, 140.03, 139.89, 140.01, 2396, 0.0
2021-05-17 13:05:00, 140.01, 140.08, 139.98, 139.995, 2982, 0.0
2021-05-17 13:10:00, 140.02, 140.035, 139.98, 140.01, 3637, 0.0
2021-05-17 13:15:00, 139.985, 140.04, 139.985, 140.02, 6380, 0.0
2021-05-17 13:20:00, 140.04, 140.08, 139.95, 139.96, 3284, 0.0
2021-05-17 13:25:00, 139.975, 140.04, 139.97, 139.98, 2008, 0.0
2021-05-17 13:30:00, 140.03, 140.03, 139.895, 139.92, 7475, 0.0
2021-05-17 13:35:00, 139.94, 139.95, 139.84, 139.85, 4001, 0.0
2021-05-17 13:40:00, 139.84, 139.905, 139.74, 139.87, 4078, 0.0
2021-05-17 13:45:00, 139.88, 139.915, 139.81, 139.91, 9926, 0.0
2021-05-17 13:50:00, 139.905, 139.97, 139.88, 139.97, 1324, 0.0
2021-05-17 13:55:00, 139.96, 140.01, 139.91, 139.92, 2006, 0.0
2021-05-17 14:00:00, 139.91, 140, 139.9, 139.97, 4126, 0.0
2021-05-17 14:05:00, 139.98, 140.11, 139.98, 140.1, 3496, 0.0
2021-05-17 14:10:00, 140.08, 140.18, 140.07, 140.07, 3620, 0.0
2021-05-17 14:15:00, 140.05, 140.22, 140.05, 140.215, 5332, 0.0
2021-05-17 14:20:00, 140.18, 140.26, 140.18, 140.19, 3416, 0.0
2021-05-17 14:25:00, 140.19, 140.24, 140.14, 140.22, 8283, 0.0
2021-05-17 14:30:00, 140.22, 140.295, 140.21, 140.24, 9284, 0.0
2021-05-17 14:35:00, 140.225, 140.28, 140.18, 140.23, 6384, 0.0
2021-05-17 14:40:00, 140.225, 140.37, 140.2, 140.35, 6101, 0.0
2021-05-17 14:45:00, 140.335, 140.42, 140.23, 140.3, 6648, 0.0
2021-05-17 14:50:00, 140.26, 140.46, 140, 140.01, 14929, 0.0
2021-05-17 14:55:00, 140.01, 140.18, 139.85, 140.18, 12095, 0.0
2021-05-18 08:30:00, 139.58, 139.62, 138.77, 138.88, 3913, 0.0
2021-05-18 08:35:00, 139.07, 139.07, 138.39, 138.39, 2869, 0.0
2021-05-18 08:40:00, 138.32, 138.35, 137.65, 137.65, 6526, 0.0
2021-05-18 08:45:00, 137.65, 137.65, 136.68, 136.68, 6423, 0.0
2021-05-18 08:50:00, 136.56, 136.96, 136.545, 136.835, 7462, 0.0
2021-05-18 08:55:00, 136.81, 136.81, 136.32, 136.37, 8565, 0.0
2021-05-18 09:00:00, 136.285, 136.47, 136.12, 136.13, 6842, 0.0
2021-05-18 09:05:00, 136.22, 136.56, 136.22, 136.31, 5018, 0.0
2021-05-18 09:10:00, 136.24, 136.68, 136.18, 136.68, 26982, 0.0
2021-05-18 09:15:00, 136.73, 137, 136.685, 136.95, 3017, 0.0
2021-05-18 09:20:00, 136.98, 137.07, 136.97, 137.02, 3340, 0.0
2021-05-18 09:25:00, 136.97, 137.24, 136.97, 137.24, 2012, 0.0
2021-05-18 09:30:00, 137.22, 137.22, 137.135, 137.21, 1173, 0.0
2021-05-18 09:35:00, 137.17, 137.225, 137.17, 137.22, 880, 0.0
2021-05-18 09:40:00, 137.15, 137.24, 136.99, 136.99, 4059, 0.0
2021-05-18 09:45:00, 136.95, 137.01, 136.78, 136.78, 5404, 0.0
2021-05-18 09:50:00, 136.85, 136.89, 136.42, 136.42, 11959, 0.0
2021-05-18 09:55:00, 136.565, 138.585, 136.495, 137.92, 62614, 0.0
2021-05-18 10:00:00, 137.84, 138.12, 137.34, 137.57, 11836, 0.0
2021-05-18 10:05:00, 137.49, 137.66, 137.34, 137.39, 3620, 0.0
2021-05-18 10:10:00, 137.24, 137.41, 136.825, 137.03, 11573, 0.0
2021-05-18 10:15:00, 137.04, 137.095, 136.905, 136.965, 7095, 0.0
2021-05-18 10:20:00, 136.98, 137.015, 136.38, 136.51, 13936, 0.0
2021-05-18 10:25:00, 136.605, 136.94, 136.605, 136.88, 9229, 0.0
2021-05-18 10:30:00, 136.94, 136.94, 136.44, 136.45, 4502, 0.0
2021-05-18 10:35:00, 136.47, 136.47, 136.19, 136.4, 4389, 0.0
2021-05-18 10:40:00, 136.275, 136.325, 136.22, 136.31, 2897, 0.0
2021-05-18 10:45:00, 136.14, 136.58, 136.13, 136.55, 1636, 0.0
2021-05-18 10:50:00, 136.625, 136.92, 136.625, 136.88, 3521, 0.0
2021-05-18 10:55:00, 136.98, 137.12, 136.98, 137.06, 4885, 0.0
2021-05-18 11:00:00, 137.31, 137.375, 137.26, 137.365, 1607, 0.0
2021-05-18 11:05:00, 137.38, 137.64, 137.38, 137.64, 4019, 0.0
2021-05-18 11:10:00, 137.58, 137.81, 137.53, 137.78, 6160, 0.0
2021-05-18 11:15:00, 137.74, 137.77, 137.6, 137.68, 4306, 0.0
2021-05-18 11:20:00, 137.74, 137.94, 137.49, 137.56, 4872, 0.0
2021-05-18 11:25:00, 137.58, 137.79, 137.48, 137.6, 3774, 0.0
2021-05-18 11:30:00, 137.695, 137.695, 137.545, 137.655, 712, 0.0
2021-05-18 11:35:00, 137.705, 137.71, 137.6, 137.6, 652, 0.0
2021-05-18 11:40:00, 137.59, 137.6, 137.58, 137.6, 1154, 0.0
2021-05-18 11:45:00, 137.58, 137.585, 137.51, 137.555, 1141, 0.0
2021-05-18 11:50:00, 137.57, 137.57, 137.5, 137.54, 1516, 0.0
2021-05-18 11:55:00, 137.55, 137.8, 137.55, 137.8, 1812, 0.0
2021-05-18 12:00:00, 137.8, 137.9, 137.72, 137.8, 2396, 0.0
2021-05-18 12:05:00, 137.7, 137.72, 137.62, 137.72, 1016, 0.0
2021-05-18 12:10:00, 137.71, 137.775, 137.67, 137.75, 1536, 0.0
2021-05-18 12:15:00, 137.77, 137.79, 137.64, 137.77, 1846, 0.0
2021-05-18 12:20:00, 137.785, 137.86, 137.785, 137.79, 5571, 0.0
2021-05-18 12:25:00, 137.79, 137.89, 137.79, 137.85, 2398, 0.0
2021-05-18 12:30:00, 137.82, 137.85, 137.74, 137.74, 2312, 0.0
2021-05-18 12:35:00, 137.655, 137.655, 137.42, 137.42, 704, 0.0
2021-05-18 12:40:00, 137.47, 137.47, 137.29, 137.29, 1176, 0.0
2021-05-18 12:45:00, 137.29, 137.29, 137, 137, 1593, 0.0
2021-05-18 12:50:00, 137.04, 137.04, 136.83, 136.83, 2261, 0.0
2021-05-18 12:55:00, 136.99, 137.05, 136.98, 137.02, 1619, 0.0
2021-05-18 13:00:00, 137.235, 137.235, 137.135, 137.135, 1260, 0.0
2021-05-18 13:05:00, 137.19, 137.195, 137.165, 137.195, 1401, 0.0
2021-05-18 13:10:00, 137.15, 137.15, 136.995, 137.045, 3356, 0.0
2021-05-18 13:15:00, 136.945, 136.985, 136.86, 136.86, 1641, 0.0
2021-05-18 13:20:00, 136.84, 136.9, 136.79, 136.79, 2538, 0.0
2021-05-18 13:25:00, 136.76, 136.76, 136.55, 136.55, 4907, 0.0
2021-05-18 13:30:00, 136.57, 136.66, 136.43, 136.43, 5130, 0.0
2021-05-18 13:35:00, 136.37, 136.43, 136.305, 136.32, 4049, 0.0
2021-05-18 13:40:00, 136.29, 136.31, 136.04, 136.12, 5590, 0.0
2021-05-18 13:45:00, 136.07, 136.08, 135.94, 136, 3825, 0.0
2021-05-18 13:50:00, 136.07, 136.28, 136.07, 136.28, 1666, 0.0
2021-05-18 13:55:00, 136.27, 136.32, 136.24, 136.27, 1320, 0.0
2021-05-18 14:00:00, 136.42, 136.43, 136.39, 136.39, 809, 0.0
2021-05-18 14:05:00, 136.37, 136.425, 136.26, 136.425, 1934, 0.0
2021-05-18 14:10:00, 136.41, 136.41, 136.29, 136.305, 4506, 0.0
2021-05-18 14:15:00, 136.26, 136.375, 136.26, 136.305, 2985, 0.0
2021-05-18 14:20:00, 136.305, 136.38, 136.24, 136.38, 2671, 0.0
2021-05-18 14:25:00, 136.335, 136.35, 136.29, 136.3, 7730, 0.0
2021-05-18 14:30:00, 136.29, 136.375, 136.23, 136.26, 5138, 0.0
2021-05-18 14:35:00, 136.18, 136.18, 136.075, 136.075, 3221, 0.0
2021-05-18 14:40:00, 136.11, 136.255, 136.065, 136.11, 6779, 0.0
2021-05-18 14:45:00, 136.13, 136.155, 135.73, 135.83, 6430, 0.0
2021-05-18 14:50:00, 135.81, 135.81, 135.36, 135.4, 13446, 0.0
2021-05-18 14:55:00, 135.39, 135.535, 135.07, 135.11, 28736, 0.0
2021-05-19 08:30:00, 133.7, 133.88, 133.22, 133.52, 11974, 0.0
2021-05-19 08:35:00, 133.6, 133.6, 132.96, 133.095, 11477, 0.0
2021-05-19 08:40:00, 133.01, 133.295, 132.97, 133.13, 6037, 0.0
2021-05-19 08:45:00, 133.115, 133.22, 132.82, 132.99, 12203, 0.0
2021-05-19 08:50:00, 133, 134.34, 132.76, 133.445, 18502, 0.0
2021-05-19 08:55:00, 133.38, 134.17, 133.27, 134.11, 16180, 0.0
2021-05-19 09:00:00, 134.06, 134.3, 133.49, 133.6, 7311, 0.0
2021-05-19 09:05:00, 133.57, 133.65, 133.345, 133.36, 2187, 0.0
2021-05-19 09:10:00, 133.21, 133.21, 132.79, 132.79, 1466, 0.0
2021-05-19 09:15:00, 132.76, 132.76, 132.53, 132.53, 2186, 0.0
2021-05-19 09:20:00, 132.54, 133.22, 132.5, 133.22, 2116, 0.0
2021-05-19 09:25:00, 133.16, 133.94, 133.16, 133.92, 3542, 0.0
2021-05-19 09:30:00, 134.05, 134.05, 133.75, 133.91, 2838, 0.0
2021-05-19 09:35:00, 134.005, 134.14, 133.99, 134.07, 3857, 0.0
2021-05-19 09:40:00, 134.065, 134.31, 134, 134.31, 4156, 0.0
2021-05-19 09:45:00, 134.41, 134.505, 134.19, 134.23, 4939, 0.0
2021-05-19 09:50:00, 134.22, 134.355, 133.97, 134.075, 2488, 0.0
2021-05-19 09:55:00, 134.145, 134.145, 133.84, 133.84, 3523, 0.0
2021-05-19 10:00:00, 133.82, 133.935, 133.8, 133.91, 4078, 0.0
2021-05-19 10:05:00, 133.95, 134.33, 133.95, 134.28, 2233, 0.0
2021-05-19 10:10:00, 134.26, 134.445, 134.18, 134.43, 1606, 0.0
2021-05-19 10:15:00, 134.43, 134.43, 134.11, 134.17, 4159, 0.0
2021-05-19 10:20:00, 134.155, 134.44, 134.155, 134.42, 1623, 0.0
2021-05-19 10:25:00, 134.315, 134.315, 134.04, 134.07, 4441, 0.0
2021-05-19 10:30:00, 134.025, 134.19, 134.025, 134.16, 3135, 0.0
2021-05-19 10:35:00, 134.09, 134.09, 133.79, 133.805, 8087, 0.0
2021-05-19 10:40:00, 133.86, 133.87, 133.555, 133.695, 1237, 0.0
2021-05-19 10:45:00, 133.74, 133.82, 133.65, 133.82, 2413, 0.0
2021-05-19 10:50:00, 133.775, 133.775, 133.62, 133.63, 1541, 0.0
2021-05-19 10:55:00, 133.745, 133.955, 133.715, 133.87, 6233, 0.0
2021-05-19 11:00:00, 133.82, 133.82, 133.765, 133.765, 410, 0.0
2021-05-19 11:05:00, 133.87, 133.96, 133.87, 133.96, 526, 0.0
2021-05-19 11:10:00, 133.965, 133.99, 133.92, 133.92, 600, 0.0
2021-05-19 11:15:00, 133.85, 133.92, 133.85, 133.9, 793, 0.0
2021-05-19 11:20:00, 133.88, 133.91, 133.82, 133.9, 1141, 0.0
2021-05-19 11:25:00, 133.91, 133.91, 133.73, 133.74, 1858, 0.0
2021-05-19 11:30:00, 133.69, 133.785, 133.665, 133.685, 1357, 0.0
2021-05-19 11:35:00, 133.57, 133.58, 133.49, 133.49, 1840, 0.0
2021-05-19 11:40:00, 133.565, 133.62, 133.38, 133.38, 1947, 0.0
2021-05-19 11:45:00, 133.475, 133.51, 133.32, 133.39, 1102, 0.0
2021-05-19 11:50:00, 133.31, 133.53, 133.31, 133.46, 1630, 0.0
2021-05-19 11:55:00, 133.405, 133.44, 133.38, 133.38, 868, 0.0
2021-05-19 12:00:00, 133.38, 133.785, 133.38, 133.7, 1166, 0.0
2021-05-19 12:05:00, 133.68, 133.935, 133.68, 133.74, 1256, 0.0
2021-05-19 12:10:00, 133.815, 133.85, 133.78, 133.78, 1287, 0.0
2021-05-19 12:15:00, 133.86, 133.895, 133.85, 133.895, 823, 0.0
2021-05-19 12:20:00, 133.86, 133.9, 133.76, 133.9, 923, 0.0
2021-05-19 12:25:00, 133.995, 134.015, 133.92, 134.005, 4924, 0.0
2021-05-19 12:30:00, 133.94, 133.99, 133.85, 133.87, 1329, 0.0
2021-05-19 12:35:00, 133.87, 133.87, 133.75, 133.81, 1586, 0.0
2021-05-19 12:40:00, 133.82, 133.82, 133.76, 133.8, 924, 0.0
2021-05-19 12:45:00, 133.88, 133.89, 133.82, 133.89, 1029, 0.0
2021-05-19 12:50:00, 133.9, 134.03, 133.9, 134.03, 1206, 0.0
2021-05-19 12:55:00, 134.08, 134.12, 133.95, 133.98, 1776, 0.0
2021-05-19 13:00:00, 134.05, 134.2, 133.7, 133.77, 3756, 0.0
2021-05-19 13:05:00, 133.73, 133.81, 133.53, 133.81, 1901, 0.0
2021-05-19 13:10:00, 133.77, 133.77, 133.56, 133.67, 5690, 0.0
2021-05-19 13:15:00, 133.58, 133.7, 133.58, 133.65, 833, 0.0
2021-05-19 13:20:00, 133.85, 134.655, 133.85, 134.475, 3228, 0.0
2021-05-19 13:25:00, 134.45, 134.45, 134.23, 134.325, 3387, 0.0
2021-05-19 13:30:00, 134.44, 134.5, 134.13, 134.13, 2536, 0.0
2021-05-19 13:35:00, 134.17, 134.21, 133.93, 133.93, 2985, 0.0
2021-05-19 13:40:00, 133.93, 133.99, 133.93, 133.935, 616, 0.0
2021-05-19 13:45:00, 133.97, 133.97, 133.79, 133.87, 2518, 0.0
2021-05-19 13:50:00, 133.92, 133.94, 133.865, 133.93, 1508, 0.0
2021-05-19 13:55:00, 133.9, 134.22, 133.86, 134.17, 2121, 0.0
2021-05-19 14:00:00, 134.01, 134.07, 133.87, 134.07, 1321, 0.0
2021-05-19 14:05:00, 134.15, 134.38, 134.15, 134.33, 4504, 0.0
2021-05-19 14:10:00, 134.35, 134.5, 134.34, 134.355, 38268, 0.0
2021-05-19 14:15:00, 134.29, 134.45, 134.29, 134.41, 2672, 0.0
2021-05-19 14:20:00, 134.45, 134.47, 134.33, 134.47, 5116, 0.0
2021-05-19 14:25:00, 134.45, 134.56, 134.355, 134.46, 5355, 0.0
2021-05-19 14:30:00, 134.45, 134.46, 134.29, 134.37, 5952, 0.0
2021-05-19 14:35:00, 134.37, 134.425, 134.31, 134.37, 9360, 0.0
2021-05-19 14:40:00, 134.36, 134.365, 134.24, 134.29, 9342, 0.0
2021-05-19 14:45:00, 134.33, 134.405, 134.07, 134.29, 9442, 0.0
2021-05-19 14:50:00, 134.37, 134.5, 134.28, 134.5, 21661, 0.0
2021-05-19 14:55:00, 134.43, 134.51, 134.33, 134.34, 18270, 0.0
2021-05-20 08:30:00, 134.58, 135.28, 134.305, 135.06, 4711, 0.0
2021-05-20 08:35:00, 135.025, 135.39, 134.96, 135.21, 18915, 0.0
2021-05-20 08:40:00, 135.16, 135.185, 134.935, 135.01, 6344, 0.0
2021-05-20 08:45:00, 135.09, 135.34, 135.09, 135.34, 5004, 0.0
2021-05-20 08:50:00, 135.22, 135.33, 135.18, 135.24, 4552, 0.0
2021-05-20 08:55:00, 135.24, 135.325, 135.055, 135.325, 9016, 0.0
2021-05-20 09:00:00, 135.33, 135.47, 135.33, 135.43, 18585, 0.0
2021-05-20 09:05:00, 135.43, 135.435, 135.22, 135.29, 18326, 0.0
2021-05-20 09:10:00, 135.305, 135.38, 135.25, 135.26, 15565, 0.0
2021-05-20 09:15:00, 135.28, 135.535, 135.265, 135.46, 2970, 0.0
2021-05-20 09:20:00, 135.455, 135.92, 135.455, 135.92, 2008, 0.0
2021-05-20 09:25:00, 135.92, 136.11, 135.84, 135.9, 8532, 0.0
2021-05-20 09:30:00, 135.91, 135.97, 135.7, 135.7, 7232, 0.0
2021-05-20 09:35:00, 135.73, 135.93, 135.73, 135.885, 2160, 0.0
2021-05-20 09:40:00, 135.94, 136.1, 135.895, 136.06, 4561, 0.0
2021-05-20 09:45:00, 136.25, 136.34, 136, 136.01, 2494, 0.0
2021-05-20 09:50:00, 136.04, 136.12, 135.95, 135.98, 2970, 0.0
2021-05-20 09:55:00, 136, 136.135, 136, 136.135, 6133, 0.0
2021-05-20 10:00:00, 136.12, 136.185, 135.99, 136, 4202, 0.0
2021-05-20 10:05:00, 135.96, 136.115, 135.96, 136.115, 2636, 0.0
2021-05-20 10:10:00, 136.15, 136.18, 135.9, 135.93, 2610, 0.0
2021-05-20 10:15:00, 135.8, 135.97, 135.8, 135.89, 1392, 0.0
2021-05-20 10:20:00, 135.92, 135.99, 135.92, 135.94, 2624, 0.0
2021-05-20 10:25:00, 135.98, 136.28, 135.94, 136.19, 17094, 0.0
2021-05-20 10:30:00, 136.21, 136.21, 136.09, 136.205, 4068, 0.0
2021-05-20 10:35:00, 136.215, 136.3, 136.17, 136.23, 10552, 0.0
2021-05-20 10:40:00, 136.23, 136.45, 136.23, 136.42, 2648, 0.0
2021-05-20 10:45:00, 136.46, 136.67, 136.45, 136.575, 3745, 0.0
2021-05-20 10:50:00, 136.56, 136.56, 136.375, 136.375, 3220, 0.0
2021-05-20 10:55:00, 136.34, 136.355, 136.3, 136.3, 780, 0.0
2021-05-20 11:00:00, 136.24, 136.38, 136.21, 136.38, 3774, 0.0
2021-05-20 11:05:00, 136.31, 136.34, 136.245, 136.29, 1180, 0.0
2021-05-20 11:10:00, 136.26, 136.49, 136.26, 136.49, 1671, 0.0
2021-05-20 11:15:00, 136.49, 136.57, 136.49, 136.49, 1368, 0.0
2021-05-20 11:20:00, 136.535, 136.535, 136.3, 136.49, 2046, 0.0
2021-05-20 11:25:00, 136.505, 136.555, 136.43, 136.455, 1376, 0.0
2021-05-20 11:30:00, 136.49, 136.52, 136.4, 136.485, 10172, 0.0
2021-05-20 11:35:00, 136.4, 136.4, 136.31, 136.37, 1935, 0.0
2021-05-20 11:40:00, 136.41, 136.41, 136.32, 136.32, 209, 0.0
2021-05-20 11:45:00, 136.39, 136.535, 136.38, 136.515, 947, 0.0
2021-05-20 11:50:00, 136.505, 136.505, 136.42, 136.48, 1095, 0.0
2021-05-20 11:55:00, 136.49, 136.5, 136.48, 136.48, 600, 0.0
2021-05-20 12:00:00, 136.44, 136.44, 136.3, 136.35, 1601, 0.0
2021-05-20 12:05:00, 136.395, 136.51, 136.395, 136.51, 887, 0.0
2021-05-20 12:10:00, 136.5, 136.5, 136.415, 136.42, 878, 0.0
2021-05-20 12:15:00, 136.45, 136.56, 136.45, 136.47, 2215, 0.0
2021-05-20 12:20:00, 136.46, 136.485, 136.43, 136.46, 1442, 0.0
2021-05-20 12:25:00, 136.51, 136.55, 136.49, 136.55, 5546, 0.0
2021-05-20 12:30:00, 136.33, 136.45, 136.265, 136.42, 1700, 0.0
2021-05-20 12:35:00, 136.41, 136.48, 136.33, 136.475, 1352, 0.0
2021-05-20 12:40:00, 136.49, 136.575, 136.49, 136.51, 5527, 0.0
2021-05-20 12:45:00, 136.465, 136.465, 136.38, 136.38, 1675, 0.0
2021-05-20 12:50:00, 136.355, 136.355, 136.09, 136.12, 2025, 0.0
2021-05-20 12:55:00, 136.125, 136.27, 136.125, 136.27, 1228, 0.0
2021-05-20 13:00:00, 136.27, 136.295, 136.24, 136.275, 2437, 0.0
2021-05-20 13:05:00, 136.27, 136.34, 136.27, 136.335, 1580, 0.0
2021-05-20 13:10:00, 136.43, 136.43, 136.335, 136.36, 3325, 0.0
2021-05-20 13:15:00, 136.39, 136.39, 136.34, 136.34, 2036, 0.0
2021-05-20 13:20:00, 136.36, 136.37, 136.26, 136.37, 1042, 0.0
2021-05-20 13:25:00, 136.32, 136.46, 136.32, 136.4, 1775, 0.0
2021-05-20 13:30:00, 136.4, 136.4, 136.395, 136.4, 1848, 0.0
2021-05-20 13:35:00, 136.34, 136.37, 136.33, 136.33, 554, 0.0
2021-05-20 13:40:00, 136.36, 136.46, 136.26, 136.29, 2109, 0.0
2021-05-20 13:45:00, 136.31, 136.31, 136.225, 136.26, 3357, 0.0
2021-05-20 13:50:00, 136.25, 136.39, 136.25, 136.39, 1176, 0.0
2021-05-20 13:55:00, 136.42, 136.42, 136.36, 136.36, 623, 0.0
2021-05-20 14:00:00, 136.26, 136.37, 136.26, 136.29, 1732, 0.0
2021-05-20 14:05:00, 136.36, 136.395, 136.34, 136.34, 729, 0.0
2021-05-20 14:10:00, 136.33, 136.43, 136.33, 136.43, 2645, 0.0
2021-05-20 14:15:00, 136.5, 136.5, 136.46, 136.46, 795, 0.0
2021-05-20 14:20:00, 136.48, 136.55, 136.47, 136.54, 2158, 0.0
2021-05-20 14:25:00, 136.5, 136.58, 136.43, 136.44, 3933, 0.0
2021-05-20 14:30:00, 136.36, 136.45, 136.355, 136.45, 1832, 0.0
2021-05-20 14:35:00, 136.58, 136.58, 136.44, 136.44, 1585, 0.0
2021-05-20 14:40:00, 136.44, 136.44, 136.18, 136.29, 3624, 0.0
2021-05-20 14:45:00, 136.34, 136.515, 136.31, 136.355, 66803, 0.0
2021-05-20 14:50:00, 136.29, 136.29, 136.13, 136.29, 11090, 0.0
2021-05-20 14:55:00, 136.23, 136.27, 136.08, 136.2, 11726, 0.0
2021-05-21 08:30:00, 137.14, 137.39, 136.98, 137.03, 7342, 0.0
2021-05-21 08:35:00, 137.06, 137.29, 136.77, 137.13, 4248, 0.0
2021-05-21 08:40:00, 137.09, 137.09, 137, 137.01, 885, 0.0
2021-05-21 08:45:00, 137.04, 137.04, 136.81, 136.81, 2390, 0.0
2021-05-21 08:50:00, 137, 137.03, 136.82, 136.83, 2060, 0.0
2021-05-21 08:55:00, 136.81, 137.06, 136.79, 137.06, 3452, 0.0
2021-05-21 09:00:00, 137.13, 137.21, 137.07, 137.07, 1329, 0.0
2021-05-21 09:05:00, 136.97, 136.97, 136.72, 136.79, 2184, 0.0
2021-05-21 09:10:00, 137.04, 137.05, 136.73, 136.76, 6072, 0.0
2021-05-21 09:15:00, 136.68, 136.68, 136.345, 136.44, 3280, 0.0
2021-05-21 09:20:00, 136.525, 136.6, 136.47, 136.6, 1615, 0.0
2021-05-21 09:25:00, 136.685, 136.695, 136.59, 136.675, 1013, 0.0
2021-05-21 09:30:00, 136.7, 136.7, 136.65, 136.65, 677, 0.0
2021-05-21 09:35:00, 136.68, 136.705, 136.44, 136.47, 3131, 0.0
2021-05-21 09:40:00, 136.45, 136.48, 136.32, 136.42, 2114, 0.0
2021-05-21 09:45:00, 136.39, 136.5, 136.33, 136.48, 1634, 0.0
2021-05-21 09:50:00, 136.485, 136.505, 136.36, 136.38, 14599, 0.0
2021-05-21 09:55:00, 136.4, 136.5, 136.4, 136.42, 1131, 0.0
2021-05-21 10:00:00, 136.42, 136.45, 136.2, 136.2, 2364, 0.0
2021-05-21 10:05:00, 136.24, 136.36, 136.24, 136.34, 674, 0.0
2021-05-21 10:10:00, 136.32, 136.38, 136.29, 136.29, 1878, 0.0
2021-05-21 10:15:00, 136.25, 136.37, 136.25, 136.37, 1476, 0.0
2021-05-21 10:20:00, 136.31, 136.31, 136.21, 136.21, 968, 0.0
2021-05-21 10:25:00, 136.21, 136.23, 135.95, 135.95, 2090, 0.0
2021-05-21 10:30:00, 135.93, 136.08, 135.93, 136.06, 1919, 0.0
2021-05-21 10:35:00, 135.98, 136.01, 135.85, 135.96, 3063, 0.0
2021-05-21 10:40:00, 135.95, 135.97, 135.81, 135.86, 2333, 0.0
2021-05-21 10:45:00, 135.83, 135.91, 135.79, 135.85, 1278, 0.0
2021-05-21 10:50:00, 135.885, 136.01, 135.885, 135.94, 2848, 0.0
2021-05-21 10:55:00, 135.925, 135.925, 135.855, 135.905, 1965, 0.0
2021-05-21 11:00:00, 135.89, 136.13, 135.89, 136.13, 1407, 0.0
2021-05-21 11:05:00, 136.1, 136.15, 135.95, 136, 1617, 0.0
2021-05-21 11:10:00, 136.02, 136.21, 136, 136.21, 940, 0.0
2021-05-21 11:15:00, 136.31, 136.31, 136.13, 136.13, 1068, 0.0
2021-05-21 11:20:00, 136.27, 136.3, 136.27, 136.29, 673, 0.0
2021-05-21 11:25:00, 136.25, 136.37, 136.22, 136.37, 506, 0.0
2021-05-21 11:30:00, 136.4, 136.42, 136.375, 136.38, 1003, 0.0
2021-05-21 11:35:00, 136.37, 136.51, 136.37, 136.41, 2669, 0.0
2021-05-21 11:40:00, 136.41, 136.6, 136.245, 136.305, 2447, 0.0
2021-05-21 11:45:00, 136.28, 136.28, 136.11, 136.11, 936, 0.0
2021-05-21 11:50:00, 136.16, 136.17, 135.95, 135.99, 1305, 0.0
2021-05-21 11:55:00, 136.03, 136.07, 136.025, 136.06, 758, 0.0
2021-05-21 12:00:00, 136.115, 136.12, 136.11, 136.11, 746, 0.0
2021-05-21 12:05:00, 136.06, 136.13, 136.05, 136.13, 565, 0.0
2021-05-21 12:10:00, 136.1, 136.1, 136, 136, 600, 0.0
2021-05-21 12:15:00, 136.04, 136.04, 135.98, 136.01, 969, 0.0
2021-05-21 12:25:00, 136.13, 136.13, 136.13, 136.13, 100, 0.0
2021-05-21 12:35:00, 136.38, 136.38, 136.32, 136.32, 425, 0.0
2021-05-21 12:40:00, 136.28, 136.32, 136.24, 136.25, 1123, 0.0
2021-05-21 12:45:00, 136.245, 136.255, 136.22, 136.22, 1389, 0.0
2021-05-21 12:50:00, 136.3, 136.3, 136.245, 136.25, 893, 0.0
2021-05-21 12:55:00, 136.245, 136.245, 136.205, 136.21, 509, 0.0
2021-05-21 13:00:00, 136.06, 136.16, 136.06, 136.15, 928, 0.0
2021-05-21 13:05:00, 136.195, 136.22, 136.13, 136.22, 993, 0.0
2021-05-21 13:10:00, 136.19, 136.19, 136.155, 136.16, 600, 0.0
2021-05-21 13:20:00, 136.12, 136.12, 136.12, 136.12, 303, 0.0
2021-05-21 13:25:00, 136.12, 136.12, 136.04, 136.04, 836, 0.0
2021-05-21 13:30:00, 136.09, 136.1, 136.07, 136.07, 611, 0.0
2021-05-21 13:35:00, 136.1, 136.15, 136.02, 136.02, 846, 0.0
2021-05-21 13:40:00, 136.02, 136.06, 136.02, 136.06, 606, 0.0
2021-05-21 13:45:00, 136.11, 136.11, 136.11, 136.11, 202, 0.0
2021-05-21 13:50:00, 136.1, 136.1, 136.1, 136.1, 206, 0.0
2021-05-21 13:55:00, 136.21, 136.22, 136.21, 136.22, 307, 0.0
2021-05-21 14:00:00, 136.23, 136.23, 136.06, 136.06, 827, 0.0
2021-05-21 14:05:00, 136.13, 136.14, 136.09, 136.14, 776, 0.0
2021-05-21 14:10:00, 136.11, 136.21, 136.11, 136.21, 630, 0.0
2021-05-21 14:15:00, 136.29, 136.33, 136.28, 136.3, 1511, 0.0
2021-05-21 14:20:00, 136.3, 136.31, 136.235, 136.285, 1694, 0.0
2021-05-21 14:25:00, 136.25, 136.25, 136.16, 136.16, 819, 0.0
2021-05-21 14:30:00, 136.12, 136.305, 136.12, 136.28, 1620, 0.0
2021-05-21 14:35:00, 136.335, 136.38, 136.27, 136.27, 2193, 0.0
2021-05-21 14:40:00, 136.275, 136.335, 136.015, 136.015, 2109, 0.0
2021-05-21 14:45:00, 135.94, 136.14, 135.87, 136.13, 2887, 0.0
2021-05-21 14:50:00, 136.12, 136.165, 136, 136, 7004, 0.0
2021-05-21 14:55:00, 136.01, 136.07, 135.88, 135.975, 7420, 0.0
2021-05-24 08:30:00, 136.58, 136.73, 136.56, 136.7, 2919, 0.0
2021-05-24 08:35:00, 136.58, 137.01, 136.53, 136.86, 2918, 0.0
2021-05-24 08:40:00, 137.01, 137.04, 136.88, 136.9, 2301, 0.0
2021-05-24 08:45:00, 136.83, 136.83, 136.69, 136.77, 886, 0.0
2021-05-24 08:50:00, 136.82, 136.87, 136.77, 136.87, 840, 0.0
2021-05-24 08:55:00, 136.85, 136.9, 136.77, 136.85, 1489, 0.0
2021-05-24 09:00:00, 136.86, 137.18, 136.81, 137.025, 3604, 0.0
2021-05-24 09:05:00, 137.005, 137.02, 136.93, 137.01, 1271, 0.0
2021-05-24 09:10:00, 137, 137.235, 137, 137.065, 4583, 0.0
2021-05-24 09:15:00, 137.13, 137.28, 137.04, 137.2, 3895, 0.0
2021-05-24 09:20:00, 137.205, 137.57, 137.175, 137.57, 2421, 0.0
2021-05-24 09:25:00, 137.53, 137.55, 137.53, 137.53, 973, 0.0
2021-05-24 09:30:00, 137.5, 137.52, 137.48, 137.49, 1589, 0.0
2021-05-24 09:35:00, 137.58, 137.595, 137.46, 137.46, 1237, 0.0
2021-05-24 09:40:00, 137.445, 137.62, 137.41, 137.62, 2014, 0.0
2021-05-24 09:45:00, 137.625, 137.64, 137.44, 137.44, 3580, 0.0
2021-05-24 09:50:00, 137.52, 137.525, 137.38, 137.395, 1870, 0.0
2021-05-24 09:55:00, 137.35, 137.49, 137.29, 137.47, 1969, 0.0
2021-05-24 10:00:00, 137.49, 137.5, 137.47, 137.49, 841, 0.0
2021-05-24 10:05:00, 137.41, 137.48, 137.41, 137.46, 1074, 0.0
2021-05-24 10:10:00, 137.49, 137.65, 137.49, 137.62, 1379, 0.0
2021-05-24 10:15:00, 137.6, 137.805, 137.6, 137.805, 1687, 0.0
2021-05-24 10:20:00, 137.83, 137.83, 137.68, 137.79, 1664, 0.0
2021-05-24 10:25:00, 137.685, 137.74, 137.66, 137.7, 1344, 0.0
2021-05-24 10:30:00, 137.77, 137.77, 137.66, 137.66, 1102, 0.0
2021-05-24 10:35:00, 137.7, 137.7, 137.66, 137.66, 671, 0.0
2021-05-24 10:40:00, 137.75, 137.88, 137.75, 137.88, 1206, 0.0
2021-05-24 10:45:00, 137.885, 137.885, 137.76, 137.8, 1093, 0.0
2021-05-24 10:50:00, 137.75, 137.76, 137.69, 137.7, 820, 0.0
2021-05-24 10:55:00, 137.64, 137.68, 137.64, 137.67, 421, 0.0
2021-05-24 11:05:00, 137.63, 137.63, 137.56, 137.56, 2855, 0.0
2021-05-24 11:10:00, 137.46, 137.46, 137.46, 137.46, 618, 0.0
2021-05-24 11:15:00, 137.53, 137.63, 137.53, 137.63, 3027, 0.0
2021-05-24 11:20:00, 137.6, 137.62, 137.6, 137.615, 695, 0.0
2021-05-24 11:25:00, 137.625, 137.69, 137.35, 137.39, 3612, 0.0
2021-05-24 11:30:00, 137.57, 137.66, 137.57, 137.66, 1235, 0.0
2021-05-24 11:35:00, 137.6, 137.66, 137.6, 137.65, 1044, 0.0
2021-05-24 11:40:00, 137.56, 137.63, 137.56, 137.63, 802, 0.0
2021-05-24 11:45:00, 137.68, 137.68, 137.63, 137.67, 722, 0.0
2021-05-24 11:50:00, 137.62, 137.67, 137.62, 137.62, 752, 0.0
2021-05-24 11:55:00, 137.61, 137.63, 137.6, 137.63, 400, 0.0
2021-05-24 12:00:00, 137.62, 137.62, 137.56, 137.56, 818, 0.0
2021-05-24 12:05:00, 137.6, 137.73, 137.6, 137.68, 1019, 0.0
2021-05-24 12:10:00, 137.64, 137.64, 137.64, 137.64, 400, 0.0
2021-05-24 12:15:00, 137.68, 137.7, 137.68, 137.7, 655, 0.0
2021-05-24 12:20:00, 137.67, 137.69, 137.67, 137.69, 579, 0.0
2021-05-24 12:25:00, 137.67, 137.67, 137.605, 137.64, 962, 0.0
2021-05-24 12:30:00, 137.65, 137.67, 137.63, 137.67, 1015, 0.0
2021-05-24 12:35:00, 137.65, 137.67, 137.63, 137.67, 970, 0.0
2021-05-24 12:40:00, 137.69, 137.69, 137.68, 137.68, 576, 0.0
2021-05-24 12:45:00, 137.66, 137.68, 137.66, 137.68, 703, 0.0
2021-05-24 12:50:00, 137.66, 137.66, 137.57, 137.57, 1204, 0.0
2021-05-24 12:55:00, 137.56, 137.58, 137.56, 137.57, 560, 0.0
2021-05-24 13:00:00, 137.61, 137.64, 137.585, 137.585, 972, 0.0
2021-05-24 13:05:00, 137.58, 137.58, 137.39, 137.39, 1448, 0.0
2021-05-24 13:10:00, 137.36, 137.36, 137.36, 137.36, 358, 0.0
2021-05-24 13:15:00, 137.54, 137.67, 137.54, 137.64, 1141, 0.0
2021-05-24 13:20:00, 137.67, 137.67, 137.62, 137.65, 720, 0.0
2021-05-24 13:25:00, 137.67, 137.68, 137.65, 137.68, 842, 0.0
2021-05-24 13:30:00, 137.68, 137.68, 137.61, 137.62, 1167, 0.0
2021-05-24 13:35:00, 137.64, 137.64, 137.62, 137.63, 1457, 0.0
2021-05-24 13:40:00, 137.62, 137.65, 137.6, 137.6, 1422, 0.0
2021-05-24 13:45:00, 137.58, 137.64, 137.58, 137.63, 956, 0.0
2021-05-24 13:50:00, 137.61, 137.75, 137.61, 137.68, 1175, 0.0
2021-05-24 13:55:00, 137.675, 137.675, 137.59, 137.59, 400, 0.0
2021-05-24 14:00:00, 137.6, 137.6, 137.575, 137.58, 939, 0.0
2021-05-24 14:05:00, 137.68, 137.72, 137.68, 137.72, 1978, 0.0
2021-05-24 14:10:00, 137.68, 137.69, 137.57, 137.59, 1260, 0.0
2021-05-24 14:15:00, 137.58, 137.58, 137.52, 137.58, 1475, 0.0
2021-05-24 14:20:00, 137.6, 137.68, 137.6, 137.68, 2749, 0.0
2021-05-24 14:25:00, 137.66, 137.77, 137.66, 137.77, 838, 0.0
2021-05-24 14:30:00, 137.775, 137.9, 137.75, 137.89, 1519, 0.0
2021-05-24 14:35:00, 137.94, 138.115, 137.93, 138.06, 4921, 0.0
2021-05-24 14:40:00, 138.06, 138.15, 137.9, 137.9, 4398, 0.0
2021-05-24 14:45:00, 137.93, 138.04, 137.93, 138.04, 2321, 0.0
2021-05-24 14:50:00, 138.02, 138.27, 137.91, 138.08, 12028, 0.0
2021-05-24 14:55:00, 137.98, 137.98, 137.73, 137.76, 5558, 0.0
2021-05-25 08:30:00, 137.975, 138.88, 137.975, 138.57, 4835, 0.0
2021-05-25 08:35:00, 138.46, 138.57, 138.41, 138.49, 2089, 0.0
2021-05-25 08:40:00, 138.47, 138.48, 137.935, 137.95, 5252, 0.0
2021-05-25 08:45:00, 137.9, 138.07, 137.8, 138.04, 3741, 0.0
2021-05-25 08:50:00, 138.04, 138.04, 137.68, 137.74, 4216, 0.0
2021-05-25 08:55:00, 137.67, 137.73, 137.45, 137.45, 3434, 0.0
2021-05-25 09:00:00, 137.44, 137.695, 137.44, 137.695, 3167, 0.0
2021-05-25 09:05:00, 137.71, 137.94, 137.71, 137.94, 1847, 0.0
2021-05-25 09:10:00, 137.94, 137.96, 137.81, 137.83, 1625, 0.0
2021-05-25 09:15:00, 137.76, 137.84, 137.705, 137.84, 687, 0.0
2021-05-25 09:20:00, 137.77, 137.84, 137.56, 137.56, 3335, 0.0
2021-05-25 09:25:00, 137.53, 137.54, 137.41, 137.48, 1442, 0.0
2021-05-25 09:30:00, 137.49, 137.49, 137.35, 137.38, 664, 0.0
2021-05-25 09:35:00, 137.39, 137.39, 137.18, 137.25, 2044, 0.0
2021-05-25 09:40:00, 137.34, 137.46, 137.325, 137.45, 804, 0.0
2021-05-25 09:45:00, 137.45, 137.47, 137.39, 137.4, 1105, 0.0
2021-05-25 09:50:00, 137.37, 137.37, 137.28, 137.32, 728, 0.0
2021-05-25 09:55:00, 137.39, 137.39, 137.295, 137.325, 501, 0.0
2021-05-25 10:00:00, 137.385, 137.45, 137.2, 137.23, 3462, 0.0
2021-05-25 10:05:00, 137.17, 137.17, 137.08, 137.1, 1423, 0.0
2021-05-25 10:10:00, 137.05, 137.235, 137.05, 137.2, 3069, 0.0
2021-05-25 10:15:00, 137.225, 137.24, 137.115, 137.22, 2545, 0.0
2021-05-25 10:20:00, 137.24, 137.26, 137.23, 137.23, 1588, 0.0
2021-05-25 10:25:00, 137.25, 137.26, 137.14, 137.14, 1505, 0.0
2021-05-25 10:30:00, 137.02, 137.02, 136.97, 136.97, 468, 0.0
2021-05-25 10:35:00, 137.01, 137.06, 137, 137, 819, 0.0
2021-05-25 10:40:00, 137, 137.07, 137, 137.07, 601, 0.0
2021-05-25 10:45:00, 137.14, 137.19, 137.14, 137.19, 1017, 0.0
2021-05-25 10:50:00, 137.15, 137.155, 136.985, 136.99, 1914, 0.0
2021-05-25 10:55:00, 137, 137.03, 136.9, 137, 3088, 0.0
2021-05-25 11:00:00, 136.99, 137.04, 136.94, 137.04, 1008, 0.0
2021-05-25 11:05:00, 137.11, 137.155, 137.04, 137.05, 1724, 0.0
2021-05-25 11:10:00, 137.01, 137.09, 137, 137, 4638, 0.0
2021-05-25 11:15:00, 137.01, 137.055, 136.99, 137.055, 2335, 0.0
2021-05-25 11:20:00, 137.055, 137.07, 137.03, 137.04, 1618, 0.0
2021-05-25 11:25:00, 137.005, 137.135, 136.98, 137.13, 4899, 0.0
2021-05-25 11:30:00, 137.13, 137.14, 137.08, 137.08, 4098, 0.0
2021-05-25 11:35:00, 137.14, 137.24, 137.14, 137.235, 4432, 0.0
2021-05-25 11:40:00, 137.23, 137.24, 137.17, 137.18, 2757, 0.0
2021-05-25 11:45:00, 137.13, 137.21, 137.13, 137.16, 1214, 0.0
2021-05-25 11:50:00, 137.16, 137.2, 137.125, 137.175, 1422, 0.0
2021-05-25 11:55:00, 137.16, 137.2, 137.145, 137.17, 1114, 0.0
2021-05-25 12:00:00, 137.16, 137.16, 136.92, 136.92, 1720, 0.0
2021-05-25 12:05:00, 136.91, 136.98, 136.91, 136.98, 1364, 0.0
2021-05-25 12:10:00, 136.98, 137.06, 136.98, 137.06, 723, 0.0
2021-05-25 12:15:00, 136.99, 137.11, 136.97, 137.11, 2165, 0.0
2021-05-25 12:20:00, 137.08, 137.1, 137.035, 137.1, 900, 0.0
2021-05-25 12:25:00, 137.07, 137.25, 137.07, 137.25, 1519, 0.0
2021-05-25 12:30:00, 137.335, 137.4, 137.335, 137.36, 906, 0.0
2021-05-25 12:35:00, 137.34, 137.455, 137.34, 137.4, 995, 0.0
2021-05-25 12:40:00, 137.42, 137.42, 137.315, 137.315, 2402, 0.0
2021-05-25 12:45:00, 137.36, 137.36, 137.14, 137.14, 1553, 0.0
2021-05-25 12:50:00, 137.16, 137.225, 137.13, 137.13, 968, 0.0
2021-05-25 12:55:00, 137.175, 137.175, 137.07, 137.11, 818, 0.0
2021-05-25 13:00:00, 137.12, 137.14, 137.02, 137.05, 1675, 0.0
2021-05-25 13:05:00, 137.04, 137.04, 137.005, 137.01, 948, 0.0
2021-05-25 13:10:00, 137.005, 137.005, 136.87, 136.87, 1863, 0.0
2021-05-25 13:15:00, 136.92, 136.97, 136.85, 136.85, 1116, 0.0
2021-05-25 13:20:00, 136.93, 137, 136.93, 136.93, 874, 0.0
2021-05-25 13:25:00, 136.935, 137, 136.935, 137, 849, 0.0
2021-05-25 13:30:00, 136.98, 137, 136.98, 136.99, 790, 0.0
2021-05-25 13:35:00, 136.96, 136.98, 136.94, 136.97, 903, 0.0
2021-05-25 13:40:00, 136.985, 137.17, 136.985, 137.17, 2378, 0.0
2021-05-25 13:45:00, 137.06, 137.095, 137.06, 137.09, 618, 0.0
2021-05-25 13:50:00, 137.09, 137.09, 137.09, 137.09, 200, 0.0
2021-05-25 13:55:00, 137.09, 137.135, 137.07, 137.135, 854, 0.0
2021-05-25 14:00:00, 137.085, 137.085, 136.98, 136.98, 1575, 0.0
2021-05-25 14:05:00, 136.98, 137.04, 136.98, 137.04, 1173, 0.0
2021-05-25 14:10:00, 136.98, 137.02, 136.97, 136.99, 1489, 0.0
2021-05-25 14:15:00, 137, 137.04, 136.97, 137.04, 1276, 0.0
2021-05-25 14:20:00, 137.05, 137.145, 137, 137.145, 1397, 0.0
2021-05-25 14:25:00, 137.165, 137.33, 137.165, 137.21, 1763, 0.0
2021-05-25 14:30:00, 137.18, 137.24, 136.96, 136.96, 2634, 0.0
2021-05-25 14:35:00, 137.06, 137.11, 137.04, 137.045, 3348, 0.0
2021-05-25 14:40:00, 136.98, 137.08, 136.98, 136.99, 2913, 0.0
2021-05-25 14:45:00, 136.99, 137.1, 136.95, 137.1, 6522, 0.0
2021-05-25 14:50:00, 137.11, 137.285, 136.85, 136.95, 13712, 0.0
2021-05-25 14:55:00, 136.87, 136.96, 136.78, 136.78, 8609, 0.0
2021-05-26 08:30:00, 136.79, 137.43, 136.79, 137.41, 2081, 0.0
2021-05-26 08:35:00, 137.59, 137.83, 137.575, 137.83, 2628, 0.0
2021-05-26 08:40:00, 137.905, 137.905, 137.61, 137.62, 1444, 0.0
2021-05-26 08:45:00, 137.6, 137.6, 137.375, 137.495, 1065, 0.0
2021-05-26 08:50:00, 137.54, 137.63, 137.485, 137.58, 2145, 0.0
2021-05-26 08:55:00, 137.575, 137.7, 137.45, 137.7, 2007, 0.0
2021-05-26 09:00:00, 137.76, 137.8, 137.71, 137.795, 2129, 0.0
2021-05-26 09:05:00, 137.685, 137.76, 137.54, 137.54, 1788, 0.0
2021-05-26 09:10:00, 137.49, 137.71, 137.49, 137.71, 1307, 0.0
2021-05-26 09:15:00, 137.7, 137.7, 137.66, 137.665, 3197, 0.0
2021-05-26 09:20:00, 137.695, 137.84, 137.685, 137.83, 3374, 0.0
2021-05-26 09:25:00, 137.82, 137.83, 137.8, 137.83, 514, 0.0
2021-05-26 09:30:00, 137.83, 138.13, 137.83, 138.13, 2111, 0.0
2021-05-26 09:35:00, 138.295, 138.325, 138.08, 138.11, 3191, 0.0
2021-05-26 09:40:00, 138.065, 138.065, 137.99, 137.99, 1300, 0.0
2021-05-26 09:45:00, 138.08, 138.31, 138.08, 138.31, 1097, 0.0
2021-05-26 09:50:00, 138.405, 138.55, 138.405, 138.48, 1638, 0.0
2021-05-26 09:55:00, 138.52, 138.66, 138.52, 138.66, 5323, 0.0
2021-05-26 10:00:00, 138.68, 138.83, 138.68, 138.83, 2246, 0.0
2021-05-26 10:05:00, 138.84, 139.01, 138.8, 139.01, 1792, 0.0
2021-05-26 10:10:00, 139.015, 139.075, 138.99, 139.03, 3275, 0.0
2021-05-26 10:15:00, 139.12, 139.345, 139.02, 139.02, 15509, 0.0
2021-05-26 10:20:00, 139.02, 139.515, 139.02, 139.515, 3751, 0.0
2021-05-26 10:25:00, 139.55, 139.79, 139.49, 139.77, 26536, 0.0
2021-05-26 10:30:00, 139.74, 139.77, 139.65, 139.68, 4567, 0.0
2021-05-26 10:35:00, 139.65, 140.07, 139.65, 139.99, 3377, 0.0
2021-05-26 10:40:00, 139.92, 140.01, 139.86, 139.94, 3441, 0.0
