Date, Open, High, Low, Close, Volume, Open Interest
2019-05-28 23:00:00, 73.74, 74.21, 73.2, 73.96, 5045444, 0.0
2019-05-29 23:00:00, 73.96, 75.25, 73.81, 75.01, 4009946, 0.0
2019-05-30 23:00:00, 74.06, 75.04, 73.51, 74.43, 5006187, 0.0
2019-06-02 23:00:00, 74.51, 75.55, 74.21, 74.49, 3445731, 0.0
2019-06-03 23:00:00, 75.15, 76.72, 75.09, 76.68, 3001610, 0.0
2019-06-04 23:00:00, 76.74, 78.4, 76.72, 78.04, 3731406, 0.0
2019-06-05 23:00:00, 78.19, 78.38, 77.1, 77.51, 2806070, 0.0
2019-06-06 23:00:00, 77.93, 78.455, 77.66, 78.04, 2128103, 0.0
2019-06-09 23:00:00, 78.38, 79.38, 78.01, 78.68, 2296668, 0.0
2019-06-10 23:00:00, 79.13, 79.71, 78.07, 78.6, 2413249, 0.0
2019-06-11 23:00:00, 78.54, 78.905, 78.11, 78.23, 2431602, 0.0
2019-06-12 23:00:00, 78.3, 78.3, 77.35, 77.645, 5914870, 0.0
2019-06-13 23:00:00, 77.69, 77.94, 76.76, 77.17, 4994998, 0.0
2019-06-16 23:00:00, 77.09, 77.4, 76.59, 76.69, 2378701, 0.0
2019-06-17 23:00:00, 77.39, 78.36, 76.965, 77.74, 2773070, 0.0
2019-06-18 23:00:00, 77.65, 77.85, 76.62, 77.37, 1885847, 0.0
2019-06-19 23:00:00, 78.48, 79.28, 78.2178, 79.03, 3276682, 0.0
2019-06-20 23:00:00, 78.9, 79.72, 78.62, 78.66, 4354403, 0.0
2019-06-23 23:00:00, 78.67, 78.81, 77.345, 77.52, 2311590, 0.0
2019-06-24 23:00:00, 77.64, 77.83, 75.875, 76.1, 3457282, 0.0
2019-06-25 23:00:00, 76.37, 76.78, 76.17, 76.18, 2087870, 0.0
2019-06-26 23:00:00, 76.21, 77.15, 76.21, 76.44, 1898117, 0.0
2019-06-27 23:00:00, 76.94, 77.6805, 76.84, 77.36, 2493737, 0.0
2019-06-30 23:00:00, 78.56, 79.4, 78.045, 78.64, 3073520, 0.0
2019-07-01 23:00:00, 78.5, 78.6, 77.73, 78.29, 2650364, 0.0
2019-07-02 23:00:00, 78.37, 78.925, 78.32, 78.63, 1068591, 0.0
2019-07-04 23:00:00, 78.25, 78.55, 77.41, 78.41, 2003524, 0.0
2019-07-07 23:00:00, 78.1, 78.25, 76.88, 77.24, 2231370, 0.0
2019-07-08 23:00:00, 76.98, 77.05, 76.33, 76.69, 2636921, 0.0
2019-07-09 23:00:00, 76.9, 77.12, 76.295, 76.58, 2630042, 0.0
2019-07-10 23:00:00, 76.64, 77.78, 76.37, 77.25, 2471372, 0.0
2019-07-11 23:00:00, 77.48, 78.76, 77.33, 78.56, 2927651, 0.0
2019-07-14 23:00:00, 78.53, 78.595, 77.95, 78.51, 2762806, 0.0
2019-07-15 23:00:00, 78.4, 80.23, 78.4, 79.57, 6237659, 0.0
2019-07-16 23:00:00, 73.345, 73.65, 70.06, 71.38, 32454608, 0.0
2019-07-17 23:00:00, 71.43, 71.93, 69.5, 71.83, 12607559, 0.0
2019-07-18 23:00:00, 72, 72.67, 70.21, 70.3, 7043490, 0.0
2019-07-21 23:00:00, 70.2, 71.14, 70.06, 70.92, 5001597, 0.0
2019-07-22 23:00:00, 71.35, 71.35, 69.71, 69.956, 5502687, 0.0
2019-07-23 23:00:00, 69.19, 70.35, 68.28, 69.22, 6204117, 0.0
2019-07-24 23:00:00, 69.01, 70.14, 68.6826, 69.49, 4858974, 0.0
2019-07-25 23:00:00, 69.52, 69.74, 68.84, 68.96, 5284862, 0.0
2019-07-28 23:00:00, 68.8, 69.925, 68.77, 69.62, 3590756, 0.0
2019-07-29 23:00:00, 69.05, 70.36, 68.92, 70.22, 4036437, 0.0
2019-07-30 23:00:00, 70.47, 71.25, 69.71, 70.38, 5714646, 0.0
2019-07-31 23:00:00, 69.97, 70.41, 67.3, 67.8, 7313491, 0.0
2019-08-01 23:00:00, 67.65, 67.75, 66.43, 67.13, 5298722, 0.0
2019-08-04 23:00:00, 65.94, 65.95, 64.624, 65.1, 7270461, 0.0
2019-08-05 23:00:00, 65.68, 66.84, 65.24, 66.48, 4357710, 0.0
2019-08-06 23:00:00, 65.22, 66.29, 64.795, 65.88, 6753931, 0.0
2019-08-07 23:00:00, 65.81, 66.95, 65.72, 66.74, 3007465, 0.0
2019-08-08 23:00:00, 66.21, 66.85, 65.97, 66.58, 3400992, 0.0
2019-08-11 23:00:00, 66.04, 66.24, 65.26, 65.83, 3948958, 0.0
2019-08-12 23:00:00, 65.42, 67.1958, 65.17, 66.36, 4061362, 0.0
2019-08-13 23:00:00, 65.43, 65.89, 64.46, 64.58, 3518703, 0.0
2019-08-14 23:00:00, 64.58, 64.9, 63.97, 64.42, 2735123, 0.0
2019-08-15 23:00:00, 65.04, 65.5, 64.64, 65.085, 3450643, 0.0
2019-08-18 23:00:00, 66.13, 66.42, 65.17, 65.29, 3067199, 0.0
2019-08-19 23:00:00, 65.06, 65.33, 64.7257, 64.79, 2921720, 0.0
2019-08-20 23:00:00, 65.23, 65.57, 64.86, 65.36, 2753101, 0.0
2019-08-21 23:00:00, 65.74, 66.76, 65.3901, 66.15, 4977374, 0.0
2019-08-22 23:00:00, 65.7, 66.25, 64.27, 64.65, 4375778, 0.0
2019-08-25 23:00:00, 65.24, 65.6515, 64.53, 65.025, 3501068, 0.0
2019-08-26 23:00:00, 65.53, 65.65, 64.41, 64.41, 2708279, 0.0
2019-08-27 23:00:00, 64.25, 65.41, 64.0693, 65.39, 3109112, 0.0
2019-08-28 23:00:00, 65.9, 67, 65.85, 66.53, 4202504, 0.0
2019-08-29 23:00:00, 67.14, 67.67, 66.91, 67.01, 3092850, 0.0
2019-09-02 23:00:00, 66.34, 66.72, 65.44, 66.36, 3404379, 0.0
2019-09-03 23:00:00, 66.55, 67.55, 66.55, 67.49, 3990273, 0.0
2019-09-04 23:00:00, 68.01, 68.78, 67.96, 68.06, 5119416, 0.0
2019-09-05 23:00:00, 68.44, 68.59, 67.14, 67.52, 3828882, 0.0
2019-09-08 23:00:00, 67.91, 69.07, 67.52, 69.05, 3934377, 0.0
2019-09-09 23:00:00, 69.04, 70.81, 69.03, 70.69, 5914640, 0.0
2019-09-10 23:00:00, 70.69, 71.23, 69.76, 70.97, 7402755, 0.0
2019-09-11 23:00:00, 71.04, 71.81, 70.4707, 71.56, 5294304, 0.0
2019-09-12 23:00:00, 71.98, 72.745, 71.98, 72.5, 4015682, 0.0
2019-09-15 23:00:00, 71.71, 72.85, 71.55, 72.38, 3742488, 0.0
2019-09-16 23:00:00, 72.36, 72.36, 70.751, 71.18, 2667550, 0.0
2019-09-17 23:00:00, 70.92, 71.51, 70.08, 71.16, 3303929, 0.0
2019-09-18 23:00:00, 71.34, 71.445, 70.57, 70.8, 2068736, 0.0
2019-09-19 23:00:00, 70.72, 71, 68.415, 68.62, 8324659, 0.0
2019-09-22 23:00:00, 68.61, 69.06, 67.97, 68.87, 3177860, 0.0
2019-09-23 23:00:00, 69.22, 70.39, 68.35, 68.65, 4703820, 0.0
2019-09-24 23:00:00, 68.85, 69.44, 68.21, 68.88, 2464978, 0.0
2019-09-25 23:00:00, 68.89, 69.76, 68.68, 69.44, 2316595, 0.0
2019-09-26 23:00:00, 69.68, 70, 68.55, 68.95, 2058310, 0.0
2019-09-29 23:00:00, 68.95, 69.92, 68.95, 69.24, 2370762, 0.0
2019-09-30 23:00:00, 69.61, 70, 66.7, 67.03, 3564758, 0.0
2019-10-01 23:00:00, 66.61, 67.31, 66.1, 66.27, 6039647, 0.0
2019-10-02 23:00:00, 66.13, 67.23, 65.37, 66.95, 4259111, 0.0
2019-10-03 23:00:00, 66.34, 67.03, 65.93, 66.71, 11779955, 0.0
2019-10-06 23:00:00, 66.58, 67.42, 66.23, 66.8, 5809910, 0.0
2019-10-07 23:00:00, 66.05, 66.795, 65.63, 65.85, 6570985, 0.0
2019-10-08 23:00:00, 66.18, 66.87, 66.04, 66.22, 6674896, 0.0
2019-10-09 23:00:00, 66.25, 67.03, 66.2201, 66.96, 6840305, 0.0
2019-10-10 23:00:00, 68, 69.64, 67.56, 69.05, 7668719, 0.0
2019-10-13 23:00:00, 68.4505, 68.67, 68.01, 68.56, 4617027, 0.0
2019-10-14 23:00:00, 68.56, 69.6, 68.4, 69.17, 5345409, 0.0
2019-10-15 23:00:00, 69.92, 69.92, 68.53, 69.02, 7544623, 0.0
2019-10-16 23:00:00, 70.96, 72.12, 69.54, 69.77, 21496914, 0.0
2019-10-17 23:00:00, 68.55, 69.205, 68.3, 68.66, 35059042, 0.0
2019-10-20 23:00:00, 69.36, 70.81, 69.3, 70.75, 7501555, 0.0
2019-10-21 23:00:00, 70.76, 72.315, 69.98, 72.3, 6993687, 0.0
2019-10-22 23:00:00, 72, 72.43, 71.55, 72.25, 3989104, 0.0
2019-10-23 23:00:00, 72.53, 72.71, 71.26, 71.66, 2742451, 0.0
2019-10-24 23:00:00, 71.93, 72.49, 71.57, 72.34, 2136891, 0.0
2019-10-27 23:00:00, 72.53, 72.61, 71.31, 71.515, 3413713, 0.0
2019-10-28 23:00:00, 71.11, 71.44, 70.675, 70.85, 3070333, 0.0
2019-10-29 23:00:00, 70.88, 71.28, 70.06, 71.05, 2376274, 0.0
2019-10-30 23:00:00, 70.73, 71.05, 69.64, 70.28, 2672590, 0.0
2019-10-31 23:00:00, 70.94, 72.29, 70.63, 72.29, 3911749, 0.0
2019-11-03 23:00:00, 72.7, 73.52, 72.37, 73.49, 3352913, 0.0
2019-11-04 23:00:00, 73.31, 74.35, 73.17, 73.88, 2653296, 0.0
2019-11-05 23:00:00, 73.8, 73.8, 72.79, 73.64, 2492607, 0.0
2019-11-06 23:00:00, 73.91, 74.715, 73.76, 74.1, 2884177, 0.0
2019-11-07 23:00:00, 74.06, 74.21, 73.6, 74.03, 1452386, 0.0
2019-11-10 23:00:00, 73.66, 74.048, 73.22, 73.92, 1147949, 0.0
2019-11-11 23:00:00, 73.54, 73.62, 72.53, 72.76, 2479138, 0.0
2019-11-12 23:00:00, 72.21, 72.36, 71.77, 71.93, 2105532, 0.0
2019-11-13 23:00:00, 71.94, 72.12, 71.42, 71.84, 1282986, 0.0
2019-11-14 23:00:00, 72.31, 72.31, 71.36, 71.61, 2640466, 0.0
2019-11-17 23:00:00, 71.15, 71.51, 70.755, 71, 2889520, 0.0
2019-11-18 23:00:00, 70.94, 71.55, 70.89, 71.02, 1928752, 0.0
2019-11-19 23:00:00, 70.55, 70.64, 69.425, 69.57, 2631150, 0.0
2019-11-20 23:00:00, 69.6, 69.86, 69.18, 69.4, 2038307, 0.0
2019-11-21 23:00:00, 69.16, 70.58, 69.14, 70.51, 2280842, 0.0
2019-11-24 23:00:00, 70.39, 71.95, 70.1101, 71.8, 2659165, 0.0
2019-11-25 23:00:00, 71.66, 72.41, 71.42, 71.94, 2217478, 0.0
2019-11-26 23:00:00, 71.7, 71.99, 71.42, 71.9, 1665843, 0.0
2019-11-28 23:00:00, 71.6, 71.88, 71.265, 71.55, 1096935, 0.0
2019-12-01 23:00:00, 71.42, 71.74, 69.98, 70.02, 2693374, 0.0
2019-12-02 23:00:00, 69.57, 69.75, 68.1, 69.73, 5502809, 0.0
2019-12-03 23:00:00, 70.13, 70.72, 69.88, 70.445, 3933815, 0.0
2019-12-04 23:00:00, 70.55, 70.73, 69.81, 70.73, 3287605, 0.0
2019-12-05 23:00:00, 71.27, 71.95, 71.12, 71.28, 3924765, 0.0
2019-12-08 23:00:00, 71.05, 71.08, 70.275, 70.4, 2550026, 0.0
2019-12-09 23:00:00, 70, 70.58, 69.43, 70.41, 3114520, 0.0
2019-12-10 23:00:00, 70.82, 71.79, 70.53, 71.73, 4383042, 0.0
2019-12-11 23:00:00, 71.57, 73.4, 71.21, 72.26, 5917492, 0.0
2019-12-12 23:00:00, 72.57, 73.12, 71.64, 72.81, 4278309, 0.0
2019-12-15 23:00:00, 73.16, 73.55, 72.72, 72.79, 2615064, 0.0
2019-12-16 23:00:00, 72.71, 73.48, 71.71, 72.11, 6985181, 0.0
2019-12-17 23:00:00, 72.3, 73.58, 72.11, 72.94, 3425535, 0.0
2019-12-18 23:00:00, 72.87, 73.19, 72.305, 72.59, 2421992, 0.0
2019-12-19 23:00:00, 72.58, 73.24, 72.14, 73.19, 5488474, 0.0
2019-12-22 23:00:00, 72.9, 73.22, 72.49, 72.72, 1930022, 0.0
2019-12-23 23:00:00, 72.86, 73.1, 72.7724, 73.01, 636823, 0.0
2019-12-25 23:00:00, 73, 73.23, 72.39, 72.86, 1091683, 0.0
2019-12-26 23:00:00, 72.94, 73.11, 72.61, 72.85, 1290119, 0.0
2019-12-29 23:00:00, 72.83, 73.02, 72.09, 72.35, 1453516, 0.0
2019-12-30 23:00:00, 72.18, 72.78, 72.0904, 72.37, 1429951, 0.0
2020-01-01 23:00:00, 72.82, 73.19, 72.25, 73.19, 2209437, 0.0
2020-01-02 23:00:00, 72, 72.94, 71.63, 72.9, 2683878, 0.0
2020-01-05 23:00:00, 72.18, 72.75, 71.74, 72.505, 2656978, 0.0
2020-01-06 23:00:00, 72.7, 73.53, 72.16, 72.99, 3877698, 0.0
2020-01-07 23:00:00, 73.47, 73.83, 73.07, 73.38, 2197930, 0.0
2020-01-08 23:00:00, 73.4, 73.75, 73.22, 73.74, 1755794, 0.0
2020-01-09 23:00:00, 73.72, 73.8598, 73.265, 73.37, 1757183, 0.0
2020-01-12 23:00:00, 73.37, 74.765, 73.15, 74.68, 3083771, 0.0
2020-01-13 23:00:00, 74.48, 75.32, 74.21, 74.675, 2517058, 0.0
2020-01-14 23:00:00, 74.51, 75.58, 74.38, 74.99, 4014966, 0.0
2020-01-15 23:00:00, 75.65, 76.85, 75.65, 76.7596, 5430066, 0.0
2020-01-16 23:00:00, 75.5, 77.19, 75.366, 76.38, 7548898, 0.0
2020-01-20 23:00:00, 75.72, 76.06, 74.65, 74.84, 8576516, 0.0
2020-01-21 23:00:00, 75.12, 75.19, 74.225, 74.61, 7183650, 0.0
2020-01-22 23:00:00, 74.54, 76.72, 73.94, 76.65, 7411076, 0.0
2020-01-23 23:00:00, 76.68, 77.04, 76.04, 76.72, 6535312, 0.0
2020-01-26 23:00:00, 75, 75.83, 74.61, 75.17, 3108156, 0.0
2020-01-27 23:00:00, 75.72, 76.63, 75.3, 76.21, 2783690, 0.0
2020-01-28 23:00:00, 76.73, 78.4, 76.5, 77.52, 4119787, 0.0
2020-01-29 23:00:00, 76.41, 77.845, 76.35, 77.79, 2808150, 0.0
2020-01-30 23:00:00, 77.28, 77.37, 75.875, 76.35, 3486537, 0.0
2020-02-02 23:00:00, 77.4, 77.59, 76.67, 77.1, 2949555, 0.0
2020-02-03 23:00:00, 78.25, 78.55, 77.55, 77.78, 2245674, 0.0
2020-02-04 23:00:00, 78.81, 78.81, 77.895, 78.17, 2684165, 0.0
2020-02-05 23:00:00, 78.52, 78.65, 77.79, 78.33, 1627263, 0.0
2020-02-06 23:00:00, 78.92, 79.19, 77.6668, 77.86, 2614708, 0.0
2020-02-09 23:00:00, 77.39, 78.91, 77.3101, 78.88, 2713487, 0.0
2020-02-10 23:00:00, 78.97, 79.445, 78.405, 78.54, 2565732, 0.0
2020-02-11 23:00:00, 79.09, 79.5, 78.46, 79.485, 2318004, 0.0
2020-02-12 23:00:00, 79.19, 79.97, 78.9, 79.84, 2037357, 0.0
2020-02-13 23:00:00, 79.67, 79.95, 79.14, 79.6, 1902984, 0.0
2020-02-17 23:00:00, 79.36, 80.09, 78.98, 79.49, 2027723, 0.0
2020-02-18 23:00:00, 79.8, 80.25, 79.6, 80.18, 1885088, 0.0
2020-02-19 23:00:00, 80.08, 80.62, 79.6, 80.45, 1901237, 0.0
2020-02-20 23:00:00, 79.89, 80.44, 79.46, 79.55, 3359223, 0.0
2020-02-23 23:00:00, 77.97, 78.59, 77.6, 78.05, 6809608, 0.0
2020-02-24 23:00:00, 78.13, 78.64, 75.4, 75.57, 8091248, 0.0
2020-02-25 23:00:00, 76.13, 76.74, 74.73, 75.31, 6141074, 0.0
2020-02-26 23:00:00, 73.72, 75.44, 72.18, 72.22, 7114327, 0.0
2020-02-27 23:00:00, 70.08, 70.96, 68.42, 70.6, 8996202, 0.0
2020-03-01 23:00:00, 70.32, 71.41, 68.98, 70.79, 9133901, 0.0
2020-03-02 23:00:00, 70.23, 73.04, 68.55, 68.9, 7004896, 0.0
2020-03-03 23:00:00, 69.87, 72.24, 69.38, 71.99, 4522309, 0.0
2020-03-04 23:00:00, 69.93, 70.58, 68.63, 68.96, 5215297, 0.0
2020-03-05 23:00:00, 65.94, 68.83, 65.72, 68.25, 4158701, 0.0
2020-03-08 23:00:00, 62.95, 63.73, 59.59, 60.39, 7504497, 0.0
2020-03-09 23:00:00, 62.32, 63.16, 59.35, 62.88, 15199300, 0.0
2020-03-10 23:00:00, 60.89, 61.83, 58.06, 58.28, 19668380, 0.0
2020-03-11 23:00:00, 53.55, 56.4, 51.88, 53.41, 10602480, 0.0
2020-03-12 23:00:00, 56.5, 58.79, 54.01, 57.92, 11216733, 0.0
2020-03-15 23:00:00, 49.02, 53.36, 47.56, 48.93, 19590040, 0.0
2020-03-16 23:00:00, 49.51, 54.93, 48.17, 54.26, 7904300, 0.0
2020-03-17 23:00:00, 50.67, 52.48, 48.064, 50.94, 5678112, 0.0
2020-03-18 23:00:00, 50.53, 56.2, 48.785, 55.06, 10621942, 0.0
2020-03-19 23:00:00, 54.51, 55.18, 49.6, 49.89, 9507906, 0.0
2020-03-22 23:00:00, 49.43, 50.79, 46.81, 47.66, 6809151, 0.0
2020-03-23 23:00:00, 50.98, 55.69, 49.51, 55.5, 6589331, 0.0
2020-03-24 23:00:00, 55.11, 60.57, 55.01, 56.52, 13413099, 0.0
2020-03-25 23:00:00, 57.12, 59.13, 55.83, 58.58, 5162218, 0.0
2020-03-26 23:00:00, 56.27, 57.82, 55.03, 56.32, 8336556, 0.0
2020-03-29 23:00:00, 56.11, 58.26, 55.74, 58.02, 4221785, 0.0
2020-03-30 23:00:00, 57.72, 58.15, 56.3204, 57.29, 8462036, 0.0
2020-03-31 23:00:00, 54.1, 55.23, 53.25, 54.85, 3930624, 0.0
2020-04-01 23:00:00, 54.17, 57.115, 53.63, 56.87, 8875858, 0.0
2020-04-02 23:00:00, 56.61, 57.66, 55.9, 56.78, 7040983, 0.0
2020-04-05 23:00:00, 60.66, 61.69, 59.215, 61.4, 5225898, 0.0
2020-04-06 23:00:00, 64.33, 64.82, 60.8, 61.18, 4933045, 0.0
2020-04-07 23:00:00, 62.23, 63.88, 61.8, 63.52, 6221256, 0.0
2020-04-08 23:00:00, 63.89, 64.8, 63.1, 64.01, 4662997, 0.0
2020-04-12 23:00:00, 63.31, 63.88, 60.94, 61.57, 3707223, 0.0
2020-04-13 23:00:00, 62.12, 63.39, 62.05, 62.55, 5128806, 0.0
2020-04-14 23:00:00, 60.37, 61.01, 59.9, 60.92, 7537931, 0.0
2020-04-15 23:00:00, 61.21, 61.21, 58.965, 60.64, 8340896, 0.0
2020-04-16 23:00:00, 62.92, 63.66, 62.03, 62.77, 10111333, 0.0
2020-04-19 23:00:00, 61.015, 62.57, 60.27, 61.01, 9323678, 0.0
2020-04-20 23:00:00, 59.33, 60.305, 58.8, 59.48, 11520573, 0.0
2020-04-21 23:00:00, 60.65, 61.24, 59.47, 60.73, 7664467, 0.0
2020-04-22 23:00:00, 63.9, 64.125, 61.3, 61.42, 11853788, 0.0
2020-04-23 23:00:00, 62.58, 63.89, 61.375, 63.87, 9318272, 0.0
2020-04-26 23:00:00, 65.5, 66.78, 64.77, 66.41, 25827376, 0.0
2020-04-27 23:00:00, 67.16, 67.64, 65.83, 66.88, 9147689, 0.0
2020-04-28 23:00:00, 68.38, 69.28, 67.77, 68.14, 7140880, 0.0
2020-04-29 23:00:00, 67.02, 67.82, 66.01, 66.25, 13361174, 0.0
2020-04-30 23:00:00, 65.59, 65.59, 64.55, 64.99, 7052869, 0.0
2020-05-03 23:00:00, 64.72, 64.72, 63.05, 63.74, 3257423, 0.0
2020-05-04 23:00:00, 64.36, 64.97, 63.57, 63.78, 7471674, 0.0
2020-05-05 23:00:00, 63.95, 64.22, 62.52, 62.64, 4274797, 0.0
2020-05-06 23:00:00, 63.59, 64.42, 63.19, 63.94, 5763330, 0.0
2020-05-07 23:00:00, 64.75, 66.3, 64.68, 66.11, 4743778, 0.0
2020-05-10 23:00:00, 65.19, 66.7, 65.135, 65.91, 4933852, 0.0
2020-05-11 23:00:00, 66.2, 66.2, 64.14, 64.16, 4403878, 0.0
2020-05-12 23:00:00, 64.09, 64.09, 61.675, 62.33, 3681133, 0.0
2020-05-13 23:00:00, 61.92, 63.09, 60, 63.01, 3276669, 0.0
2020-05-14 23:00:00, 62.04, 62.61, 61.62, 62, 6685994, 0.0
2020-05-17 23:00:00, 64.49, 66.9, 64.05, 66.4, 6676226, 0.0
2020-05-18 23:00:00, 66.64, 67.56, 65.96, 65.99, 4123455, 0.0
2020-05-19 23:00:00, 68.84, 69.81, 68.11, 68.36, 4320180, 0.0
2020-05-20 23:00:00, 68.1, 68.28, 66.917, 67.87, 5699908, 0.0
2020-05-21 23:00:00, 67.5, 68.63, 67.42, 68.53, 4645408, 0.0
2020-05-25 23:00:00, 70.48, 72.16, 70.04, 72.15, 5145640, 0.0
2020-05-26 23:00:00, 72.79, 73.93, 72.71, 73.61, 10165794, 0.0
2020-05-27 23:00:00, 73.9829, 74, 70.705, 71.27, 4230379, 0.0
2020-05-28 23:00:00, 70.95, 72.35, 70.01, 71.58, 3395088, 0.0
2020-05-31 23:00:00, 70.98, 71.58, 70.33, 70.86, 4931048, 0.0
2020-06-01 23:00:00, 71.68, 72.465, 71.13, 72.2, 4980378, 0.0
2020-06-02 23:00:00, 73.41, 74.87, 73, 74.69, 5331454, 0.0
2020-06-03 23:00:00, 74.1, 74.48, 73.7, 74.04, 2683821, 0.0
2020-06-04 23:00:00, 75.95, 76.91, 74.93, 75.08, 4840483, 0.0
2020-06-07 23:00:00, 74.82, 75.99, 73.82, 74.37, 7722156, 0.0
2020-06-08 23:00:00, 73.57, 74.22, 73.06, 73.67, 6093846, 0.0
2020-06-09 23:00:00, 73.66, 74.13, 72.36, 73.31, 3319111, 0.0
2020-06-10 23:00:00, 71.78, 72.4, 68.22, 68.26, 8097138, 0.0
2020-06-11 23:00:00, 70.51, 70.67, 68.945, 68.96, 955039, 0.0
2020-06-14 23:00:00, 67.91, 70.56, 67.44, 70.15, 6026923, 0.0
2020-06-15 23:00:00, 72.56, 72.57, 69.585, 70.36, 6414257, 0.0
2020-06-16 23:00:00, 71.07, 71.07, 69.83, 69.86, 4479947, 0.0
2020-06-17 23:00:00, 69.24, 70.12, 69.08, 69.44, 4302798, 0.0
2020-06-18 23:00:00, 70.4, 70.47, 67.75, 68.03, 3952258, 0.0
2020-06-21 23:00:00, 67.75, 68.67, 67.07, 68.61, 2318413, 0.0
2020-06-22 23:00:00, 69.32, 69.865, 68.75, 69.43, 2606276, 0.0
2020-06-23 23:00:00, 68.43, 68.86, 67.44, 67.53, 3195899, 0.0
2020-06-24 23:00:00, 67.32, 68.35, 66.4126, 68.23, 2538240, 0.0
2020-06-25 23:00:00, 68, 68.29, 65.48, 65.88, 4728003, 0.0
2020-06-28 23:00:00, 66.57, 68.52, 66.34, 68.52, 3005455, 0.0
2020-06-29 23:00:00, 68.16, 70.31, 67.99, 69.81, 2686076, 0.0
2020-06-30 23:00:00, 69.86, 70.29, 67.87, 68.24, 2830034, 0.0
2020-07-01 23:00:00, 69.16, 69.88, 68.68, 68.88, 2163324, 0.0
2020-07-05 23:00:00, 69.73, 70.68, 69.69, 70.22, 2302229, 0.0
2020-07-06 23:00:00, 69.43, 70.03, 68.35, 68.54, 2374587, 0.0
2020-07-07 23:00:00, 68.64, 69.25, 68.17, 69.07, 2646371, 0.0
2020-07-08 23:00:00, 68.29, 69.05, 67.48, 67.86, 3594253, 0.0
2020-07-09 23:00:00, 67.69, 68.09, 67.16, 67.52, 3152409, 0.0
2020-07-12 23:00:00, 68.21, 69.975, 67.58, 68.67, 3211638, 0.0
2020-07-13 23:00:00, 68.06, 69.45, 67.8, 69.34, 3398720, 0.0
2020-07-14 23:00:00, 70.5, 71.015, 69.38, 70.66, 2945225, 0.0
2020-07-15 23:00:00, 70.29, 71.87, 70.2001, 71.05, 2305656, 0.0
2020-07-16 23:00:00, 71.65, 72.45, 71, 72.16, 2483265, 0.0
2020-07-19 23:00:00, 71.86, 72.04, 70.88, 71.56, 2467266, 0.0
2020-07-20 23:00:00, 71.92, 72.59, 71.6, 72.44, 2158395, 0.0
2020-07-21 23:00:00, 72.5, 73.77, 72.29, 73.26, 3778368, 0.0
2020-07-22 23:00:00, 72.07, 72.95, 71.19, 71.57, 2875762, 0.0
2020-07-23 23:00:00, 71.75, 72.61, 71.245, 71.33, 2694774, 0.0
2020-07-26 23:00:00, 70.99, 72.205, 70.92, 71.54, 2826542, 0.0
2020-07-27 23:00:00, 71.3, 71.33, 69.95, 70.1, 2649973, 0.0
2020-07-28 23:00:00, 70.69, 72.13, 70.3823, 71.92, 2592276, 0.0
2020-07-29 23:00:00, 70.98, 71.3, 70.06, 70.25, 2954570, 0.0
2020-07-30 23:00:00, 69.91, 71.39, 68.07, 71.36, 4813591, 0.0
2020-08-02 23:00:00, 71.1924, 71.65, 70.28, 70.35, 1862652, 0.0
2020-08-03 23:00:00, 70.17, 70.78, 69.795, 70.76, 2554515, 0.0
2020-08-04 23:00:00, 71.16, 71.515, 70.81, 71.44, 1919551, 0.0
2020-08-05 23:00:00, 71.45, 72.65, 71.22, 72.26, 2072933, 0.0
2020-08-06 23:00:00, 71.95, 73.23, 71.835, 72.92, 2449684, 0.0
2020-08-09 23:00:00, 73.92, 74.43, 73.6, 74.07, 3048661, 0.0
2020-08-10 23:00:00, 75.1, 76.47, 74.67, 75.15, 5184789, 0.0
2020-08-11 23:00:00, 75.58, 76.31, 74.93, 75.04, 2305950, 0.0
2020-08-12 23:00:00, 74.51, 74.96, 73.75, 73.99, 2113369, 0.0
2020-08-13 23:00:00, 73.67, 74.67, 73.49, 74.25, 2116784, 0.0
2020-08-16 23:00:00, 74.42, 75.28, 74.35, 75, 2290402, 0.0
2020-08-17 23:00:00, 75.19, 75.19, 74.32, 74.43, 2067888, 0.0
2020-08-18 23:00:00, 74.72, 74.85, 73.91, 74.055, 2403550, 0.0
2020-08-19 23:00:00, 73.3, 74.17, 73.25, 73.91, 2050863, 0.0
2020-08-20 23:00:00, 73.9, 74.26, 73.42, 74.14, 2708258, 0.0
2020-08-23 23:00:00, 74.5685, 75.18, 74.38, 75.15, 2338335, 0.0
2020-08-24 23:00:00, 75.59, 75.93, 74.82, 75.83, 2166757, 0.0
2020-08-25 23:00:00, 75.48, 75.785, 74.97, 75.39, 2466396, 0.0
2020-08-26 23:00:00, 75.99, 76.73, 75.28, 76.18, 2201393, 0.0
2020-08-27 23:00:00, 75.97, 77.18, 75.77, 77.08, 2241749, 0.0
2020-08-30 23:00:00, 77.18, 77.56, 76.15, 76.43, 2425989, 0.0
2020-08-31 23:00:00, 76.21, 78.06, 75.75, 78.04, 2765139, 0.0
2020-09-01 23:00:00, 77.95, 78.65, 77.165, 77.68, 4303178, 0.0
2020-09-02 23:00:00, 78.32, 78.41, 75.08, 75.65, 4193130, 0.0
2020-09-03 23:00:00, 76.23, 76.97, 74.41, 75.53, 3568040, 0.0
2020-09-07 23:00:00, 75.37, 76.57, 74.14, 75.26, 3534853, 0.0
2020-09-08 23:00:00, 75.73, 77.875, 75.68, 76.65, 3086061, 0.0
2020-09-09 23:00:00, 76.52, 76.77, 75.28, 75.88, 2852791, 0.0
2020-09-10 23:00:00, 76.25, 77.42, 76.06, 77.16, 2571568, 0.0
2020-09-13 23:00:00, 77.84, 79.39, 77.25, 78.97, 3053144, 0.0
2020-09-14 23:00:00, 79.74, 81.1, 79.25, 80.27, 4632480, 0.0
2020-09-15 23:00:00, 81.2, 81.4, 79.14, 79.31, 4340346, 0.0
2020-09-16 23:00:00, 77.99, 80, 77.38, 79.5, 3984074, 0.0
2020-09-17 23:00:00, 79.75, 80.58, 79.25, 79.85, 4777289, 0.0
2020-09-20 23:00:00, 78.3, 78.76, 76.31, 77.62, 3801829, 0.0
2020-09-21 23:00:00, 77.65, 78.28, 77.14, 77.92, 3114158, 0.0
2020-09-22 23:00:00, 78.6672, 78.99, 76.09, 76.52, 3092628, 0.0
2020-09-23 23:00:00, 76.07, 77.55, 75.38, 76.56, 3498049, 0.0
2020-09-24 23:00:00, 77.24, 78.335, 76.65, 78.09, 2842604, 0.0
2020-09-27 23:00:00, 79.16, 79.72, 78.5, 79.4, 2127697, 0.0
2020-09-28 23:00:00, 78.96, 79.46, 77.57, 77.61, 3172603, 0.0
2020-09-29 23:00:00, 78.39, 79.23, 77.38, 77.6, 3216634, 0.0
2020-09-30 23:00:00, 78.35, 78.35, 76.27, 76.86, 3277614, 0.0
2020-10-01 23:00:00, 76.78, 77.87, 76.31, 77.14, 2711335, 0.0
2020-10-04 23:00:00, 77.49, 78.29, 77.31, 77.7, 2373983, 0.0
2020-10-05 23:00:00, 77.97, 78.4, 76.47, 76.73, 2382359, 0.0
2020-10-06 23:00:00, 77.11, 79.15, 77.04, 78.74, 2578708, 0.0
2020-10-07 23:00:00, 78.9084, 79.2, 77.2, 77.72, 2995938, 0.0
2020-10-08 23:00:00, 77.97, 78.94, 77.97, 78.48, 1606728, 0.0
2020-10-11 23:00:00, 78.93, 80.21, 78.43, 79.54, 3875958, 0.0
2020-10-12 23:00:00, 80.46, 80.99, 78.96, 79.1999, 3409860, 0.0
2020-10-13 23:00:00, 79.685, 81.25, 79.5, 80.51, 2879663, 0.0
2020-10-14 23:00:00, 79.56, 81.147, 79.27, 81.04, 2120052, 0.0
2020-10-15 23:00:00, 80.52, 81.34, 80.08, 80.1, 2758404, 0.0
2020-10-18 23:00:00, 79.81, 80.865, 78.81, 79.04, 2077036, 0.0
2020-10-19 23:00:00, 79.3, 81.22, 79.16, 80.14, 2070156, 0.0
2020-10-20 23:00:00, 79.2, 80.08, 78.63, 78.65, 2975730, 0.0
2020-10-21 23:00:00, 82.16, 84.81, 81.015, 81.73, 6398107, 0.0
2020-10-22 23:00:00, 81.7, 82.58, 80.39, 81.29, 2628261, 0.0
2020-10-25 23:00:00, 80.33, 80.39, 78.32, 78.87, 2615024, 0.0
2020-10-26 23:00:00, 78.98, 79.47, 77.62, 78.08, 4135672, 0.0
2020-10-27 23:00:00, 76.475, 77.56, 75.74, 75.9518, 4375688, 0.0
2020-10-28 23:00:00, 75.67, 78.94, 75.39, 77.88, 4490057, 0.0
2020-10-29 23:00:00, 77.65, 79.01, 77.5, 78.99, 4288939, 0.0
2020-11-01 23:00:00, 80.325, 82.11, 79.25, 81.79, 4158594, 0.0
2020-11-02 23:00:00, 82.63, 84.79, 82.23, 84.18, 4474212, 0.0
2020-11-03 23:00:00, 85.46, 87.55, 84.56, 84.81, 5026399, 0.0
2020-11-04 23:00:00, 85.51, 87.89, 85, 87.05, 4653990, 0.0
2020-11-05 23:00:00, 87.18, 87.69, 85.62, 86.17, 2211686, 0.0
2020-11-08 23:00:00, 90.5, 93.705, 88.02, 88.17, 4218621, 0.0
2020-11-09 23:00:00, 87.75, 91.88, 87.18, 91.45, 5309479, 0.0
2020-11-10 23:00:00, 91.6, 91.88, 89.3, 90.03, 3623979, 0.0
2020-11-11 23:00:00, 89.49, 90.55, 88.92, 89.74, 3194302, 0.0
2020-11-12 23:00:00, 90.11, 91.65, 89.73, 90.6, 2418098, 0.0
2020-11-15 23:00:00, 92.23, 92.81, 91.28, 92.03, 1977259, 0.0
2020-11-16 23:00:00, 91.82, 92.92, 91.44, 92.5, 2030088, 0.0
2020-11-17 23:00:00, 92.84, 93.64, 91.29, 91.3, 2226599, 0.0
2020-11-18 23:00:00, 90.85, 91.85, 90.19, 91.69, 2371563, 0.0
2020-11-19 23:00:00, 91.53, 92.28, 90.94, 91.57, 1744040, 0.0
2020-11-22 23:00:00, 91.96, 92.67, 91.25, 92.07, 2534065, 0.0
2020-11-23 23:00:00, 93.4591, 93.4591, 92.22, 92.89, 7166376, 0.0
2020-11-24 23:00:00, 92.99, 93.12, 91.56, 92.2, 2007774, 0.0
2020-11-26 23:00:00, 92.49, 92.72, 91.14, 91.29, 1160042, 0.0
2020-11-29 23:00:00, 91.09, 91.84, 89.96, 90.05, 3707935, 0.0
2020-11-30 23:00:00, 90.92, 92.08, 90.35, 90.61, 4201863, 0.0
2020-12-01 23:00:00, 90.03, 91.36, 90.02, 90.68, 3265607, 0.0
2020-12-02 23:00:00, 90.99, 91.595, 89.97, 90.43, 3116888, 0.0
2020-12-03 23:00:00, 90.64, 91.97, 90.46, 91.84, 1789283, 0.0
2020-12-06 23:00:00, 91.45, 92.32, 91.1, 92.04, 2212239, 0.0
2020-12-07 23:00:00, 91.15, 92.09, 90.98, 91.46, 1580528, 0.0
2020-12-08 23:00:00, 91.68, 92.285, 91.2, 91.7, 1791649, 0.0
2020-12-09 23:00:00, 89.55, 90.55, 89.54, 89.98, 3328391, 0.0
2020-12-10 23:00:00, 89.21, 90.685, 89, 90.45, 2493128, 0.0
2020-12-13 23:00:00, 91.21, 91.33, 88.91, 88.92, 1953373, 0.0
2020-12-14 23:00:00, 89.88, 90.52, 88.84, 90.17, 2026391, 0.0
2020-12-15 23:00:00, 90.05, 90.37, 88.9703, 89.1, 2428215, 0.0
2020-12-16 23:00:00, 89.33, 90.97, 89.33, 90.54, 2203370, 0.0
2020-12-17 23:00:00, 90.48, 90.98, 89.45, 90.66, 2755665, 0.0
2020-12-20 23:00:00, 88.78, 90.37, 88.5701, 89.69, 1749744, 0.0
2020-12-21 23:00:00, 89.26, 90.19, 89.1, 89.54, 3741107, 0.0
2020-12-22 23:00:00, 89.89, 90.51, 89.22, 89.68, 3743286, 0.0
2020-12-23 23:00:00, 89.79, 90.22, 89.15, 90.02, 782792, 0.0
2020-12-27 23:00:00, 90.56, 91.25, 90.35, 90.65, 1312447, 0.0
2020-12-28 23:00:00, 90.95, 91.225, 88.69, 89.29, 2355587, 0.0
2020-12-29 23:00:00, 89.69, 90.49, 89.5, 90.28, 1521329, 0.0
2020-12-30 23:00:00, 89.96, 90.91, 89.66, 90.76, 2328610, 0.0
2021-01-03 23:00:00, 90.66, 91.035, 87.39, 87.98, 3428306, 0.0
2021-01-04 23:00:00, 87.88, 90.09, 87.81, 89.52, 2545338, 0.0
2021-01-05 23:00:00, 89.28, 92.0278, 89.24, 91.86, 3538654, 0.0
2021-01-06 23:00:00, 92.7, 94.46, 92.06, 94.02, 2868497, 0.0
2021-01-07 23:00:00, 93.86, 96.27, 93.86, 95.84, 3535101, 0.0
2021-01-10 23:00:00, 95.44, 97.54, 95.12, 95.99, 3348818, 0.0
2021-01-11 23:00:00, 95.142, 96.45, 94.75, 95.87, 2401684, 0.0
2021-01-12 23:00:00, 95.75, 95.98, 94.05, 94.63, 4177603, 0.0
2021-01-13 23:00:00, 94.71, 94.85, 93.28, 93.49, 1909154, 0.0
2021-01-14 23:00:00, 93.17, 93.83, 91.8981, 93.44, 2875308, 0.0
2021-01-18 23:00:00, 93.73, 94.35, 92.54, 92.68, 2175640, 0.0
2021-01-19 23:00:00, 93, 93.34, 92.11, 93.19, 2284728, 0.0
2021-01-20 23:00:00, 92.59, 92.78, 91.19, 91.61, 3400972, 0.0
2021-01-21 23:00:00, 89.455, 90.49, 87.53, 87.56, 5627165, 0.0
2021-01-24 23:00:00, 87.73, 88.07, 85.88, 87.91, 4464938, 0.0
2021-01-25 23:00:00, 87.96, 88.74, 86.6, 86.84, 2751501, 0.0
2021-01-26 23:00:00, 85.34, 85.91, 83.11, 83.87, 5555986, 0.0
2021-01-27 23:00:00, 85.37, 87.81, 84.43, 86.68, 4278745, 0.0
2021-01-28 23:00:00, 86.01, 87.5, 85.53, 85.755, 3815543, 0.0
2021-01-31 23:00:00, 86.175, 87.57, 86.175, 87.05, 3361574, 0.0
2021-02-01 23:00:00, 87.57, 90.16, 87.15, 89.71, 3500186, 0.0
2021-02-02 23:00:00, 89.56, 90.02, 89.07, 89.31, 2022963, 0.0
2021-02-03 23:00:00, 89.33, 89.789, 87.87, 88.46, 3456584, 0.0
2021-02-04 23:00:00, 89.44, 89.53, 88.5, 88.56, 2759140, 0.0
2021-02-07 23:00:00, 88.27, 88.53, 86.975, 87.26, 4297528, 0.0
2021-02-08 23:00:00, 86.81, 88.715, 86.01, 88.47, 3160768, 0.0
2021-02-09 23:00:00, 89.16, 89.39, 87.62, 88.19, 2594861, 0.0
2021-02-10 23:00:00, 88.94, 89.16, 87.67, 88.75, 2272022, 0.0
2021-02-11 23:00:00, 88.6, 90.41, 88.6, 90.13, 3016854, 0.0
2021-02-15 23:00:00, 90.42, 91.12, 90.09, 90.74, 3816836, 0.0
2021-02-16 23:00:00, 90.3, 90.705, 89.1, 89.97, 2799230, 0.0
2021-02-17 23:00:00, 89.32, 90.49, 88.6, 90.02, 2956143, 0.0
2021-02-18 23:00:00, 90.21, 92.35, 90.09, 92.05, 2790662, 0.0
2021-02-21 23:00:00, 91.58, 93.56, 91.33, 92.58, 3941065, 0.0
2021-02-22 23:00:00, 92.73, 93.71, 91.02, 91.68, 3140293, 0.0
2021-02-23 23:00:00, 91.08, 93.91, 90.97, 93.39, 2306812, 0.0
2021-02-24 23:00:00, 93.3164, 93.34, 91.7341, 92.16, 3332905, 0.0
2021-02-25 23:00:00, 92.55, 92.9, 91.08, 91.54, 2981642, 0.0
2021-02-28 23:00:00, 92.99, 93.54, 92.4701, 92.94, 2085023, 0.0
2021-03-01 23:00:00, 92.94, 93.02, 91.59, 92.16, 1831488, 0.0
2021-03-02 23:00:00, 92.06, 92.23, 91.05, 91.13, 1935791, 0.0
2021-03-03 23:00:00, 91.08, 91.48, 87.15, 88.31, 3858935, 0.0
2021-03-04 23:00:00, 89.5442, 91.86, 87.93, 91.63, 2553126, 0.0
2021-03-07 23:00:00, 91.79, 94.44, 91.6, 92.53, 2989858, 0.0
2021-03-08 23:00:00, 93.32, 94.04, 92.68, 92.74, 2096915, 0.0
2021-03-09 23:00:00, 93.01, 94.16, 92.5, 93.58, 2092194, 0.0
2021-03-10 23:00:00, 94.12, 94.89, 93.65, 93.82, 2017745, 0.0
2021-03-11 23:00:00, 93.58, 94.28, 93.49, 93.85, 1793586, 0.0
2021-03-14 23:00:00, 93.65, 93.98, 92.25, 93.48, 2236630, 0.0
2021-03-15 23:00:00, 93.77, 93.87, 91.44, 91.9, 2569417, 0.0
2021-03-16 23:00:00, 91.79, 92.7, 91.01, 92.14, 3159630, 0.0
2021-03-17 23:00:00, 91.46, 93.17, 91.41, 92.54, 3640668, 0.0
2021-03-18 23:00:00, 92.85, 93, 90.48, 90.67, 7972539, 0.0
2021-03-21 23:00:00, 94.81, 95.2, 93.23, 93.78, 6056461, 0.0
2021-03-22 23:00:00, 93.47, 94.89, 92.61, 92.93, 2776006, 0.0
2021-03-23 23:00:00, 93.1884, 95.28, 93.02, 94.16, 3550844, 0.0
2021-03-24 23:00:00, 93.97, 95.83, 93.02, 95.54, 2618001, 0.0
2021-03-25 23:00:00, 95.73, 97.73, 95.39, 97.67, 2513335, 0.0
2021-03-28 23:00:00, 97.93, 98.085, 96.04, 96.6, 2554860, 0.0
2021-03-29 23:00:00, 96.01, 97.3, 95.96, 96.38, 2690443, 0.0
2021-03-30 23:00:00, 95.66, 97.09, 95.66, 96.39, 2141435, 0.0
2021-03-31 23:00:00, 97.09, 97.34, 96.35, 97.29, 2238158, 0.0
2021-04-04 23:00:00, 97.79, 98.85, 97.64, 98.59, 1865014, 0.0
2021-04-05 23:00:00, 98.32, 98.52, 97.07, 97.1, 2210201, 0.0
2021-04-06 23:00:00, 97.59, 97.63, 96.4788, 96.95, 1585849, 0.0
2021-04-07 23:00:00, 97.19, 97.2, 96.34, 96.48, 1958261, 0.0
2021-04-08 23:00:00, 96.85, 98.49, 96.65, 98.32, 1675813, 0.0
2021-04-11 23:00:00, 97.64, 98.76, 97.1, 98.58, 1831307, 0.0
2021-04-12 23:00:00, 98.08, 98.46, 97.19, 97.8, 1675788, 0.0
2021-04-13 23:00:00, 98, 98.57, 97.64, 98.36, 2552607, 0.0
2021-04-14 23:00:00, 98.75, 99.34, 98.31, 98.88, 2467936, 0.0
2021-04-15 23:00:00, 99.65, 99.75, 98.18, 98.58, 2416742, 0.0
2021-04-18 23:00:00, 98.27, 98.85, 97.97, 98.7, 2134236, 0.0
2021-04-19 23:00:00, 100.17, 101.35, 98.07, 98.46, 4425172, 0.0
2021-04-20 23:00:00, 98.88, 103.36, 98.77, 102.64, 6697956, 0.0
2021-04-21 23:00:00, 101.72, 103.74, 101.3001, 101.82, 4308722, 0.0
2021-04-22 23:00:00, 101.8, 103.615, 101.46, 103.11, 2546678, 0.0
2021-04-25 23:00:00, 103.03, 103.64, 102.2, 102.31, 2859703, 0.0
2021-04-26 23:00:00, 102.1, 102.29, 101.4, 101.92, 2712987, 0.0
2021-04-27 23:00:00, 101.59, 102.495, 101.35, 101.47, 3459852, 0.0
2021-04-28 23:00:00, 102, 102, 99.89, 101.2, 3958941, 0.0
2021-04-29 23:00:00, 100.92, 101.77, 100.545, 100.76, 3053359, 0.0
2021-05-02 23:00:00, 101.54, 102.08, 101.24, 101.37, 1866096, 0.0
2021-05-03 23:00:00, 101.02, 102.04, 100.88, 101.66, 3347815, 0.0
2021-05-04 23:00:00, 101.95, 102.36, 101, 101.18, 2483400, 0.0
2021-05-05 23:00:00, 101.83, 102.61, 101.565, 102.56, 2106198, 0.0
2021-05-06 23:00:00, 102.34, 103.53, 101.86, 103.13, 2003662, 0.0
2021-05-09 23:00:00, 103.63, 104.87, 103.1, 103.15, 2803049, 0.0
2021-05-10 23:00:00, 102.83, 102.88, 101.32, 101.52, 4167810, 0.0
2021-05-11 23:00:00, 100.94, 101.5, 99.49, 99.67, 2881808, 0.0
2021-05-12 23:00:00, 99.61, 101.26, 99.26, 100.72, 4171704, 0.0
2021-05-13 23:00:00, 101.55, 102.52, 101.22, 101.7, 2771967, 0.0
2021-05-16 23:00:00, 101.9, 102.32, 99.85, 100.4, 3979209, 0.0
2021-05-17 23:00:00, 100.28, 100.5, 98.84, 98.88, 3029700, 0.0
2021-05-18 23:00:00, 97.87, 98.58, 97.07, 98.37, 3237710, 0.0
2021-05-19 23:00:00, 98.07, 98.805, 97.435, 98.28, 2687723, 0.0
2021-05-20 23:00:00, 98.56, 99.57, 97.82, 98.29, 3341647, 0.0
2021-05-23 23:00:00, 99.2, 99.61, 98.58, 99.37, 2424074, 0.0
2021-05-24 23:00:00, 99.34, 100.38, 98.85, 99.07, 2337768, 0.0
2021-05-25 23:00:00, 99.12, 100.035, 99.07, 99.765, 1352077, 0.0
