Date, Open, High, Low, Close, Volume, Open Interest
2021-05-11 14:30:00, 221.79, 221.89, 221.37, 221.38, 2780, 0.0
2021-05-11 14:45:00, 221.77, 221.88, 221.23, 221.55, 7907, 0.0
2021-05-12 08:30:00, 217.35, 218.65, 217.35, 218.65, 809, 0.0
2021-05-12 08:45:00, 219.79, 219.93, 218.72, 218.72, 2468, 0.0
2021-05-12 09:00:00, 218.47, 219.23, 218.41, 219.23, 605, 0.0
2021-05-12 09:15:00, 219.58, 220.05, 219.58, 220.05, 797, 0.0
2021-05-12 09:30:00, 219.62, 219.62, 218.73, 219.41, 666, 0.0
2021-05-12 09:45:00, 217.79, 218.23, 217.79, 218.23, 629, 0.0
2021-05-12 10:00:00, 218.49, 218.56, 218.49, 218.56, 271, 0.0
2021-05-12 10:15:00, 218.23, 218.24, 217.84, 217.89, 939, 0.0
2021-05-12 10:30:00, 217.94, 217.97, 217.86, 217.86, 601, 0.0
2021-05-12 10:45:00, 218, 218, 218, 218, 100, 0.0
2021-05-12 11:00:00, 217.94, 218.17, 217.88, 217.88, 475, 0.0
2021-05-12 11:15:00, 217.8, 217.92, 217.8, 217.88, 649, 0.0
2021-05-12 11:30:00, 217.6, 217.6, 217.45, 217.45, 424, 0.0
2021-05-12 11:45:00, 217.58, 217.58, 217.4, 217.4, 366, 0.0
2021-05-12 12:00:00, 217.94, 217.97, 217.91, 217.97, 300, 0.0
2021-05-12 12:15:00, 217.915, 217.925, 217.9, 217.9, 601, 0.0
2021-05-12 12:30:00, 218.02, 218.02, 217.74, 217.74, 203, 0.0
2021-05-12 12:45:00, 217.775, 217.775, 217.775, 217.775, 138, 0.0
2021-05-12 13:00:00, 217.73, 217.73, 217.73, 217.73, 200, 0.0
2021-05-12 13:15:00, 217.7, 217.86, 217.63, 217.86, 370, 0.0
2021-05-12 13:30:00, 218.16, 219.13, 218.13, 219.02, 1395, 0.0
2021-05-12 13:45:00, 219.04, 219.09, 219.04, 219.09, 353, 0.0
2021-05-12 14:00:00, 218.88, 219.05, 218.82, 218.82, 1257, 0.0
2021-05-12 14:15:00, 218.955, 219.24, 218.84, 219.24, 1628, 0.0
2021-05-12 14:30:00, 219.2, 219.2, 218.955, 219.09, 1517, 0.0
2021-05-12 14:45:00, 218.945, 218.945, 217.72, 218.55, 4638, 0.0
2021-05-13 08:30:00, 218.52, 219.94, 218.38, 219.94, 472, 0.0
2021-05-13 08:45:00, 220.07, 220.07, 219.63, 219.735, 2783, 0.0
2021-05-13 09:00:00, 220.26, 220.63, 220.26, 220.52, 585, 0.0
2021-05-13 09:15:00, 220.89, 220.89, 220.57, 220.63, 476, 0.0
2021-05-13 09:30:00, 220.52, 220.54, 220.52, 220.54, 373, 0.0
2021-05-13 09:45:00, 220.36, 220.95, 220.36, 220.36, 1410, 0.0
2021-05-13 10:00:00, 220.79, 220.79, 220.655, 220.655, 466, 0.0
2021-05-13 10:15:00, 220.16, 220.31, 219.93, 220.31, 681, 0.0
2021-05-13 10:30:00, 220.15, 220.44, 220.13, 220.44, 1098, 0.0
2021-05-13 10:45:00, 220.4, 220.41, 220.135, 220.31, 1172, 0.0
2021-05-13 11:00:00, 220.79, 220.93, 220.79, 220.93, 200, 0.0
2021-05-13 11:15:00, 221.28, 221.57, 221.28, 221.35, 826, 0.0
2021-05-13 11:45:00, 220.775, 220.775, 220.775, 220.775, 100, 0.0
2021-05-13 12:00:00, 220.12, 220.37, 220.12, 220.35, 300, 0.0
2021-05-13 12:15:00, 219.99, 219.99, 219.66, 219.66, 1473, 0.0
2021-05-13 12:30:00, 219.54, 219.63, 219.36, 219.36, 1164, 0.0
2021-05-13 12:45:00, 219.55, 219.72, 219.55, 219.57, 1143, 0.0
2021-05-13 13:00:00, 219.675, 219.72, 219.47, 219.67, 3517, 0.0
2021-05-13 13:15:00, 219.505, 219.735, 219.46, 219.46, 1031, 0.0
2021-05-13 13:30:00, 219.57, 219.76, 219.09, 219.34, 2359, 0.0
2021-05-13 13:45:00, 219.5, 219.66, 219.38, 219.38, 7775, 0.0
2021-05-13 14:00:00, 219.53, 219.61, 219.27, 219.27, 3250, 0.0
2021-05-13 14:15:00, 219.36, 219.61, 219.36, 219.54, 4447, 0.0
2021-05-13 14:30:00, 220, 220.01, 219.85, 220.01, 392, 0.0
2021-05-13 14:45:00, 220.05, 220.05, 219.22, 219.33, 3952, 0.0
2021-05-14 08:30:00, 220.26, 220.495, 218.91, 218.91, 1934, 0.0
2021-05-14 08:45:00, 219.54, 219.54, 219.52, 219.52, 208, 0.0
2021-05-14 09:00:00, 219.66, 219.66, 219.31, 219.31, 301, 0.0
2021-05-14 09:15:00, 219.59, 220.1, 219.27, 219.27, 1184, 0.0
2021-05-14 09:30:00, 219.29, 219.51, 219.29, 219.45, 794, 0.0
2021-05-14 09:45:00, 219.19, 219.52, 219.19, 219.52, 957, 0.0
2021-05-14 10:00:00, 219.59, 219.77, 219.53, 219.77, 1093, 0.0
2021-05-14 10:15:00, 219.55, 219.95, 219.53, 219.95, 494, 0.0
2021-05-14 10:30:00, 219.88, 219.88, 219.67, 219.67, 849, 0.0
2021-05-14 10:45:00, 219.9, 219.9, 219.52, 219.52, 2613, 0.0
2021-05-14 11:00:00, 219.69, 219.71, 219.52, 219.635, 6217, 0.0
2021-05-14 11:15:00, 220.4, 220.4, 220.4, 220.4, 100, 0.0
2021-05-14 11:30:00, 220.47, 220.51, 220.47, 220.51, 533, 0.0
2021-05-14 11:45:00, 220.55, 220.55, 220.55, 220.55, 100, 0.0
2021-05-14 12:00:00, 221.06, 221.22, 221.06, 221.16, 325, 0.0
2021-05-14 12:15:00, 220.86, 220.86, 220.86, 220.86, 133, 0.0
2021-05-14 12:30:00, 220.96, 221.01, 220.96, 221.01, 358, 0.0
2021-05-14 12:45:00, 221.14, 221.14, 221.14, 221.14, 113, 0.0
2021-05-14 13:15:00, 220.74, 220.74, 220.74, 220.74, 205, 0.0
2021-05-14 13:45:00, 221.52, 221.52, 221.39, 221.39, 486, 0.0
2021-05-14 14:00:00, 221.37, 221.37, 221.36, 221.36, 445, 0.0
2021-05-14 14:15:00, 221.25, 221.25, 221.25, 221.25, 100, 0.0
2021-05-14 14:30:00, 220.98, 220.98, 220.98, 220.98, 100, 0.0
2021-05-14 14:45:00, 221.55, 221.55, 220.92, 221.03, 1227, 0.0
2021-05-17 08:30:00, 220.17, 220.17, 218.89, 218.89, 1061, 0.0
2021-05-17 08:45:00, 219.31, 219.84, 219.31, 219.79, 1182, 0.0
2021-05-17 09:00:00, 219.48, 219.55, 218.465, 218.465, 1342, 0.0
2021-05-17 09:15:00, 218.23, 218.96, 218.23, 218.96, 547, 0.0
2021-05-17 09:30:00, 219.06, 219.1, 218.97, 219.1, 320, 0.0
2021-05-17 09:45:00, 218.91, 218.91, 218.91, 218.91, 100, 0.0
2021-05-17 10:00:00, 219.57, 219.57, 219.39, 219.39, 259, 0.0
2021-05-17 10:30:00, 218.53, 218.53, 218.37, 218.37, 433, 0.0
2021-05-17 10:45:00, 218.18, 218.375, 218.18, 218.375, 464, 0.0
2021-05-17 11:00:00, 218.48, 218.48, 218.32, 218.35, 344, 0.0
2021-05-17 11:15:00, 218.91, 218.91, 218.91, 218.91, 102, 0.0
2021-05-17 11:30:00, 218.78, 218.78, 218.78, 218.78, 100, 0.0
2021-05-17 12:15:00, 219.06, 219.06, 219.06, 219.06, 100, 0.0
2021-05-17 12:30:00, 218.93, 218.93, 218.635, 218.635, 238, 0.0
2021-05-17 12:45:00, 218.89, 218.89, 218.89, 218.89, 100, 0.0
2021-05-17 13:00:00, 218.91, 219.15, 218.91, 219.15, 300, 0.0
2021-05-17 13:15:00, 219.13, 219.13, 219.13, 219.13, 156, 0.0
2021-05-17 13:30:00, 218.91, 218.935, 218.91, 218.935, 233, 0.0
2021-05-17 13:45:00, 219.05, 219.3, 219.05, 219.3, 320, 0.0
2021-05-17 14:00:00, 219.43, 219.43, 219.395, 219.395, 203, 0.0
2021-05-17 14:15:00, 219.74, 219.74, 219.49, 219.49, 493, 0.0
2021-05-17 14:30:00, 219.35, 219.55, 219.35, 219.55, 246, 0.0
2021-05-17 14:45:00, 219.55, 219.65, 219.32, 219.65, 1482, 0.0
2021-05-18 08:30:00, 219.19, 219.67, 219.19, 219.55, 754, 0.0
2021-05-18 08:45:00, 219.09, 219.42, 218.97, 219.1, 657, 0.0
2021-05-18 09:00:00, 219.095, 219.18, 218.955, 218.97, 937, 0.0
2021-05-18 09:15:00, 218.995, 219.67, 218.995, 219.63, 1000, 0.0
2021-05-18 09:30:00, 219.4, 219.76, 219.4, 219.76, 206, 0.0
2021-05-18 09:45:00, 219.82, 219.87, 219.66, 219.87, 425, 0.0
2021-05-18 10:00:00, 219.99, 219.99, 219.93, 219.93, 264, 0.0
2021-05-18 10:15:00, 219.51, 219.51, 219.51, 219.51, 100, 0.0
2021-05-18 10:30:00, 219.05, 219.05, 218.69, 218.96, 720, 0.0
2021-05-18 10:45:00, 219.14, 219.14, 219.14, 219.14, 100, 0.0
2021-05-18 11:15:00, 219.58, 219.58, 219.58, 219.58, 110, 0.0
2021-05-18 11:45:00, 219.68, 219.68, 219.68, 219.68, 100, 0.0
2021-05-18 12:00:00, 219.59, 219.59, 219.52, 219.52, 435, 0.0
2021-05-18 12:15:00, 219.59, 219.65, 219.59, 219.65, 511, 0.0
2021-05-18 12:30:00, 219.71, 219.75, 219.71, 219.73, 373, 0.0
2021-05-18 12:45:00, 219.56, 219.56, 219.56, 219.56, 100, 0.0
2021-05-18 13:15:00, 219.67, 219.67, 219.47, 219.47, 336, 0.0
2021-05-18 13:30:00, 219.14, 219.14, 218.84, 218.84, 682, 0.0
2021-05-18 13:45:00, 218.86, 218.86, 218.77, 218.77, 236, 0.0
2021-05-18 14:00:00, 218.68, 218.68, 218.68, 218.68, 100, 0.0
2021-05-18 14:15:00, 218.67, 218.85, 218.67, 218.85, 529, 0.0
2021-05-18 14:30:00, 219.12, 219.12, 219.12, 219.12, 101, 0.0
2021-05-18 14:45:00, 218.54, 218.54, 217.93, 217.93, 2122, 0.0
2021-05-19 08:30:00, 215.86, 217.45, 215.495, 216.45, 2968, 0.0
2021-05-19 08:45:00, 216.96, 217.32, 216.13, 216.885, 3219, 0.0
2021-05-19 09:00:00, 217.03, 217.62, 216.88, 216.935, 4019, 0.0
2021-05-19 09:15:00, 216.84, 217.56, 216.72, 217.56, 1117, 0.0
2021-05-19 09:30:00, 217.79, 217.79, 217.375, 217.375, 1098, 0.0
2021-05-19 09:45:00, 217.02, 217.36, 217, 217.36, 947, 0.0
2021-05-19 10:00:00, 217.34, 217.34, 217.34, 217.34, 200, 0.0
2021-05-19 10:15:00, 217.35, 217.35, 217.21, 217.21, 764, 0.0
2021-05-19 10:30:00, 217.21, 217.21, 217.05, 217.05, 200, 0.0
2021-05-19 10:45:00, 216.91, 217.13, 216.88, 217.13, 882, 0.0
2021-05-19 11:00:00, 217.07, 217.4, 217.07, 217.4, 1167, 0.0
2021-05-19 11:15:00, 217.29, 217.29, 217.29, 217.29, 100, 0.0
2021-05-19 11:30:00, 217.25, 217.45, 217.25, 217.45, 433, 0.0
2021-05-19 11:45:00, 217.47, 217.47, 217.47, 217.47, 100, 0.0
2021-05-19 12:00:00, 217.56, 217.57, 217.47, 217.57, 313, 0.0
2021-05-19 12:15:00, 217.485, 217.49, 217.36, 217.36, 577, 0.0
2021-05-19 12:30:00, 216.7, 216.71, 216.565, 216.565, 702, 0.0
2021-05-19 12:45:00, 216.79, 216.98, 216.75, 216.98, 794, 0.0
2021-05-19 13:00:00, 216.21, 216.39, 216.21, 216.39, 396, 0.0
2021-05-19 13:15:00, 216.31, 216.33, 216.31, 216.33, 226, 0.0
2021-05-19 13:30:00, 217.56, 217.66, 217.12, 217.12, 435, 0.0
2021-05-19 13:45:00, 216.95, 217.14, 216.95, 217.14, 354, 0.0
2021-05-19 14:00:00, 216.955, 217.54, 216.955, 217.54, 462, 0.0
2021-05-19 14:15:00, 217.35, 217.75, 217.35, 217.75, 1493, 0.0
2021-05-19 14:30:00, 217.595, 217.595, 217.21, 217.215, 1297, 0.0
2021-05-19 14:45:00, 217.13, 218.06, 216.86, 218.06, 4535, 0.0
2021-05-20 08:30:00, 220.12, 220.65, 220.12, 220.65, 952, 0.0
2021-05-20 08:45:00, 220.36, 221.03, 220.1, 221.03, 1119, 0.0
2021-05-20 09:00:00, 220.955, 221.25, 220.79, 221.25, 1673, 0.0
2021-05-20 09:15:00, 221.56, 221.72, 221.255, 221.72, 882, 0.0
2021-05-20 09:30:00, 222, 222.15, 221.735, 221.865, 1997, 0.0
2021-05-20 09:45:00, 222.29, 222.38, 222.05, 222.05, 955, 0.0
2021-05-20 10:00:00, 221.96, 222.05, 221.79, 221.98, 1188, 0.0
2021-05-20 10:15:00, 222.16, 222.27, 222.16, 222.24, 488, 0.0
2021-05-20 10:30:00, 222.8, 223.35, 222.63, 223.04, 1680, 0.0
2021-05-20 10:45:00, 222.99, 223.31, 222.99, 223.09, 831, 0.0
2021-05-20 11:00:00, 222.815, 222.91, 222.8, 222.8, 425, 0.0
2021-05-20 11:15:00, 222.9, 223.13, 222.9, 223.13, 200, 0.0
2021-05-20 11:30:00, 223.05, 223.1, 222.55, 222.76, 631, 0.0
2021-05-20 11:45:00, 222.61, 222.86, 222.61, 222.86, 233, 0.0
2021-05-20 12:00:00, 223.12, 223.18, 222.92, 222.92, 986, 0.0
2021-05-20 12:15:00, 223.01, 223.11, 222.84, 223.11, 639, 0.0
2021-05-20 12:30:00, 223.125, 223.295, 223.125, 223.14, 844, 0.0
2021-05-20 12:45:00, 223.035, 223.155, 222.86, 222.86, 640, 0.0
2021-05-20 13:00:00, 222.99, 223.09, 222.98, 222.985, 879, 0.0
2021-05-20 13:15:00, 222.92, 223.095, 222.85, 223.03, 720, 0.0
2021-05-20 13:30:00, 223.16, 223.16, 223.02, 223.07, 1115, 0.0
2021-05-20 13:45:00, 223.045, 223.045, 222.72, 222.85, 871, 0.0
2021-05-20 14:00:00, 222.745, 222.94, 222.59, 222.94, 666, 0.0
2021-05-20 14:15:00, 222.79, 223.18, 222.79, 223.175, 1826, 0.0
2021-05-20 14:30:00, 223.165, 223.265, 222.835, 222.835, 3042, 0.0
2021-05-20 14:45:00, 222.86, 223.13, 222.75, 222.88, 5362, 0.0
2021-05-21 08:30:00, 222.71, 223.665, 222.7, 223.555, 1336, 0.0
2021-05-21 08:45:00, 222.155, 222.155, 222.155, 222.155, 125, 0.0
2021-05-21 09:00:00, 222.145, 222.145, 221.765, 221.96, 1068, 0.0
2021-05-21 09:15:00, 222.125, 222.125, 221.625, 221.625, 817, 0.0
2021-05-21 09:30:00, 221.67, 221.71, 221.37, 221.37, 300, 0.0
2021-05-21 09:45:00, 221.34, 221.34, 221.18, 221.18, 440, 0.0
2021-05-21 10:00:00, 220.95, 221.13, 220.91, 220.91, 502, 0.0
2021-05-21 10:15:00, 221.37, 221.37, 221.01, 221.02, 720, 0.0
2021-05-21 10:30:00, 221.17, 221.17, 220.41, 220.41, 933, 0.0
2021-05-21 10:45:00, 220.51, 220.54, 220.28, 220.28, 673, 0.0
2021-05-21 11:00:00, 220.67, 220.71, 220.31, 220.64, 704, 0.0
2021-05-21 11:15:00, 220.62, 220.645, 220.46, 220.645, 1374, 0.0
2021-05-21 11:30:00, 220.505, 221.03, 220.505, 220.775, 710, 0.0
2021-05-21 11:45:00, 220.76, 220.8, 220.76, 220.8, 259, 0.0
2021-05-21 12:00:00, 220.975, 220.975, 220.975, 220.975, 100, 0.0
2021-05-21 12:15:00, 220.78, 220.78, 220.66, 220.68, 476, 0.0
2021-05-21 12:30:00, 220.93, 220.96, 220.8, 220.83, 403, 0.0
2021-05-21 12:45:00, 220.94, 220.96, 220.93, 220.96, 333, 0.0
2021-05-21 13:00:00, 220.86, 221.23, 220.86, 221.23, 409, 0.0
2021-05-21 13:30:00, 220.93, 220.93, 220.71, 220.71, 449, 0.0
2021-05-21 13:45:00, 220.77, 220.99, 220.77, 220.92, 865, 0.0
2021-05-21 14:00:00, 221.06, 221.06, 221.06, 221.06, 136, 0.0
2021-05-21 14:15:00, 221.32, 221.32, 221.32, 221.32, 188, 0.0
2021-05-21 14:30:00, 221.42, 221.56, 221.42, 221.56, 242, 0.0
2021-05-21 14:45:00, 221.38, 221.44, 221, 221.44, 2199, 0.0
2021-05-24 08:30:00, 223.12, 223.79, 223.12, 223.58, 1201, 0.0
2021-05-24 08:45:00, 223.44, 224.19, 223.44, 224.19, 300, 0.0
2021-05-24 09:00:00, 224.69, 225.175, 224.61, 225.175, 1574, 0.0
2021-05-24 09:15:00, 225.68, 226.055, 225.47, 225.73, 1988, 0.0
2021-05-24 09:30:00, 225.62, 225.9, 225.59, 225.77, 905, 0.0
2021-05-24 09:45:00, 225.82, 225.82, 225.23, 225.36, 1502, 0.0
2021-05-24 10:00:00, 225.1, 225.53, 225.1, 225.37, 918, 0.0
2021-05-24 10:15:00, 225.37, 225.58, 225.36, 225.48, 643, 0.0
2021-05-24 10:30:00, 225.345, 225.46, 225.1, 225.1, 549, 0.0
2021-05-24 10:45:00, 225.15, 225.15, 224.905, 225.02, 589, 0.0
2021-05-24 11:00:00, 225.15, 225.32, 225.15, 225.2, 609, 0.0
2021-05-24 11:15:00, 225.35, 225.385, 225.28, 225.34, 519, 0.0
2021-05-24 11:30:00, 225.4, 225.41, 225.065, 225.065, 681, 0.0
2021-05-24 11:45:00, 225.18, 225.315, 225.04, 225.12, 1000, 0.0
2021-05-24 12:00:00, 224.99, 225.05, 224.86, 224.98, 1555, 0.0
2021-05-24 12:15:00, 224.8, 225.15, 224.8, 225.11, 500, 0.0
2021-05-24 12:30:00, 225.19, 225.23, 225.18, 225.23, 305, 0.0
2021-05-24 12:45:00, 225.14, 225.18, 225.14, 225.18, 452, 0.0
2021-05-24 13:00:00, 225.18, 225.25, 225.11, 225.25, 671, 0.0
2021-05-24 13:15:00, 225.31, 225.36, 225.03, 225.215, 916, 0.0
2021-05-24 13:30:00, 225.31, 225.31, 225.31, 225.31, 260, 0.0
2021-05-24 13:45:00, 225.23, 225.23, 225.1, 225.18, 583, 0.0
2021-05-24 14:00:00, 225.27, 225.285, 225.18, 225.285, 730, 0.0
2021-05-24 14:15:00, 225.02, 225.2, 225.02, 225.135, 888, 0.0
2021-05-24 14:30:00, 224.9, 225.05, 224.82, 224.965, 1689, 0.0
2021-05-24 14:45:00, 224.79, 224.865, 224.37, 224.48, 4308, 0.0
2021-05-25 08:30:00, 226.07, 226.07, 225.75, 225.75, 379, 0.0
2021-05-25 08:45:00, 223.86, 224.74, 223.855, 224.65, 1156, 0.0
2021-05-25 09:15:00, 224.39, 224.84, 224.29, 224.765, 2206, 0.0
2021-05-25 09:30:00, 224.905, 225.02, 224.905, 225, 1053, 0.0
2021-05-25 09:45:00, 225.05, 225.05, 224.87, 225.035, 1287, 0.0
2021-05-25 10:00:00, 224.925, 225.47, 224.925, 225.17, 1455, 0.0
2021-05-25 10:15:00, 225.25, 225.27, 225.205, 225.205, 1075, 0.0
2021-05-25 10:30:00, 225.05, 225.16, 225.05, 225.16, 644, 0.0
2021-05-25 10:45:00, 225.43, 225.43, 225.3, 225.3, 400, 0.0
2021-05-25 11:00:00, 225.435, 225.435, 225.08, 225.23, 346, 0.0
2021-05-25 11:15:00, 225.41, 225.41, 225.41, 225.41, 119, 0.0
2021-05-25 11:30:00, 225.3, 225.355, 225.28, 225.28, 539, 0.0
2021-05-25 11:45:00, 225.22, 225.22, 225.11, 225.11, 336, 0.0
2021-05-25 12:00:00, 225, 225.1, 224.93, 224.93, 1145, 0.0
2021-05-25 12:15:00, 224.97, 224.97, 224.85, 224.94, 638, 0.0
2021-05-25 12:30:00, 224.8, 224.89, 224.66, 224.66, 438, 0.0
2021-05-25 12:45:00, 224.57, 224.57, 224.57, 224.57, 161, 0.0
2021-05-25 13:00:00, 224.76, 224.76, 224.76, 224.76, 100, 0.0
2021-05-25 13:15:00, 224.69, 224.72, 224.61, 224.65, 866, 0.0
2021-05-25 13:30:00, 224.8, 224.8, 224.6, 224.67, 918, 0.0
2021-05-25 13:45:00, 224.6, 224.6, 224.12, 224.12, 1252, 0.0
2021-05-25 14:00:00, 224.17, 224.17, 224.09, 224.14, 302, 0.0
2021-05-25 14:15:00, 224.1, 224.48, 224.1, 224.48, 652, 0.0
2021-05-25 14:30:00, 224.63, 224.63, 224.35, 224.35, 1280, 0.0
2021-05-25 14:45:00, 224.435, 224.69, 224.29, 224.65, 1920, 0.0
2021-05-26 08:30:00, 224.155, 225.28, 223.77, 225.28, 850, 0.0
2021-05-26 08:45:00, 224.93, 225.15, 224.93, 225.15, 726, 0.0
2021-05-26 09:00:00, 225.23, 225.23, 224.66, 224.865, 909, 0.0
2021-05-26 09:15:00, 224.29, 224.475, 224.23, 224.28, 1850, 0.0
2021-05-26 09:30:00, 224.28, 224.83, 224.28, 224.43, 1274, 0.0
2021-05-26 09:45:00, 224.17, 224.175, 223.84, 224.175, 762, 0.0
2021-05-26 10:00:00, 224.075, 224.075, 224.07, 224.07, 340, 0.0
2021-05-26 10:15:00, 224.2, 224.2, 223.88, 223.94, 434, 0.0
2021-05-26 10:30:00, 223.705, 223.74, 223.705, 223.74, 355, 0.0
