Date, Open, High, Low, Close, Volume, Open Interest
2021-05-17 13:16:00, 174.69, 174.69, 174.69, 174.69, 133, 0.0
2021-05-17 13:17:00, 174.68, 174.68, 174.68, 174.68, 100, 0.0
2021-05-17 13:18:00, 174.64, 174.65, 174.64, 174.65, 200, 0.0
2021-05-17 13:19:00, 174.62, 174.62, 174.62, 174.62, 100, 0.0
2021-05-17 13:21:00, 174.64, 174.64, 174.63, 174.63, 290, 0.0
2021-05-17 13:24:00, 174.65, 174.66, 174.65, 174.66, 200, 0.0
2021-05-17 13:27:00, 174.69, 174.69, 174.69, 174.69, 104, 0.0
2021-05-17 13:31:00, 174.81, 174.81, 174.81, 174.81, 100, 0.0
2021-05-17 13:33:00, 174.76, 174.76, 174.76, 174.76, 201, 0.0
2021-05-17 13:35:00, 174.69, 174.69, 174.69, 174.69, 100, 0.0
2021-05-17 13:37:00, 174.71, 174.71, 174.69, 174.69, 300, 0.0
2021-05-17 13:41:00, 174.66, 174.66, 174.66, 174.66, 100, 0.0
2021-05-17 13:45:00, 174.65, 174.65, 174.65, 174.65, 100, 0.0
2021-05-17 13:51:00, 174.79, 174.79, 174.79, 174.79, 100, 0.0
2021-05-17 13:52:00, 174.72, 174.72, 174.72, 174.72, 100, 0.0
2021-05-17 13:56:00, 174.7, 174.7, 174.7, 174.7, 100, 0.0
2021-05-17 13:58:00, 174.76, 174.76, 174.76, 174.76, 133, 0.0
2021-05-17 14:00:00, 174.77, 174.77, 174.77, 174.77, 203, 0.0
2021-05-17 14:01:00, 174.8, 174.8, 174.8, 174.8, 100, 0.0
2021-05-17 14:07:00, 174.9, 174.9, 174.9, 174.9, 100, 0.0
2021-05-17 14:08:00, 174.88, 174.88, 174.88, 174.88, 100, 0.0
2021-05-17 14:09:00, 174.87, 174.87, 174.87, 174.87, 160, 0.0
2021-05-17 14:11:00, 174.88, 174.88, 174.88, 174.88, 100, 0.0
2021-05-17 14:12:00, 174.89, 174.89, 174.89, 174.89, 100, 0.0
2021-05-17 14:15:00, 174.81, 174.83, 174.81, 174.83, 365, 0.0
2021-05-17 14:19:00, 174.71, 174.71, 174.71, 174.71, 111, 0.0
2021-05-17 14:20:00, 174.68, 174.68, 174.68, 174.68, 100, 0.0
2021-05-17 14:21:00, 174.66, 174.66, 174.66, 174.66, 113, 0.0
2021-05-17 14:22:00, 174.64, 174.64, 174.62, 174.62, 250, 0.0
2021-05-17 14:23:00, 174.62, 174.62, 174.62, 174.62, 100, 0.0
2021-05-17 14:27:00, 174.59, 174.62, 174.59, 174.62, 200, 0.0
2021-05-17 14:30:00, 174.69, 174.7, 174.69, 174.7, 200, 0.0
2021-05-17 14:32:00, 174.69, 174.715, 174.69, 174.715, 411, 0.0
2021-05-17 14:36:00, 174.67, 174.67, 174.67, 174.67, 104, 0.0
2021-05-17 14:38:00, 174.72, 174.72, 174.72, 174.72, 240, 0.0
2021-05-17 14:41:00, 174.73, 174.73, 174.72, 174.72, 205, 0.0
2021-05-17 14:42:00, 174.73, 174.75, 174.73, 174.75, 200, 0.0
2021-05-17 14:44:00, 174.77, 174.77, 174.77, 174.77, 101, 0.0
2021-05-17 14:45:00, 174.735, 174.735, 174.735, 174.735, 154, 0.0
2021-05-17 14:46:00, 174.72, 174.72, 174.72, 174.72, 102, 0.0
2021-05-17 14:47:00, 174.715, 174.715, 174.715, 174.715, 134, 0.0
2021-05-17 14:48:00, 174.73, 174.735, 174.72, 174.735, 558, 0.0
2021-05-17 14:49:00, 174.76, 174.76, 174.76, 174.76, 100, 0.0
2021-05-17 14:50:00, 174.73, 174.75, 174.72, 174.74, 1104, 0.0
2021-05-17 14:51:00, 174.75, 174.77, 174.75, 174.77, 650, 0.0
2021-05-17 14:52:00, 174.73, 174.73, 174.69, 174.695, 1072, 0.0
2021-05-17 14:53:00, 174.7, 174.7, 174.635, 174.64, 1906, 0.0
2021-05-17 14:54:00, 174.69, 174.71, 174.69, 174.7, 444, 0.0
2021-05-17 14:55:00, 174.69, 174.73, 174.655, 174.665, 3441, 0.0
2021-05-17 14:56:00, 174.63, 174.66, 174.63, 174.66, 4529, 0.0
2021-05-17 14:57:00, 174.67, 174.685, 174.66, 174.685, 1174, 0.0
2021-05-17 14:58:00, 174.675, 174.75, 174.675, 174.75, 2583, 0.0
2021-05-17 14:59:00, 174.74, 174.76, 174.73, 174.75, 1312, 0.0
2021-05-18 08:33:00, 175.48, 175.48, 175.48, 175.48, 100, 0.0
2021-05-18 08:35:00, 175.51, 175.52, 175.51, 175.52, 244, 0.0
2021-05-18 08:37:00, 175.37, 175.39, 175.37, 175.39, 300, 0.0
2021-05-18 08:38:00, 175.25, 175.25, 175.25, 175.25, 155, 0.0
2021-05-18 08:40:00, 175.395, 175.395, 175.37, 175.37, 301, 0.0
2021-05-18 08:41:00, 175.3, 175.31, 175.29, 175.29, 725, 0.0
2021-05-18 08:42:00, 175.34, 175.37, 175.32, 175.32, 781, 0.0
2021-05-18 08:43:00, 175.45, 175.45, 175.45, 175.45, 157, 0.0
2021-05-18 08:44:00, 175.43, 175.43, 175.43, 175.43, 100, 0.0
2021-05-18 08:45:00, 175.37, 175.37, 175.37, 175.37, 182, 0.0
2021-05-18 08:46:00, 175.21, 175.21, 175.21, 175.21, 300, 0.0
2021-05-18 08:47:00, 175.13, 175.13, 175.13, 175.13, 133, 0.0
2021-05-18 08:50:00, 175.2, 175.2, 175.2, 175.2, 156, 0.0
2021-05-18 08:51:00, 175.235, 175.235, 175.235, 175.235, 267, 0.0
2021-05-18 08:52:00, 175.38, 175.38, 175.38, 175.38, 204, 0.0
2021-05-18 08:53:00, 175.37, 175.38, 175.345, 175.345, 562, 0.0
2021-05-18 08:54:00, 175.38, 175.38, 175.37, 175.37, 736, 0.0
2021-05-18 08:55:00, 175.31, 175.32, 175.31, 175.32, 473, 0.0
2021-05-18 08:56:00, 175.27, 175.27, 175.27, 175.27, 100, 0.0
2021-05-18 09:00:00, 175.385, 175.385, 175.385, 175.385, 168, 0.0
2021-05-18 09:01:00, 175.36, 175.38, 175.36, 175.38, 300, 0.0
2021-05-18 09:02:00, 175.33, 175.33, 175.33, 175.33, 139, 0.0
2021-05-18 09:06:00, 175.36, 175.36, 175.36, 175.36, 149, 0.0
2021-05-18 09:08:00, 175.34, 175.34, 175.34, 175.34, 256, 0.0
2021-05-18 09:09:00, 175.27, 175.27, 175.27, 175.27, 100, 0.0
2021-05-18 09:16:00, 175.5, 175.5, 175.5, 175.5, 290, 0.0
2021-05-18 09:18:00, 175.51, 175.55, 175.51, 175.55, 500, 0.0
2021-05-18 09:19:00, 175.61, 175.61, 175.61, 175.61, 333, 0.0
2021-05-18 09:21:00, 175.525, 175.525, 175.525, 175.525, 185, 0.0
2021-05-18 09:22:00, 175.485, 175.49, 175.485, 175.49, 1800, 0.0
2021-05-18 09:23:00, 175.48, 175.53, 175.48, 175.52, 3943, 0.0
2021-05-18 09:24:00, 175.505, 175.52, 175.43, 175.485, 13216, 0.0
2021-05-18 09:25:00, 175.55, 175.58, 175.55, 175.58, 233, 0.0
2021-05-18 09:27:00, 175.49, 175.51, 175.49, 175.5, 333, 0.0
2021-05-18 09:28:00, 175.49, 175.49, 175.49, 175.49, 139, 0.0
2021-05-18 09:29:00, 175.5, 175.5, 175.5, 175.5, 191, 0.0
2021-05-18 09:38:00, 175.47, 175.5, 175.47, 175.5, 766, 0.0
2021-05-18 09:39:00, 175.49, 175.49, 175.49, 175.49, 273, 0.0
2021-05-18 09:40:00, 175.47, 175.47, 175.47, 175.47, 200, 0.0
2021-05-18 09:44:00, 175.57, 175.57, 175.57, 175.57, 100, 0.0
2021-05-18 09:46:00, 175.51, 175.51, 175.5, 175.5, 866, 0.0
2021-05-18 09:47:00, 175.54, 175.54, 175.54, 175.54, 100, 0.0
2021-05-18 09:48:00, 175.57, 175.57, 175.57, 175.57, 100, 0.0
2021-05-18 09:49:00, 175.52, 175.53, 175.52, 175.53, 500, 0.0
2021-05-18 09:50:00, 175.57, 175.57, 175.515, 175.54, 1661, 0.0
2021-05-18 09:52:00, 175.53, 175.53, 175.53, 175.53, 101, 0.0
2021-05-18 09:53:00, 175.54, 175.56, 175.54, 175.55, 334, 0.0
2021-05-18 09:54:00, 175.58, 175.58, 175.56, 175.56, 200, 0.0
2021-05-18 09:57:00, 175.52, 175.58, 175.52, 175.58, 234, 0.0
2021-05-18 10:00:00, 175.5, 175.5, 175.5, 175.5, 133, 0.0
2021-05-18 10:03:00, 175.52, 175.52, 175.52, 175.52, 133, 0.0
2021-05-18 10:05:00, 175.64, 175.64, 175.64, 175.64, 209, 0.0
2021-05-18 10:08:00, 175.69, 175.69, 175.69, 175.69, 166, 0.0
2021-05-18 10:15:00, 175.6, 175.6, 175.6, 175.6, 133, 0.0
2021-05-18 10:18:00, 175.5, 175.5, 175.5, 175.5, 103, 0.0
2021-05-18 10:19:00, 175.52, 175.52, 175.52, 175.52, 127, 0.0
2021-05-18 10:20:00, 175.555, 175.555, 175.555, 175.555, 101, 0.0
2021-05-18 10:21:00, 175.51, 175.52, 175.51, 175.52, 400, 0.0
2021-05-18 10:22:00, 175.52, 175.52, 175.52, 175.52, 286, 0.0
2021-05-18 10:24:00, 175.64, 175.64, 175.64, 175.64, 200, 0.0
2021-05-18 10:26:00, 175.655, 175.69, 175.655, 175.69, 276, 0.0
2021-05-18 10:27:00, 175.65, 175.65, 175.65, 175.65, 157, 0.0
2021-05-18 10:28:00, 175.69, 175.69, 175.69, 175.69, 100, 0.0
2021-05-18 10:29:00, 175.685, 175.685, 175.685, 175.685, 111, 0.0
2021-05-18 10:30:00, 175.65, 175.65, 175.65, 175.65, 200, 0.0
2021-05-18 10:32:00, 175.565, 175.565, 175.565, 175.565, 100, 0.0
2021-05-18 10:35:00, 175.5, 175.5, 175.5, 175.5, 210, 0.0
2021-05-18 10:36:00, 175.54, 175.54, 175.54, 175.54, 333, 0.0
2021-05-18 10:37:00, 175.545, 175.545, 175.545, 175.545, 211, 0.0
2021-05-18 10:39:00, 175.485, 175.485, 175.485, 175.485, 100, 0.0
2021-05-18 10:40:00, 175.46, 175.46, 175.46, 175.46, 493, 0.0
2021-05-18 10:43:00, 175.37, 175.37, 175.37, 175.37, 100, 0.0
2021-05-18 10:44:00, 175.42, 175.42, 175.42, 175.42, 100, 0.0
2021-05-18 10:45:00, 175.485, 175.485, 175.485, 175.485, 109, 0.0
2021-05-18 10:47:00, 175.405, 175.405, 175.405, 175.405, 148, 0.0
2021-05-18 10:49:00, 175.37, 175.37, 175.37, 175.37, 100, 0.0
2021-05-18 10:50:00, 175.36, 175.36, 175.36, 175.36, 100, 0.0
2021-05-18 10:52:00, 175.35, 175.35, 175.35, 175.35, 100, 0.0
2021-05-18 10:53:00, 175.34, 175.34, 175.34, 175.34, 100, 0.0
2021-05-18 10:57:00, 175.41, 175.41, 175.41, 175.41, 101, 0.0
2021-05-18 10:58:00, 175.34, 175.34, 175.34, 175.34, 100, 0.0
2021-05-18 11:00:00, 175.32, 175.32, 175.31, 175.31, 284, 0.0
2021-05-18 11:05:00, 175.32, 175.32, 175.32, 175.32, 100, 0.0
2021-05-18 11:10:00, 175.33, 175.33, 175.33, 175.33, 100, 0.0
2021-05-18 11:14:00, 175.31, 175.31, 175.3, 175.3, 200, 0.0
2021-05-18 11:20:00, 175.27, 175.27, 175.27, 175.27, 101, 0.0
2021-05-18 11:24:00, 175.36, 175.36, 175.36, 175.36, 100, 0.0
2021-05-18 11:25:00, 175.37, 175.37, 175.37, 175.37, 211, 0.0
2021-05-18 11:29:00, 175.43, 175.43, 175.43, 175.43, 200, 0.0
2021-05-18 11:30:00, 175.38, 175.38, 175.38, 175.38, 100, 0.0
2021-05-18 11:33:00, 175.41, 175.41, 175.41, 175.41, 201, 0.0
2021-05-18 11:35:00, 175.4, 175.4, 175.39, 175.39, 200, 0.0
2021-05-18 11:37:00, 175.41, 175.41, 175.41, 175.41, 270, 0.0
2021-05-18 11:38:00, 175.43, 175.43, 175.43, 175.43, 100, 0.0
2021-05-18 11:40:00, 175.435, 175.44, 175.435, 175.44, 200, 0.0
2021-05-18 11:41:00, 175.44, 175.44, 175.44, 175.44, 100, 0.0
2021-05-18 11:42:00, 175.44, 175.44, 175.44, 175.44, 100, 0.0
2021-05-18 11:45:00, 175.42, 175.42, 175.42, 175.42, 134, 0.0
2021-05-18 11:49:00, 175.42, 175.42, 175.42, 175.42, 100, 0.0
2021-05-18 11:50:00, 175.445, 175.445, 175.445, 175.445, 201, 0.0
2021-05-18 11:52:00, 175.52, 175.52, 175.52, 175.52, 200, 0.0
2021-05-18 11:54:00, 175.505, 175.505, 175.5, 175.5, 211, 0.0
2021-05-18 11:55:00, 175.51, 175.51, 175.5, 175.5, 200, 0.0
2021-05-18 11:56:00, 175.49, 175.49, 175.49, 175.49, 200, 0.0
2021-05-18 11:57:00, 175.46, 175.46, 175.44, 175.44, 200, 0.0
2021-05-18 11:58:00, 175.44, 175.44, 175.44, 175.44, 200, 0.0
2021-05-18 12:00:00, 175.45, 175.45, 175.45, 175.45, 100, 0.0
2021-05-18 12:01:00, 175.46, 175.46, 175.46, 175.46, 100, 0.0
2021-05-18 12:02:00, 175.46, 175.46, 175.445, 175.445, 201, 0.0
2021-05-18 12:03:00, 175.49, 175.51, 175.49, 175.51, 200, 0.0
2021-05-18 12:04:00, 175.5, 175.5, 175.5, 175.5, 100, 0.0
2021-05-18 12:05:00, 175.48, 175.48, 175.48, 175.48, 102, 0.0
2021-05-18 12:07:00, 175.44, 175.44, 175.44, 175.44, 100, 0.0
2021-05-18 12:08:00, 175.44, 175.44, 175.425, 175.425, 408, 0.0
2021-05-18 12:09:00, 175.41, 175.41, 175.41, 175.41, 100, 0.0
2021-05-18 12:10:00, 175.4, 175.4, 175.39, 175.39, 200, 0.0
2021-05-18 12:16:00, 175.43, 175.43, 175.43, 175.43, 100, 0.0
2021-05-18 12:17:00, 175.42, 175.42, 175.41, 175.41, 310, 0.0
2021-05-18 12:18:00, 175.41, 175.42, 175.41, 175.42, 400, 0.0
2021-05-18 12:19:00, 175.4, 175.4, 175.39, 175.39, 861, 0.0
2021-05-18 12:21:00, 175.39, 175.395, 175.39, 175.395, 625, 0.0
2021-05-18 12:22:00, 175.4, 175.4, 175.4, 175.4, 200, 0.0
2021-05-18 12:23:00, 175.4, 175.4, 175.4, 175.4, 100, 0.0
2021-05-18 12:25:00, 175.37, 175.37, 175.35, 175.35, 477, 0.0
2021-05-18 12:27:00, 175.39, 175.39, 175.39, 175.39, 116, 0.0
2021-05-18 12:30:00, 175.415, 175.415, 175.415, 175.415, 100, 0.0
2021-05-18 12:31:00, 175.415, 175.415, 175.4, 175.41, 803, 0.0
2021-05-18 12:32:00, 175.41, 175.41, 175.41, 175.41, 208, 0.0
2021-05-18 12:37:00, 175.415, 175.415, 175.415, 175.415, 100, 0.0
2021-05-18 12:39:00, 175.41, 175.41, 175.41, 175.41, 233, 0.0
2021-05-18 12:40:00, 175.4, 175.4, 175.4, 175.4, 399, 0.0
2021-05-18 12:44:00, 175.46, 175.46, 175.46, 175.46, 100, 0.0
2021-05-18 12:45:00, 175.44, 175.44, 175.44, 175.44, 100, 0.0
2021-05-18 12:46:00, 175.39, 175.39, 175.39, 175.39, 100, 0.0
2021-05-18 12:47:00, 175.42, 175.42, 175.42, 175.42, 100, 0.0
2021-05-18 12:48:00, 175.42, 175.42, 175.42, 175.42, 133, 0.0
2021-05-18 12:50:00, 175.41, 175.41, 175.41, 175.41, 100, 0.0
2021-05-18 12:52:00, 175.4, 175.4, 175.4, 175.4, 100, 0.0
2021-05-18 12:55:00, 175.42, 175.42, 175.42, 175.42, 102, 0.0
2021-05-18 12:57:00, 175.41, 175.41, 175.41, 175.41, 102, 0.0
2021-05-18 13:02:00, 175.4, 175.4, 175.38, 175.38, 200, 0.0
2021-05-18 13:03:00, 175.4, 175.4, 175.4, 175.4, 100, 0.0
2021-05-18 13:04:00, 175.36, 175.36, 175.36, 175.36, 200, 0.0
2021-05-18 13:06:00, 175.39, 175.39, 175.39, 175.39, 100, 0.0
2021-05-18 13:08:00, 175.38, 175.38, 175.38, 175.38, 100, 0.0
2021-05-18 13:09:00, 175.38, 175.38, 175.38, 175.38, 100, 0.0
2021-05-18 13:18:00, 175.4, 175.4, 175.4, 175.4, 200, 0.0
2021-05-18 13:19:00, 175.37, 175.37, 175.37, 175.37, 100, 0.0
2021-05-18 13:22:00, 175.36, 175.36, 175.36, 175.36, 100, 0.0
2021-05-18 13:23:00, 175.34, 175.34, 175.34, 175.34, 100, 0.0
2021-05-18 13:27:00, 175.33, 175.34, 175.32, 175.34, 580, 0.0
2021-05-18 13:29:00, 175.29, 175.29, 175.26, 175.26, 200, 0.0
2021-05-18 13:32:00, 175.22, 175.22, 175.21, 175.21, 200, 0.0
2021-05-18 13:33:00, 175.23, 175.23, 175.22, 175.23, 453, 0.0
2021-05-18 13:34:00, 175.19, 175.19, 175.19, 175.19, 100, 0.0
2021-05-18 13:35:00, 175.19, 175.19, 175.19, 175.19, 200, 0.0
2021-05-18 13:36:00, 175.18, 175.18, 175.18, 175.18, 152, 0.0
2021-05-18 13:39:00, 175.23, 175.23, 175.23, 175.23, 100, 0.0
2021-05-18 13:40:00, 175.22, 175.22, 175.22, 175.22, 132, 0.0
2021-05-18 13:41:00, 175.21, 175.21, 175.21, 175.21, 200, 0.0
2021-05-18 13:42:00, 175.15, 175.15, 175.15, 175.15, 101, 0.0
2021-05-18 13:43:00, 175.12, 175.12, 175.12, 175.12, 162, 0.0
2021-05-18 13:45:00, 175.13, 175.13, 175.12, 175.12, 330, 0.0
2021-05-18 13:49:00, 175.19, 175.19, 175.14, 175.14, 263, 0.0
2021-05-18 13:52:00, 175.18, 175.18, 175.18, 175.18, 134, 0.0
2021-05-18 13:53:00, 175.2, 175.2, 175.18, 175.18, 333, 0.0
2021-05-18 13:54:00, 175.16, 175.17, 175.12, 175.13, 955, 0.0
2021-05-18 13:55:00, 175.12, 175.12, 175.08, 175.11, 364, 0.0
2021-05-18 14:00:00, 175.19, 175.19, 175.17, 175.17, 314, 0.0
2021-05-18 14:01:00, 175.15, 175.21, 175.15, 175.2, 1177, 0.0
2021-05-18 14:02:00, 175.19, 175.21, 175.12, 175.13, 1096, 0.0
2021-05-18 14:03:00, 175.16, 175.17, 175.15, 175.15, 478, 0.0
2021-05-18 14:04:00, 175.16, 175.16, 175.13, 175.13, 719, 0.0
2021-05-18 14:05:00, 175.12, 175.12, 175.12, 175.12, 145, 0.0
2021-05-18 14:06:00, 175.1, 175.12, 175.1, 175.12, 200, 0.0
2021-05-18 14:07:00, 175.11, 175.11, 175.11, 175.11, 100, 0.0
2021-05-18 14:09:00, 175.14, 175.14, 175.14, 175.14, 133, 0.0
2021-05-18 14:12:00, 175.16, 175.16, 175.16, 175.16, 133, 0.0
2021-05-18 14:14:00, 175.22, 175.22, 175.22, 175.22, 105, 0.0
2021-05-18 14:15:00, 175.19, 175.19, 175.15, 175.15, 333, 0.0
2021-05-18 14:20:00, 175.19, 175.19, 175.19, 175.19, 111, 0.0
2021-05-18 14:24:00, 175.2, 175.2, 175.18, 175.18, 239, 0.0
2021-05-18 14:26:00, 175.22, 175.23, 175.21, 175.21, 366, 0.0
2021-05-18 14:27:00, 175.22, 175.22, 175.22, 175.22, 100, 0.0
2021-05-18 14:37:00, 175.35, 175.35, 175.35, 175.35, 266, 0.0
2021-05-18 14:42:00, 175.36, 175.37, 175.35, 175.37, 444, 0.0
2021-05-18 14:44:00, 175.35, 175.35, 175.35, 175.35, 200, 0.0
2021-05-18 14:45:00, 175.39, 175.39, 175.34, 175.34, 334, 0.0
2021-05-18 14:46:00, 175.3, 175.3, 175.3, 175.3, 280, 0.0
2021-05-18 14:47:00, 175.31, 175.32, 175.3, 175.31, 727, 0.0
2021-05-18 14:48:00, 175.23, 175.23, 175.18, 175.18, 433, 0.0
2021-05-18 14:49:00, 175.16, 175.21, 175.16, 175.2, 466, 0.0
2021-05-18 14:50:00, 175.1, 175.13, 175.1, 175.13, 421, 0.0
2021-05-18 14:51:00, 175.09, 175.09, 175.09, 175.09, 498, 0.0
2021-05-18 14:52:00, 175.11, 175.15, 175.11, 175.15, 746, 0.0
2021-05-18 14:53:00, 175.06, 175.13, 175, 175.13, 1983, 0.0
2021-05-18 14:54:00, 175.1, 175.1, 175.08, 175.08, 726, 0.0
2021-05-18 14:55:00, 175.05, 175.05, 174.99, 175, 941, 0.0
2021-05-18 14:56:00, 175, 175.08, 175, 175.08, 707, 0.0
2021-05-18 14:57:00, 175.12, 175.13, 175.1, 175.11, 656, 0.0
2021-05-18 14:58:00, 175.08, 175.09, 175.05, 175.05, 1014, 0.0
2021-05-18 14:59:00, 175.04, 175.04, 174.89, 174.92, 3974, 0.0
2021-05-19 08:30:00, 174.99, 175.05, 174.73, 174.89, 3566, 0.0
2021-05-19 08:31:00, 175.07, 175.07, 175.07, 175.07, 200, 0.0
2021-05-19 08:32:00, 175.09, 175.14, 174.96, 175.01, 758, 0.0
2021-05-19 08:34:00, 174.995, 175.05, 174.97, 174.97, 458, 0.0
2021-05-19 08:35:00, 174.85, 174.89, 174.83, 174.88, 799, 0.0
2021-05-19 08:36:00, 174.8, 174.83, 174.8, 174.83, 266, 0.0
2021-05-19 08:37:00, 174.96, 174.96, 174.96, 174.96, 166, 0.0
2021-05-19 08:38:00, 174.83, 174.83, 174.83, 174.83, 166, 0.0
2021-05-19 08:40:00, 175, 175, 175, 175, 353, 0.0
2021-05-19 08:41:00, 174.97, 175.01, 174.97, 174.99, 899, 0.0
2021-05-19 08:42:00, 174.99, 175.01, 174.99, 174.99, 400, 0.0
2021-05-19 08:43:00, 174.995, 175.12, 174.98, 175.12, 700, 0.0
2021-05-19 08:44:00, 175.1, 175.1, 175.1, 175.1, 764, 0.0
2021-05-19 08:45:00, 175.01, 175.02, 175.01, 175.02, 398, 0.0
2021-05-19 08:47:00, 175.04, 175.04, 175.04, 175.04, 266, 0.0
2021-05-19 08:48:00, 174.965, 175.02, 174.965, 175.02, 300, 0.0
2021-05-19 08:49:00, 174.95, 174.95, 174.95, 174.95, 200, 0.0
2021-05-19 08:50:00, 175, 175, 175, 175, 156, 0.0
2021-05-19 08:51:00, 175.05, 175.05, 175.05, 175.05, 100, 0.0
2021-05-19 08:52:00, 175.08, 175.18, 175.08, 175.18, 200, 0.0
2021-05-19 08:53:00, 175.19, 175.22, 175.19, 175.22, 368, 0.0
2021-05-19 08:54:00, 175.275, 175.275, 175.275, 175.275, 266, 0.0
2021-05-19 08:56:00, 175.29, 175.325, 175.29, 175.325, 200, 0.0
2021-05-19 08:58:00, 175.31, 175.31, 175.31, 175.31, 158, 0.0
2021-05-19 08:59:00, 175.17, 175.19, 175.17, 175.19, 280, 0.0
2021-05-19 09:01:00, 175.16, 175.16, 175.16, 175.16, 133, 0.0
2021-05-19 09:04:00, 175.05, 175.05, 175.05, 175.05, 237, 0.0
2021-05-19 09:05:00, 175.03, 175.06, 175.03, 175.06, 401, 0.0
2021-05-19 09:06:00, 175.05, 175.05, 175.05, 175.05, 133, 0.0
2021-05-19 09:09:00, 175.16, 175.16, 175.125, 175.125, 200, 0.0
2021-05-19 09:10:00, 175.1, 175.12, 175.09, 175.12, 400, 0.0
2021-05-19 09:12:00, 175.06, 175.07, 175, 175, 500, 0.0
2021-05-19 09:13:00, 175.045, 175.045, 175.045, 175.045, 100, 0.0
2021-05-19 09:16:00, 174.94, 174.94, 174.94, 174.94, 133, 0.0
2021-05-19 09:24:00, 174.89, 174.9, 174.89, 174.9, 200, 0.0
2021-05-19 09:26:00, 175.01, 175.015, 175.01, 175.015, 222, 0.0
2021-05-19 09:27:00, 175.01, 175.03, 174.98, 174.98, 641, 0.0
2021-05-19 09:28:00, 175.025, 175.025, 175.02, 175.02, 438, 0.0
2021-05-19 09:29:00, 175.025, 175.04, 175, 175.035, 1301, 0.0
2021-05-19 09:30:00, 175.035, 175.07, 175, 175.02, 3727, 0.0
2021-05-19 09:31:00, 175.02, 175.03, 175.01, 175.02, 600, 0.0
2021-05-19 09:32:00, 175.01, 175.01, 175, 175, 292, 0.0
2021-05-19 09:33:00, 174.91, 174.91, 174.91, 174.91, 229, 0.0
2021-05-19 09:35:00, 175.04, 175.11, 175.04, 175.1, 506, 0.0
2021-05-19 09:36:00, 174.98, 174.98, 174.98, 174.98, 469, 0.0
2021-05-19 09:42:00, 174.84, 174.84, 174.84, 174.84, 100, 0.0
2021-05-19 09:44:00, 174.84, 174.84, 174.78, 174.78, 428, 0.0
2021-05-19 09:52:00, 175.07, 175.07, 175.04, 175.04, 325, 0.0
2021-05-19 09:53:00, 175.04, 175.04, 175.025, 175.025, 200, 0.0
2021-05-19 09:56:00, 174.92, 174.92, 174.88, 174.88, 200, 0.0
2021-05-19 09:59:00, 174.83, 174.83, 174.83, 174.83, 184, 0.0
2021-05-19 10:00:00, 174.78, 174.78, 174.77, 174.77, 200, 0.0
2021-05-19 10:02:00, 174.86, 174.86, 174.86, 174.86, 133, 0.0
2021-05-19 10:03:00, 174.82, 174.82, 174.82, 174.82, 200, 0.0
2021-05-19 10:04:00, 174.83, 174.83, 174.82, 174.82, 242, 0.0
2021-05-19 10:07:00, 174.91, 174.91, 174.91, 174.91, 134, 0.0
2021-05-19 10:09:00, 174.91, 174.91, 174.91, 174.91, 100, 0.0
2021-05-19 10:13:00, 175.01, 175.01, 175.01, 175.01, 100, 0.0
2021-05-19 10:15:00, 175.04, 175.04, 175.04, 175.04, 218, 0.0
2021-05-19 10:16:00, 175, 175, 175, 175, 200, 0.0
2021-05-19 10:18:00, 175.06, 175.06, 175.06, 175.06, 266, 0.0
2021-05-19 10:19:00, 175.07, 175.07, 175.06, 175.06, 233, 0.0
2021-05-19 10:21:00, 175.09, 175.18, 175.09, 175.18, 233, 0.0
2021-05-19 10:22:00, 175.22, 175.22, 175.22, 175.22, 100, 0.0
2021-05-19 10:24:00, 175.25, 175.25, 175.25, 175.25, 193, 0.0
2021-05-19 10:25:00, 175.13, 175.13, 175.13, 175.13, 143, 0.0
2021-05-19 10:30:00, 175.2, 175.2, 175.2, 175.2, 100, 0.0
2021-05-19 10:32:00, 175.24, 175.24, 175.24, 175.24, 147, 0.0
2021-05-19 10:34:00, 175.36, 175.39, 175.36, 175.39, 201, 0.0
2021-05-19 10:35:00, 175.33, 175.33, 175.32, 175.32, 299, 0.0
2021-05-19 10:36:00, 175.33, 175.33, 175.33, 175.33, 133, 0.0
2021-05-19 10:38:00, 175.32, 175.34, 175.32, 175.34, 200, 0.0
2021-05-19 10:39:00, 175.3, 175.3, 175.3, 175.3, 100, 0.0
2021-05-19 10:40:00, 175.27, 175.27, 175.27, 175.27, 100, 0.0
2021-05-19 10:41:00, 175.18, 175.18, 175.18, 175.18, 150, 0.0
2021-05-19 10:46:00, 175.1, 175.1, 175.07, 175.07, 217, 0.0
2021-05-19 10:48:00, 175, 175, 175, 175, 100, 0.0
2021-05-19 10:50:00, 175.01, 175.01, 175.01, 175.01, 100, 0.0
2021-05-19 10:51:00, 175.03, 175.03, 175.03, 175.03, 100, 0.0
2021-05-19 10:57:00, 175.07, 175.07, 175.07, 175.07, 200, 0.0
2021-05-19 10:58:00, 175.02, 175.02, 175.02, 175.02, 100, 0.0
2021-05-19 11:00:00, 175.03, 175.03, 175.02, 175.02, 200, 0.0
2021-05-19 11:01:00, 175.05, 175.05, 175.05, 175.05, 139, 0.0
2021-05-19 11:02:00, 175.06, 175.06, 175.05, 175.05, 200, 0.0
2021-05-19 11:03:00, 175.03, 175.03, 175.03, 175.03, 124, 0.0
2021-05-19 11:09:00, 175.06, 175.06, 175.06, 175.06, 147, 0.0
2021-05-19 11:10:00, 175.05, 175.05, 175.05, 175.05, 300, 0.0
2021-05-19 11:11:00, 175.11, 175.13, 175.1, 175.13, 500, 0.0
2021-05-19 11:12:00, 175.12, 175.12, 175.12, 175.12, 100, 0.0
2021-05-19 11:13:00, 175.08, 175.08, 175.08, 175.08, 100, 0.0
2021-05-19 11:14:00, 175.09, 175.09, 175.07, 175.07, 300, 0.0
2021-05-19 11:26:00, 175.115, 175.115, 175.1, 175.1, 300, 0.0
2021-05-19 11:33:00, 175.05, 175.05, 175.05, 175.05, 200, 0.0
2021-05-19 11:36:00, 175.1, 175.1, 175.07, 175.07, 500, 0.0
2021-05-19 11:39:00, 175.12, 175.12, 175.12, 175.12, 100, 0.0
2021-05-19 11:41:00, 175.1, 175.1, 175.1, 175.1, 333, 0.0
2021-05-19 11:44:00, 175.07, 175.07, 175.07, 175.07, 133, 0.0
2021-05-19 11:47:00, 175.05, 175.05, 175.05, 175.05, 133, 0.0
2021-05-19 11:49:00, 175.1, 175.1, 175.1, 175.1, 212, 0.0
2021-05-19 11:52:00, 175.06, 175.06, 175.06, 175.06, 133, 0.0
2021-05-19 11:55:00, 175.11, 175.11, 175.11, 175.11, 100, 0.0
2021-05-19 11:57:00, 175.12, 175.12, 175.12, 175.12, 100, 0.0
2021-05-19 11:58:00, 175.1, 175.1, 175.07, 175.07, 309, 0.0
2021-05-19 11:59:00, 175.05, 175.05, 175.05, 175.05, 104, 0.0
2021-05-19 12:01:00, 175.09, 175.09, 175.05, 175.05, 237, 0.0
2021-05-19 12:03:00, 175.06, 175.06, 175.06, 175.06, 100, 0.0
2021-05-19 12:05:00, 175.04, 175.04, 175.04, 175.04, 100, 0.0
2021-05-19 12:06:00, 175.09, 175.09, 175.09, 175.09, 100, 0.0
2021-05-19 12:09:00, 175.1, 175.1, 175.07, 175.07, 368, 0.0
2021-05-19 12:14:00, 175.26, 175.26, 175.22, 175.22, 258, 0.0
2021-05-19 12:16:00, 175.24, 175.24, 175.24, 175.24, 200, 0.0
2021-05-19 12:17:00, 175.26, 175.26, 175.26, 175.26, 100, 0.0
2021-05-19 12:19:00, 175.26, 175.26, 175.26, 175.26, 200, 0.0
2021-05-19 12:21:00, 175.22, 175.22, 175.22, 175.22, 100, 0.0
2021-05-19 12:22:00, 175.19, 175.19, 175.19, 175.19, 101, 0.0
2021-05-19 12:24:00, 175.22, 175.22, 175.22, 175.22, 100, 0.0
2021-05-19 12:25:00, 175.15, 175.15, 175.15, 175.15, 233, 0.0
2021-05-19 12:27:00, 175.15, 175.15, 175.15, 175.15, 100, 0.0
2021-05-19 12:31:00, 175.18, 175.18, 175.18, 175.18, 100, 0.0
2021-05-19 12:34:00, 175.19, 175.19, 175.19, 175.19, 200, 0.0
2021-05-19 12:35:00, 175.16, 175.16, 175.16, 175.16, 100, 0.0
2021-05-19 12:36:00, 175.15, 175.15, 175.11, 175.11, 300, 0.0
2021-05-19 12:38:00, 175.19, 175.19, 175.19, 175.19, 233, 0.0
2021-05-19 12:39:00, 175.22, 175.22, 175.22, 175.22, 100, 0.0
2021-05-19 12:41:00, 175.25, 175.25, 175.25, 175.25, 100, 0.0
2021-05-19 12:43:00, 175.3, 175.3, 175.3, 175.3, 100, 0.0
2021-05-19 12:46:00, 175.27, 175.27, 175.27, 175.27, 100, 0.0
2021-05-19 12:51:00, 175.35, 175.35, 175.35, 175.35, 100, 0.0
2021-05-19 12:55:00, 175.4, 175.4, 175.4, 175.4, 101, 0.0
2021-05-19 12:56:00, 175.38, 175.38, 175.38, 175.38, 199, 0.0
2021-05-19 12:57:00, 175.33, 175.33, 175.33, 175.33, 199, 0.0
2021-05-19 12:58:00, 175.33, 175.33, 175.33, 175.33, 100, 0.0
2021-05-19 12:59:00, 175.27, 175.27, 175.27, 175.27, 100, 0.0
2021-05-19 13:01:00, 175.37, 175.37, 175.37, 175.37, 100, 0.0
2021-05-19 13:03:00, 175.33, 175.33, 175.33, 175.33, 100, 0.0
2021-05-19 13:04:00, 175.32, 175.32, 175.19, 175.19, 233, 0.0
2021-05-19 13:05:00, 175.01, 175.02, 175, 175.02, 633, 0.0
2021-05-19 13:08:00, 174.94, 174.94, 174.94, 174.94, 100, 0.0
2021-05-19 13:10:00, 175.02, 175.02, 175.02, 175.02, 122, 0.0
2021-05-19 13:12:00, 174.97, 174.97, 174.97, 174.97, 100, 0.0
2021-05-19 13:13:00, 174.98, 174.98, 174.97, 174.97, 300, 0.0
2021-05-19 13:15:00, 175.01, 175.01, 175, 175, 294, 0.0
2021-05-19 13:18:00, 175.03, 175.03, 175.03, 175.03, 100, 0.0
2021-05-19 13:23:00, 175.43, 175.43, 175.43, 175.43, 100, 0.0
2021-05-19 13:24:00, 175.46, 175.46, 175.38, 175.38, 334, 0.0
2021-05-19 13:25:00, 175.38, 175.38, 175.38, 175.38, 100, 0.0
2021-05-19 13:26:00, 175.39, 175.41, 175.39, 175.41, 200, 0.0
2021-05-19 13:33:00, 175.34, 175.34, 175.34, 175.34, 162, 0.0
2021-05-19 13:38:00, 175.29, 175.29, 175.29, 175.29, 100, 0.0
2021-05-19 13:40:00, 175.26, 175.26, 175.26, 175.26, 133, 0.0
2021-05-19 13:41:00, 175.2, 175.2, 175.2, 175.2, 233, 0.0
2021-05-19 13:45:00, 175.18, 175.18, 175.14, 175.14, 300, 0.0
2021-05-19 13:47:00, 175.12, 175.12, 175.12, 175.12, 133, 0.0
2021-05-19 13:48:00, 175.07, 175.07, 175.07, 175.07, 100, 0.0
2021-05-19 13:49:00, 175.11, 175.11, 175.11, 175.11, 102, 0.0
2021-05-19 13:50:00, 175.09, 175.09, 175.09, 175.09, 201, 0.0
2021-05-19 13:51:00, 175.06, 175.06, 175.06, 175.06, 233, 0.0
2021-05-19 13:52:00, 175.08, 175.08, 175.08, 175.08, 100, 0.0
2021-05-19 13:55:00, 175.09, 175.11, 175.09, 175.11, 337, 0.0
2021-05-19 13:59:00, 175.21, 175.21, 175.21, 175.21, 133, 0.0
2021-05-19 14:00:00, 175.11, 175.11, 175.11, 175.11, 100, 0.0
2021-05-19 14:01:00, 175.13, 175.13, 175.12, 175.12, 200, 0.0
2021-05-19 14:02:00, 175.08, 175.08, 175.06, 175.06, 246, 0.0
2021-05-19 14:08:00, 175.245, 175.245, 175.23, 175.23, 2158, 0.0
2021-05-19 14:09:00, 175.285, 175.285, 175.28, 175.28, 200, 0.0
2021-05-19 14:10:00, 175.28, 175.28, 175.26, 175.26, 1245, 0.0
2021-05-19 14:11:00, 175.33, 175.33, 175.33, 175.33, 200, 0.0
2021-05-19 14:14:00, 175.37, 175.37, 175.37, 175.37, 172, 0.0
2021-05-19 14:15:00, 175.33, 175.33, 175.33, 175.33, 133, 0.0
2021-05-19 14:16:00, 175.35, 175.35, 175.35, 175.35, 225, 0.0
2021-05-19 14:17:00, 175.36, 175.37, 175.36, 175.37, 233, 0.0
2021-05-19 14:18:00, 175.36, 175.36, 175.36, 175.36, 100, 0.0
2021-05-19 14:21:00, 175.32, 175.32, 175.25, 175.25, 799, 0.0
2021-05-19 14:22:00, 175.25, 175.25, 175.25, 175.25, 100, 0.0
2021-05-19 14:23:00, 175.27, 175.27, 175.27, 175.27, 177, 0.0
2021-05-19 14:25:00, 175.27, 175.27, 175.27, 175.27, 103, 0.0
2021-05-19 14:26:00, 175.26, 175.26, 175.26, 175.26, 195, 0.0
2021-05-19 14:27:00, 175.21, 175.21, 175.21, 175.21, 166, 0.0
2021-05-19 14:29:00, 175.26, 175.26, 175.26, 175.26, 271, 0.0
2021-05-19 14:30:00, 175.2, 175.2, 175.2, 175.2, 151, 0.0
2021-05-19 14:31:00, 175.19, 175.19, 175.19, 175.19, 150, 0.0
2021-05-19 14:32:00, 175.19, 175.19, 175.19, 175.19, 134, 0.0
2021-05-19 14:33:00, 175.15, 175.15, 175.15, 175.15, 635, 0.0
2021-05-19 14:35:00, 175.18, 175.18, 175.17, 175.17, 433, 0.0
2021-05-19 14:37:00, 175.13, 175.13, 175.11, 175.11, 343, 0.0
2021-05-19 14:40:00, 175.13, 175.13, 175.13, 175.13, 352, 0.0
2021-05-19 14:42:00, 175.12, 175.12, 175.12, 175.12, 189, 0.0
2021-05-19 14:43:00, 175.165, 175.2, 175.165, 175.2, 800, 0.0
2021-05-19 14:44:00, 175.22, 175.22, 175.18, 175.18, 3382, 0.0
2021-05-19 14:47:00, 175.16, 175.18, 175.15, 175.18, 602, 0.0
2021-05-19 14:48:00, 175.17, 175.19, 175.16, 175.19, 502, 0.0
2021-05-19 14:50:00, 175.27, 175.465, 175.27, 175.425, 2471, 0.0
2021-05-19 14:51:00, 175.41, 175.42, 175.34, 175.39, 1702, 0.0
2021-05-19 14:52:00, 175.36, 175.37, 175.33, 175.37, 1150, 0.0
2021-05-19 14:53:00, 175.36, 175.36, 175.34, 175.34, 599, 0.0
2021-05-19 14:54:00, 175.49, 175.49, 175.42, 175.43, 894, 0.0
2021-05-19 14:55:00, 175.48, 175.48, 175.45, 175.45, 235, 0.0
2021-05-19 14:56:00, 175.45, 175.47, 175.43, 175.43, 408, 0.0
2021-05-19 14:57:00, 175.45, 175.46, 175.45, 175.46, 450, 0.0
2021-05-19 14:58:00, 175.45, 175.45, 175.45, 175.45, 725, 0.0
2021-05-19 14:59:00, 175.52, 175.52, 175.46, 175.46, 2159, 0.0
2021-05-20 08:30:00, 176.46, 176.77, 176.46, 176.77, 1264, 0.0
2021-05-20 08:32:00, 176.84, 176.84, 176.84, 176.84, 293, 0.0
2021-05-20 08:34:00, 176.93, 176.94, 176.93, 176.94, 341, 0.0
2021-05-20 08:35:00, 176.92, 176.92, 176.92, 176.92, 200, 0.0
2021-05-20 08:36:00, 176.9, 177.04, 176.9, 177.04, 516, 0.0
2021-05-20 08:40:00, 176.96, 176.96, 176.96, 176.96, 246, 0.0
2021-05-20 08:43:00, 177.16, 177.16, 177.15, 177.15, 200, 0.0
2021-05-20 08:44:00, 177.3, 177.3, 177.24, 177.24, 363, 0.0
2021-05-20 08:45:00, 177.38, 177.39, 177.38, 177.39, 281, 0.0
2021-05-20 08:48:00, 177.34, 177.34, 177.34, 177.34, 103, 0.0
2021-05-20 09:02:00, 177.6, 177.6, 177.6, 177.6, 266, 0.0
2021-05-20 09:06:00, 177.5, 177.5, 177.5, 177.5, 101, 0.0
2021-05-20 09:09:00, 177.59, 177.59, 177.59, 177.59, 100, 0.0
2021-05-20 09:12:00, 177.61, 177.61, 177.6, 177.6, 200, 0.0
2021-05-20 09:14:00, 177.61, 177.63, 177.61, 177.63, 300, 0.0
2021-05-20 09:17:00, 177.79, 177.79, 177.79, 177.79, 133, 0.0
2021-05-20 09:19:00, 177.64, 177.64, 177.64, 177.64, 101, 0.0
2021-05-20 09:20:00, 177.62, 177.62, 177.615, 177.615, 515, 0.0
2021-05-20 09:21:00, 177.62, 177.62, 177.605, 177.62, 494, 0.0
2021-05-20 09:23:00, 177.7, 177.7, 177.7, 177.7, 100, 0.0
2021-05-20 09:30:00, 177.75, 177.75, 177.74, 177.74, 321, 0.0
2021-05-20 09:33:00, 177.69, 177.69, 177.69, 177.69, 100, 0.0
2021-05-20 09:34:00, 177.73, 177.73, 177.72, 177.72, 234, 0.0
2021-05-20 09:35:00, 177.64, 177.64, 177.64, 177.64, 200, 0.0
2021-05-20 09:37:00, 177.53, 177.53, 177.53, 177.53, 104, 0.0
2021-05-20 09:39:00, 177.56, 177.56, 177.56, 177.56, 100, 0.0
2021-05-20 09:42:00, 177.67, 177.67, 177.61, 177.61, 535, 0.0
2021-05-20 09:44:00, 177.59, 177.59, 177.59, 177.59, 134, 0.0
2021-05-20 09:45:00, 177.64, 177.64, 177.6, 177.6, 247, 0.0
2021-05-20 09:53:00, 177.76, 177.76, 177.76, 177.76, 282, 0.0
2021-05-20 09:54:00, 177.74, 177.74, 177.74, 177.74, 100, 0.0
2021-05-20 09:56:00, 177.78, 177.78, 177.78, 177.78, 100, 0.0
2021-05-20 09:59:00, 177.81, 177.81, 177.81, 177.81, 233, 0.0
2021-05-20 10:04:00, 177.86, 177.86, 177.86, 177.86, 100, 0.0
2021-05-20 10:07:00, 177.92, 177.94, 177.89, 177.9, 2192, 0.0
2021-05-20 10:09:00, 177.92, 177.92, 177.92, 177.92, 100, 0.0
2021-05-20 10:19:00, 177.8, 177.8, 177.8, 177.8, 100, 0.0
2021-05-20 10:20:00, 177.84, 177.84, 177.79, 177.79, 233, 0.0
2021-05-20 10:22:00, 177.835, 177.835, 177.835, 177.835, 100, 0.0
2021-05-20 10:23:00, 177.9, 177.9, 177.9, 177.9, 100, 0.0
2021-05-20 10:27:00, 177.93, 177.93, 177.93, 177.93, 100, 0.0
2021-05-20 10:28:00, 177.96, 177.96, 177.96, 177.96, 100, 0.0
2021-05-20 10:33:00, 178.26, 178.26, 178.26, 178.26, 150, 0.0
2021-05-20 10:37:00, 178.16, 178.16, 178.16, 178.16, 210, 0.0
2021-05-20 10:41:00, 178.31, 178.31, 178.31, 178.31, 101, 0.0
2021-05-20 10:45:00, 178.4, 178.4, 178.4, 178.4, 111, 0.0
2021-05-20 10:49:00, 178.47, 178.47, 178.46, 178.46, 270, 0.0
2021-05-20 10:54:00, 178.4, 178.4, 178.4, 178.4, 100, 0.0
2021-05-20 10:55:00, 178.45, 178.45, 178.45, 178.45, 133, 0.0
2021-05-20 10:57:00, 178.38, 178.38, 178.38, 178.38, 110, 0.0
2021-05-20 10:58:00, 178.4, 178.4, 178.4, 178.4, 171, 0.0
2021-05-20 10:59:00, 178.35, 178.35, 178.35, 178.35, 135, 0.0
2021-05-20 11:03:00, 178.36, 178.36, 178.36, 178.36, 133, 0.0
2021-05-20 11:07:00, 178.34, 178.34, 178.34, 178.34, 110, 0.0
2021-05-20 11:10:00, 178.34, 178.35, 178.34, 178.35, 282, 0.0
2021-05-20 11:13:00, 178.34, 178.34, 178.3, 178.3, 303, 0.0
2021-05-20 11:16:00, 178.18, 178.18, 178.18, 178.18, 142, 0.0
2021-05-20 11:21:00, 178.24, 178.24, 178.24, 178.24, 200, 0.0
2021-05-20 11:22:00, 178.23, 178.23, 178.23, 178.23, 226, 0.0
2021-05-20 11:25:00, 178.17, 178.17, 178.17, 178.17, 101, 0.0
2021-05-20 11:29:00, 178.23, 178.23, 178.23, 178.23, 152, 0.0
2021-05-20 11:31:00, 178.21, 178.21, 178.21, 178.21, 100, 0.0
2021-05-20 11:35:00, 178.085, 178.085, 178.085, 178.085, 100, 0.0
2021-05-20 11:37:00, 177.98, 178.01, 177.97, 178.01, 500, 0.0
2021-05-20 11:39:00, 178.05, 178.05, 178.05, 178.05, 100, 0.0
2021-05-20 11:40:00, 178.01, 178.01, 178.01, 178.01, 100, 0.0
2021-05-20 11:41:00, 177.99, 177.99, 177.99, 177.99, 147, 0.0
2021-05-20 11:43:00, 177.95, 177.95, 177.95, 177.95, 100, 0.0
2021-05-20 11:44:00, 177.94, 177.94, 177.94, 177.94, 100, 0.0
2021-05-20 11:46:00, 178.01, 178.01, 178.01, 178.01, 100, 0.0
2021-05-20 11:49:00, 178.04, 178.04, 178.04, 178.04, 147, 0.0
2021-05-20 11:53:00, 177.96, 177.96, 177.96, 177.96, 194, 0.0
2021-05-20 11:55:00, 178, 178, 178, 178, 103, 0.0
2021-05-20 11:59:00, 177.99, 177.99, 177.99, 177.99, 100, 0.0
2021-05-20 12:02:00, 178, 178, 178, 178, 100, 0.0
2021-05-20 12:15:00, 178.02, 178.02, 178.02, 178.02, 271, 0.0
2021-05-20 12:19:00, 178.01, 178.01, 178.01, 178.01, 201, 0.0
2021-05-20 12:20:00, 178.01, 178.01, 178.01, 178.01, 100, 0.0
2021-05-20 12:25:00, 177.97, 177.97, 177.97, 177.97, 101, 0.0
2021-05-20 12:29:00, 177.98, 177.98, 177.98, 177.98, 200, 0.0
2021-05-20 12:31:00, 178.02, 178.02, 178.02, 178.02, 100, 0.0
2021-05-20 12:35:00, 178, 178, 178, 178, 200, 0.0
2021-05-20 12:36:00, 177.97, 177.97, 177.97, 177.97, 200, 0.0
2021-05-20 12:38:00, 177.97, 177.97, 177.97, 177.97, 100, 0.0
2021-05-20 12:39:00, 177.94, 177.94, 177.91, 177.91, 492, 0.0
2021-05-20 12:40:00, 177.92, 177.92, 177.92, 177.92, 327, 0.0
2021-05-20 12:42:00, 177.93, 177.93, 177.93, 177.93, 284, 0.0
2021-05-20 12:45:00, 177.81, 177.81, 177.81, 177.81, 100, 0.0
2021-05-20 12:50:00, 177.85, 177.85, 177.85, 177.85, 100, 0.0
2021-05-20 12:52:00, 177.87, 177.87, 177.87, 177.87, 101, 0.0
2021-05-20 12:53:00, 177.88, 177.88, 177.82, 177.82, 488, 0.0
2021-05-20 12:54:00, 177.83, 177.83, 177.83, 177.83, 100, 0.0
2021-05-20 12:55:00, 177.8, 177.8, 177.8, 177.8, 100, 0.0
2021-05-20 13:01:00, 177.88, 177.88, 177.88, 177.88, 169, 0.0
2021-05-20 13:03:00, 177.94, 177.94, 177.94, 177.94, 133, 0.0
2021-05-20 13:07:00, 178.02, 178.02, 178.02, 178.02, 100, 0.0
2021-05-20 13:08:00, 177.96, 177.96, 177.96, 177.96, 100, 0.0
2021-05-20 13:11:00, 177.91, 177.91, 177.91, 177.91, 162, 0.0
2021-05-20 13:15:00, 177.92, 177.92, 177.92, 177.92, 233, 0.0
2021-05-20 13:16:00, 177.88, 177.88, 177.87, 177.87, 200, 0.0
2021-05-20 13:25:00, 177.94, 177.94, 177.94, 177.94, 100, 0.0
2021-05-20 13:29:00, 177.98, 177.98, 177.98, 177.98, 100, 0.0
2021-05-20 13:31:00, 177.97, 177.97, 177.97, 177.97, 126, 0.0
2021-05-20 13:33:00, 177.92, 177.92, 177.92, 177.92, 333, 0.0
2021-05-20 13:34:00, 177.88, 177.88, 177.86, 177.86, 300, 0.0
2021-05-20 13:37:00, 177.97, 177.97, 177.97, 177.97, 101, 0.0
2021-05-20 13:38:00, 177.92, 177.92, 177.92, 177.92, 101, 0.0
2021-05-20 13:39:00, 177.91, 177.91, 177.91, 177.91, 103, 0.0
2021-05-20 13:41:00, 178.01, 178.01, 178.01, 178.01, 125, 0.0
2021-05-20 13:42:00, 178.04, 178.04, 178.03, 178.03, 233, 0.0
2021-05-20 13:47:00, 178.05, 178.05, 178.05, 178.05, 100, 0.0
2021-05-20 13:50:00, 178.06, 178.06, 178.06, 178.06, 200, 0.0
2021-05-20 13:55:00, 178.15, 178.15, 178.15, 178.15, 100, 0.0
2021-05-20 13:57:00, 178.1, 178.1, 178.1, 178.1, 158, 0.0
2021-05-20 14:03:00, 178.12, 178.12, 178.12, 178.12, 100, 0.0
2021-05-20 14:06:00, 178.08, 178.08, 178.08, 178.08, 101, 0.0
2021-05-20 14:21:00, 178.15, 178.15, 178.15, 178.15, 200, 0.0
2021-05-20 14:24:00, 178.19, 178.19, 178.19, 178.19, 241, 0.0
2021-05-20 14:27:00, 178.17, 178.17, 178.17, 178.17, 100, 0.0
2021-05-20 14:29:00, 178.18, 178.18, 178.18, 178.18, 101, 0.0
2021-05-20 14:30:00, 178.2, 178.2, 178.2, 178.2, 286, 0.0
2021-05-20 14:31:00, 178.18, 178.18, 178.16, 178.16, 233, 0.0
2021-05-20 14:33:00, 178.12, 178.12, 178.1, 178.1, 200, 0.0
2021-05-20 14:35:00, 178.14, 178.14, 178.12, 178.12, 300, 0.0
2021-05-20 14:39:00, 178.14, 178.14, 178.14, 178.14, 100, 0.0
2021-05-20 14:40:00, 178.11, 178.11, 178.11, 178.11, 200, 0.0
2021-05-20 14:41:00, 178.09, 178.09, 178.09, 178.09, 133, 0.0
2021-05-20 14:42:00, 178.09, 178.09, 178.09, 178.09, 210, 0.0
2021-05-20 14:43:00, 178.15, 178.15, 178.14, 178.14, 245, 0.0
2021-05-20 14:47:00, 178.18, 178.18, 178.18, 178.18, 233, 0.0
2021-05-20 14:48:00, 178.12, 178.12, 178.12, 178.12, 201, 0.0
2021-05-20 14:49:00, 178.16, 178.16, 178.15, 178.15, 333, 0.0
2021-05-20 14:50:00, 178.09, 178.15, 178.09, 178.14, 1096, 0.0
2021-05-20 14:51:00, 178.16, 178.16, 178.13, 178.13, 516, 0.0
2021-05-20 14:52:00, 178.09, 178.1, 178.07, 178.1, 696, 0.0
2021-05-20 14:53:00, 178.11, 178.15, 178.11, 178.15, 434, 0.0
2021-05-20 14:54:00, 178.13, 178.4, 177.99, 178.31, 2215, 0.0
2021-05-20 14:55:00, 178.27, 178.42, 178.27, 178.42, 731, 0.0
2021-05-20 14:56:00, 178.36, 178.36, 178.33, 178.33, 352, 0.0
2021-05-20 14:58:00, 178.37, 178.38, 178.34, 178.34, 794, 0.0
2021-05-20 14:59:00, 178.36, 178.41, 178.35, 178.355, 1869, 0.0
2021-05-21 08:30:00, 178.39, 178.39, 178.39, 178.39, 153, 0.0
2021-05-21 08:31:00, 178.44, 178.44, 178.44, 178.44, 193, 0.0
2021-05-21 08:33:00, 178.49, 178.49, 178.49, 178.49, 231, 0.0
2021-05-21 08:34:00, 178.65, 178.65, 178.44, 178.44, 233, 0.0
2021-05-21 08:36:00, 178.35, 178.35, 178.035, 178.22, 1002, 0.0
2021-05-21 08:38:00, 178.23, 178.23, 178.23, 178.23, 200, 0.0
2021-05-21 08:43:00, 178.22, 178.26, 178.22, 178.26, 200, 0.0
2021-05-21 08:45:00, 178.22, 178.22, 178.22, 178.22, 133, 0.0
2021-05-21 08:46:00, 178.18, 178.18, 177.37, 177.78, 5110, 0.0
2021-05-21 08:47:00, 177.955, 177.955, 177.89, 177.89, 1013, 0.0
2021-05-21 08:49:00, 177.83, 177.84, 177.83, 177.84, 300, 0.0
2021-05-21 08:50:00, 177.8, 177.8, 177.8, 177.8, 100, 0.0
2021-05-21 08:51:00, 177.82, 177.82, 177.82, 177.82, 100, 0.0
2021-05-21 08:53:00, 177.83, 177.94, 177.83, 177.94, 400, 0.0
2021-05-21 08:55:00, 177.93, 177.93, 177.87, 177.87, 246, 0.0
2021-05-21 08:58:00, 177.92, 178.01, 177.92, 178.01, 742, 0.0
2021-05-21 09:01:00, 177.92, 177.92, 177.92, 177.92, 336, 0.0
2021-05-21 09:02:00, 177.89, 177.89, 177.88, 177.88, 247, 0.0
2021-05-21 09:03:00, 177.905, 177.905, 177.89, 177.89, 480, 0.0
2021-05-21 09:04:00, 177.92, 177.92, 177.88, 177.88, 433, 0.0
2021-05-21 09:05:00, 177.88, 177.88, 177.83, 177.84, 366, 0.0
2021-05-21 09:06:00, 177.9, 177.9, 177.9, 177.9, 133, 0.0
2021-05-21 09:07:00, 177.89, 177.89, 177.89, 177.89, 133, 0.0
2021-05-21 09:08:00, 177.95, 177.95, 177.95, 177.95, 100, 0.0
2021-05-21 09:10:00, 177.98, 177.98, 177.98, 177.98, 133, 0.0
2021-05-21 09:12:00, 178.03, 178.03, 178.03, 178.03, 159, 0.0
2021-05-21 09:14:00, 178.1, 178.1, 178.1, 178.1, 200, 0.0
2021-05-21 09:16:00, 178.24, 178.24, 178.24, 178.24, 100, 0.0
2021-05-21 09:23:00, 178.31, 178.31, 178.31, 178.31, 200, 0.0
2021-05-21 09:24:00, 178.34, 178.34, 178.34, 178.34, 100, 0.0
2021-05-21 09:29:00, 178.25, 178.25, 178.25, 178.25, 102, 0.0
2021-05-21 09:44:00, 177.875, 177.885, 177.875, 177.885, 333, 0.0
2021-05-21 09:51:00, 178, 178, 178, 178, 137, 0.0
2021-05-21 09:52:00, 177.895, 177.895, 177.895, 177.895, 127, 0.0
2021-05-21 10:03:00, 177.84, 177.84, 177.84, 177.84, 104, 0.0
2021-05-21 10:09:00, 177.96, 177.96, 177.96, 177.96, 100, 0.0
2021-05-21 10:14:00, 178.02, 178.02, 178.02, 178.02, 133, 0.0
2021-05-21 10:17:00, 178.06, 178.06, 178.06, 178.06, 133, 0.0
2021-05-21 10:20:00, 178.04, 178.04, 178.04, 178.04, 100, 0.0
2021-05-21 10:27:00, 177.96, 177.96, 177.96, 177.96, 151, 0.0
2021-05-21 10:29:00, 177.95, 177.95, 177.95, 177.95, 233, 0.0
2021-05-21 10:31:00, 178.045, 178.045, 178.045, 178.045, 108, 0.0
2021-05-21 10:32:00, 178.1, 178.1, 178.1, 178.1, 100, 0.0
2021-05-21 10:33:00, 178.1, 178.13, 178.1, 178.13, 249, 0.0
2021-05-21 10:36:00, 178.16, 178.16, 178.16, 178.16, 233, 0.0
2021-05-21 10:38:00, 178.125, 178.125, 178.125, 178.125, 102, 0.0
2021-05-21 10:39:00, 178.13, 178.13, 177.97, 178.09, 869, 0.0
2021-05-21 10:40:00, 178.07, 178.07, 178, 178, 383, 0.0
2021-05-21 10:41:00, 178.03, 178.03, 178.03, 178.03, 147, 0.0
2021-05-21 10:45:00, 177.98, 177.98, 177.98, 177.98, 103, 0.0
2021-05-21 10:47:00, 177.96, 177.96, 177.96, 177.96, 152, 0.0
2021-05-21 10:48:00, 177.97, 177.99, 177.97, 177.99, 400, 0.0
2021-05-21 10:49:00, 178.02, 178.04, 178.02, 178.04, 617, 0.0
2021-05-21 10:51:00, 177.99, 177.99, 177.99, 177.99, 276, 0.0
2021-05-21 10:52:00, 178.01, 178.04, 178.01, 178.04, 300, 0.0
2021-05-21 10:53:00, 178.04, 178.04, 178.04, 178.04, 101, 0.0
2021-05-21 10:55:00, 177.91, 177.91, 177.91, 177.91, 190, 0.0
2021-05-21 10:59:00, 178.06, 178.06, 178.06, 178.06, 100, 0.0
2021-05-21 11:00:00, 178.08, 178.08, 178.08, 178.08, 299, 0.0
2021-05-21 11:01:00, 178.1, 178.1, 178.08, 178.08, 333, 0.0
2021-05-21 11:03:00, 178.15, 178.15, 178.15, 178.15, 369, 0.0
2021-05-21 11:04:00, 178.21, 178.21, 178.21, 178.21, 133, 0.0
2021-05-21 11:05:00, 178.28, 178.28, 178.28, 178.28, 100, 0.0
2021-05-21 11:09:00, 178.08, 178.08, 178.03, 178.03, 300, 0.0
2021-05-21 11:10:00, 178.04, 178.04, 178.04, 178.04, 100, 0.0
2021-05-21 11:11:00, 178.01, 178.03, 178.01, 178.03, 455, 0.0
2021-05-21 11:12:00, 178.055, 178.055, 178.055, 178.055, 100, 0.0
2021-05-21 11:17:00, 177.99, 177.99, 177.99, 177.99, 200, 0.0
2021-05-21 11:21:00, 177.98, 177.98, 177.98, 177.98, 100, 0.0
2021-05-21 11:22:00, 177.94, 177.94, 177.94, 177.94, 173, 0.0
2021-05-21 11:23:00, 178.03, 178.03, 178.03, 178.03, 100, 0.0
2021-05-21 11:29:00, 177.97, 177.97, 177.97, 177.97, 100, 0.0
2021-05-21 11:33:00, 177.94, 177.94, 177.94, 177.94, 170, 0.0
2021-05-21 11:34:00, 177.92, 177.92, 177.92, 177.92, 268, 0.0
2021-05-21 11:35:00, 177.93, 177.93, 177.93, 177.93, 250, 0.0
2021-05-21 11:41:00, 177.98, 177.98, 177.965, 177.965, 300, 0.0
2021-05-21 11:42:00, 177.94, 177.94, 177.89, 177.89, 200, 0.0
2021-05-21 11:45:00, 177.92, 177.92, 177.92, 177.92, 100, 0.0
2021-05-21 11:47:00, 177.9, 177.9, 177.88, 177.88, 400, 0.0
2021-05-21 11:48:00, 177.87, 177.9, 177.87, 177.9, 462, 0.0
2021-05-21 11:51:00, 177.88, 177.88, 177.88, 177.88, 300, 0.0
2021-05-21 11:52:00, 177.88, 177.88, 177.88, 177.88, 200, 0.0
2021-05-21 11:53:00, 177.87, 177.87, 177.86, 177.86, 350, 0.0
2021-05-21 11:54:00, 177.83, 177.83, 177.83, 177.83, 100, 0.0
2021-05-21 11:55:00, 177.765, 177.765, 177.755, 177.755, 294, 0.0
2021-05-21 11:56:00, 177.76, 177.78, 177.76, 177.78, 260, 0.0
2021-05-21 11:58:00, 177.82, 177.82, 177.82, 177.82, 194, 0.0
2021-05-21 11:59:00, 177.82, 177.82, 177.82, 177.82, 208, 0.0
2021-05-21 12:00:00, 177.82, 177.82, 177.82, 177.82, 147, 0.0
2021-05-21 12:03:00, 177.85, 177.85, 177.85, 177.85, 103, 0.0
2021-05-21 12:04:00, 177.84, 177.84, 177.84, 177.84, 111, 0.0
2021-05-21 12:15:00, 177.83, 177.83, 177.73, 177.76, 1302, 0.0
2021-05-21 12:34:00, 177.99, 177.99, 177.99, 177.99, 101, 0.0
2021-05-21 12:35:00, 178, 178, 178, 178, 173, 0.0
2021-05-21 12:36:00, 177.99, 177.99, 177.99, 177.99, 100, 0.0
2021-05-21 12:37:00, 178.07, 178.07, 178.07, 178.07, 234, 0.0
2021-05-21 12:40:00, 178.08, 178.08, 178.08, 178.08, 138, 0.0
2021-05-21 12:55:00, 177.88, 177.88, 177.88, 177.88, 104, 0.0
2021-05-21 12:56:00, 177.82, 177.82, 177.82, 177.82, 133, 0.0
2021-05-21 13:00:00, 177.81, 177.85, 177.81, 177.85, 949, 0.0
2021-05-21 13:02:00, 177.85, 177.85, 177.85, 177.85, 147, 0.0
2021-05-21 13:03:00, 177.85, 177.85, 177.85, 177.85, 100, 0.0
2021-05-21 13:05:00, 177.85, 177.85, 177.85, 177.85, 106, 0.0
2021-05-21 13:06:00, 177.81, 177.81, 177.81, 177.81, 100, 0.0
2021-05-21 13:07:00, 177.86, 177.86, 177.86, 177.86, 115, 0.0
2021-05-21 13:14:00, 177.96, 177.96, 177.96, 177.96, 146, 0.0
2021-05-21 13:18:00, 177.96, 177.96, 177.96, 177.96, 100, 0.0
2021-05-21 13:19:00, 177.98, 177.98, 177.98, 177.98, 167, 0.0
2021-05-21 13:20:00, 177.91, 177.91, 177.91, 177.91, 133, 0.0
2021-05-21 13:24:00, 177.96, 177.96, 177.96, 177.96, 101, 0.0
2021-05-21 13:26:00, 177.92, 177.92, 177.92, 177.92, 133, 0.0
2021-05-21 13:29:00, 177.9, 177.9, 177.9, 177.9, 133, 0.0
2021-05-21 13:33:00, 177.895, 177.9, 177.895, 177.9, 702, 0.0
2021-05-21 13:36:00, 177.955, 177.955, 177.955, 177.955, 101, 0.0
2021-05-21 13:37:00, 177.97, 177.97, 177.97, 177.97, 101, 0.0
2021-05-21 13:38:00, 178, 178, 177.99, 177.99, 335, 0.0
2021-05-21 13:43:00, 177.99, 177.99, 177.99, 177.99, 100, 0.0
2021-05-21 13:44:00, 178, 178, 178, 178, 102, 0.0
2021-05-21 13:54:00, 177.95, 177.95, 177.95, 177.95, 172, 0.0
2021-05-21 13:56:00, 177.94, 177.94, 177.93, 177.94, 466, 0.0
2021-05-21 13:57:00, 177.92, 177.92, 177.92, 177.92, 134, 0.0
2021-05-21 13:59:00, 177.92, 177.92, 177.92, 177.92, 133, 0.0
2021-05-21 14:01:00, 177.92, 177.92, 177.92, 177.92, 100, 0.0
2021-05-21 14:03:00, 177.92, 177.92, 177.92, 177.92, 116, 0.0
2021-05-21 14:04:00, 177.91, 177.91, 177.91, 177.91, 163, 0.0
2021-05-21 14:05:00, 177.92, 177.92, 177.9, 177.9, 200, 0.0
2021-05-21 14:14:00, 177.835, 177.835, 177.835, 177.835, 200, 0.0
2021-05-21 14:20:00, 177.87, 177.88, 177.87, 177.88, 262, 0.0
2021-05-21 14:21:00, 177.88, 177.88, 177.88, 177.88, 127, 0.0
2021-05-21 14:22:00, 177.86, 177.86, 177.85, 177.85, 245, 0.0
2021-05-21 14:23:00, 177.86, 177.86, 177.86, 177.86, 251, 0.0
2021-05-21 14:25:00, 177.91, 177.91, 177.91, 177.91, 134, 0.0
2021-05-21 14:33:00, 177.79, 177.79, 177.79, 177.79, 200, 0.0
2021-05-21 14:34:00, 177.76, 177.76, 177.76, 177.76, 200, 0.0
2021-05-21 14:39:00, 177.73, 177.73, 177.73, 177.73, 262, 0.0
2021-05-21 14:44:00, 177.73, 177.73, 177.7, 177.7, 234, 0.0
2021-05-21 14:45:00, 177.66, 177.66, 177.66, 177.66, 101, 0.0
2021-05-21 14:46:00, 177.68, 177.68, 177.68, 177.68, 109, 0.0
2021-05-21 14:47:00, 177.71, 177.71, 177.71, 177.71, 231, 0.0
2021-05-21 14:49:00, 177.76, 177.76, 177.74, 177.74, 417, 0.0
2021-05-21 14:50:00, 177.7, 177.7, 177.68, 177.68, 278, 0.0
2021-05-21 14:51:00, 177.64, 177.65, 177.63, 177.65, 566, 0.0
2021-05-21 14:52:00, 177.7, 177.75, 177.7, 177.75, 962, 0.0
2021-05-21 14:53:00, 177.73, 177.73, 177.73, 177.73, 167, 0.0
2021-05-21 14:54:00, 177.71, 177.74, 177.57, 177.62, 1262, 0.0
2021-05-21 14:55:00, 177.66, 177.73, 177.66, 177.73, 1160, 0.0
2021-05-21 14:56:00, 177.65, 177.65, 177.62, 177.62, 290, 0.0
2021-05-21 14:57:00, 177.66, 177.66, 177.65, 177.65, 258, 0.0
2021-05-21 14:58:00, 177.69, 177.69, 177.69, 177.69, 297, 0.0
2021-05-21 14:59:00, 177.725, 177.725, 177.69, 177.69, 608, 0.0
2021-05-24 08:30:00, 178.055, 178.22, 178.055, 178.22, 598, 0.0
2021-05-24 08:31:00, 178.41, 178.41, 178.41, 178.41, 178, 0.0
2021-05-24 08:32:00, 178.38, 178.38, 178.38, 178.38, 100, 0.0
2021-05-24 08:34:00, 178.305, 178.305, 178.305, 178.305, 177, 0.0
2021-05-24 08:39:00, 178.32, 178.32, 178.32, 178.32, 100, 0.0
2021-05-24 08:41:00, 178.3, 178.3, 178.3, 178.3, 104, 0.0
2021-05-24 08:47:00, 178.33, 178.33, 178.305, 178.305, 200, 0.0
2021-05-24 08:49:00, 178.4, 178.4, 178.4, 178.4, 675, 0.0
2021-05-24 08:50:00, 178.44, 178.44, 178.42, 178.42, 348, 0.0
2021-05-24 08:51:00, 178.45, 178.45, 178.44, 178.44, 302, 0.0
2021-05-24 08:52:00, 178.4, 178.41, 178.4, 178.41, 312, 0.0
2021-05-24 08:58:00, 178.23, 178.23, 178.23, 178.23, 125, 0.0
2021-05-24 09:09:00, 178.39, 178.39, 178.39, 178.39, 133, 0.0
2021-05-24 09:12:00, 178.33, 178.33, 178.33, 178.33, 200, 0.0
2021-05-24 09:14:00, 178.36, 178.36, 178.36, 178.36, 100, 0.0
2021-05-24 09:15:00, 178.345, 178.44, 178.34, 178.43, 845, 0.0
2021-05-24 09:16:00, 178.445, 178.445, 178.405, 178.42, 433, 0.0
2021-05-24 09:17:00, 178.39, 178.39, 178.39, 178.39, 100, 0.0
2021-05-24 09:29:00, 178.41, 178.41, 178.41, 178.41, 100, 0.0
2021-05-24 09:36:00, 178.45, 178.45, 178.45, 178.45, 100, 0.0
2021-05-24 09:43:00, 178.49, 178.49, 178.49, 178.49, 200, 0.0
2021-05-24 09:44:00, 178.58, 178.58, 178.58, 178.58, 100, 0.0
2021-05-24 09:45:00, 178.59, 178.59, 178.59, 178.59, 110, 0.0
2021-05-24 09:50:00, 178.675, 178.675, 178.675, 178.675, 264, 0.0
2021-05-24 09:51:00, 178.68, 178.68, 178.68, 178.68, 151, 0.0
2021-05-24 09:53:00, 178.67, 178.67, 178.67, 178.67, 100, 0.0
2021-05-24 09:55:00, 178.7, 178.7, 178.7, 178.7, 100, 0.0
2021-05-24 09:56:00, 178.655, 178.655, 178.655, 178.655, 122, 0.0
2021-05-24 09:57:00, 178.68, 178.68, 178.68, 178.68, 100, 0.0
2021-05-24 10:00:00, 178.61, 178.61, 178.59, 178.59, 200, 0.0
2021-05-24 10:08:00, 178.625, 178.625, 178.625, 178.625, 120, 0.0
2021-05-24 10:11:00, 178.58, 178.58, 178.56, 178.56, 204, 0.0
2021-05-24 10:15:00, 178.45, 178.45, 178.45, 178.45, 300, 0.0
2021-05-24 10:23:00, 178.54, 178.54, 178.53, 178.53, 217, 0.0
2021-05-24 10:29:00, 178.55, 178.55, 178.55, 178.55, 100, 0.0
2021-05-24 10:31:00, 178.65, 178.655, 178.65, 178.655, 200, 0.0
2021-05-24 10:35:00, 178.6, 178.6, 178.6, 178.6, 200, 0.0
2021-05-24 10:41:00, 178.57, 178.57, 178.57, 178.57, 169, 0.0
2021-05-24 10:42:00, 178.61, 178.61, 178.61, 178.61, 149, 0.0
2021-05-24 10:44:00, 178.62, 178.62, 178.62, 178.62, 133, 0.0
2021-05-24 10:45:00, 178.58, 178.58, 178.58, 178.58, 200, 0.0
2021-05-24 10:50:00, 178.545, 178.545, 178.52, 178.52, 217, 0.0
2021-05-24 10:51:00, 178.49, 178.49, 178.49, 178.49, 100, 0.0
2021-05-24 10:57:00, 178.53, 178.53, 178.53, 178.53, 200, 0.0
2021-05-24 11:00:00, 178.5, 178.5, 178.49, 178.49, 200, 0.0
2021-05-24 11:08:00, 178.5, 178.5, 178.47, 178.47, 303, 0.0
2021-05-24 11:10:00, 178.44, 178.44, 178.43, 178.43, 243, 0.0
2021-05-24 11:12:00, 178.425, 178.425, 178.425, 178.425, 100, 0.0
2021-05-24 11:18:00, 178.43, 178.43, 178.43, 178.43, 133, 0.0
2021-05-24 11:19:00, 178.41, 178.41, 178.41, 178.41, 100, 0.0
2021-05-24 11:22:00, 178.4, 178.4, 178.4, 178.4, 233, 0.0
2021-05-24 11:23:00, 178.31, 178.31, 178.31, 178.31, 100, 0.0
2021-05-24 11:24:00, 178.27, 178.27, 178.27, 178.27, 140, 0.0
2021-05-24 11:27:00, 178.22, 178.22, 178.22, 178.22, 100, 0.0
2021-05-24 11:30:00, 178.21, 178.21, 178.21, 178.21, 100, 0.0
2021-05-24 11:31:00, 178.24, 178.24, 178.24, 178.24, 100, 0.0
2021-05-24 11:40:00, 178.26, 178.26, 178.26, 178.26, 300, 0.0
2021-05-24 11:42:00, 178.21, 178.21, 178.21, 178.21, 100, 0.0
2021-05-24 11:43:00, 178.23, 178.23, 178.23, 178.23, 100, 0.0
2021-05-24 11:46:00, 178.28, 178.28, 178.28, 178.28, 100, 0.0
2021-05-24 11:49:00, 178.29, 178.29, 178.29, 178.29, 202, 0.0
2021-05-24 11:51:00, 178.26, 178.27, 178.26, 178.27, 233, 0.0
2021-05-24 11:54:00, 178.3, 178.3, 178.3, 178.3, 100, 0.0
2021-05-24 11:57:00, 178.3, 178.3, 178.3, 178.3, 100, 0.0
2021-05-24 12:00:00, 178.26, 178.26, 178.26, 178.26, 100, 0.0
2021-05-24 12:01:00, 178.24, 178.24, 178.24, 178.24, 100, 0.0
2021-05-24 12:03:00, 178.26, 178.26, 178.26, 178.26, 133, 0.0
2021-05-24 12:07:00, 178.29, 178.29, 178.29, 178.29, 133, 0.0
2021-05-24 12:08:00, 178.27, 178.27, 178.27, 178.27, 100, 0.0
2021-05-24 12:15:00, 178.27, 178.27, 178.27, 178.27, 200, 0.0
2021-05-24 12:18:00, 178.24, 178.24, 178.24, 178.24, 100, 0.0
2021-05-24 12:19:00, 178.24, 178.24, 178.24, 178.24, 207, 0.0
2021-05-24 12:32:00, 178.29, 178.29, 178.29, 178.29, 133, 0.0
2021-05-24 12:36:00, 178.29, 178.29, 178.28, 178.28, 201, 0.0
2021-05-24 12:46:00, 178.34, 178.34, 178.34, 178.34, 100, 0.0
2021-05-24 13:03:00, 178.39, 178.39, 178.39, 178.39, 134, 0.0
2021-05-24 13:06:00, 178.37, 178.37, 178.36, 178.36, 202, 0.0
2021-05-24 13:07:00, 178.32, 178.32, 178.32, 178.32, 133, 0.0
2021-05-24 13:20:00, 178.36, 178.36, 178.36, 178.36, 133, 0.0
2021-05-24 13:26:00, 178.34, 178.34, 178.34, 178.34, 102, 0.0
2021-05-24 13:29:00, 178.32, 178.32, 178.32, 178.32, 100, 0.0
2021-05-24 13:30:00, 178.37, 178.37, 178.37, 178.37, 202, 0.0
2021-05-24 13:32:00, 178.35, 178.35, 178.35, 178.35, 100, 0.0
2021-05-24 13:33:00, 178.34, 178.34, 178.34, 178.34, 100, 0.0
2021-05-24 13:35:00, 178.34, 178.34, 178.32, 178.32, 200, 0.0
2021-05-24 13:36:00, 178.32, 178.32, 178.32, 178.32, 100, 0.0
2021-05-24 13:37:00, 178.34, 178.34, 178.3, 178.3, 220, 0.0
2021-05-24 13:40:00, 178.34, 178.34, 178.34, 178.34, 133, 0.0
2021-05-24 13:43:00, 178.33, 178.33, 178.33, 178.33, 100, 0.0
2021-05-24 13:45:00, 178.32, 178.32, 178.32, 178.32, 200, 0.0
2021-05-24 13:58:00, 178.39, 178.39, 178.39, 178.39, 106, 0.0
2021-05-24 14:04:00, 178.43, 178.43, 178.43, 178.43, 213, 0.0
2021-05-24 14:06:00, 178.44, 178.44, 178.44, 178.44, 111, 0.0
2021-05-24 14:09:00, 178.43, 178.43, 178.43, 178.43, 200, 0.0
2021-05-24 14:10:00, 178.45, 178.45, 178.45, 178.45, 200, 0.0
2021-05-24 14:12:00, 178.46, 178.46, 178.43, 178.43, 200, 0.0
2021-05-24 14:13:00, 178.38, 178.38, 178.38, 178.38, 200, 0.0
2021-05-24 14:14:00, 178.41, 178.41, 178.41, 178.41, 133, 0.0
2021-05-24 14:18:00, 178.42, 178.42, 178.42, 178.42, 100, 0.0
2021-05-24 14:20:00, 178.37, 178.37, 178.37, 178.37, 100, 0.0
2021-05-24 14:21:00, 178.355, 178.355, 178.34, 178.34, 302, 0.0
2021-05-24 14:25:00, 178.34, 178.34, 178.305, 178.305, 300, 0.0
2021-05-24 14:28:00, 178.31, 178.31, 178.31, 178.31, 175, 0.0
2021-05-24 14:30:00, 178.31, 178.31, 178.29, 178.29, 333, 0.0
2021-05-24 14:31:00, 178.22, 178.22, 178.22, 178.22, 132, 0.0
2021-05-24 14:36:00, 178.27, 178.27, 178.27, 178.27, 392, 0.0
2021-05-24 14:38:00, 178.27, 178.27, 178.27, 178.27, 160, 0.0
2021-05-24 14:39:00, 178.24, 178.24, 178.22, 178.22, 230, 0.0
2021-05-24 14:40:00, 178.21, 178.21, 178.21, 178.21, 104, 0.0
2021-05-24 14:43:00, 178.23, 178.23, 178.21, 178.22, 300, 0.0
2021-05-24 14:44:00, 178.2, 178.21, 178.2, 178.21, 200, 0.0
2021-05-24 14:45:00, 178.2, 178.2, 178.15, 178.15, 433, 0.0
2021-05-24 14:49:00, 178.21, 178.21, 178.21, 178.21, 101, 0.0
2021-05-24 14:50:00, 178.19, 178.22, 178.19, 178.22, 596, 0.0
2021-05-24 14:51:00, 178.2, 178.2, 178.2, 178.2, 218, 0.0
2021-05-24 14:53:00, 178.25, 178.25, 178.22, 178.22, 366, 0.0
2021-05-24 14:54:00, 178.25, 178.25, 178.2, 178.2, 421, 0.0
2021-05-24 14:55:00, 178.17, 178.17, 178.17, 178.17, 163, 0.0
2021-05-24 14:56:00, 178.12, 178.12, 178.12, 178.12, 190, 0.0
2021-05-24 14:57:00, 178.14, 178.14, 178.12, 178.12, 772, 0.0
2021-05-24 14:58:00, 178.08, 178.09, 178.07, 178.09, 417, 0.0
2021-05-24 14:59:00, 178, 178.04, 178, 178.04, 321, 0.0
2021-05-25 08:31:00, 177.6, 177.6, 177.6, 177.6, 233, 0.0
2021-05-25 08:35:00, 177.67, 177.67, 177.67, 177.67, 400, 0.0
2021-05-25 08:40:00, 177.54, 177.54, 177.54, 177.54, 100, 0.0
2021-05-25 08:41:00, 177.53, 177.53, 177.53, 177.53, 102, 0.0
2021-05-25 08:42:00, 177.59, 177.59, 177.53, 177.53, 469, 0.0
2021-05-25 08:43:00, 177.54, 177.54, 177.54, 177.54, 133, 0.0
2021-05-25 08:46:00, 177.48, 177.48, 177.48, 177.48, 107, 0.0
2021-05-25 08:47:00, 177.44, 177.44, 177.44, 177.44, 101, 0.0
2021-05-25 08:49:00, 177.215, 177.215, 177.215, 177.215, 233, 0.0
2021-05-25 08:50:00, 177.12, 177.18, 177.12, 177.18, 532, 0.0
2021-05-25 08:55:00, 177.18, 177.18, 177.14, 177.14, 702, 0.0
2021-05-25 08:56:00, 177.16, 177.17, 177.16, 177.17, 1002, 0.0
2021-05-25 09:03:00, 177.26, 177.26, 177.26, 177.26, 106, 0.0
2021-05-25 09:15:00, 177.08, 177.08, 177.08, 177.08, 113, 0.0
2021-05-25 09:32:00, 177.03, 177.03, 177.03, 177.03, 147, 0.0
2021-05-25 09:43:00, 177.13, 177.14, 177.13, 177.14, 233, 0.0
2021-05-25 09:44:00, 177.13, 177.13, 177.13, 177.13, 117, 0.0
2021-05-25 09:45:00, 177.15, 177.15, 177.15, 177.15, 120, 0.0
2021-05-25 09:48:00, 177.18, 177.18, 177.18, 177.18, 172, 0.0
2021-05-25 09:57:00, 177.08, 177.08, 177.08, 177.08, 133, 0.0
2021-05-25 10:01:00, 177.06, 177.15, 177.06, 177.15, 200, 0.0
2021-05-25 10:15:00, 177.27, 177.32, 177.27, 177.32, 716, 0.0
2021-05-25 10:40:00, 177.41, 177.41, 177.41, 177.41, 100, 0.0
2021-05-25 10:46:00, 177.345, 177.38, 177.345, 177.38, 200, 0.0
2021-05-25 10:52:00, 177.21, 177.21, 177.21, 177.21, 100, 0.0
2021-05-25 10:54:00, 177.21, 177.21, 177.21, 177.21, 177, 0.0
2021-05-25 10:55:00, 177.21, 177.21, 177.21, 177.21, 300, 0.0
2021-05-25 10:57:00, 177.24, 177.24, 177.24, 177.24, 296, 0.0
2021-05-25 10:58:00, 177.23, 177.23, 177.23, 177.23, 300, 0.0
2021-05-25 10:59:00, 177.23, 177.23, 177.21, 177.21, 626, 0.0
2021-05-25 11:02:00, 177.2, 177.2, 177.18, 177.18, 300, 0.0
2021-05-25 11:04:00, 177.06, 177.06, 177.06, 177.06, 210, 0.0
2021-05-25 11:07:00, 177, 177.05, 177, 177.03, 1002, 0.0
2021-05-25 11:09:00, 177.005, 177.01, 177.005, 177.01, 267, 0.0
2021-05-25 11:13:00, 177.02, 177.02, 177.02, 177.02, 200, 0.0
2021-05-25 11:16:00, 177.11, 177.11, 177.11, 177.11, 100, 0.0
2021-05-25 11:18:00, 177.1, 177.11, 177.1, 177.11, 319, 0.0
2021-05-25 11:21:00, 177.07, 177.07, 177.07, 177.07, 100, 0.0
2021-05-25 11:23:00, 177.1, 177.1, 177.1, 177.1, 200, 0.0
2021-05-25 11:24:00, 177.11, 177.11, 177.11, 177.11, 200, 0.0
2021-05-25 11:27:00, 177.06, 177.06, 177.06, 177.06, 176, 0.0
2021-05-25 11:28:00, 177.04, 177.04, 177.04, 177.04, 100, 0.0
2021-05-25 11:33:00, 177.1, 177.1, 177.1, 177.1, 100, 0.0
2021-05-25 11:36:00, 177.04, 177.04, 177.04, 177.04, 112, 0.0
2021-05-25 11:53:00, 177.05, 177.06, 177.05, 177.06, 200, 0.0
2021-05-25 11:58:00, 177.06, 177.06, 177.06, 177.06, 401, 0.0
2021-05-25 12:06:00, 176.92, 176.92, 176.92, 176.92, 289, 0.0
2021-05-25 12:24:00, 177.1, 177.11, 177.1, 177.11, 433, 0.0
2021-05-25 12:25:00, 177.1, 177.1, 177.1, 177.1, 100, 0.0
2021-05-25 12:26:00, 177.1, 177.11, 177.065, 177.065, 725, 0.0
2021-05-25 12:28:00, 177.08, 177.08, 177.08, 177.08, 194, 0.0
2021-05-25 12:32:00, 177.16, 177.16, 177.16, 177.16, 200, 0.0
2021-05-25 12:34:00, 177.2, 177.2, 177.2, 177.2, 100, 0.0
2021-05-25 12:36:00, 177.195, 177.195, 177.195, 177.195, 125, 0.0
2021-05-25 12:38:00, 177.2, 177.2, 177.2, 177.2, 238, 0.0
2021-05-25 12:41:00, 177.05, 177.05, 177.05, 177.05, 160, 0.0
2021-05-25 12:42:00, 177.1, 177.1, 177.1, 177.1, 100, 0.0
2021-05-25 12:49:00, 177.03, 177.03, 177.03, 177.03, 311, 0.0
2021-05-25 12:52:00, 177.02, 177.02, 177.02, 177.02, 100, 0.0
2021-05-25 12:54:00, 177.02, 177.02, 177, 177, 208, 0.0
2021-05-25 12:59:00, 177.01, 177.01, 177.01, 177.01, 103, 0.0
2021-05-25 13:03:00, 176.96, 176.96, 176.96, 176.96, 135, 0.0
2021-05-25 13:07:00, 176.95, 176.95, 176.95, 176.95, 133, 0.0
2021-05-25 13:08:00, 176.95, 176.95, 176.95, 176.95, 100, 0.0
2021-05-25 13:09:00, 176.945, 176.945, 176.945, 176.945, 100, 0.0
2021-05-25 13:13:00, 176.94, 176.95, 176.94, 176.94, 339, 0.0
2021-05-25 13:14:00, 176.92, 176.92, 176.92, 176.92, 135, 0.0
2021-05-25 13:19:00, 176.9, 176.9, 176.9, 176.9, 133, 0.0
2021-05-25 13:21:00, 176.84, 176.84, 176.83, 176.83, 331, 0.0
2021-05-25 13:22:00, 176.82, 176.82, 176.82, 176.82, 100, 0.0
2021-05-25 13:24:00, 176.81, 176.81, 176.79, 176.79, 300, 0.0
2021-05-25 13:25:00, 176.8, 176.8, 176.8, 176.8, 140, 0.0
2021-05-25 13:38:00, 176.92, 176.92, 176.92, 176.92, 104, 0.0
2021-05-25 13:48:00, 176.9, 176.9, 176.9, 176.9, 134, 0.0
2021-05-25 13:49:00, 176.92, 176.92, 176.92, 176.92, 103, 0.0
2021-05-25 13:50:00, 176.94, 176.94, 176.94, 176.94, 102, 0.0
2021-05-25 13:52:00, 176.95, 176.95, 176.94, 176.94, 323, 0.0
2021-05-25 13:54:00, 176.95, 176.95, 176.95, 176.95, 106, 0.0
2021-05-25 13:55:00, 176.95, 176.95, 176.95, 176.95, 103, 0.0
2021-05-25 13:56:00, 176.96, 176.96, 176.96, 176.96, 153, 0.0
2021-05-25 13:57:00, 176.92, 176.95, 176.92, 176.95, 312, 0.0
2021-05-25 14:00:00, 176.86, 176.86, 176.86, 176.86, 303, 0.0
2021-05-25 14:06:00, 176.94, 176.94, 176.94, 176.94, 101, 0.0
2021-05-25 14:16:00, 177.02, 177.02, 177.02, 177.02, 133, 0.0
2021-05-25 14:28:00, 177.1, 177.1, 177.1, 177.1, 100, 0.0
2021-05-25 14:29:00, 177.09, 177.09, 177.09, 177.09, 127, 0.0
2021-05-25 14:32:00, 177.07, 177.07, 177.07, 177.07, 122, 0.0
2021-05-25 14:36:00, 177.04, 177.04, 177.04, 177.04, 117, 0.0
2021-05-25 14:38:00, 177.05, 177.05, 177.05, 177.05, 147, 0.0
2021-05-25 14:41:00, 177.09, 177.09, 177.09, 177.09, 267, 0.0
2021-05-25 14:43:00, 177.08, 177.08, 177.06, 177.06, 249, 0.0
2021-05-25 14:44:00, 177.04, 177.07, 177.04, 177.07, 215, 0.0
2021-05-25 14:46:00, 177.135, 177.135, 177.12, 177.12, 200, 0.0
2021-05-25 14:50:00, 177.07, 177.07, 177.07, 177.07, 504, 0.0
2021-05-25 14:51:00, 176.99, 176.99, 176.94, 176.94, 260, 0.0
2021-05-25 14:52:00, 177.01, 177.01, 177.01, 177.01, 201, 0.0
2021-05-25 14:53:00, 177.01, 177.01, 177.01, 177.01, 165, 0.0
2021-05-25 14:54:00, 176.94, 176.98, 176.94, 176.98, 406, 0.0
2021-05-25 14:55:00, 177.02, 177.02, 177.02, 177.02, 194, 0.0
2021-05-25 14:57:00, 177.04, 177.04, 177.04, 177.04, 189, 0.0
2021-05-25 14:59:00, 177.09, 177.14, 177.09, 177.14, 619, 0.0
2021-05-26 08:30:00, 177.175, 177.45, 177.175, 177.45, 621, 0.0
2021-05-26 08:31:00, 177.7, 177.7, 177.6, 177.6, 322, 0.0
2021-05-26 08:32:00, 177.705, 177.705, 177.705, 177.705, 641, 0.0
2021-05-26 08:33:00, 177.78, 177.86, 177.77, 177.77, 1546, 0.0
2021-05-26 08:34:00, 177.76, 177.76, 177.76, 177.76, 197, 0.0
2021-05-26 08:40:00, 177.33, 177.33, 177.33, 177.33, 326, 0.0
2021-05-26 08:42:00, 177.21, 177.21, 177.21, 177.21, 287, 0.0
2021-05-26 08:43:00, 177.19, 177.19, 177.19, 177.19, 167, 0.0
2021-05-26 08:46:00, 177.07, 177.07, 177.07, 177.07, 188, 0.0
2021-05-26 08:47:00, 176.99, 176.99, 176.99, 176.99, 268, 0.0
2021-05-26 08:51:00, 176.89, 176.89, 176.89, 176.89, 100, 0.0
2021-05-26 08:54:00, 176.89, 176.89, 176.89, 176.89, 190, 0.0
2021-05-26 08:56:00, 176.74, 176.74, 176.74, 176.74, 131, 0.0
2021-05-26 09:02:00, 176.7, 176.71, 176.7, 176.7, 300, 0.0
2021-05-26 09:05:00, 176.67, 176.67, 176.67, 176.67, 173, 0.0
2021-05-26 09:06:00, 176.67, 176.67, 176.67, 176.67, 155, 0.0
2021-05-26 09:09:00, 176.67, 176.67, 176.67, 176.67, 134, 0.0
2021-05-26 09:10:00, 176.71, 176.71, 176.71, 176.71, 244, 0.0
2021-05-26 09:29:00, 176.81, 176.81, 176.81, 176.81, 100, 0.0
2021-05-26 09:31:00, 176.84, 176.84, 176.84, 176.84, 105, 0.0
2021-05-26 09:33:00, 176.885, 176.885, 176.885, 176.885, 233, 0.0
2021-05-26 09:37:00, 176.755, 176.755, 176.755, 176.755, 200, 0.0
2021-05-26 09:57:00, 176.81, 176.81, 176.81, 176.81, 100, 0.0
2021-05-26 09:59:00, 176.77, 176.77, 176.77, 176.77, 100, 0.0
2021-05-26 10:11:00, 176.69, 176.69, 176.69, 176.69, 233, 0.0
2021-05-26 10:13:00, 176.65, 176.65, 176.65, 176.65, 167, 0.0
2021-05-26 10:27:00, 176.62, 176.62, 176.62, 176.62, 100, 0.0
2021-05-26 10:31:00, 176.57, 176.57, 176.57, 176.57, 100, 0.0
2021-05-26 10:34:00, 176.55, 176.55, 176.55, 176.55, 200, 0.0
2021-05-26 10:41:00, 176.52, 176.52, 176.52, 176.52, 385, 0.0
