Date, Open, High, Low, Close, Volume, Open Interest
2021-05-18 11:20:00, 175.27, 175.36, 175.27, 175.36, 201, 0.0
2021-05-18 11:25:00, 175.37, 175.43, 175.37, 175.43, 411, 0.0
2021-05-18 11:30:00, 175.38, 175.41, 175.38, 175.41, 301, 0.0
2021-05-18 11:35:00, 175.4, 175.43, 175.39, 175.43, 570, 0.0
2021-05-18 11:40:00, 175.435, 175.44, 175.435, 175.44, 400, 0.0
2021-05-18 11:45:00, 175.42, 175.42, 175.42, 175.42, 234, 0.0
2021-05-18 11:50:00, 175.445, 175.52, 175.445, 175.5, 612, 0.0
2021-05-18 11:55:00, 175.51, 175.51, 175.44, 175.44, 800, 0.0
2021-05-18 12:00:00, 175.45, 175.51, 175.445, 175.5, 701, 0.0
2021-05-18 12:05:00, 175.48, 175.48, 175.41, 175.41, 710, 0.0
2021-05-18 12:10:00, 175.4, 175.4, 175.39, 175.39, 200, 0.0
2021-05-18 12:15:00, 175.43, 175.43, 175.39, 175.39, 1671, 0.0
2021-05-18 12:20:00, 175.39, 175.4, 175.39, 175.4, 925, 0.0
2021-05-18 12:25:00, 175.37, 175.39, 175.35, 175.39, 593, 0.0
2021-05-18 12:30:00, 175.415, 175.415, 175.4, 175.41, 1111, 0.0
2021-05-18 12:35:00, 175.415, 175.415, 175.41, 175.41, 333, 0.0
2021-05-18 12:40:00, 175.4, 175.46, 175.4, 175.46, 499, 0.0
2021-05-18 12:45:00, 175.44, 175.44, 175.39, 175.42, 433, 0.0
2021-05-18 12:50:00, 175.41, 175.41, 175.4, 175.4, 200, 0.0
2021-05-18 12:55:00, 175.42, 175.42, 175.41, 175.41, 204, 0.0
2021-05-18 13:00:00, 175.4, 175.4, 175.36, 175.36, 500, 0.0
2021-05-18 13:05:00, 175.39, 175.39, 175.38, 175.38, 300, 0.0
2021-05-18 13:15:00, 175.4, 175.4, 175.37, 175.37, 300, 0.0
2021-05-18 13:20:00, 175.36, 175.36, 175.34, 175.34, 200, 0.0
2021-05-18 13:25:00, 175.33, 175.34, 175.26, 175.26, 780, 0.0
2021-05-18 13:30:00, 175.22, 175.23, 175.19, 175.19, 753, 0.0
2021-05-18 13:35:00, 175.19, 175.23, 175.18, 175.23, 452, 0.0
2021-05-18 13:40:00, 175.22, 175.22, 175.12, 175.12, 595, 0.0
2021-05-18 13:45:00, 175.13, 175.19, 175.12, 175.14, 593, 0.0
2021-05-18 13:50:00, 175.18, 175.2, 175.12, 175.13, 1422, 0.0
2021-05-18 13:55:00, 175.12, 175.12, 175.08, 175.11, 364, 0.0
2021-05-18 14:00:00, 175.19, 175.21, 175.12, 175.13, 3784, 0.0
2021-05-18 14:05:00, 175.12, 175.14, 175.1, 175.14, 578, 0.0
2021-05-18 14:10:00, 175.16, 175.22, 175.16, 175.22, 238, 0.0
2021-05-18 14:15:00, 175.19, 175.19, 175.15, 175.15, 333, 0.0
2021-05-18 14:20:00, 175.19, 175.2, 175.18, 175.18, 350, 0.0
2021-05-18 14:25:00, 175.22, 175.23, 175.21, 175.22, 466, 0.0
2021-05-18 14:35:00, 175.35, 175.35, 175.35, 175.35, 266, 0.0
2021-05-18 14:40:00, 175.36, 175.37, 175.35, 175.35, 644, 0.0
2021-05-18 14:45:00, 175.39, 175.39, 175.16, 175.2, 2240, 0.0
2021-05-18 14:50:00, 175.1, 175.15, 175, 175.08, 4374, 0.0
2021-05-18 14:55:00, 175.05, 175.13, 174.89, 174.92, 7292, 0.0
2021-05-19 08:30:00, 174.99, 175.14, 174.73, 174.97, 4982, 0.0
2021-05-19 08:35:00, 174.85, 174.96, 174.8, 174.83, 1397, 0.0
2021-05-19 08:40:00, 175, 175.12, 174.97, 175.1, 3116, 0.0
2021-05-19 08:45:00, 175.01, 175.04, 174.95, 174.95, 1164, 0.0
2021-05-19 08:50:00, 175, 175.275, 175, 175.275, 1090, 0.0
2021-05-19 08:55:00, 175.29, 175.325, 175.17, 175.19, 638, 0.0
2021-05-19 09:00:00, 175.16, 175.16, 175.05, 175.05, 270, 0.0
2021-05-19 09:05:00, 175.03, 175.16, 175.03, 175.125, 734, 0.0
2021-05-19 09:10:00, 175.1, 175.12, 175, 175.045, 1000, 0.0
2021-05-19 09:15:00, 174.94, 174.94, 174.94, 174.94, 133, 0.0
2021-05-19 09:20:00, 174.89, 174.9, 174.89, 174.9, 200, 0.0
2021-05-19 09:25:00, 175.01, 175.04, 174.98, 175.035, 2602, 0.0
2021-05-19 09:30:00, 175.035, 175.07, 174.91, 174.91, 4848, 0.0
2021-05-19 09:35:00, 175.04, 175.11, 174.98, 174.98, 975, 0.0
2021-05-19 09:40:00, 174.84, 174.84, 174.78, 174.78, 528, 0.0
2021-05-19 09:50:00, 175.07, 175.07, 175.025, 175.025, 525, 0.0
2021-05-19 09:55:00, 174.92, 174.92, 174.83, 174.83, 384, 0.0
2021-05-19 10:00:00, 174.78, 174.86, 174.77, 174.82, 775, 0.0
2021-05-19 10:05:00, 174.91, 174.91, 174.91, 174.91, 234, 0.0
2021-05-19 10:10:00, 175.01, 175.01, 175.01, 175.01, 100, 0.0
2021-05-19 10:15:00, 175.04, 175.07, 175, 175.06, 917, 0.0
2021-05-19 10:20:00, 175.09, 175.25, 175.09, 175.25, 526, 0.0
2021-05-19 10:25:00, 175.13, 175.13, 175.13, 175.13, 143, 0.0
2021-05-19 10:30:00, 175.2, 175.39, 175.2, 175.39, 448, 0.0
2021-05-19 10:35:00, 175.33, 175.34, 175.3, 175.3, 732, 0.0
2021-05-19 10:40:00, 175.27, 175.27, 175.18, 175.18, 250, 0.0
2021-05-19 10:45:00, 175.1, 175.1, 175, 175, 317, 0.0
2021-05-19 10:50:00, 175.01, 175.03, 175.01, 175.03, 200, 0.0
2021-05-19 10:55:00, 175.07, 175.07, 175.02, 175.02, 300, 0.0
2021-05-19 11:00:00, 175.03, 175.06, 175.02, 175.03, 663, 0.0
2021-05-19 11:05:00, 175.06, 175.06, 175.06, 175.06, 147, 0.0
2021-05-19 11:10:00, 175.05, 175.13, 175.05, 175.07, 1300, 0.0
2021-05-19 11:25:00, 175.115, 175.115, 175.1, 175.1, 300, 0.0
2021-05-19 11:30:00, 175.05, 175.05, 175.05, 175.05, 200, 0.0
2021-05-19 11:35:00, 175.1, 175.12, 175.07, 175.12, 600, 0.0
2021-05-19 11:40:00, 175.1, 175.1, 175.07, 175.07, 466, 0.0
2021-05-19 11:45:00, 175.05, 175.1, 175.05, 175.1, 345, 0.0
2021-05-19 11:50:00, 175.06, 175.06, 175.06, 175.06, 133, 0.0
2021-05-19 11:55:00, 175.11, 175.12, 175.05, 175.05, 613, 0.0
2021-05-19 12:00:00, 175.09, 175.09, 175.05, 175.06, 337, 0.0
2021-05-19 12:05:00, 175.04, 175.1, 175.04, 175.07, 568, 0.0
2021-05-19 12:10:00, 175.26, 175.26, 175.22, 175.22, 258, 0.0
2021-05-19 12:15:00, 175.24, 175.26, 175.24, 175.26, 500, 0.0
2021-05-19 12:20:00, 175.22, 175.22, 175.19, 175.22, 301, 0.0
2021-05-19 12:25:00, 175.15, 175.15, 175.15, 175.15, 333, 0.0
2021-05-19 12:30:00, 175.18, 175.19, 175.18, 175.19, 300, 0.0
2021-05-19 12:35:00, 175.16, 175.22, 175.11, 175.22, 733, 0.0
2021-05-19 12:40:00, 175.25, 175.3, 175.25, 175.3, 200, 0.0
2021-05-19 12:45:00, 175.27, 175.27, 175.27, 175.27, 100, 0.0
2021-05-19 12:50:00, 175.35, 175.35, 175.35, 175.35, 100, 0.0
2021-05-19 12:55:00, 175.4, 175.4, 175.27, 175.27, 699, 0.0
2021-05-19 13:00:00, 175.37, 175.37, 175.19, 175.19, 433, 0.0
2021-05-19 13:05:00, 175.01, 175.02, 174.94, 174.94, 733, 0.0
2021-05-19 13:10:00, 175.02, 175.02, 174.97, 174.97, 522, 0.0
2021-05-19 13:15:00, 175.01, 175.03, 175, 175.03, 394, 0.0
2021-05-19 13:20:00, 175.43, 175.46, 175.38, 175.38, 434, 0.0
2021-05-19 13:25:00, 175.38, 175.41, 175.38, 175.41, 300, 0.0
2021-05-19 13:30:00, 175.34, 175.34, 175.34, 175.34, 162, 0.0
2021-05-19 13:35:00, 175.29, 175.29, 175.29, 175.29, 100, 0.0
2021-05-19 13:40:00, 175.26, 175.26, 175.2, 175.2, 366, 0.0
2021-05-19 13:45:00, 175.18, 175.18, 175.07, 175.11, 635, 0.0
2021-05-19 13:50:00, 175.09, 175.09, 175.06, 175.08, 534, 0.0
2021-05-19 13:55:00, 175.09, 175.21, 175.09, 175.21, 470, 0.0
2021-05-19 14:00:00, 175.11, 175.13, 175.06, 175.06, 546, 0.0
2021-05-19 14:05:00, 175.245, 175.285, 175.23, 175.28, 2358, 0.0
2021-05-19 14:10:00, 175.28, 175.37, 175.26, 175.37, 1617, 0.0
2021-05-19 14:15:00, 175.33, 175.37, 175.33, 175.36, 691, 0.0
2021-05-19 14:20:00, 175.32, 175.32, 175.25, 175.27, 1076, 0.0
2021-05-19 14:25:00, 175.27, 175.27, 175.21, 175.26, 735, 0.0
2021-05-19 14:30:00, 175.2, 175.2, 175.15, 175.15, 1070, 0.0
2021-05-19 14:35:00, 175.18, 175.18, 175.11, 175.11, 776, 0.0
2021-05-19 14:40:00, 175.13, 175.22, 175.12, 175.18, 4723, 0.0
2021-05-19 14:45:00, 175.16, 175.19, 175.15, 175.19, 1104, 0.0
2021-05-19 14:50:00, 175.27, 175.49, 175.27, 175.43, 6816, 0.0
2021-05-19 14:55:00, 175.48, 175.52, 175.43, 175.46, 3977, 0.0
2021-05-20 08:30:00, 176.46, 176.94, 176.46, 176.94, 1898, 0.0
2021-05-20 08:35:00, 176.92, 177.04, 176.9, 177.04, 716, 0.0
2021-05-20 08:40:00, 176.96, 177.3, 176.96, 177.24, 809, 0.0
2021-05-20 08:45:00, 177.38, 177.39, 177.34, 177.34, 384, 0.0
2021-05-20 09:00:00, 177.6, 177.6, 177.6, 177.6, 266, 0.0
2021-05-20 09:05:00, 177.5, 177.59, 177.5, 177.59, 201, 0.0
2021-05-20 09:10:00, 177.61, 177.63, 177.6, 177.63, 500, 0.0
2021-05-20 09:15:00, 177.79, 177.79, 177.64, 177.64, 234, 0.0
2021-05-20 09:20:00, 177.62, 177.7, 177.605, 177.7, 1109, 0.0
2021-05-20 09:30:00, 177.75, 177.75, 177.69, 177.72, 655, 0.0
2021-05-20 09:35:00, 177.64, 177.64, 177.53, 177.56, 404, 0.0
2021-05-20 09:40:00, 177.67, 177.67, 177.59, 177.59, 669, 0.0
2021-05-20 09:45:00, 177.64, 177.64, 177.6, 177.6, 247, 0.0
2021-05-20 09:50:00, 177.76, 177.76, 177.74, 177.74, 382, 0.0
2021-05-20 09:55:00, 177.78, 177.81, 177.78, 177.81, 333, 0.0
2021-05-20 10:00:00, 177.86, 177.86, 177.86, 177.86, 100, 0.0
2021-05-20 10:05:00, 177.92, 177.94, 177.89, 177.92, 2292, 0.0
2021-05-20 10:15:00, 177.8, 177.8, 177.8, 177.8, 100, 0.0
2021-05-20 10:20:00, 177.84, 177.9, 177.79, 177.9, 433, 0.0
2021-05-20 10:25:00, 177.93, 177.96, 177.93, 177.96, 200, 0.0
2021-05-20 10:30:00, 178.26, 178.26, 178.26, 178.26, 150, 0.0
2021-05-20 10:35:00, 178.16, 178.16, 178.16, 178.16, 210, 0.0
2021-05-20 10:40:00, 178.31, 178.31, 178.31, 178.31, 101, 0.0
2021-05-20 10:45:00, 178.4, 178.47, 178.4, 178.46, 381, 0.0
2021-05-20 10:50:00, 178.4, 178.4, 178.4, 178.4, 100, 0.0
2021-05-20 10:55:00, 178.45, 178.45, 178.35, 178.35, 549, 0.0
2021-05-20 11:00:00, 178.36, 178.36, 178.36, 178.36, 133, 0.0
2021-05-20 11:05:00, 178.34, 178.34, 178.34, 178.34, 110, 0.0
2021-05-20 11:10:00, 178.34, 178.35, 178.3, 178.3, 585, 0.0
2021-05-20 11:15:00, 178.18, 178.18, 178.18, 178.18, 142, 0.0
2021-05-20 11:20:00, 178.24, 178.24, 178.23, 178.23, 426, 0.0
2021-05-20 11:25:00, 178.17, 178.23, 178.17, 178.23, 253, 0.0
2021-05-20 11:30:00, 178.21, 178.21, 178.21, 178.21, 100, 0.0
2021-05-20 11:35:00, 178.085, 178.085, 177.97, 178.05, 700, 0.0
2021-05-20 11:40:00, 178.01, 178.01, 177.94, 177.94, 447, 0.0
2021-05-20 11:45:00, 178.01, 178.04, 178.01, 178.04, 247, 0.0
2021-05-20 11:50:00, 177.96, 177.96, 177.96, 177.96, 194, 0.0
2021-05-20 11:55:00, 178, 178, 177.99, 177.99, 203, 0.0
2021-05-20 12:00:00, 178, 178, 178, 178, 100, 0.0
2021-05-20 12:15:00, 178.02, 178.02, 178.01, 178.01, 472, 0.0
2021-05-20 12:20:00, 178.01, 178.01, 178.01, 178.01, 100, 0.0
2021-05-20 12:25:00, 177.97, 177.98, 177.97, 177.98, 301, 0.0
2021-05-20 12:30:00, 178.02, 178.02, 178.02, 178.02, 100, 0.0
2021-05-20 12:35:00, 178, 178, 177.91, 177.91, 992, 0.0
2021-05-20 12:40:00, 177.92, 177.93, 177.92, 177.93, 611, 0.0
2021-05-20 12:45:00, 177.81, 177.81, 177.81, 177.81, 100, 0.0
2021-05-20 12:50:00, 177.85, 177.88, 177.82, 177.83, 789, 0.0
2021-05-20 12:55:00, 177.8, 177.8, 177.8, 177.8, 100, 0.0
2021-05-20 13:00:00, 177.88, 177.94, 177.88, 177.94, 302, 0.0
2021-05-20 13:05:00, 178.02, 178.02, 177.96, 177.96, 200, 0.0
2021-05-20 13:10:00, 177.91, 177.91, 177.91, 177.91, 162, 0.0
2021-05-20 13:15:00, 177.92, 177.92, 177.87, 177.87, 433, 0.0
2021-05-20 13:25:00, 177.94, 177.98, 177.94, 177.98, 200, 0.0
2021-05-20 13:30:00, 177.97, 177.97, 177.86, 177.86, 759, 0.0
2021-05-20 13:35:00, 177.97, 177.97, 177.91, 177.91, 305, 0.0
2021-05-20 13:40:00, 178.01, 178.04, 178.01, 178.03, 358, 0.0
2021-05-20 13:45:00, 178.05, 178.05, 178.05, 178.05, 100, 0.0
2021-05-20 13:50:00, 178.06, 178.06, 178.06, 178.06, 200, 0.0
2021-05-20 13:55:00, 178.15, 178.15, 178.1, 178.1, 258, 0.0
2021-05-20 14:00:00, 178.12, 178.12, 178.12, 178.12, 100, 0.0
2021-05-20 14:05:00, 178.08, 178.08, 178.08, 178.08, 101, 0.0
2021-05-20 14:20:00, 178.15, 178.19, 178.15, 178.19, 441, 0.0
2021-05-20 14:25:00, 178.17, 178.18, 178.17, 178.18, 201, 0.0
2021-05-20 14:30:00, 178.2, 178.2, 178.1, 178.1, 719, 0.0
2021-05-20 14:35:00, 178.14, 178.14, 178.12, 178.14, 400, 0.0
2021-05-20 14:40:00, 178.11, 178.15, 178.09, 178.14, 788, 0.0
2021-05-20 14:45:00, 178.18, 178.18, 178.12, 178.15, 767, 0.0
2021-05-20 14:50:00, 178.09, 178.4, 177.99, 178.31, 4957, 0.0
2021-05-20 14:55:00, 178.27, 178.42, 178.27, 178.355, 3746, 0.0
2021-05-21 08:30:00, 178.39, 178.65, 178.39, 178.44, 810, 0.0
2021-05-21 08:35:00, 178.35, 178.35, 178.035, 178.23, 1202, 0.0
2021-05-21 08:40:00, 178.22, 178.26, 178.22, 178.26, 200, 0.0
2021-05-21 08:45:00, 178.22, 178.22, 177.37, 177.84, 6556, 0.0
2021-05-21 08:50:00, 177.8, 177.94, 177.8, 177.94, 600, 0.0
2021-05-21 08:55:00, 177.93, 178.01, 177.87, 178.01, 988, 0.0
2021-05-21 09:00:00, 177.92, 177.92, 177.88, 177.88, 1496, 0.0
2021-05-21 09:05:00, 177.88, 177.95, 177.83, 177.95, 732, 0.0
2021-05-21 09:10:00, 177.98, 178.1, 177.98, 178.1, 492, 0.0
2021-05-21 09:15:00, 178.24, 178.24, 178.24, 178.24, 100, 0.0
2021-05-21 09:20:00, 178.31, 178.34, 178.31, 178.34, 300, 0.0
2021-05-21 09:25:00, 178.25, 178.25, 178.25, 178.25, 102, 0.0
2021-05-21 09:40:00, 177.875, 177.885, 177.875, 177.885, 333, 0.0
2021-05-21 09:50:00, 178, 178, 177.895, 177.895, 264, 0.0
2021-05-21 10:00:00, 177.84, 177.84, 177.84, 177.84, 104, 0.0
2021-05-21 10:05:00, 177.96, 177.96, 177.96, 177.96, 100, 0.0
2021-05-21 10:10:00, 178.02, 178.02, 178.02, 178.02, 133, 0.0
2021-05-21 10:15:00, 178.06, 178.06, 178.06, 178.06, 133, 0.0
2021-05-21 10:20:00, 178.04, 178.04, 178.04, 178.04, 100, 0.0
2021-05-21 10:25:00, 177.96, 177.96, 177.95, 177.95, 384, 0.0
2021-05-21 10:30:00, 178.045, 178.13, 178.045, 178.13, 457, 0.0
2021-05-21 10:35:00, 178.16, 178.16, 177.97, 178.09, 1204, 0.0
2021-05-21 10:40:00, 178.07, 178.07, 178, 178.03, 530, 0.0
2021-05-21 10:45:00, 177.98, 178.04, 177.96, 178.04, 1272, 0.0
2021-05-21 10:50:00, 177.99, 178.04, 177.99, 178.04, 677, 0.0
2021-05-21 10:55:00, 177.91, 178.06, 177.91, 178.06, 290, 0.0
2021-05-21 11:00:00, 178.08, 178.21, 178.08, 178.21, 1134, 0.0
2021-05-21 11:05:00, 178.28, 178.28, 178.03, 178.03, 400, 0.0
2021-05-21 11:10:00, 178.04, 178.055, 178.01, 178.055, 655, 0.0
2021-05-21 11:15:00, 177.99, 177.99, 177.99, 177.99, 200, 0.0
2021-05-21 11:20:00, 177.98, 178.03, 177.94, 178.03, 373, 0.0
2021-05-21 11:25:00, 177.97, 177.97, 177.97, 177.97, 100, 0.0
2021-05-21 11:30:00, 177.94, 177.94, 177.92, 177.92, 438, 0.0
2021-05-21 11:35:00, 177.93, 177.93, 177.93, 177.93, 250, 0.0
2021-05-21 11:40:00, 177.98, 177.98, 177.89, 177.89, 500, 0.0
2021-05-21 11:45:00, 177.92, 177.92, 177.87, 177.9, 962, 0.0
2021-05-21 11:50:00, 177.88, 177.88, 177.83, 177.83, 950, 0.0
2021-05-21 11:55:00, 177.765, 177.82, 177.755, 177.82, 956, 0.0
2021-05-21 12:00:00, 177.82, 177.85, 177.82, 177.84, 361, 0.0
2021-05-21 12:15:00, 177.83, 177.83, 177.73, 177.76, 1302, 0.0
2021-05-21 12:30:00, 177.99, 177.99, 177.99, 177.99, 101, 0.0
2021-05-21 12:35:00, 178, 178.07, 177.99, 178.07, 507, 0.0
2021-05-21 12:40:00, 178.08, 178.08, 178.08, 178.08, 138, 0.0
2021-05-21 12:55:00, 177.88, 177.88, 177.82, 177.82, 237, 0.0
2021-05-21 13:00:00, 177.81, 177.85, 177.81, 177.85, 1196, 0.0
2021-05-21 13:05:00, 177.85, 177.86, 177.81, 177.86, 321, 0.0
2021-05-21 13:10:00, 177.96, 177.96, 177.96, 177.96, 146, 0.0
2021-05-21 13:15:00, 177.96, 177.98, 177.96, 177.98, 267, 0.0
2021-05-21 13:20:00, 177.91, 177.96, 177.91, 177.96, 234, 0.0
2021-05-21 13:25:00, 177.92, 177.92, 177.9, 177.9, 266, 0.0
2021-05-21 13:30:00, 177.895, 177.9, 177.895, 177.9, 702, 0.0
2021-05-21 13:35:00, 177.955, 178, 177.955, 177.99, 537, 0.0
2021-05-21 13:40:00, 177.99, 178, 177.99, 178, 202, 0.0
2021-05-21 13:50:00, 177.95, 177.95, 177.95, 177.95, 172, 0.0
2021-05-21 13:55:00, 177.94, 177.94, 177.92, 177.92, 733, 0.0
2021-05-21 14:00:00, 177.92, 177.92, 177.91, 177.91, 379, 0.0
2021-05-21 14:05:00, 177.92, 177.92, 177.9, 177.9, 200, 0.0
2021-05-21 14:10:00, 177.835, 177.835, 177.835, 177.835, 200, 0.0
2021-05-21 14:20:00, 177.87, 177.88, 177.85, 177.86, 885, 0.0
2021-05-21 14:25:00, 177.91, 177.91, 177.91, 177.91, 134, 0.0
2021-05-21 14:30:00, 177.79, 177.79, 177.76, 177.76, 400, 0.0
2021-05-21 14:35:00, 177.73, 177.73, 177.73, 177.73, 262, 0.0
2021-05-21 14:40:00, 177.73, 177.73, 177.7, 177.7, 234, 0.0
2021-05-21 14:45:00, 177.66, 177.76, 177.66, 177.74, 858, 0.0
2021-05-21 14:50:00, 177.7, 177.75, 177.57, 177.62, 3235, 0.0
2021-05-21 14:55:00, 177.66, 177.73, 177.62, 177.69, 2613, 0.0
2021-05-24 08:30:00, 178.055, 178.41, 178.055, 178.305, 1053, 0.0
2021-05-24 08:35:00, 178.32, 178.32, 178.32, 178.32, 100, 0.0
2021-05-24 08:40:00, 178.3, 178.3, 178.3, 178.3, 104, 0.0
2021-05-24 08:45:00, 178.33, 178.4, 178.305, 178.4, 875, 0.0
2021-05-24 08:50:00, 178.44, 178.45, 178.4, 178.41, 962, 0.0
2021-05-24 08:55:00, 178.23, 178.23, 178.23, 178.23, 125, 0.0
2021-05-24 09:05:00, 178.39, 178.39, 178.39, 178.39, 133, 0.0
2021-05-24 09:10:00, 178.33, 178.36, 178.33, 178.36, 300, 0.0
2021-05-24 09:15:00, 178.345, 178.445, 178.34, 178.39, 1378, 0.0
2021-05-24 09:25:00, 178.41, 178.41, 178.41, 178.41, 100, 0.0
2021-05-24 09:35:00, 178.45, 178.45, 178.45, 178.45, 100, 0.0
2021-05-24 09:40:00, 178.49, 178.58, 178.49, 178.58, 300, 0.0
2021-05-24 09:45:00, 178.59, 178.59, 178.59, 178.59, 110, 0.0
2021-05-24 09:50:00, 178.675, 178.68, 178.67, 178.67, 515, 0.0
2021-05-24 09:55:00, 178.7, 178.7, 178.655, 178.68, 322, 0.0
2021-05-24 10:00:00, 178.61, 178.61, 178.59, 178.59, 200, 0.0
2021-05-24 10:05:00, 178.625, 178.625, 178.625, 178.625, 120, 0.0
2021-05-24 10:10:00, 178.58, 178.58, 178.56, 178.56, 204, 0.0
2021-05-24 10:15:00, 178.45, 178.45, 178.45, 178.45, 300, 0.0
2021-05-24 10:20:00, 178.54, 178.54, 178.53, 178.53, 217, 0.0
2021-05-24 10:25:00, 178.55, 178.55, 178.55, 178.55, 100, 0.0
2021-05-24 10:30:00, 178.65, 178.655, 178.65, 178.655, 200, 0.0
2021-05-24 10:35:00, 178.6, 178.6, 178.6, 178.6, 200, 0.0
2021-05-24 10:40:00, 178.57, 178.62, 178.57, 178.62, 451, 0.0
2021-05-24 10:45:00, 178.58, 178.58, 178.58, 178.58, 200, 0.0
2021-05-24 10:50:00, 178.545, 178.545, 178.49, 178.49, 317, 0.0
2021-05-24 10:55:00, 178.53, 178.53, 178.53, 178.53, 200, 0.0
2021-05-24 11:00:00, 178.5, 178.5, 178.49, 178.49, 200, 0.0
2021-05-24 11:05:00, 178.5, 178.5, 178.47, 178.47, 303, 0.0
2021-05-24 11:10:00, 178.44, 178.44, 178.425, 178.425, 343, 0.0
2021-05-24 11:15:00, 178.43, 178.43, 178.41, 178.41, 233, 0.0
2021-05-24 11:20:00, 178.4, 178.4, 178.27, 178.27, 473, 0.0
2021-05-24 11:25:00, 178.22, 178.22, 178.22, 178.22, 100, 0.0
2021-05-24 11:30:00, 178.21, 178.24, 178.21, 178.24, 200, 0.0
2021-05-24 11:40:00, 178.26, 178.26, 178.21, 178.23, 500, 0.0
2021-05-24 11:45:00, 178.28, 178.29, 178.28, 178.29, 302, 0.0
2021-05-24 11:50:00, 178.26, 178.3, 178.26, 178.3, 333, 0.0
2021-05-24 11:55:00, 178.3, 178.3, 178.3, 178.3, 100, 0.0
2021-05-24 12:00:00, 178.26, 178.26, 178.24, 178.26, 333, 0.0
2021-05-24 12:05:00, 178.29, 178.29, 178.27, 178.27, 233, 0.0
2021-05-24 12:15:00, 178.27, 178.27, 178.24, 178.24, 507, 0.0
2021-05-24 12:30:00, 178.29, 178.29, 178.29, 178.29, 133, 0.0
2021-05-24 12:35:00, 178.29, 178.29, 178.28, 178.28, 201, 0.0
2021-05-24 12:45:00, 178.34, 178.34, 178.34, 178.34, 100, 0.0
2021-05-24 13:00:00, 178.39, 178.39, 178.39, 178.39, 134, 0.0
2021-05-24 13:05:00, 178.37, 178.37, 178.32, 178.32, 335, 0.0
2021-05-24 13:20:00, 178.36, 178.36, 178.36, 178.36, 133, 0.0
2021-05-24 13:25:00, 178.34, 178.34, 178.32, 178.32, 202, 0.0
2021-05-24 13:30:00, 178.37, 178.37, 178.34, 178.34, 402, 0.0
2021-05-24 13:35:00, 178.34, 178.34, 178.3, 178.3, 520, 0.0
2021-05-24 13:40:00, 178.34, 178.34, 178.33, 178.33, 233, 0.0
2021-05-24 13:45:00, 178.32, 178.32, 178.32, 178.32, 200, 0.0
2021-05-24 13:55:00, 178.39, 178.39, 178.39, 178.39, 106, 0.0
2021-05-24 14:00:00, 178.43, 178.43, 178.43, 178.43, 213, 0.0
2021-05-24 14:05:00, 178.44, 178.44, 178.43, 178.43, 311, 0.0
2021-05-24 14:10:00, 178.45, 178.46, 178.38, 178.41, 733, 0.0
2021-05-24 14:15:00, 178.42, 178.42, 178.42, 178.42, 100, 0.0
2021-05-24 14:20:00, 178.37, 178.37, 178.34, 178.34, 402, 0.0
2021-05-24 14:25:00, 178.34, 178.34, 178.305, 178.31, 475, 0.0
2021-05-24 14:30:00, 178.31, 178.31, 178.22, 178.22, 465, 0.0
2021-05-24 14:35:00, 178.27, 178.27, 178.22, 178.22, 782, 0.0
2021-05-24 14:40:00, 178.21, 178.23, 178.2, 178.21, 604, 0.0
2021-05-24 14:45:00, 178.2, 178.21, 178.15, 178.21, 534, 0.0
2021-05-24 14:50:00, 178.19, 178.25, 178.19, 178.2, 1601, 0.0
2021-05-24 14:55:00, 178.17, 178.17, 178, 178.04, 1863, 0.0
2021-05-25 08:30:00, 177.6, 177.6, 177.6, 177.6, 233, 0.0
2021-05-25 08:35:00, 177.67, 177.67, 177.67, 177.67, 400, 0.0
2021-05-25 08:40:00, 177.54, 177.59, 177.53, 177.54, 804, 0.0
2021-05-25 08:45:00, 177.48, 177.48, 177.215, 177.215, 441, 0.0
2021-05-25 08:50:00, 177.12, 177.18, 177.12, 177.18, 532, 0.0
2021-05-25 08:55:00, 177.18, 177.18, 177.14, 177.17, 1704, 0.0
2021-05-25 09:00:00, 177.26, 177.26, 177.26, 177.26, 106, 0.0
2021-05-25 09:15:00, 177.08, 177.08, 177.08, 177.08, 113, 0.0
2021-05-25 09:30:00, 177.03, 177.03, 177.03, 177.03, 147, 0.0
2021-05-25 09:40:00, 177.13, 177.14, 177.13, 177.13, 350, 0.0
2021-05-25 09:45:00, 177.15, 177.18, 177.15, 177.18, 292, 0.0
2021-05-25 09:55:00, 177.08, 177.08, 177.08, 177.08, 133, 0.0
2021-05-25 10:00:00, 177.06, 177.15, 177.06, 177.15, 200, 0.0
2021-05-25 10:15:00, 177.27, 177.32, 177.27, 177.32, 716, 0.0
2021-05-25 10:40:00, 177.41, 177.41, 177.41, 177.41, 100, 0.0
2021-05-25 10:45:00, 177.345, 177.38, 177.345, 177.38, 200, 0.0
2021-05-25 10:50:00, 177.21, 177.21, 177.21, 177.21, 277, 0.0
2021-05-25 10:55:00, 177.21, 177.24, 177.21, 177.21, 1522, 0.0
2021-05-25 11:00:00, 177.2, 177.2, 177.06, 177.06, 510, 0.0
2021-05-25 11:05:00, 177, 177.05, 177, 177.01, 1269, 0.0
2021-05-25 11:10:00, 177.02, 177.02, 177.02, 177.02, 200, 0.0
2021-05-25 11:15:00, 177.11, 177.11, 177.1, 177.11, 419, 0.0
2021-05-25 11:20:00, 177.07, 177.11, 177.07, 177.11, 500, 0.0
2021-05-25 11:25:00, 177.06, 177.06, 177.04, 177.04, 276, 0.0
2021-05-25 11:30:00, 177.1, 177.1, 177.1, 177.1, 100, 0.0
2021-05-25 11:35:00, 177.04, 177.04, 177.04, 177.04, 112, 0.0
2021-05-25 11:50:00, 177.05, 177.06, 177.05, 177.06, 200, 0.0
2021-05-25 11:55:00, 177.06, 177.06, 177.06, 177.06, 401, 0.0
2021-05-25 12:05:00, 176.92, 176.92, 176.92, 176.92, 289, 0.0
2021-05-25 12:20:00, 177.1, 177.11, 177.1, 177.11, 433, 0.0
2021-05-25 12:25:00, 177.1, 177.11, 177.065, 177.08, 1019, 0.0
2021-05-25 12:30:00, 177.16, 177.2, 177.16, 177.2, 300, 0.0
2021-05-25 12:35:00, 177.195, 177.2, 177.195, 177.2, 363, 0.0
2021-05-25 12:40:00, 177.05, 177.1, 177.05, 177.1, 260, 0.0
2021-05-25 12:45:00, 177.03, 177.03, 177.03, 177.03, 311, 0.0
2021-05-25 12:50:00, 177.02, 177.02, 177, 177, 308, 0.0
2021-05-25 12:55:00, 177.01, 177.01, 177.01, 177.01, 103, 0.0
2021-05-25 13:00:00, 176.96, 176.96, 176.96, 176.96, 135, 0.0
2021-05-25 13:05:00, 176.95, 176.95, 176.945, 176.945, 333, 0.0
2021-05-25 13:10:00, 176.94, 176.95, 176.92, 176.92, 474, 0.0
2021-05-25 13:15:00, 176.9, 176.9, 176.9, 176.9, 133, 0.0
2021-05-25 13:20:00, 176.84, 176.84, 176.79, 176.79, 731, 0.0
2021-05-25 13:25:00, 176.8, 176.8, 176.8, 176.8, 140, 0.0
2021-05-25 13:35:00, 176.92, 176.92, 176.92, 176.92, 104, 0.0
2021-05-25 13:45:00, 176.9, 176.92, 176.9, 176.92, 237, 0.0
2021-05-25 13:50:00, 176.94, 176.95, 176.94, 176.95, 531, 0.0
2021-05-25 13:55:00, 176.95, 176.96, 176.92, 176.95, 568, 0.0
2021-05-25 14:00:00, 176.86, 176.86, 176.86, 176.86, 303, 0.0
2021-05-25 14:05:00, 176.94, 176.94, 176.94, 176.94, 101, 0.0
2021-05-25 14:15:00, 177.02, 177.02, 177.02, 177.02, 133, 0.0
2021-05-25 14:25:00, 177.1, 177.1, 177.09, 177.09, 227, 0.0
2021-05-25 14:30:00, 177.07, 177.07, 177.07, 177.07, 122, 0.0
2021-05-25 14:35:00, 177.04, 177.05, 177.04, 177.05, 264, 0.0
2021-05-25 14:40:00, 177.09, 177.09, 177.04, 177.07, 731, 0.0
2021-05-25 14:45:00, 177.135, 177.135, 177.12, 177.12, 200, 0.0
2021-05-25 14:50:00, 177.07, 177.07, 176.94, 176.98, 1536, 0.0
2021-05-25 14:55:00, 177.02, 177.14, 177.02, 177.14, 1002, 0.0
2021-05-26 08:30:00, 177.175, 177.86, 177.175, 177.76, 3327, 0.0
2021-05-26 08:40:00, 177.33, 177.33, 177.19, 177.19, 780, 0.0
2021-05-26 08:45:00, 177.07, 177.07, 176.99, 176.99, 456, 0.0
2021-05-26 08:50:00, 176.89, 176.89, 176.89, 176.89, 290, 0.0
2021-05-26 08:55:00, 176.74, 176.74, 176.74, 176.74, 131, 0.0
2021-05-26 09:00:00, 176.7, 176.71, 176.7, 176.7, 300, 0.0
2021-05-26 09:05:00, 176.67, 176.67, 176.67, 176.67, 462, 0.0
2021-05-26 09:10:00, 176.71, 176.71, 176.71, 176.71, 244, 0.0
2021-05-26 09:25:00, 176.81, 176.81, 176.81, 176.81, 100, 0.0
2021-05-26 09:30:00, 176.84, 176.885, 176.84, 176.885, 338, 0.0
2021-05-26 09:35:00, 176.755, 176.755, 176.755, 176.755, 200, 0.0
2021-05-26 09:55:00, 176.81, 176.81, 176.77, 176.77, 200, 0.0
2021-05-26 10:10:00, 176.69, 176.69, 176.65, 176.65, 400, 0.0
2021-05-26 10:25:00, 176.62, 176.62, 176.62, 176.62, 100, 0.0
2021-05-26 10:30:00, 176.57, 176.57, 176.55, 176.55, 300, 0.0
2021-05-26 10:40:00, 176.52, 176.52, 176.52, 176.52, 385, 0.0
