Date, Open, High, Low, Close, Volume, Open Interest
2021-05-14 10:41:00, 169.25, 169.305, 169.25, 169.28, 435, 0.0
2021-05-14 10:44:00, 169.41, 169.41, 169.36, 169.36, 300, 0.0
2021-05-14 10:45:00, 169.39, 169.39, 169.39, 169.39, 105, 0.0
2021-05-14 10:47:00, 169.33, 169.33, 169.33, 169.33, 111, 0.0
2021-05-14 10:51:00, 169.07, 169.07, 169.07, 169.07, 100, 0.0
2021-05-14 10:53:00, 169.16, 169.16, 169.16, 169.16, 130, 0.0
2021-05-14 10:57:00, 169.15, 169.15, 169.14, 169.14, 200, 0.0
2021-05-14 10:58:00, 169.1, 169.1, 169.1, 169.1, 219, 0.0
2021-05-14 11:02:00, 169.13, 169.13, 169.13, 169.13, 100, 0.0
2021-05-14 11:03:00, 169.22, 169.22, 169.22, 169.22, 101, 0.0
2021-05-14 11:04:00, 169.29, 169.29, 169.29, 169.29, 118, 0.0
2021-05-14 11:05:00, 169.31, 169.31, 169.31, 169.31, 100, 0.0
2021-05-14 11:06:00, 169.355, 169.355, 169.355, 169.355, 100, 0.0
2021-05-14 11:09:00, 169.41, 169.41, 169.41, 169.41, 100, 0.0
2021-05-14 11:14:00, 169.06, 169.06, 169.06, 169.06, 115, 0.0
2021-05-14 11:18:00, 168.89, 168.89, 168.89, 168.89, 141, 0.0
2021-05-14 11:26:00, 168.37, 168.37, 168.37, 168.37, 128, 0.0
2021-05-14 11:27:00, 168.38, 168.38, 168.38, 168.38, 100, 0.0
2021-05-14 11:30:00, 168.36, 168.56, 168.36, 168.56, 240, 0.0
2021-05-14 11:32:00, 168.525, 168.57, 168.525, 168.57, 208, 0.0
2021-05-14 11:33:00, 168.8, 168.8, 168.775, 168.775, 262, 0.0
2021-05-14 11:35:00, 168.85, 168.85, 168.85, 168.85, 426, 0.0
2021-05-14 11:43:00, 168.75, 168.75, 168.75, 168.75, 106, 0.0
2021-05-14 11:47:00, 168.67, 168.67, 168.67, 168.67, 100, 0.0
2021-05-14 11:50:00, 168.52, 168.52, 168.5, 168.505, 300, 0.0
2021-05-14 11:59:00, 168.64, 168.64, 168.64, 168.64, 122, 0.0
2021-05-14 12:00:00, 168.55, 168.55, 168.485, 168.52, 560, 0.0
2021-05-14 12:04:00, 168.43, 168.43, 168.43, 168.43, 150, 0.0
2021-05-14 12:06:00, 168.465, 168.465, 168.45, 168.45, 200, 0.0
2021-05-14 12:07:00, 168.45, 168.475, 168.45, 168.475, 226, 0.0
2021-05-14 12:10:00, 168.46, 168.47, 168.45, 168.47, 439, 0.0
2021-05-14 12:14:00, 168.4, 168.41, 168.4, 168.41, 261, 0.0
2021-05-14 12:18:00, 168.49, 168.49, 168.49, 168.49, 100, 0.0
2021-05-14 12:19:00, 168.585, 168.585, 168.585, 168.585, 100, 0.0
2021-05-14 12:21:00, 168.59, 168.635, 168.59, 168.635, 300, 0.0
2021-05-14 12:22:00, 168.64, 168.64, 168.64, 168.64, 100, 0.0
2021-05-14 12:25:00, 168.61, 168.65, 168.61, 168.65, 302, 0.0
2021-05-14 12:27:00, 168.69, 168.69, 168.69, 168.69, 151, 0.0
2021-05-14 12:30:00, 168.88, 168.88, 168.88, 168.88, 233, 0.0
2021-05-14 12:34:00, 168.925, 168.925, 168.925, 168.925, 100, 0.0
2021-05-14 12:42:00, 169.07, 169.08, 169.07, 169.08, 433, 0.0
2021-05-14 12:45:00, 168.98, 168.98, 168.98, 168.98, 116, 0.0
2021-05-14 12:47:00, 168.96, 168.96, 168.96, 168.96, 165, 0.0
2021-05-14 12:48:00, 168.95, 169.03, 168.95, 169.03, 229, 0.0
2021-05-14 12:49:00, 169.13, 169.13, 169.13, 169.13, 163, 0.0
2021-05-14 12:56:00, 168.9, 168.9, 168.9, 168.9, 400, 0.0
2021-05-14 12:59:00, 169.13, 169.16, 169.13, 169.16, 233, 0.0
2021-05-14 13:09:00, 168.97, 168.98, 168.97, 168.98, 208, 0.0
2021-05-14 13:11:00, 169.05, 169.05, 169.05, 169.05, 133, 0.0
2021-05-14 13:14:00, 169.04, 169.04, 169.04, 169.04, 100, 0.0
2021-05-14 13:19:00, 168.85, 168.85, 168.85, 168.85, 622, 0.0
2021-05-14 13:20:00, 168.87, 168.87, 168.87, 168.87, 103, 0.0
2021-05-14 13:21:00, 168.97, 168.97, 168.97, 168.97, 200, 0.0
2021-05-14 13:27:00, 168.97, 168.97, 168.97, 168.97, 100, 0.0
2021-05-14 13:30:00, 168.89, 168.89, 168.89, 168.89, 100, 0.0
2021-05-14 13:31:00, 168.94, 168.94, 168.94, 168.94, 100, 0.0
2021-05-14 13:33:00, 168.98, 168.98, 168.98, 168.98, 134, 0.0
2021-05-14 13:36:00, 168.81, 168.81, 168.78, 168.78, 802, 0.0
2021-05-14 13:37:00, 168.755, 168.755, 168.755, 168.755, 111, 0.0
2021-05-14 13:41:00, 168.79, 168.79, 168.79, 168.79, 159, 0.0
2021-05-14 13:43:00, 168.77, 168.81, 168.77, 168.81, 252, 0.0
2021-05-14 13:46:00, 168.82, 168.82, 168.82, 168.82, 154, 0.0
2021-05-14 13:47:00, 168.87, 168.905, 168.87, 168.905, 354, 0.0
2021-05-14 13:51:00, 168.93, 168.98, 168.93, 168.98, 747, 0.0
2021-05-14 13:52:00, 169.04, 169.04, 169.04, 169.04, 121, 0.0
2021-05-14 13:53:00, 169.11, 169.11, 169.11, 169.11, 100, 0.0
2021-05-14 13:56:00, 169.185, 169.21, 169.18, 169.21, 317, 0.0
2021-05-14 13:57:00, 169.23, 169.23, 169.22, 169.22, 300, 0.0
2021-05-14 13:58:00, 169.265, 169.265, 169.265, 169.265, 220, 0.0
2021-05-14 13:59:00, 169.35, 169.35, 169.35, 169.35, 226, 0.0
2021-05-14 14:00:00, 169.325, 169.325, 169.325, 169.325, 198, 0.0
2021-05-14 14:01:00, 169.325, 169.325, 169.325, 169.325, 240, 0.0
2021-05-14 14:02:00, 169.34, 169.34, 169.34, 169.34, 100, 0.0
2021-05-14 14:04:00, 169.35, 169.355, 169.35, 169.355, 343, 0.0
2021-05-14 14:06:00, 169.4, 169.4, 169.39, 169.39, 210, 0.0
2021-05-14 14:07:00, 169.49, 169.49, 169.49, 169.49, 101, 0.0
2021-05-14 14:08:00, 169.46, 169.49, 169.46, 169.46, 439, 0.0
2021-05-14 14:09:00, 169.49, 169.55, 169.49, 169.55, 261, 0.0
2021-05-14 14:10:00, 169.57, 169.57, 169.57, 169.57, 101, 0.0
2021-05-14 14:12:00, 169.61, 169.61, 169.61, 169.61, 118, 0.0
2021-05-14 14:13:00, 169.465, 169.465, 169.465, 169.465, 150, 0.0
2021-05-14 14:14:00, 169.535, 169.59, 169.535, 169.59, 403, 0.0
2021-05-14 14:15:00, 169.65, 169.65, 169.65, 169.65, 105, 0.0
2021-05-14 14:16:00, 169.64, 169.64, 169.64, 169.64, 105, 0.0
2021-05-14 14:18:00, 169.665, 169.665, 169.665, 169.665, 100, 0.0
2021-05-14 14:19:00, 169.67, 169.67, 169.67, 169.67, 119, 0.0
2021-05-14 14:20:00, 169.68, 169.68, 169.67, 169.67, 200, 0.0
2021-05-14 14:21:00, 169.69, 169.79, 169.69, 169.79, 207, 0.0
2021-05-14 14:27:00, 169.6, 169.6, 169.6, 169.6, 184, 0.0
2021-05-14 14:29:00, 169.68, 169.69, 169.68, 169.69, 370, 0.0
2021-05-14 14:32:00, 169.28, 169.28, 169.28, 169.28, 157, 0.0
2021-05-14 14:33:00, 169.26, 169.26, 169.26, 169.26, 106, 0.0
2021-05-14 14:34:00, 169.29, 169.29, 169.29, 169.29, 111, 0.0
2021-05-14 14:36:00, 169.195, 169.195, 169.195, 169.195, 100, 0.0
2021-05-14 14:39:00, 169.14, 169.14, 169.14, 169.14, 100, 0.0
2021-05-14 14:43:00, 169.21, 169.215, 169.21, 169.215, 507, 0.0
2021-05-14 14:44:00, 169.33, 169.335, 169.33, 169.335, 300, 0.0
2021-05-14 14:45:00, 169.33, 169.33, 169.33, 169.33, 200, 0.0
2021-05-14 14:46:00, 169.28, 169.39, 169.28, 169.39, 586, 0.0
2021-05-14 14:47:00, 169.37, 169.4, 169.37, 169.4, 717, 0.0
2021-05-14 14:48:00, 169.42, 169.42, 169.42, 169.42, 700, 0.0
2021-05-14 14:49:00, 169.4, 169.55, 169.39, 169.55, 403, 0.0
2021-05-14 14:50:00, 169.52, 169.61, 169.52, 169.61, 1219, 0.0
2021-05-14 14:51:00, 169.65, 169.65, 169.59, 169.64, 666, 0.0
2021-05-14 14:52:00, 169.67, 169.72, 169.66, 169.7, 1092, 0.0
2021-05-14 14:53:00, 169.71, 169.71, 169.68, 169.68, 443, 0.0
2021-05-14 14:54:00, 169.71, 169.81, 169.71, 169.71, 2050, 0.0
2021-05-14 14:55:00, 169.585, 169.585, 169.55, 169.55, 323, 0.0
2021-05-14 14:56:00, 169.52, 169.6, 169.47, 169.58, 1452, 0.0
2021-05-14 14:57:00, 169.49, 169.51, 169.47, 169.47, 2445, 0.0
2021-05-14 14:58:00, 169.52, 169.53, 169.45, 169.45, 1788, 0.0
2021-05-14 14:59:00, 169.52, 169.55, 169.52, 169.55, 584, 0.0
2021-05-17 08:31:00, 167.74, 167.74, 167.74, 167.74, 151, 0.0
2021-05-17 08:37:00, 168.28, 168.28, 168.28, 168.28, 295, 0.0
2021-05-17 08:40:00, 168, 168, 168, 168, 227, 0.0
2021-05-17 08:41:00, 167.51, 167.58, 167.51, 167.58, 503, 0.0
2021-05-17 08:54:00, 166.92, 166.92, 166.92, 166.92, 115, 0.0
2021-05-17 09:00:00, 166.86, 166.98, 166.86, 166.98, 254, 0.0
2021-05-17 09:01:00, 166.92, 166.92, 166.92, 166.92, 100, 0.0
2021-05-17 09:05:00, 167.46, 167.46, 167.46, 167.46, 321, 0.0
2021-05-17 09:07:00, 167.94, 167.94, 167.94, 167.94, 311, 0.0
2021-05-17 09:12:00, 167.39, 167.39, 167.39, 167.39, 118, 0.0
2021-05-17 09:14:00, 167.56, 167.56, 167.56, 167.56, 149, 0.0
2021-05-17 09:21:00, 167.52, 167.52, 167.52, 167.52, 200, 0.0
2021-05-17 09:23:00, 167.94, 167.94, 167.87, 167.87, 336, 0.0
2021-05-17 09:27:00, 167.27, 167.27, 167.27, 167.27, 124, 0.0
2021-05-17 09:28:00, 167.48, 167.48, 167.48, 167.48, 110, 0.0
2021-05-17 09:29:00, 167.48, 167.48, 167.215, 167.215, 258, 0.0
2021-05-17 09:33:00, 166.64, 166.64, 166.64, 166.64, 113, 0.0
2021-05-17 09:35:00, 166.7, 166.75, 166.68, 166.75, 341, 0.0
2021-05-17 09:37:00, 167.12, 167.12, 167.11, 167.11, 235, 0.0
2021-05-17 09:42:00, 167.39, 167.39, 167.39, 167.39, 100, 0.0
2021-05-17 09:48:00, 167.44, 167.47, 167.405, 167.47, 585, 0.0
2021-05-17 09:50:00, 167.795, 167.795, 167.795, 167.795, 160, 0.0
2021-05-17 09:51:00, 167.935, 168.05, 167.91, 168.05, 440, 0.0
2021-05-17 09:52:00, 167.95, 167.95, 167.95, 167.95, 274, 0.0
2021-05-17 09:54:00, 167.87, 168, 167.87, 168, 428, 0.0
2021-05-17 09:55:00, 168.04, 168.04, 167.98, 167.98, 210, 0.0
2021-05-17 09:56:00, 167.9, 167.94, 167.9, 167.94, 203, 0.0
2021-05-17 09:58:00, 167.93, 167.93, 167.815, 167.815, 342, 0.0
2021-05-17 10:00:00, 167.98, 167.98, 167.98, 167.98, 110, 0.0
2021-05-17 10:01:00, 167.635, 167.635, 167.62, 167.62, 545, 0.0
2021-05-17 10:03:00, 167.47, 167.47, 167.45, 167.45, 490, 0.0
2021-05-17 10:05:00, 167.62, 167.81, 167.62, 167.81, 223, 0.0
2021-05-17 10:08:00, 168.05, 168.05, 167.77, 167.77, 480, 0.0
2021-05-17 10:10:00, 167.555, 167.555, 167.42, 167.42, 200, 0.0
2021-05-17 10:11:00, 167.52, 167.61, 167.52, 167.61, 249, 0.0
2021-05-17 10:12:00, 167.83, 167.83, 167.72, 167.72, 204, 0.0
2021-05-17 10:18:00, 167.97, 167.97, 167.97, 167.97, 248, 0.0
2021-05-17 10:19:00, 167.82, 167.82, 167.76, 167.76, 338, 0.0
2021-05-17 10:20:00, 167.99, 167.99, 167.99, 167.99, 100, 0.0
2021-05-17 10:21:00, 167.915, 167.955, 167.915, 167.955, 400, 0.0
2021-05-17 10:22:00, 167.865, 167.92, 167.865, 167.92, 200, 0.0
2021-05-17 10:23:00, 168.01, 168.01, 168.01, 168.01, 102, 0.0
2021-05-17 10:24:00, 167.9, 168.1, 167.9, 168.1, 500, 0.0
2021-05-17 10:25:00, 167.89, 167.89, 167.89, 167.89, 140, 0.0
2021-05-17 10:26:00, 167.805, 167.805, 167.805, 167.805, 100, 0.0
2021-05-17 10:28:00, 167.585, 167.585, 167.58, 167.58, 320, 0.0
2021-05-17 10:29:00, 167.76, 167.76, 167.76, 167.76, 105, 0.0
2021-05-17 10:32:00, 167.77, 167.77, 167.77, 167.77, 225, 0.0
2021-05-17 10:35:00, 167.89, 167.89, 167.89, 167.89, 229, 0.0
2021-05-17 10:36:00, 167.83, 167.83, 167.83, 167.83, 110, 0.0
2021-05-17 10:39:00, 167.84, 167.84, 167.84, 167.84, 203, 0.0
2021-05-17 10:43:00, 167.91, 167.91, 167.91, 167.91, 112, 0.0
2021-05-17 10:46:00, 168.07, 168.07, 168.06, 168.06, 241, 0.0
2021-05-17 10:48:00, 167.99, 167.99, 167.96, 167.96, 522, 0.0
2021-05-17 10:51:00, 167.87, 167.87, 167.87, 167.87, 100, 0.0
2021-05-17 10:52:00, 167.835, 167.835, 167.835, 167.835, 184, 0.0
2021-05-17 10:54:00, 167.785, 167.785, 167.785, 167.785, 100, 0.0
2021-05-17 10:57:00, 167.87, 167.87, 167.87, 167.87, 122, 0.0
2021-05-17 10:58:00, 168.07, 168.07, 168.07, 168.07, 112, 0.0
2021-05-17 10:59:00, 168.22, 168.22, 168.22, 168.22, 118, 0.0
2021-05-17 11:00:00, 168.24, 168.24, 168.24, 168.24, 119, 0.0
2021-05-17 11:01:00, 168.06, 168.06, 167.975, 167.975, 200, 0.0
2021-05-17 11:03:00, 168.35, 168.35, 168.35, 168.35, 224, 0.0
2021-05-17 11:06:00, 168.62, 168.62, 168.62, 168.62, 200, 0.0
2021-05-17 11:07:00, 168.46, 168.46, 168.39, 168.39, 302, 0.0
2021-05-17 11:08:00, 168.54, 168.54, 168.54, 168.54, 357, 0.0
2021-05-17 11:10:00, 168.505, 168.505, 168.505, 168.505, 148, 0.0
2021-05-17 11:12:00, 168.36, 168.36, 168.36, 168.36, 260, 0.0
2021-05-17 11:14:00, 168.45, 168.45, 168.45, 168.45, 153, 0.0
2021-05-17 11:15:00, 168.19, 168.19, 168.19, 168.19, 178, 0.0
2021-05-17 11:23:00, 168.35, 168.35, 168.35, 168.35, 144, 0.0
2021-05-17 11:25:00, 168.31, 168.39, 168.31, 168.39, 520, 0.0
2021-05-17 11:26:00, 168.48, 168.48, 168.48, 168.48, 221, 0.0
2021-05-17 11:32:00, 168.39, 168.39, 168.39, 168.39, 142, 0.0
2021-05-17 11:36:00, 168.31, 168.31, 168.23, 168.28, 633, 0.0
2021-05-17 11:37:00, 168.29, 168.29, 168.29, 168.29, 100, 0.0
2021-05-17 11:38:00, 168.26, 168.26, 168.26, 168.26, 150, 0.0
2021-05-17 11:39:00, 168.23, 168.23, 168.23, 168.23, 100, 0.0
2021-05-17 11:40:00, 168.26, 168.26, 168.26, 168.26, 300, 0.0
2021-05-17 11:44:00, 168.49, 168.49, 168.47, 168.47, 200, 0.0
2021-05-17 11:52:00, 168.07, 168.07, 168.07, 168.07, 117, 0.0
2021-05-17 11:55:00, 168.01, 168.07, 168.01, 168.07, 210, 0.0
2021-05-17 12:01:00, 168.155, 168.27, 168.155, 168.27, 441, 0.0
2021-05-17 12:03:00, 168.355, 168.355, 168.34, 168.34, 200, 0.0
2021-05-17 12:05:00, 168.4, 168.41, 168.4, 168.41, 290, 0.0
2021-05-17 12:08:00, 168.55, 168.55, 168.55, 168.55, 200, 0.0
2021-05-17 12:09:00, 168.49, 168.49, 168.49, 168.49, 220, 0.0
2021-05-17 12:12:00, 168.49, 168.605, 168.47, 168.605, 522, 0.0
2021-05-17 12:15:00, 168.515, 168.515, 168.515, 168.515, 100, 0.0
2021-05-17 12:18:00, 168.7, 168.7, 168.7, 168.7, 210, 0.0
2021-05-17 12:33:00, 168.2, 168.31, 168.2, 168.245, 300, 0.0
2021-05-17 12:34:00, 168.255, 168.255, 168.255, 168.255, 100, 0.0
2021-05-17 12:35:00, 168.46, 168.46, 168.46, 168.46, 100, 0.0
2021-05-17 12:36:00, 168.535, 168.535, 168.535, 168.535, 202, 0.0
2021-05-17 12:38:00, 168.485, 168.485, 168.485, 168.485, 100, 0.0
2021-05-17 12:39:00, 168.48, 168.515, 168.48, 168.515, 200, 0.0
2021-05-17 12:42:00, 168.265, 168.29, 168.265, 168.29, 200, 0.0
2021-05-17 12:43:00, 168.375, 168.375, 168.375, 168.375, 100, 0.0
2021-05-17 12:51:00, 168.41, 168.41, 168.41, 168.41, 133, 0.0
2021-05-17 12:52:00, 168.42, 168.42, 168.395, 168.395, 200, 0.0
2021-05-17 12:53:00, 168.35, 168.35, 168.35, 168.35, 133, 0.0
2021-05-17 12:57:00, 168.47, 168.47, 168.47, 168.47, 100, 0.0
2021-05-17 13:00:00, 168.355, 168.355, 168.355, 168.355, 113, 0.0
2021-05-17 13:07:00, 168.29, 168.29, 168.29, 168.29, 100, 0.0
2021-05-17 13:12:00, 168.27, 168.27, 168.27, 168.27, 109, 0.0
2021-05-17 13:13:00, 168.265, 168.27, 168.265, 168.27, 324, 0.0
2021-05-17 13:15:00, 168.31, 168.31, 168.31, 168.31, 100, 0.0
2021-05-17 13:20:00, 168.34, 168.34, 168.34, 168.34, 100, 0.0
2021-05-17 13:21:00, 168.36, 168.36, 168.36, 168.36, 282, 0.0
2021-05-17 13:22:00, 168.33, 168.33, 168.33, 168.33, 121, 0.0
2021-05-17 13:34:00, 168.325, 168.325, 168.325, 168.325, 340, 0.0
2021-05-17 13:35:00, 168.48, 168.78, 168.48, 168.66, 719, 0.0
2021-05-17 13:38:00, 168.62, 168.62, 168.62, 168.62, 147, 0.0
2021-05-17 13:39:00, 168.55, 168.61, 168.55, 168.61, 365, 0.0
2021-05-17 13:41:00, 168.56, 168.56, 168.56, 168.56, 104, 0.0
2021-05-17 13:42:00, 168.52, 168.635, 168.52, 168.635, 200, 0.0
2021-05-17 13:45:00, 168.52, 168.61, 168.52, 168.61, 400, 0.0
2021-05-17 13:46:00, 168.74, 168.74, 168.74, 168.74, 101, 0.0
2021-05-17 13:54:00, 168.705, 168.705, 168.705, 168.705, 100, 0.0
2021-05-17 14:00:00, 168.695, 168.695, 168.695, 168.695, 200, 0.0
2021-05-17 14:03:00, 168.725, 168.725, 168.725, 168.725, 100, 0.0
2021-05-17 14:04:00, 168.765, 168.765, 168.765, 168.765, 100, 0.0
2021-05-17 14:05:00, 168.7, 168.74, 168.7, 168.74, 200, 0.0
2021-05-17 14:06:00, 168.735, 168.735, 168.735, 168.735, 100, 0.0
2021-05-17 14:07:00, 168.76, 168.76, 168.76, 168.76, 200, 0.0
2021-05-17 14:08:00, 168.8, 169.015, 168.8, 169.015, 666, 0.0
2021-05-17 14:09:00, 169.2, 169.2, 169.2, 169.2, 100, 0.0
2021-05-17 14:10:00, 169.16, 169.16, 169.16, 169.16, 117, 0.0
2021-05-17 14:11:00, 169.185, 169.2, 169.185, 169.2, 200, 0.0
2021-05-17 14:15:00, 169.03, 169.03, 169.03, 169.03, 363, 0.0
2021-05-17 14:18:00, 169.03, 169.03, 169.03, 169.03, 153, 0.0
2021-05-17 14:20:00, 168.93, 168.97, 168.93, 168.97, 533, 0.0
2021-05-17 14:21:00, 169, 169, 169, 169, 104, 0.0
2021-05-17 14:24:00, 168.88, 169.01, 168.88, 168.985, 648, 0.0
2021-05-17 14:25:00, 168.95, 168.95, 168.95, 168.95, 140, 0.0
2021-05-17 14:27:00, 168.79, 168.93, 168.79, 168.93, 666, 0.0
2021-05-17 14:28:00, 168.98, 169.06, 168.98, 169.06, 259, 0.0
2021-05-17 14:32:00, 168.79, 168.83, 168.79, 168.83, 793, 0.0
2021-05-17 14:33:00, 169.14, 169.14, 169.14, 169.14, 305, 0.0
2021-05-17 14:35:00, 168.955, 168.955, 168.955, 168.955, 260, 0.0
2021-05-17 14:38:00, 168.87, 168.87, 168.85, 168.85, 233, 0.0
2021-05-17 14:39:00, 168.935, 168.935, 168.92, 168.92, 516, 0.0
2021-05-17 14:41:00, 168.83, 168.855, 168.83, 168.855, 538, 0.0
2021-05-17 14:42:00, 168.9, 168.91, 168.85, 168.89, 425, 0.0
2021-05-17 14:44:00, 169.11, 169.11, 169.11, 169.11, 143, 0.0
2021-05-17 14:50:00, 168.86, 168.95, 168.86, 168.95, 219, 0.0
2021-05-17 14:51:00, 169.02, 169.02, 169.02, 169.02, 237, 0.0
2021-05-17 14:55:00, 168.995, 168.995, 168.99, 168.99, 510, 0.0
2021-05-17 14:56:00, 168.97, 169.07, 168.92, 169.07, 1125, 0.0
2021-05-17 14:57:00, 169.09, 169.15, 169.07, 169.13, 800, 0.0
2021-05-17 14:58:00, 169.09, 169.095, 169.05, 169.05, 767, 0.0
2021-05-17 14:59:00, 169.01, 169.11, 169, 169.11, 1120, 0.0
2021-05-18 08:30:00, 168.725, 168.725, 168.725, 168.725, 100, 0.0
2021-05-18 08:31:00, 169.63, 169.63, 169.63, 169.63, 146, 0.0
2021-05-18 08:52:00, 168.64, 168.64, 168.64, 168.64, 100, 0.0
2021-05-18 08:53:00, 168.67, 168.67, 168.67, 168.67, 180, 0.0
2021-05-18 09:04:00, 168.42, 168.42, 168.35, 168.35, 333, 0.0
2021-05-18 09:12:00, 168.82, 168.82, 168.82, 168.82, 141, 0.0
2021-05-18 09:13:00, 169.01, 169.01, 169.01, 169.01, 102, 0.0
2021-05-18 09:14:00, 169.06, 169.06, 169.06, 169.06, 110, 0.0
2021-05-18 09:15:00, 169.09, 169.09, 169.09, 169.09, 240, 0.0
2021-05-18 09:17:00, 169.23, 169.23, 169.23, 169.23, 100, 0.0
2021-05-18 09:18:00, 169.03, 169.03, 169.03, 169.03, 144, 0.0
2021-05-18 09:19:00, 169.11, 169.11, 169.11, 169.11, 189, 0.0
2021-05-18 09:22:00, 169, 169, 169, 169, 101, 0.0
2021-05-18 09:26:00, 169.34, 169.34, 169.34, 169.34, 133, 0.0
2021-05-18 09:30:00, 169.35, 169.35, 169.35, 169.35, 234, 0.0
2021-05-18 09:31:00, 169.34, 169.34, 169.34, 169.34, 145, 0.0
2021-05-18 09:33:00, 169.46, 169.46, 169.46, 169.46, 149, 0.0
2021-05-18 09:38:00, 169.29, 169.29, 169.29, 169.29, 133, 0.0
2021-05-18 09:42:00, 169.18, 169.18, 169.18, 169.18, 136, 0.0
2021-05-18 09:44:00, 169, 169, 169, 169, 102, 0.0
2021-05-18 09:50:00, 169.73, 169.73, 169.73, 169.73, 100, 0.0
2021-05-18 09:55:00, 169.51, 169.51, 169.51, 169.51, 133, 0.0
2021-05-18 09:56:00, 169.47, 169.47, 169.47, 169.47, 199, 0.0
2021-05-18 10:00:00, 169.55, 169.55, 169.55, 169.55, 207, 0.0
2021-05-18 10:08:00, 169.45, 169.45, 169.45, 169.45, 113, 0.0
2021-05-18 10:11:00, 169.29, 169.29, 169.29, 169.29, 100, 0.0
2021-05-18 10:20:00, 169.495, 169.495, 169.495, 169.495, 146, 0.0
2021-05-18 10:27:00, 169.37, 169.37, 169.37, 169.37, 216, 0.0
2021-05-18 10:29:00, 169.46, 169.46, 169.45, 169.45, 309, 0.0
2021-05-18 10:31:00, 169.23, 169.23, 169.23, 169.23, 120, 0.0
2021-05-18 10:33:00, 168.94, 168.97, 168.93, 168.97, 343, 0.0
2021-05-18 10:36:00, 168.945, 168.945, 168.945, 168.945, 174, 0.0
2021-05-18 10:53:00, 168.99, 168.99, 168.99, 168.99, 135, 0.0
2021-05-18 10:56:00, 169.11, 169.11, 169.11, 169.11, 103, 0.0
2021-05-18 11:31:00, 169.33, 169.33, 169.33, 169.33, 110, 0.0
2021-05-18 11:33:00, 169.42, 169.42, 169.42, 169.42, 100, 0.0
2021-05-18 11:34:00, 169.42, 169.42, 169.42, 169.42, 200, 0.0
2021-05-18 11:35:00, 169.38, 169.38, 169.38, 169.38, 127, 0.0
2021-05-18 11:46:00, 169.35, 169.35, 169.35, 169.35, 110, 0.0
2021-05-18 11:47:00, 169.32, 169.32, 169.32, 169.32, 100, 0.0
2021-05-18 11:51:00, 169.3, 169.3, 169.3, 169.3, 133, 0.0
2021-05-18 12:05:00, 169.08, 169.08, 169.07, 169.07, 479, 0.0
2021-05-18 12:08:00, 168.98, 168.98, 168.98, 168.98, 120, 0.0
2021-05-18 12:24:00, 169.14, 169.14, 169.14, 169.14, 100, 0.0
2021-05-18 12:30:00, 169.19, 169.19, 169.19, 169.19, 100, 0.0
2021-05-18 12:32:00, 169.25, 169.25, 169.25, 169.25, 144, 0.0
2021-05-18 12:33:00, 169.35, 169.35, 169.35, 169.35, 133, 0.0
2021-05-18 12:35:00, 169.29, 169.35, 169.29, 169.35, 628, 0.0
2021-05-18 12:41:00, 169.3, 169.3, 169.3, 169.3, 100, 0.0
2021-05-18 12:49:00, 169.27, 169.305, 169.27, 169.305, 410, 0.0
2021-05-18 12:52:00, 169.585, 169.585, 169.585, 169.585, 204, 0.0
2021-05-18 12:53:00, 169.55, 169.55, 169.53, 169.53, 301, 0.0
2021-05-18 12:55:00, 169.625, 169.66, 169.625, 169.66, 202, 0.0
2021-05-18 13:10:00, 169.41, 169.41, 169.41, 169.41, 138, 0.0
2021-05-18 13:14:00, 169.36, 169.36, 169.36, 169.36, 202, 0.0
2021-05-18 13:20:00, 169.19, 169.19, 169.19, 169.19, 200, 0.0
2021-05-18 13:22:00, 169.01, 169.01, 169.01, 169.01, 148, 0.0
2021-05-18 13:23:00, 168.95, 168.99, 168.95, 168.99, 455, 0.0
2021-05-18 13:25:00, 168.95, 168.99, 168.94, 168.94, 1008, 0.0
2021-05-18 13:26:00, 168.95, 168.98, 168.95, 168.98, 302, 0.0
2021-05-18 13:27:00, 168.99, 168.99, 168.99, 168.99, 150, 0.0
2021-05-18 13:29:00, 168.93, 169, 168.93, 169, 616, 0.0
2021-05-18 13:30:00, 169.06, 169.06, 169.06, 169.06, 103, 0.0
2021-05-18 13:36:00, 168.6, 168.6, 168.6, 168.6, 290, 0.0
2021-05-18 13:41:00, 168.56, 168.56, 168.56, 168.56, 166, 0.0
2021-05-18 13:43:00, 168.43, 168.43, 168.43, 168.43, 100, 0.0
2021-05-18 13:54:00, 168.49, 168.49, 168.49, 168.49, 100, 0.0
2021-05-18 13:55:00, 168.48, 168.62, 168.48, 168.62, 234, 0.0
2021-05-18 13:57:00, 168.66, 168.66, 168.66, 168.66, 100, 0.0
2021-05-18 14:07:00, 168.675, 168.675, 168.675, 168.675, 100, 0.0
2021-05-18 14:10:00, 168.74, 168.74, 168.74, 168.74, 101, 0.0
2021-05-18 14:12:00, 168.69, 168.69, 168.69, 168.69, 138, 0.0
2021-05-18 14:13:00, 168.68, 168.68, 168.68, 168.68, 100, 0.0
2021-05-18 14:14:00, 168.69, 168.69, 168.69, 168.69, 108, 0.0
2021-05-18 14:15:00, 168.75, 168.75, 168.7, 168.7, 300, 0.0
2021-05-18 14:17:00, 168.79, 168.79, 168.79, 168.79, 212, 0.0
2021-05-18 14:32:00, 168.95, 168.95, 168.95, 168.95, 100, 0.0
2021-05-18 14:35:00, 168.97, 168.97, 168.97, 168.97, 100, 0.0
2021-05-18 14:36:00, 168.89, 168.89, 168.89, 168.89, 107, 0.0
2021-05-18 14:41:00, 169.16, 169.16, 169.145, 169.145, 263, 0.0
2021-05-18 14:42:00, 169.155, 169.155, 169.14, 169.14, 210, 0.0
2021-05-18 14:44:00, 169.165, 169.18, 169.165, 169.17, 560, 0.0
2021-05-18 14:45:00, 169.1, 169.1, 169.1, 169.1, 123, 0.0
2021-05-18 14:46:00, 169.075, 169.085, 169.075, 169.085, 285, 0.0
2021-05-18 14:47:00, 169.155, 169.155, 169.155, 169.155, 114, 0.0
2021-05-18 14:48:00, 169.105, 169.105, 168.95, 168.95, 444, 0.0
2021-05-18 14:51:00, 168.535, 168.535, 168.535, 168.535, 199, 0.0
2021-05-18 14:52:00, 168.75, 168.79, 168.75, 168.79, 236, 0.0
2021-05-18 14:53:00, 168.85, 169, 168.85, 168.97, 1583, 0.0
2021-05-18 14:54:00, 168.69, 168.69, 168.69, 168.69, 269, 0.0
2021-05-18 14:55:00, 168.66, 168.66, 168.66, 168.66, 127, 0.0
2021-05-18 14:56:00, 168.39, 168.39, 168.37, 168.39, 374, 0.0
2021-05-18 14:58:00, 168.25, 168.25, 168.06, 168.09, 963, 0.0
2021-05-18 14:59:00, 168.09, 168.09, 167.87, 167.87, 444, 0.0
2021-05-19 08:38:00, 166.12, 166.12, 166.12, 166.12, 100, 0.0
2021-05-19 08:45:00, 165.475, 165.475, 165.465, 165.465, 400, 0.0
2021-05-19 08:47:00, 165.16, 165.23, 165.12, 165.23, 443, 0.0
2021-05-19 08:48:00, 165.48, 165.48, 165.48, 165.48, 138, 0.0
2021-05-19 08:50:00, 165.18, 165.18, 165.18, 165.18, 205, 0.0
2021-05-19 08:52:00, 165.02, 165.02, 165.02, 165.02, 100, 0.0
2021-05-19 08:53:00, 164.885, 164.885, 164.885, 164.885, 110, 0.0
2021-05-19 09:00:00, 166.29, 166.29, 166.29, 166.29, 200, 0.0
2021-05-19 09:02:00, 166.01, 166.01, 166.01, 166.01, 100, 0.0
2021-05-19 09:05:00, 165.77, 165.77, 165.77, 165.77, 100, 0.0
2021-05-19 09:10:00, 166.12, 166.12, 166.12, 166.12, 259, 0.0
2021-05-19 09:11:00, 166.08, 166.08, 166.08, 166.08, 110, 0.0
2021-05-19 09:22:00, 166.11, 166.11, 166.11, 166.11, 297, 0.0
2021-05-19 09:23:00, 166.09, 166.11, 166.09, 166.11, 200, 0.0
2021-05-19 09:26:00, 166.23, 166.23, 166.21, 166.21, 200, 0.0
2021-05-19 09:28:00, 166.35, 166.35, 166.33, 166.33, 403, 0.0
2021-05-19 09:36:00, 166.79, 166.79, 166.79, 166.79, 231, 0.0
2021-05-19 09:37:00, 166.47, 166.57, 166.47, 166.57, 405, 0.0
2021-05-19 09:40:00, 166.37, 166.37, 166.37, 166.37, 114, 0.0
2021-05-19 09:42:00, 166.42, 166.44, 166.42, 166.44, 233, 0.0
2021-05-19 09:50:00, 166.77, 166.77, 166.77, 166.77, 123, 0.0
2021-05-19 09:51:00, 167.04, 167.04, 166.97, 166.97, 524, 0.0
2021-05-19 09:56:00, 167.01, 167.01, 167.01, 167.01, 114, 0.0
2021-05-19 09:59:00, 166.98, 166.98, 166.98, 166.98, 112, 0.0
2021-05-19 10:04:00, 166.58, 166.66, 166.58, 166.66, 310, 0.0
2021-05-19 10:08:00, 166.8, 166.82, 166.8, 166.82, 219, 0.0
2021-05-19 10:13:00, 167.37, 167.37, 167.37, 167.37, 105, 0.0
2021-05-19 10:14:00, 167.25, 167.25, 167.25, 167.25, 101, 0.0
2021-05-19 10:22:00, 167.47, 167.47, 167.47, 167.47, 110, 0.0
2021-05-19 10:25:00, 167.315, 167.315, 167.315, 167.315, 114, 0.0
2021-05-19 10:26:00, 167.37, 167.37, 167.37, 167.37, 110, 0.0
2021-05-19 10:27:00, 167.33, 167.35, 167.33, 167.33, 311, 0.0
2021-05-19 10:29:00, 167.32, 167.32, 167.32, 167.32, 100, 0.0
2021-05-19 10:30:00, 167.38, 167.39, 167.38, 167.39, 200, 0.0
2021-05-19 10:31:00, 167.245, 167.245, 167.245, 167.245, 110, 0.0
2021-05-19 10:35:00, 167.08, 167.08, 167, 167, 204, 0.0
2021-05-19 10:36:00, 167.08, 167.08, 167.04, 167.08, 311, 0.0
2021-05-19 10:38:00, 167.03, 167.03, 167.03, 167.03, 100, 0.0
2021-05-19 10:41:00, 167.03, 167.03, 166.99, 166.99, 212, 0.0
2021-05-19 10:46:00, 167.1, 167.1, 167.1, 167.1, 105, 0.0
2021-05-19 10:53:00, 167.18, 167.18, 167.18, 167.18, 111, 0.0
2021-05-19 10:59:00, 167.53, 167.53, 167.53, 167.53, 100, 0.0
2021-05-19 11:00:00, 167.435, 167.435, 167.435, 167.435, 119, 0.0
2021-05-19 11:15:00, 167.73, 167.73, 167.655, 167.655, 310, 0.0
2021-05-19 11:17:00, 167.775, 167.82, 167.775, 167.82, 233, 0.0
2021-05-19 11:20:00, 167.7, 167.7, 167.69, 167.69, 210, 0.0
2021-05-19 11:21:00, 167.69, 167.69, 167.69, 167.69, 110, 0.0
2021-05-19 11:25:00, 167.77, 167.8, 167.77, 167.8, 200, 0.0
2021-05-19 11:28:00, 167.845, 167.845, 167.845, 167.845, 120, 0.0
2021-05-19 11:33:00, 167.83, 167.83, 167.83, 167.83, 100, 0.0
2021-05-19 11:36:00, 167.9, 167.9, 167.85, 167.85, 205, 0.0
2021-05-19 11:38:00, 167.855, 167.855, 167.855, 167.855, 380, 0.0
2021-05-19 11:39:00, 168.03, 168.03, 168.03, 168.03, 174, 0.0
2021-05-19 11:40:00, 168.01, 168.01, 167.99, 167.99, 230, 0.0
2021-05-19 11:44:00, 167.905, 167.905, 167.87, 167.87, 205, 0.0
2021-05-19 11:47:00, 167.86, 167.86, 167.86, 167.86, 100, 0.0
2021-05-19 11:54:00, 167.77, 167.8, 167.75, 167.8, 500, 0.0
2021-05-19 11:56:00, 167.81, 167.81, 167.81, 167.81, 100, 0.0
2021-05-19 11:58:00, 167.85, 167.85, 167.85, 167.85, 100, 0.0
2021-05-19 11:59:00, 167.75, 167.79, 167.75, 167.79, 200, 0.0
2021-05-19 12:01:00, 168.005, 168.04, 168.005, 168.01, 645, 0.0
2021-05-19 12:02:00, 167.97, 167.97, 167.94, 167.94, 220, 0.0
2021-05-19 12:05:00, 167.85, 167.85, 167.85, 167.85, 115, 0.0
2021-05-19 12:06:00, 167.89, 167.89, 167.89, 167.89, 110, 0.0
2021-05-19 12:07:00, 168.045, 168.07, 168.045, 168.06, 304, 0.0
2021-05-19 12:08:00, 168.04, 168.04, 168.02, 168.02, 300, 0.0
2021-05-19 12:11:00, 167.98, 168.02, 167.98, 168.02, 200, 0.0
2021-05-19 12:15:00, 167.95, 167.95, 167.95, 167.95, 138, 0.0
2021-05-19 12:17:00, 167.91, 167.91, 167.85, 167.85, 200, 0.0
2021-05-19 12:22:00, 167.925, 167.925, 167.925, 167.925, 100, 0.0
2021-05-19 12:23:00, 167.93, 167.93, 167.93, 167.93, 100, 0.0
2021-05-19 12:25:00, 167.84, 167.84, 167.84, 167.84, 100, 0.0
2021-05-19 12:30:00, 167.87, 167.87, 167.87, 167.87, 100, 0.0
2021-05-19 12:33:00, 167.7, 167.7, 167.66, 167.66, 244, 0.0
2021-05-19 12:34:00, 167.67, 167.67, 167.67, 167.67, 100, 0.0
2021-05-19 12:38:00, 167.46, 167.46, 167.46, 167.46, 201, 0.0
2021-05-19 12:39:00, 167.51, 167.51, 167.51, 167.51, 133, 0.0
2021-05-19 12:40:00, 167.57, 167.57, 167.57, 167.57, 490, 0.0
2021-05-19 12:42:00, 167.47, 167.47, 167.45, 167.45, 200, 0.0
2021-05-19 12:46:00, 167.39, 167.39, 167.39, 167.39, 110, 0.0
2021-05-19 12:50:00, 167.705, 167.705, 167.705, 167.705, 210, 0.0
2021-05-19 12:51:00, 167.65, 167.65, 167.63, 167.63, 300, 0.0
2021-05-19 12:58:00, 167.83, 167.83, 167.83, 167.83, 100, 0.0
2021-05-19 12:59:00, 167.76, 167.76, 167.7, 167.7, 263, 0.0
2021-05-19 13:04:00, 167.96, 167.96, 167.86, 167.86, 533, 0.0
2021-05-19 13:10:00, 167.34, 167.34, 167.34, 167.34, 100, 0.0
2021-05-19 13:23:00, 168.06, 168.17, 168.03, 168.17, 911, 0.0
2021-05-19 13:24:00, 168.14, 168.14, 168.14, 168.14, 300, 0.0
2021-05-19 13:26:00, 168.075, 168.075, 168.075, 168.075, 300, 0.0
2021-05-19 13:27:00, 167.95, 167.99, 167.865, 167.89, 401, 0.0
2021-05-19 13:30:00, 168.23, 168.23, 168.23, 168.23, 149, 0.0
2021-05-19 13:33:00, 168.2, 168.2, 167.79, 167.79, 234, 0.0
2021-05-19 13:36:00, 167.99, 167.99, 167.99, 167.99, 135, 0.0
2021-05-19 13:37:00, 167.85, 167.85, 167.57, 167.57, 561, 0.0
2021-05-19 13:39:00, 167.29, 167.41, 167.2, 167.41, 334, 0.0
2021-05-19 13:40:00, 167.25, 167.25, 167.25, 167.25, 110, 0.0
2021-05-19 13:52:00, 167.23, 167.23, 167.23, 167.23, 164, 0.0
2021-05-19 13:58:00, 167.51, 167.51, 167.51, 167.51, 100, 0.0
2021-05-19 13:59:00, 167.39, 167.39, 167.39, 167.39, 280, 0.0
2021-05-19 14:00:00, 167.23, 167.23, 167.23, 167.23, 253, 0.0
2021-05-19 14:02:00, 167.21, 167.21, 167.21, 167.21, 100, 0.0
2021-05-19 14:04:00, 167.38, 167.38, 167.38, 167.38, 161, 0.0
2021-05-19 14:08:00, 167.66, 167.66, 167.66, 167.66, 121, 0.0
2021-05-19 14:10:00, 167.86, 167.86, 167.86, 167.86, 101, 0.0
2021-05-19 14:11:00, 167.84, 167.84, 167.805, 167.805, 300, 0.0
2021-05-19 14:12:00, 167.94, 167.94, 167.94, 167.94, 100, 0.0
2021-05-19 14:15:00, 167.81, 167.81, 167.81, 167.81, 100, 0.0
2021-05-19 14:17:00, 167.91, 168, 167.91, 168, 310, 0.0
2021-05-19 14:18:00, 167.94, 167.94, 167.84, 167.84, 310, 0.0
2021-05-19 14:20:00, 167.84, 167.84, 167.84, 167.84, 146, 0.0
2021-05-19 14:21:00, 167.92, 167.92, 167.92, 167.92, 100, 0.0
2021-05-19 14:23:00, 168.01, 168.01, 168.01, 168.01, 151, 0.0
2021-05-19 14:28:00, 168.03, 168.05, 167.95, 168.05, 492, 0.0
2021-05-19 14:29:00, 168.08, 168.08, 168.08, 168.08, 100, 0.0
2021-05-19 14:31:00, 167.98, 167.98, 167.98, 167.98, 100, 0.0
2021-05-19 14:33:00, 167.83, 167.83, 167.83, 167.83, 100, 0.0
2021-05-19 14:37:00, 167.84, 167.86, 167.84, 167.86, 200, 0.0
2021-05-19 14:40:00, 167.88, 167.88, 167.8, 167.8, 300, 0.0
2021-05-19 14:43:00, 167.85, 167.85, 167.85, 167.85, 143, 0.0
2021-05-19 14:44:00, 167.84, 167.84, 167.77, 167.77, 238, 0.0
2021-05-19 14:45:00, 167.74, 167.74, 167.68, 167.68, 200, 0.0
2021-05-19 14:46:00, 167.62, 167.62, 167.59, 167.59, 302, 0.0
2021-05-19 14:48:00, 167.41, 167.41, 167.41, 167.41, 105, 0.0
2021-05-19 14:53:00, 167.63, 167.63, 167.61, 167.62, 430, 0.0
2021-05-19 14:54:00, 167.72, 167.75, 167.7, 167.7, 610, 0.0
2021-05-19 14:55:00, 167.73, 167.77, 167.69, 167.72, 675, 0.0
2021-05-19 14:56:00, 167.73, 167.8, 167.73, 167.79, 408, 0.0
2021-05-19 14:57:00, 167.76, 167.76, 167.76, 167.76, 433, 0.0
2021-05-19 14:58:00, 167.81, 167.86, 167.81, 167.83, 518, 0.0
2021-05-19 14:59:00, 167.935, 168.08, 167.91, 168.08, 1512, 0.0
2021-05-20 08:30:00, 166.855, 168.08, 166.855, 168.08, 200, 0.0
2021-05-20 08:32:00, 167.77, 168.42, 167.77, 168.42, 265, 0.0
2021-05-20 08:36:00, 168.12, 168.12, 168.12, 168.12, 100, 0.0
2021-05-20 08:38:00, 167.84, 167.84, 167.84, 167.84, 100, 0.0
2021-05-20 08:40:00, 167.98, 167.98, 167.98, 167.98, 104, 0.0
2021-05-20 08:41:00, 168.105, 168.105, 168.105, 168.105, 100, 0.0
2021-05-20 08:45:00, 168.05, 168.08, 167.64, 167.64, 643, 0.0
2021-05-20 08:52:00, 167.635, 167.635, 167.635, 167.635, 101, 0.0
2021-05-20 08:59:00, 167.69, 167.69, 167.51, 167.51, 200, 0.0
2021-05-20 09:01:00, 168.01, 168.03, 168.01, 168.03, 333, 0.0
2021-05-20 09:02:00, 167.93, 167.93, 167.93, 167.93, 100, 0.0
2021-05-20 09:04:00, 168.05, 168.05, 167.99, 167.99, 210, 0.0
2021-05-20 09:06:00, 167.83, 167.84, 167.83, 167.84, 201, 0.0
2021-05-20 09:08:00, 167.83, 167.83, 167.83, 167.83, 100, 0.0
2021-05-20 09:11:00, 167.37, 167.37, 167.37, 167.37, 123, 0.0
2021-05-20 09:14:00, 167.775, 167.775, 167.775, 167.775, 100, 0.0
2021-05-20 09:17:00, 167.6, 167.6, 167.6, 167.6, 100, 0.0
2021-05-20 09:21:00, 167.6, 167.6, 167.53, 167.53, 200, 0.0
2021-05-20 09:24:00, 167.91, 167.91, 167.91, 167.91, 133, 0.0
2021-05-20 09:25:00, 167.955, 167.955, 167.955, 167.955, 110, 0.0
2021-05-20 09:33:00, 167.87, 167.89, 167.87, 167.89, 201, 0.0
2021-05-20 09:35:00, 168.01, 168.01, 167.92, 167.92, 233, 0.0
2021-05-20 09:36:00, 168.07, 168.07, 168.07, 168.07, 100, 0.0
2021-05-20 09:37:00, 168.005, 168.05, 168.005, 168.05, 333, 0.0
2021-05-20 09:39:00, 167.89, 167.89, 167.89, 167.89, 100, 0.0
2021-05-20 09:41:00, 167.8, 167.8, 167.8, 167.8, 118, 0.0
2021-05-20 09:43:00, 167.87, 167.935, 167.87, 167.935, 201, 0.0
2021-05-20 09:44:00, 168.03, 168.03, 168.03, 168.03, 100, 0.0
2021-05-20 09:46:00, 168.33, 168.33, 168.33, 168.33, 100, 0.0
2021-05-20 09:47:00, 168.25, 168.25, 168.25, 168.25, 100, 0.0
2021-05-20 09:49:00, 168.23, 168.23, 168.23, 168.23, 100, 0.0
2021-05-20 09:50:00, 168.29, 168.29, 168.29, 168.29, 100, 0.0
2021-05-20 09:55:00, 168.3, 168.3, 168.22, 168.22, 201, 0.0
2021-05-20 09:56:00, 168.275, 168.275, 168.275, 168.275, 100, 0.0
2021-05-20 10:01:00, 168.27, 168.27, 168.27, 168.27, 114, 0.0
2021-05-20 10:05:00, 168.165, 168.165, 168.14, 168.14, 349, 0.0
2021-05-20 10:07:00, 168.075, 168.075, 168.06, 168.06, 200, 0.0
2021-05-20 10:10:00, 168.015, 168.015, 167.945, 167.945, 424, 0.0
2021-05-20 10:11:00, 167.93, 167.93, 167.93, 167.93, 100, 0.0
2021-05-20 10:13:00, 167.955, 167.955, 167.955, 167.955, 100, 0.0
2021-05-20 10:17:00, 167.95, 167.95, 167.95, 167.95, 238, 0.0
2021-05-20 10:18:00, 167.965, 167.965, 167.965, 167.965, 287, 0.0
2021-05-20 10:21:00, 167.865, 167.865, 167.82, 167.82, 200, 0.0
2021-05-20 10:23:00, 167.76, 167.76, 167.75, 167.75, 315, 0.0
2021-05-20 10:24:00, 167.76, 167.8, 167.75, 167.8, 333, 0.0
2021-05-20 10:25:00, 167.79, 167.79, 167.76, 167.76, 202, 0.0
2021-05-20 10:26:00, 167.76, 167.76, 167.72, 167.72, 400, 0.0
2021-05-20 10:28:00, 167.72, 167.72, 167.69, 167.69, 300, 0.0
2021-05-20 10:29:00, 167.83, 167.83, 167.83, 167.83, 112, 0.0
2021-05-20 10:31:00, 167.92, 167.92, 167.92, 167.92, 100, 0.0
2021-05-20 10:35:00, 168.2, 168.2, 168.055, 168.055, 336, 0.0
2021-05-20 10:36:00, 168.025, 168.1, 168.025, 168.1, 205, 0.0
2021-05-20 10:38:00, 168.01, 168.06, 168.01, 168.01, 376, 0.0
2021-05-20 10:39:00, 168.02, 168.02, 168.02, 168.02, 260, 0.0
2021-05-20 10:40:00, 168, 168.01, 168, 168.01, 851, 0.0
2021-05-20 10:50:00, 168.15, 168.15, 168.15, 168.15, 100, 0.0
2021-05-20 10:52:00, 168.14, 168.14, 168.14, 168.14, 125, 0.0
2021-05-20 11:09:00, 168.03, 168.03, 168.03, 168.03, 130, 0.0
2021-05-20 11:11:00, 167.98, 167.98, 167.98, 167.98, 100, 0.0
2021-05-20 11:19:00, 167.715, 167.715, 167.715, 167.715, 108, 0.0
2021-05-20 11:30:00, 167.62, 167.62, 167.62, 167.62, 200, 0.0
2021-05-20 11:32:00, 167.62, 167.62, 167.6, 167.6, 200, 0.0
2021-05-20 11:33:00, 167.71, 167.71, 167.6, 167.6, 499, 0.0
2021-05-20 11:42:00, 167.54, 167.54, 167.54, 167.54, 125, 0.0
2021-05-20 11:53:00, 167.61, 167.61, 167.61, 167.61, 100, 0.0
2021-05-20 12:11:00, 167.575, 167.575, 167.575, 167.575, 100, 0.0
2021-05-20 12:14:00, 167.59, 167.59, 167.55, 167.55, 243, 0.0
2021-05-20 12:16:00, 167.57, 167.57, 167.57, 167.57, 100, 0.0
2021-05-20 12:17:00, 167.57, 167.57, 167.57, 167.57, 101, 0.0
2021-05-20 12:22:00, 167.635, 167.635, 167.635, 167.635, 172, 0.0
2021-05-20 12:31:00, 168, 168, 168, 168, 173, 0.0
2021-05-20 12:39:00, 167.99, 167.99, 167.99, 167.99, 178, 0.0
2021-05-20 12:44:00, 167.975, 167.975, 167.975, 167.975, 140, 0.0
2021-05-20 12:46:00, 167.9, 167.9, 167.9, 167.9, 303, 0.0
2021-05-20 12:50:00, 167.89, 167.89, 167.89, 167.89, 106, 0.0
2021-05-20 12:54:00, 167.58, 167.58, 167.58, 167.58, 233, 0.0
2021-05-20 12:58:00, 167.785, 167.785, 167.785, 167.785, 100, 0.0
2021-05-20 13:01:00, 167.78, 167.78, 167.78, 167.78, 130, 0.0
2021-05-20 13:03:00, 167.53, 167.54, 167.53, 167.54, 333, 0.0
2021-05-20 13:07:00, 167.805, 167.805, 167.805, 167.805, 293, 0.0
2021-05-20 13:12:00, 167.77, 167.77, 167.76, 167.76, 200, 0.0
2021-05-20 13:14:00, 167.83, 167.83, 167.83, 167.83, 100, 0.0
2021-05-20 13:18:00, 167.91, 167.91, 167.91, 167.91, 100, 0.0
2021-05-20 13:20:00, 167.99, 167.99, 167.955, 167.955, 277, 0.0
2021-05-20 13:21:00, 168.03, 168.03, 168.03, 168.03, 200, 0.0
2021-05-20 13:27:00, 167.63, 167.645, 167.63, 167.645, 200, 0.0
2021-05-20 13:28:00, 167.77, 167.77, 167.77, 167.77, 100, 0.0
2021-05-20 13:30:00, 167.87, 167.87, 167.87, 167.87, 100, 0.0
2021-05-20 13:39:00, 167.79, 167.79, 167.79, 167.79, 161, 0.0
2021-05-20 13:43:00, 167.9, 167.9, 167.9, 167.9, 102, 0.0
2021-05-20 13:44:00, 167.925, 167.93, 167.925, 167.93, 200, 0.0
2021-05-20 13:47:00, 167.97, 167.97, 167.97, 167.97, 366, 0.0
2021-05-20 13:48:00, 167.99, 167.99, 167.99, 167.99, 154, 0.0
2021-05-20 13:51:00, 167.975, 167.99, 167.975, 167.99, 200, 0.0
2021-05-20 13:54:00, 168.03, 168.045, 168, 168, 533, 0.0
2021-05-20 14:10:00, 168.01, 168.02, 167.99, 167.99, 307, 0.0
2021-05-20 14:12:00, 168, 168, 168, 168, 112, 0.0
2021-05-20 14:13:00, 167.98, 167.98, 167.98, 167.98, 107, 0.0
2021-05-20 14:14:00, 168, 168, 168, 168, 133, 0.0
2021-05-20 14:16:00, 167.935, 167.99, 167.935, 167.99, 202, 0.0
2021-05-20 14:20:00, 167.94, 167.94, 167.94, 167.94, 100, 0.0
2021-05-20 14:23:00, 168.055, 168.055, 168.01, 168.01, 344, 0.0
2021-05-20 14:24:00, 168.01, 168.01, 168.01, 168.01, 279, 0.0
2021-05-20 14:25:00, 168, 168.025, 168, 168.025, 446, 0.0
2021-05-20 14:26:00, 168, 168, 167.99, 167.99, 200, 0.0
2021-05-20 14:27:00, 168.035, 168.035, 168.035, 168.035, 211, 0.0
2021-05-20 14:28:00, 168.025, 168.12, 168.025, 168.12, 1200, 0.0
2021-05-20 14:29:00, 168.16, 168.22, 168.16, 168.22, 448, 0.0
2021-05-20 14:30:00, 168.225, 168.29, 168.225, 168.29, 466, 0.0
2021-05-20 14:34:00, 168.555, 168.555, 168.555, 168.555, 117, 0.0
2021-05-20 14:37:00, 168.47, 168.47, 168.47, 168.47, 108, 0.0
2021-05-20 14:43:00, 168.035, 168.035, 168.035, 168.035, 100, 0.0
2021-05-20 14:45:00, 168.065, 168.065, 168.06, 168.06, 721, 0.0
2021-05-20 14:47:00, 168.07, 168.07, 168.07, 168.07, 234, 0.0
2021-05-20 14:51:00, 167.75, 167.76, 167.75, 167.76, 280, 0.0
2021-05-20 14:53:00, 167.95, 167.955, 167.95, 167.955, 588, 0.0
2021-05-20 14:54:00, 167.88, 168.1, 167.88, 168.1, 519, 0.0
2021-05-20 14:55:00, 168.17, 168.17, 168.17, 168.17, 453, 0.0
2021-05-20 14:57:00, 168.055, 168.11, 168.055, 168.11, 282, 0.0
2021-05-20 14:58:00, 168.05, 168.05, 167.97, 167.97, 402, 0.0
2021-05-20 14:59:00, 168.07, 168.07, 168.005, 168.005, 699, 0.0
2021-05-21 08:33:00, 169.16, 169.16, 169.16, 169.16, 100, 0.0
2021-05-21 08:42:00, 169.35, 169.35, 169.35, 169.35, 233, 0.0
2021-05-21 08:45:00, 169.18, 169.18, 169.18, 169.18, 200, 0.0
2021-05-21 09:00:00, 169.65, 169.65, 169.65, 169.65, 100, 0.0
2021-05-21 09:01:00, 169.54, 169.54, 169.52, 169.52, 322, 0.0
2021-05-21 09:02:00, 169.44, 169.44, 169.375, 169.375, 306, 0.0
2021-05-21 09:11:00, 169.64, 169.64, 169.64, 169.64, 103, 0.0
2021-05-21 09:21:00, 169.14, 169.14, 169.14, 169.14, 133, 0.0
2021-05-21 09:23:00, 169.125, 169.125, 169.125, 169.125, 100, 0.0
2021-05-21 09:26:00, 168.95, 168.95, 168.95, 168.95, 100, 0.0
2021-05-21 09:27:00, 169.02, 169.02, 169.02, 169.02, 200, 0.0
2021-05-21 09:31:00, 169.28, 169.28, 169.28, 169.28, 100, 0.0
2021-05-21 09:32:00, 169.23, 169.23, 169.23, 169.23, 104, 0.0
2021-05-21 09:35:00, 169.25, 169.25, 169.25, 169.25, 120, 0.0
2021-05-21 09:36:00, 169.41, 169.41, 169.38, 169.38, 308, 0.0
2021-05-21 09:41:00, 169.19, 169.19, 169.17, 169.17, 234, 0.0
2021-05-21 09:46:00, 169.115, 169.115, 169.115, 169.115, 200, 0.0
2021-05-21 09:49:00, 169.24, 169.24, 169.24, 169.24, 101, 0.0
2021-05-21 09:50:00, 169.21, 169.21, 169.21, 169.21, 112, 0.0
2021-05-21 09:52:00, 169.19, 169.19, 169.19, 169.19, 100, 0.0
2021-05-21 09:56:00, 169.2, 169.2, 169.2, 169.2, 195, 0.0
2021-05-21 09:57:00, 169.15, 169.15, 169.15, 169.15, 100, 0.0
2021-05-21 09:58:00, 169.06, 169.06, 169.06, 169.06, 100, 0.0
2021-05-21 10:00:00, 169.14, 169.14, 169.14, 169.14, 150, 0.0
2021-05-21 10:04:00, 169.105, 169.105, 169.105, 169.105, 106, 0.0
2021-05-21 10:09:00, 169.19, 169.19, 169.19, 169.19, 109, 0.0
2021-05-21 10:10:00, 169.075, 169.075, 169.075, 169.075, 100, 0.0
2021-05-21 10:11:00, 169.115, 169.115, 169.115, 169.115, 100, 0.0
2021-05-21 10:15:00, 168.91, 168.97, 168.91, 168.97, 303, 0.0
2021-05-21 10:22:00, 168.95, 168.95, 168.95, 168.95, 103, 0.0
2021-05-21 10:23:00, 169.17, 169.17, 169.165, 169.165, 302, 0.0
2021-05-21 10:31:00, 168.53, 168.53, 168.53, 168.53, 340, 0.0
2021-05-21 10:34:00, 168.6, 168.6, 168.6, 168.6, 101, 0.0
2021-05-21 10:35:00, 168.69, 168.69, 168.69, 168.69, 100, 0.0
2021-05-21 10:36:00, 168.585, 168.585, 168.585, 168.585, 104, 0.0
2021-05-21 10:38:00, 168.37, 168.37, 168.37, 168.37, 101, 0.0
2021-05-21 10:39:00, 168.34, 168.41, 168.32, 168.41, 300, 0.0
2021-05-21 10:40:00, 168.395, 168.395, 168.395, 168.395, 208, 0.0
2021-05-21 10:46:00, 168.31, 168.31, 168.31, 168.31, 100, 0.0
2021-05-21 10:49:00, 168.54, 168.54, 168.51, 168.51, 239, 0.0
2021-05-21 10:56:00, 168.07, 168.07, 168.07, 168.07, 125, 0.0
2021-05-21 10:57:00, 167.84, 167.84, 167.81, 167.81, 200, 0.0
2021-05-21 11:07:00, 168.22, 168.22, 168.22, 168.22, 100, 0.0
2021-05-21 11:08:00, 168.05, 168.05, 167.94, 167.94, 263, 0.0
2021-05-21 11:23:00, 167.95, 167.99, 167.95, 167.99, 250, 0.0
2021-05-21 11:24:00, 167.92, 167.92, 167.92, 167.92, 133, 0.0
2021-05-21 11:36:00, 168, 168, 168, 168, 118, 0.0
2021-05-21 11:52:00, 167.91, 167.91, 167.91, 167.91, 100, 0.0
2021-05-21 11:53:00, 167.73, 167.73, 167.73, 167.73, 233, 0.0
2021-05-21 11:56:00, 167.4, 167.4, 167.4, 167.4, 100, 0.0
2021-05-21 11:59:00, 167.555, 167.555, 167.555, 167.555, 111, 0.0
2021-05-21 12:03:00, 167.615, 167.615, 167.615, 167.615, 200, 0.0
2021-05-21 12:06:00, 167.795, 167.795, 167.79, 167.79, 300, 0.0
2021-05-21 12:08:00, 167.77, 167.77, 167.77, 167.77, 300, 0.0
2021-05-21 12:11:00, 167.895, 167.895, 167.765, 167.765, 300, 0.0
2021-05-21 12:14:00, 167.66, 167.66, 167.655, 167.655, 300, 0.0
2021-05-21 12:15:00, 167.685, 167.685, 167.685, 167.685, 208, 0.0
2021-05-21 12:16:00, 167.61, 167.61, 167.61, 167.61, 100, 0.0
2021-05-21 12:19:00, 167.645, 167.67, 167.645, 167.67, 302, 0.0
2021-05-21 12:20:00, 167.68, 167.68, 167.68, 167.68, 100, 0.0
2021-05-21 12:21:00, 167.71, 167.71, 167.71, 167.71, 198, 0.0
2021-05-21 12:22:00, 167.795, 167.795, 167.795, 167.795, 113, 0.0
2021-05-21 12:26:00, 167.855, 167.855, 167.855, 167.855, 109, 0.0
2021-05-21 12:27:00, 167.86, 167.86, 167.845, 167.845, 265, 0.0
2021-05-21 12:30:00, 167.855, 167.855, 167.855, 167.855, 203, 0.0
2021-05-21 12:31:00, 167.92, 167.92, 167.92, 167.92, 106, 0.0
2021-05-21 12:33:00, 167.95, 167.95, 167.95, 167.95, 102, 0.0
2021-05-21 12:34:00, 168, 168, 168, 168, 239, 0.0
2021-05-21 12:39:00, 168.08, 168.08, 168.08, 168.08, 300, 0.0
2021-05-21 12:40:00, 168.01, 168.01, 168.01, 168.01, 100, 0.0
2021-05-21 12:42:00, 167.92, 167.92, 167.92, 167.92, 130, 0.0
2021-05-21 12:43:00, 167.86, 167.86, 167.86, 167.86, 127, 0.0
2021-05-21 12:44:00, 167.905, 167.975, 167.905, 167.975, 594, 0.0
2021-05-21 12:52:00, 167.96, 167.96, 167.96, 167.96, 100, 0.0
2021-05-21 12:56:00, 167.92, 167.92, 167.91, 167.91, 300, 0.0
2021-05-21 13:00:00, 168.06, 168.06, 168.02, 168.02, 404, 0.0
2021-05-21 13:02:00, 168.07, 168.07, 168.06, 168.06, 350, 0.0
2021-05-21 13:03:00, 168.09, 168.09, 168.09, 168.09, 200, 0.0
2021-05-21 13:04:00, 167.97, 167.97, 167.97, 167.97, 105, 0.0
2021-05-21 13:08:00, 168.21, 168.335, 168.21, 168.335, 255, 0.0
2021-05-21 13:10:00, 168.08, 168.08, 168.08, 168.08, 100, 0.0
2021-05-21 13:11:00, 168.19, 168.19, 168.19, 168.19, 100, 0.0
2021-05-21 13:13:00, 168.2, 168.2, 168.2, 168.2, 105, 0.0
2021-05-21 13:17:00, 168.26, 168.26, 168.26, 168.26, 103, 0.0
2021-05-21 13:21:00, 168.14, 168.14, 168.14, 168.14, 194, 0.0
2021-05-21 13:22:00, 168.21, 168.21, 168.21, 168.21, 100, 0.0
2021-05-21 13:23:00, 168.22, 168.22, 168.22, 168.22, 140, 0.0
2021-05-21 13:24:00, 168.2, 168.2, 168.2, 168.2, 100, 0.0
2021-05-21 13:25:00, 168.18, 168.18, 168.18, 168.18, 178, 0.0
2021-05-21 13:31:00, 168.13, 168.17, 168.13, 168.17, 202, 0.0
2021-05-21 13:32:00, 168.17, 168.17, 168.17, 168.17, 133, 0.0
2021-05-21 13:37:00, 168.155, 168.16, 168.155, 168.16, 200, 0.0
2021-05-21 14:00:00, 168.13, 168.13, 168.13, 168.13, 100, 0.0
2021-05-21 14:09:00, 168.09, 168.09, 168.08, 168.08, 238, 0.0
2021-05-21 14:11:00, 168.21, 168.29, 168.21, 168.285, 679, 0.0
2021-05-21 14:13:00, 168.22, 168.22, 168.22, 168.22, 100, 0.0
2021-05-21 14:15:00, 168.3, 168.3, 168.3, 168.3, 100, 0.0
2021-05-21 14:16:00, 168.23, 168.23, 168.195, 168.195, 233, 0.0
2021-05-21 14:20:00, 168.11, 168.11, 168.105, 168.105, 250, 0.0
2021-05-21 14:21:00, 168.01, 168.01, 168.01, 168.01, 100, 0.0
2021-05-21 14:22:00, 167.98, 168.01, 167.98, 168.01, 233, 0.0
2021-05-21 14:23:00, 168.08, 168.08, 168.08, 168.08, 200, 0.0
2021-05-21 14:25:00, 167.91, 167.96, 167.91, 167.95, 355, 0.0
2021-05-21 14:26:00, 167.9, 167.9, 167.9, 167.9, 100, 0.0
2021-05-21 14:29:00, 167.945, 167.945, 167.915, 167.915, 200, 0.0
2021-05-21 14:30:00, 167.85, 167.85, 167.85, 167.85, 134, 0.0
2021-05-21 14:31:00, 167.81, 167.81, 167.81, 167.81, 307, 0.0
2021-05-21 14:32:00, 167.84, 167.84, 167.84, 167.84, 102, 0.0
2021-05-21 14:33:00, 167.82, 167.82, 167.82, 167.82, 240, 0.0
2021-05-21 14:34:00, 167.695, 167.75, 167.695, 167.75, 200, 0.0
2021-05-21 14:35:00, 167.85, 167.85, 167.85, 167.85, 200, 0.0
2021-05-21 14:36:00, 167.91, 167.97, 167.91, 167.97, 801, 0.0
2021-05-21 14:38:00, 167.92, 167.92, 167.92, 167.92, 125, 0.0
2021-05-21 14:39:00, 167.89, 167.89, 167.88, 167.88, 207, 0.0
2021-05-21 14:40:00, 167.85, 167.895, 167.85, 167.86, 505, 0.0
2021-05-21 14:42:00, 167.79, 167.79, 167.79, 167.79, 124, 0.0
2021-05-21 14:44:00, 167.75, 167.75, 167.675, 167.675, 204, 0.0
2021-05-21 14:45:00, 167.61, 167.61, 167.585, 167.585, 233, 0.0
2021-05-21 14:47:00, 167.55, 167.55, 167.49, 167.505, 381, 0.0
2021-05-21 14:50:00, 167.41, 167.49, 167.41, 167.49, 693, 0.0
2021-05-21 14:51:00, 167.455, 167.455, 167.455, 167.455, 182, 0.0
2021-05-21 14:52:00, 167.64, 167.64, 167.63, 167.63, 244, 0.0
2021-05-21 14:53:00, 167.69, 167.69, 167.69, 167.69, 101, 0.0
2021-05-21 14:54:00, 167.71, 167.93, 167.33, 167.9, 2231, 0.0
2021-05-21 14:55:00, 167.92, 167.92, 167.84, 167.84, 305, 0.0
2021-05-21 14:56:00, 167.85, 167.85, 167.85, 167.85, 100, 0.0
2021-05-21 14:57:00, 167.885, 167.885, 167.87, 167.87, 487, 0.0
2021-05-21 14:58:00, 167.84, 167.86, 167.78, 167.78, 729, 0.0
2021-05-21 14:59:00, 168.05, 168.05, 167.965, 167.965, 594, 0.0
2021-05-24 08:33:00, 169.18, 169.37, 169.07, 169.07, 517, 0.0
2021-05-24 08:35:00, 169.04, 169.04, 168.89, 169.02, 403, 0.0
2021-05-24 08:38:00, 169.05, 169.05, 168.665, 168.665, 200, 0.0
2021-05-24 08:40:00, 168.51, 168.51, 168.46, 168.46, 314, 0.0
2021-05-24 08:43:00, 168.24, 168.24, 168.24, 168.24, 203, 0.0
2021-05-24 08:51:00, 168.47, 168.47, 168.47, 168.47, 110, 0.0
2021-05-24 08:54:00, 168.49, 168.49, 168.49, 168.49, 233, 0.0
2021-05-24 08:56:00, 168.53, 168.53, 168.06, 168.06, 233, 0.0
2021-05-24 08:58:00, 168.75, 168.75, 168.75, 168.75, 200, 0.0
2021-05-24 08:59:00, 168.63, 168.63, 168.63, 168.63, 100, 0.0
2021-05-24 09:01:00, 168.765, 168.82, 168.765, 168.77, 386, 0.0
2021-05-24 09:06:00, 169, 169.09, 169, 169.09, 400, 0.0
2021-05-24 09:08:00, 169.25, 169.25, 169.25, 169.25, 100, 0.0
2021-05-24 09:09:00, 169.335, 169.335, 169.335, 169.335, 1300, 0.0
2021-05-24 09:10:00, 169.295, 169.3, 169.295, 169.3, 200, 0.0
2021-05-24 09:11:00, 169.1, 169.1, 169.1, 169.1, 108, 0.0
2021-05-24 09:12:00, 168.95, 168.985, 168.95, 168.985, 202, 0.0
2021-05-24 09:15:00, 169.14, 169.235, 169.14, 169.235, 401, 0.0
2021-05-24 09:21:00, 169.4, 169.4, 169.395, 169.395, 424, 0.0
2021-05-24 09:23:00, 169.59, 169.59, 169.59, 169.59, 104, 0.0
2021-05-24 09:24:00, 169.52, 169.52, 169.485, 169.485, 202, 0.0
2021-05-24 09:25:00, 169.5, 169.5, 169.41, 169.44, 606, 0.0
2021-05-24 09:26:00, 169.32, 169.335, 169.32, 169.335, 309, 0.0
2021-05-24 09:27:00, 169.335, 169.335, 169.325, 169.325, 217, 0.0
2021-05-24 09:28:00, 169.155, 169.155, 169.135, 169.135, 319, 0.0
2021-05-24 09:29:00, 169.105, 169.105, 169.04, 169.04, 211, 0.0
2021-05-24 09:30:00, 168.915, 168.915, 168.905, 168.905, 300, 0.0
2021-05-24 09:32:00, 169.085, 169.085, 169.05, 169.05, 231, 0.0
2021-05-24 09:33:00, 169.05, 169.11, 169.05, 169.11, 381, 0.0
2021-05-24 09:34:00, 169.09, 169.16, 169.09, 169.16, 210, 0.0
2021-05-24 09:35:00, 169.205, 169.205, 169.205, 169.205, 113, 0.0
2021-05-24 09:37:00, 169.31, 169.31, 169.22, 169.29, 1235, 0.0
2021-05-24 09:39:00, 169.38, 169.38, 169.38, 169.38, 113, 0.0
2021-05-24 09:40:00, 169.45, 169.56, 169.45, 169.56, 317, 0.0
2021-05-24 09:43:00, 169.59, 169.59, 169.59, 169.59, 218, 0.0
2021-05-24 09:45:00, 169.6, 169.63, 169.6, 169.61, 414, 0.0
2021-05-24 09:46:00, 169.57, 169.57, 169.57, 169.57, 104, 0.0
2021-05-24 09:48:00, 169.555, 169.555, 169.555, 169.555, 106, 0.0
2021-05-24 09:49:00, 169.735, 169.735, 169.735, 169.735, 108, 0.0
2021-05-24 09:54:00, 169.745, 169.745, 169.745, 169.745, 216, 0.0
2021-05-24 09:55:00, 169.745, 169.75, 169.745, 169.75, 204, 0.0
2021-05-24 09:58:00, 169.64, 169.64, 169.64, 169.64, 110, 0.0
2021-05-24 09:59:00, 169.73, 169.73, 169.73, 169.73, 110, 0.0
2021-05-24 10:15:00, 169.7, 169.7, 169.7, 169.7, 141, 0.0
2021-05-24 10:26:00, 169.68, 169.68, 169.68, 169.68, 114, 0.0
2021-05-24 10:28:00, 169.63, 169.63, 169.63, 169.63, 112, 0.0
2021-05-24 10:32:00, 169.67, 169.67, 169.67, 169.67, 150, 0.0
2021-05-24 10:35:00, 169.82, 169.82, 169.82, 169.82, 165, 0.0
2021-05-24 10:38:00, 169.735, 169.735, 169.735, 169.735, 164, 0.0
2021-05-24 10:44:00, 169.86, 169.86, 169.86, 169.86, 221, 0.0
2021-05-24 10:45:00, 169.86, 169.86, 169.855, 169.855, 298, 0.0
2021-05-24 10:46:00, 169.84, 169.84, 169.84, 169.84, 100, 0.0
2021-05-24 10:47:00, 169.825, 169.825, 169.825, 169.825, 100, 0.0
2021-05-24 10:48:00, 169.81, 169.81, 169.81, 169.81, 135, 0.0
2021-05-24 10:50:00, 169.69, 169.69, 169.69, 169.69, 111, 0.0
2021-05-24 10:51:00, 169.765, 169.765, 169.765, 169.765, 100, 0.0
2021-05-24 10:52:00, 169.69, 169.69, 169.69, 169.69, 148, 0.0
2021-05-24 10:53:00, 169.66, 169.66, 169.66, 169.66, 200, 0.0
2021-05-24 10:55:00, 169.64, 169.64, 169.6, 169.6, 261, 0.0
2021-05-24 11:04:00, 169.65, 169.65, 169.65, 169.65, 211, 0.0
2021-05-24 11:10:00, 169.54, 169.54, 169.51, 169.51, 218, 0.0
2021-05-24 11:17:00, 169.51, 169.51, 169.51, 169.51, 133, 0.0
2021-05-24 11:19:00, 169.49, 169.49, 169.49, 169.49, 160, 0.0
2021-05-24 11:21:00, 169.51, 169.51, 169.51, 169.51, 111, 0.0
2021-05-24 11:26:00, 169.45, 169.45, 169.45, 169.45, 146, 0.0
2021-05-24 11:27:00, 169.39, 169.39, 169.39, 169.39, 133, 0.0
2021-05-24 11:45:00, 169.52, 169.52, 169.52, 169.52, 102, 0.0
2021-05-24 11:52:00, 169.44, 169.44, 169.44, 169.44, 133, 0.0
2021-05-24 12:08:00, 169.35, 169.35, 169.35, 169.35, 135, 0.0
2021-05-24 12:12:00, 169.5, 169.5, 169.45, 169.45, 215, 0.0
2021-05-24 12:17:00, 169.5, 169.5, 169.5, 169.5, 180, 0.0
2021-05-24 12:24:00, 169.54, 169.54, 169.54, 169.54, 100, 0.0
2021-05-24 12:33:00, 169.78, 169.8, 169.78, 169.8, 1210, 0.0
2021-05-24 12:34:00, 169.875, 169.875, 169.875, 169.875, 216, 0.0
2021-05-24 12:35:00, 169.945, 169.945, 169.945, 169.945, 100, 0.0
2021-05-24 12:38:00, 169.915, 169.915, 169.91, 169.91, 292, 0.0
2021-05-24 12:39:00, 169.85, 169.85, 169.71, 169.8, 417, 0.0
2021-05-24 12:40:00, 169.805, 169.805, 169.805, 169.805, 200, 0.0
2021-05-24 12:53:00, 169.75, 169.75, 169.75, 169.75, 102, 0.0
2021-05-24 13:06:00, 169.66, 169.66, 169.66, 169.66, 115, 0.0
2021-05-24 13:10:00, 169.66, 169.66, 169.66, 169.66, 133, 0.0
2021-05-24 13:37:00, 169.64, 169.64, 169.64, 169.64, 100, 0.0
2021-05-24 13:46:00, 169.7, 169.7, 169.7, 169.7, 133, 0.0
2021-05-24 13:52:00, 169.615, 169.64, 169.61, 169.61, 700, 0.0
2021-05-24 13:55:00, 169.51, 169.55, 169.51, 169.55, 300, 0.0
2021-05-24 14:00:00, 169.46, 169.49, 169.455, 169.455, 305, 0.0
2021-05-24 14:04:00, 169.5, 169.5, 169.5, 169.5, 208, 0.0
2021-05-24 14:05:00, 169.485, 169.485, 169.485, 169.485, 100, 0.0
2021-05-24 14:08:00, 169.44, 169.44, 169.44, 169.44, 161, 0.0
2021-05-24 14:10:00, 169.435, 169.435, 169.435, 169.435, 341, 0.0
2021-05-24 14:14:00, 169.43, 169.43, 169.43, 169.43, 102, 0.0
2021-05-24 14:16:00, 169.35, 169.35, 169.35, 169.35, 107, 0.0
2021-05-24 14:17:00, 169.4, 169.4, 169.4, 169.4, 104, 0.0
2021-05-24 14:19:00, 169.23, 169.23, 169.23, 169.23, 301, 0.0
2021-05-24 14:20:00, 169.23, 169.23, 169.23, 169.23, 109, 0.0
2021-05-24 14:22:00, 169.19, 169.19, 169.19, 169.19, 133, 0.0
2021-05-24 14:23:00, 169.21, 169.23, 169.21, 169.23, 305, 0.0
2021-05-24 14:25:00, 169.17, 169.17, 169.17, 169.17, 101, 0.0
2021-05-24 14:27:00, 169.165, 169.165, 169.165, 169.165, 215, 0.0
2021-05-24 14:31:00, 169.195, 169.195, 169.195, 169.195, 223, 0.0
2021-05-24 14:32:00, 169.24, 169.24, 169.24, 169.24, 100, 0.0
2021-05-24 14:33:00, 169.155, 169.155, 169.155, 169.155, 120, 0.0
2021-05-24 14:34:00, 169.135, 169.155, 169.12, 169.155, 783, 0.0
2021-05-24 14:35:00, 169.195, 169.21, 169.195, 169.21, 215, 0.0
2021-05-24 14:37:00, 169.13, 169.13, 169.13, 169.13, 133, 0.0
2021-05-24 14:38:00, 169.01, 169.02, 169.01, 169.02, 251, 0.0
2021-05-24 14:39:00, 169.065, 169.065, 169.065, 169.065, 102, 0.0
2021-05-24 14:40:00, 168.99, 169.01, 168.97, 169.01, 373, 0.0
2021-05-24 14:41:00, 168.985, 169.05, 168.985, 169.035, 963, 0.0
2021-05-24 14:42:00, 169.03, 169.03, 169.025, 169.025, 340, 0.0
2021-05-24 14:44:00, 168.99, 168.99, 168.97, 168.97, 1055, 0.0
2021-05-24 14:45:00, 168.99, 168.99, 168.95, 168.95, 495, 0.0
2021-05-24 14:46:00, 168.765, 168.845, 168.765, 168.845, 867, 0.0
2021-05-24 14:47:00, 168.765, 168.765, 168.765, 168.765, 322, 0.0
2021-05-24 14:48:00, 168.76, 168.76, 168.76, 168.76, 137, 0.0
2021-05-24 14:49:00, 168.69, 168.69, 168.58, 168.58, 499, 0.0
2021-05-24 14:50:00, 168.44, 168.53, 168.39, 168.44, 690, 0.0
2021-05-24 14:51:00, 168.44, 168.465, 168.425, 168.465, 412, 0.0
2021-05-24 14:52:00, 168.47, 168.49, 168.47, 168.49, 328, 0.0
2021-05-24 14:53:00, 168.515, 168.58, 168.515, 168.57, 406, 0.0
2021-05-24 14:54:00, 168.6, 168.6, 168.56, 168.56, 700, 0.0
2021-05-24 14:55:00, 168.57, 168.57, 168.51, 168.51, 525, 0.0
2021-05-24 14:56:00, 168.575, 168.575, 168.45, 168.45, 472, 0.0
2021-05-24 14:57:00, 168.485, 168.495, 168.38, 168.43, 904, 0.0
2021-05-24 14:58:00, 168.435, 168.49, 168.435, 168.48, 524, 0.0
2021-05-24 14:59:00, 168.46, 168.46, 168.4, 168.45, 550, 0.0
2021-05-25 08:46:00, 169.46, 169.46, 169.46, 169.46, 341, 0.0
2021-05-25 08:48:00, 169.67, 169.67, 169.67, 169.67, 239, 0.0
2021-05-25 08:55:00, 169.45, 169.45, 169.45, 169.45, 236, 0.0
2021-05-25 09:00:00, 169.32, 169.32, 169.32, 169.32, 130, 0.0
2021-05-25 09:03:00, 169.18, 169.18, 169.18, 169.18, 100, 0.0
2021-05-25 09:05:00, 169.205, 169.205, 169.205, 169.205, 193, 0.0
2021-05-25 09:06:00, 169.145, 169.145, 169.145, 169.145, 120, 0.0
2021-05-25 09:08:00, 169.105, 169.105, 169.105, 169.105, 134, 0.0
2021-05-25 09:12:00, 169.255, 169.255, 169.255, 169.255, 100, 0.0
2021-05-25 09:13:00, 169.195, 169.195, 169.14, 169.14, 300, 0.0
2021-05-25 09:16:00, 168.98, 168.98, 168.98, 168.98, 194, 0.0
2021-05-25 09:25:00, 169.155, 169.155, 169.155, 169.155, 167, 0.0
2021-05-25 09:36:00, 168.78, 168.78, 168.78, 168.78, 150, 0.0
2021-05-25 09:43:00, 168.95, 168.99, 168.95, 168.99, 333, 0.0
2021-05-25 09:53:00, 169.01, 169.01, 169.01, 169.01, 162, 0.0
2021-05-25 09:56:00, 169, 169, 169, 169, 100, 0.0
2021-05-25 09:57:00, 168.855, 168.855, 168.855, 168.855, 103, 0.0
2021-05-25 09:58:00, 168.85, 168.85, 168.82, 168.82, 282, 0.0
2021-05-25 10:02:00, 168.615, 168.615, 168.615, 168.615, 200, 0.0
2021-05-25 10:03:00, 168.52, 168.52, 168.52, 168.52, 157, 0.0
2021-05-25 10:04:00, 168.39, 168.39, 168.39, 168.39, 100, 0.0
2021-05-25 10:05:00, 168.41, 168.42, 168.41, 168.42, 580, 0.0
2021-05-25 10:06:00, 168.49, 168.49, 168.43, 168.43, 471, 0.0
2021-05-25 10:07:00, 168.395, 168.395, 168.395, 168.395, 101, 0.0
2021-05-25 10:08:00, 168.36, 168.36, 168.36, 168.36, 237, 0.0
2021-05-25 10:09:00, 168.34, 168.34, 168.34, 168.34, 175, 0.0
2021-05-25 10:11:00, 168.395, 168.395, 168.395, 168.395, 118, 0.0
2021-05-25 10:12:00, 168.39, 168.39, 168.365, 168.365, 243, 0.0
2021-05-25 10:13:00, 168.4, 168.4, 168.29, 168.29, 419, 0.0
2021-05-25 10:14:00, 168.525, 168.57, 168.525, 168.57, 700, 0.0
2021-05-25 10:16:00, 168.54, 168.54, 168.54, 168.54, 153, 0.0
2021-05-25 10:26:00, 168.545, 168.545, 168.53, 168.53, 1672, 0.0
2021-05-25 10:53:00, 168.75, 168.75, 168.75, 168.75, 100, 0.0
2021-05-25 11:02:00, 168.775, 168.775, 168.775, 168.775, 175, 0.0
2021-05-25 11:03:00, 168.81, 168.81, 168.81, 168.81, 102, 0.0
2021-05-25 11:04:00, 168.82, 168.82, 168.82, 168.82, 303, 0.0
2021-05-25 11:05:00, 168.85, 168.91, 168.85, 168.905, 1286, 0.0
2021-05-25 11:24:00, 168.74, 168.74, 168.74, 168.74, 133, 0.0
2021-05-25 11:33:00, 168.76, 168.76, 168.76, 168.76, 122, 0.0
2021-05-25 11:34:00, 168.71, 168.71, 168.71, 168.71, 100, 0.0
2021-05-25 12:00:00, 168.21, 168.21, 168.21, 168.21, 104, 0.0
2021-05-25 12:16:00, 168.26, 168.26, 168.26, 168.26, 166, 0.0
2021-05-25 12:31:00, 168.21, 168.21, 168.21, 168.21, 102, 0.0
2021-05-25 12:48:00, 168.19, 168.19, 168.19, 168.19, 188, 0.0
2021-05-25 13:05:00, 168.11, 168.11, 168.11, 168.11, 100, 0.0
2021-05-25 13:07:00, 168.03, 168.04, 168.03, 168.04, 283, 0.0
2021-05-25 13:14:00, 168.12, 168.12, 168.12, 168.12, 197, 0.0
2021-05-25 13:23:00, 168.13, 168.13, 168.13, 168.13, 100, 0.0
2021-05-25 13:25:00, 167.99, 168.06, 167.99, 168.06, 200, 0.0
2021-05-25 13:26:00, 167.99, 167.99, 167.99, 167.99, 102, 0.0
2021-05-25 13:32:00, 168.11, 168.11, 168.11, 168.11, 100, 0.0
2021-05-25 13:33:00, 168.1, 168.1, 168.09, 168.095, 400, 0.0
2021-05-25 13:39:00, 167.81, 167.81, 167.81, 167.81, 100, 0.0
2021-05-25 13:40:00, 167.85, 167.85, 167.85, 167.85, 100, 0.0
2021-05-25 13:46:00, 167.66, 167.66, 167.66, 167.66, 100, 0.0
2021-05-25 13:47:00, 167.64, 167.64, 167.64, 167.64, 100, 0.0
2021-05-25 13:58:00, 167.45, 167.45, 167.45, 167.45, 101, 0.0
2021-05-25 14:06:00, 167.17, 167.18, 167.17, 167.18, 267, 0.0
2021-05-25 14:07:00, 167.24, 167.24, 167.24, 167.24, 119, 0.0
2021-05-25 14:09:00, 167.13, 167.13, 167.13, 167.13, 100, 0.0
2021-05-25 14:12:00, 167.07, 167.07, 167.07, 167.07, 200, 0.0
2021-05-25 14:27:00, 167.14, 167.14, 167.14, 167.14, 100, 0.0
2021-05-25 14:32:00, 167.06, 167.1, 167.06, 167.08, 581, 0.0
2021-05-25 14:33:00, 167, 167, 166.975, 166.975, 225, 0.0
2021-05-25 14:35:00, 167.015, 167.015, 167.015, 167.015, 125, 0.0
2021-05-25 14:36:00, 167.045, 167.045, 167.045, 167.045, 101, 0.0
2021-05-25 14:37:00, 166.93, 166.93, 166.93, 166.93, 110, 0.0
2021-05-25 14:39:00, 167.07, 167.07, 167.07, 167.07, 102, 0.0
2021-05-25 14:42:00, 167.03, 167.03, 167.03, 167.03, 100, 0.0
2021-05-25 14:45:00, 166.96, 166.96, 166.96, 166.96, 122, 0.0
2021-05-25 14:47:00, 166.92, 166.92, 166.74, 166.74, 664, 0.0
2021-05-25 14:48:00, 166.81, 166.81, 166.81, 166.81, 120, 0.0
2021-05-25 14:49:00, 166.74, 166.82, 166.74, 166.74, 924, 0.0
2021-05-25 14:50:00, 166.71, 166.71, 166.71, 166.71, 133, 0.0
2021-05-25 14:51:00, 166.65, 166.65, 166.5, 166.5, 472, 0.0
2021-05-25 14:52:00, 166.56, 166.57, 166.56, 166.57, 200, 0.0
2021-05-25 14:53:00, 166.47, 166.51, 166.44, 166.44, 1081, 0.0
2021-05-25 14:54:00, 166.42, 166.42, 166.37, 166.37, 266, 0.0
2021-05-25 14:55:00, 166.535, 166.68, 166.535, 166.61, 780, 0.0
2021-05-25 14:56:00, 166.57, 166.62, 166.57, 166.62, 234, 0.0
2021-05-25 14:57:00, 166.68, 166.695, 166.63, 166.635, 717, 0.0
2021-05-25 14:58:00, 166.67, 166.67, 166.6, 166.65, 430, 0.0
2021-05-25 14:59:00, 166.7, 166.75, 166.69, 166.69, 878, 0.0
2021-05-26 08:30:00, 166.235, 166.32, 166.02, 166.02, 558, 0.0
2021-05-26 08:32:00, 166.62, 166.78, 166.62, 166.78, 300, 0.0
2021-05-26 08:37:00, 167.08, 167.08, 167.08, 167.08, 290, 0.0
2021-05-26 08:40:00, 167.13, 167.13, 167.03, 167.03, 391, 0.0
2021-05-26 08:42:00, 166.95, 166.95, 166.76, 166.76, 829, 0.0
2021-05-26 08:50:00, 165.59, 165.63, 165.54, 165.63, 1184, 0.0
2021-05-26 08:51:00, 165.68, 165.68, 165.49, 165.49, 375, 0.0
2021-05-26 08:53:00, 165.36, 165.36, 165.36, 165.36, 263, 0.0
2021-05-26 08:54:00, 165.45, 165.48, 165.45, 165.48, 683, 0.0
2021-05-26 08:55:00, 165.27, 165.27, 165.27, 165.27, 102, 0.0
2021-05-26 08:58:00, 165.15, 165.15, 165.15, 165.15, 100, 0.0
2021-05-26 09:00:00, 165.25, 165.29, 165.25, 165.29, 205, 0.0
2021-05-26 09:01:00, 165.3, 165.3, 165.3, 165.3, 120, 0.0
2021-05-26 09:02:00, 165.225, 165.225, 165.08, 165.08, 600, 0.0
2021-05-26 09:03:00, 165.11, 165.12, 165.11, 165.12, 311, 0.0
2021-05-26 09:06:00, 165.42, 165.42, 165.42, 165.42, 266, 0.0
2021-05-26 09:07:00, 165.41, 165.43, 165.355, 165.355, 410, 0.0
2021-05-26 09:08:00, 165.31, 165.31, 165.285, 165.285, 231, 0.0
2021-05-26 09:11:00, 165.51, 165.525, 165.415, 165.415, 348, 0.0
2021-05-26 09:12:00, 165.375, 165.375, 165.375, 165.375, 265, 0.0
2021-05-26 09:14:00, 165.59, 165.59, 165.59, 165.59, 306, 0.0
2021-05-26 09:16:00, 165.81, 165.82, 165.81, 165.82, 208, 0.0
2021-05-26 09:18:00, 166.045, 166.045, 166.045, 166.045, 105, 0.0
2021-05-26 09:19:00, 165.92, 165.92, 165.92, 165.92, 281, 0.0
2021-05-26 09:23:00, 165.83, 165.84, 165.83, 165.84, 343, 0.0
2021-05-26 09:29:00, 165.93, 165.93, 165.93, 165.93, 331, 0.0
2021-05-26 09:36:00, 165.85, 165.86, 165.85, 165.86, 338, 0.0
2021-05-26 09:39:00, 165.81, 165.81, 165.81, 165.81, 349, 0.0
2021-05-26 09:41:00, 165.575, 165.575, 165.575, 165.575, 100, 0.0
2021-05-26 09:46:00, 165.305, 165.305, 165.305, 165.305, 307, 0.0
2021-05-26 09:47:00, 165.27, 165.27, 165.27, 165.27, 247, 0.0
2021-05-26 09:50:00, 165.29, 165.29, 165.29, 165.29, 490, 0.0
2021-05-26 09:51:00, 165.22, 165.22, 165.22, 165.22, 100, 0.0
2021-05-26 09:53:00, 165.31, 165.31, 165.295, 165.295, 979, 0.0
2021-05-26 09:54:00, 165.36, 165.36, 165.36, 165.36, 100, 0.0
2021-05-26 09:58:00, 165.155, 165.155, 165.155, 165.155, 200, 0.0
2021-05-26 09:59:00, 165.155, 165.155, 165.155, 165.155, 115, 0.0
2021-05-26 10:00:00, 165.135, 165.135, 165.01, 165.01, 215, 0.0
2021-05-26 10:01:00, 164.97, 165.06, 164.97, 165.06, 411, 0.0
2021-05-26 10:04:00, 165.095, 165.095, 165.095, 165.095, 100, 0.0
2021-05-26 10:08:00, 165.11, 165.11, 165.11, 165.11, 100, 0.0
2021-05-26 10:10:00, 165.13, 165.13, 165.075, 165.075, 200, 0.0
2021-05-26 10:11:00, 165.08, 165.08, 165.08, 165.08, 100, 0.0
2021-05-26 10:13:00, 165.14, 165.14, 165.14, 165.14, 100, 0.0
2021-05-26 10:17:00, 165.19, 165.19, 165.19, 165.19, 100, 0.0
2021-05-26 10:19:00, 165.055, 165.055, 165.055, 165.055, 133, 0.0
2021-05-26 10:26:00, 165.24, 165.24, 165.24, 165.24, 108, 0.0
2021-05-26 10:27:00, 165.29, 165.29, 165.29, 165.29, 134, 0.0
2021-05-26 10:28:00, 165.425, 165.425, 165.425, 165.425, 100, 0.0
2021-05-26 10:30:00, 165.325, 165.325, 165.325, 165.325, 100, 0.0
2021-05-26 10:35:00, 165.29, 165.29, 165.29, 165.29, 100, 0.0
2021-05-26 10:38:00, 165.55, 165.55, 165.55, 165.55, 100, 0.0
2021-05-26 10:43:00, 165.42, 165.42, 165.42, 165.42, 100, 0.0
