Date, Open, High, Low, Close, Volume, Open Interest
2021-05-20 10:46:00, 91.98, 91.98, 91.98, 91.98, 123, 0.0
2021-05-20 10:48:00, 92.035, 92.035, 92.035, 92.035, 215, 0.0
2021-05-20 10:52:00, 92.13, 92.13, 92.13, 92.13, 100, 0.0
2021-05-20 10:54:00, 92.145, 92.145, 92.1, 92.1, 300, 0.0
2021-05-20 10:55:00, 92.12, 92.12, 92.1, 92.1, 200, 0.0
2021-05-20 10:56:00, 92.09, 92.09, 92.09, 92.09, 111, 0.0
2021-05-20 10:57:00, 92.11, 92.16, 92.11, 92.16, 200, 0.0
2021-05-20 10:58:00, 92.14, 92.14, 92.12, 92.12, 300, 0.0
2021-05-20 10:59:00, 92.12, 92.12, 92.1, 92.1, 319, 0.0
2021-05-20 11:00:00, 92.1, 92.1, 92.1, 92.1, 201, 0.0
2021-05-20 11:01:00, 92.08, 92.08, 92.05, 92.05, 530, 0.0
2021-05-20 11:03:00, 92.1, 92.1, 92.1, 92.1, 100, 0.0
2021-05-20 11:06:00, 92.05, 92.05, 92.05, 92.05, 416, 0.0
2021-05-20 11:07:00, 92.05, 92.05, 92.05, 92.05, 233, 0.0
2021-05-20 11:08:00, 92.06, 92.06, 92.06, 92.06, 200, 0.0
2021-05-20 11:10:00, 92.08, 92.12, 92.08, 92.12, 615, 0.0
2021-05-20 11:11:00, 92.12, 92.12, 92.11, 92.11, 200, 0.0
2021-05-20 11:12:00, 92.13, 92.13, 92.12, 92.12, 336, 0.0
2021-05-20 11:13:00, 92.1, 92.1, 92.1, 92.1, 500, 0.0
2021-05-20 11:14:00, 92.11, 92.11, 92.11, 92.11, 250, 0.0
2021-05-20 11:16:00, 92.16, 92.165, 92.16, 92.165, 335, 0.0
2021-05-20 11:17:00, 92.14, 92.14, 92.14, 92.14, 200, 0.0
2021-05-20 11:19:00, 92.12, 92.12, 92.12, 92.12, 300, 0.0
2021-05-20 11:20:00, 92.145, 92.145, 92.145, 92.145, 100, 0.0
2021-05-20 11:21:00, 92.22, 92.22, 92.22, 92.22, 111, 0.0
2021-05-20 11:22:00, 92.19, 92.19, 92.19, 92.19, 232, 0.0
2021-05-20 11:23:00, 92.17, 92.17, 92.17, 92.17, 166, 0.0
2021-05-20 11:24:00, 92.29, 92.29, 92.29, 92.29, 103, 0.0
2021-05-20 11:25:00, 92.325, 92.325, 92.3, 92.3, 300, 0.0
2021-05-20 11:26:00, 92.34, 92.34, 92.34, 92.34, 128, 0.0
2021-05-20 11:27:00, 92.36, 92.36, 92.36, 92.36, 310, 0.0
2021-05-20 11:30:00, 92.27, 92.27, 92.265, 92.265, 202, 0.0
2021-05-20 11:31:00, 92.305, 92.34, 92.305, 92.34, 316, 0.0
2021-05-20 11:33:00, 92.425, 92.425, 92.425, 92.425, 140, 0.0
2021-05-20 11:34:00, 92.44, 92.44, 92.44, 92.44, 100, 0.0
2021-05-20 11:35:00, 92.42, 92.43, 92.42, 92.43, 210, 0.0
2021-05-20 11:36:00, 92.43, 92.43, 92.43, 92.43, 218, 0.0
2021-05-20 11:37:00, 92.4, 92.4, 92.39, 92.39, 371, 0.0
2021-05-20 11:42:00, 92.47, 92.47, 92.47, 92.47, 101, 0.0
2021-05-20 11:50:00, 92.44, 92.45, 92.44, 92.45, 304, 0.0
2021-05-20 11:51:00, 92.415, 92.415, 92.415, 92.415, 208, 0.0
2021-05-20 11:59:00, 92.46, 92.46, 92.46, 92.46, 300, 0.0
2021-05-20 12:01:00, 92.54, 92.54, 92.53, 92.54, 300, 0.0
2021-05-20 12:02:00, 92.52, 92.52, 92.52, 92.52, 115, 0.0
2021-05-20 12:03:00, 92.53, 92.53, 92.53, 92.53, 101, 0.0
2021-05-20 12:05:00, 92.59, 92.59, 92.59, 92.59, 300, 0.0
2021-05-20 12:07:00, 92.64, 92.64, 92.64, 92.64, 128, 0.0
2021-05-20 12:11:00, 92.59, 92.59, 92.59, 92.59, 101, 0.0
2021-05-20 12:15:00, 92.595, 92.595, 92.595, 92.595, 100, 0.0
2021-05-20 12:22:00, 92.63, 92.63, 92.6, 92.6, 470, 0.0
2021-05-20 12:24:00, 92.65, 92.65, 92.65, 92.65, 121, 0.0
2021-05-20 12:26:00, 92.55, 92.55, 92.55, 92.55, 341, 0.0
2021-05-20 12:29:00, 92.57, 92.57, 92.57, 92.57, 200, 0.0
2021-05-20 12:30:00, 92.58, 92.58, 92.58, 92.58, 290, 0.0
2021-05-20 12:31:00, 92.62, 92.62, 92.61, 92.61, 418, 0.0
2021-05-20 12:32:00, 92.58, 92.58, 92.58, 92.58, 300, 0.0
2021-05-20 12:37:00, 92.54, 92.54, 92.54, 92.54, 321, 0.0
2021-05-20 12:39:00, 92.54, 92.54, 92.54, 92.54, 191, 0.0
2021-05-20 12:41:00, 92.56, 92.56, 92.56, 92.56, 100, 0.0
2021-05-20 12:45:00, 92.6, 92.6, 92.6, 92.6, 185, 0.0
2021-05-20 12:46:00, 92.61, 92.61, 92.61, 92.61, 299, 0.0
2021-05-20 12:47:00, 92.62, 92.7, 92.62, 92.7, 578, 0.0
2021-05-20 12:49:00, 92.755, 92.755, 92.755, 92.755, 102, 0.0
2021-05-20 12:50:00, 92.76, 92.76, 92.75, 92.75, 382, 0.0
2021-05-20 12:58:00, 92.69, 92.69, 92.69, 92.69, 110, 0.0
2021-05-20 12:59:00, 92.69, 92.69, 92.69, 92.69, 206, 0.0
2021-05-20 13:01:00, 92.74, 92.745, 92.74, 92.745, 467, 0.0
2021-05-20 13:02:00, 92.78, 92.8, 92.78, 92.8, 351, 0.0
2021-05-20 13:03:00, 92.81, 92.82, 92.81, 92.82, 255, 0.0
2021-05-20 13:04:00, 92.81, 92.83, 92.81, 92.83, 274, 0.0
2021-05-20 13:05:00, 92.84, 92.84, 92.84, 92.84, 536, 0.0
2021-05-20 13:08:00, 92.84, 92.84, 92.84, 92.84, 300, 0.0
2021-05-20 13:10:00, 92.87, 92.87, 92.83, 92.84, 599, 0.0
2021-05-20 13:11:00, 92.82, 92.83, 92.82, 92.82, 780, 0.0
2021-05-20 13:16:00, 92.8, 92.8, 92.78, 92.78, 310, 0.0
2021-05-20 13:17:00, 92.83, 92.84, 92.83, 92.84, 436, 0.0
2021-05-20 13:18:00, 92.83, 92.84, 92.82, 92.82, 614, 0.0
2021-05-20 13:21:00, 92.71, 92.71, 92.71, 92.71, 349, 0.0
2021-05-20 13:22:00, 92.77, 92.77, 92.77, 92.77, 120, 0.0
2021-05-20 13:24:00, 92.78, 92.78, 92.78, 92.78, 272, 0.0
2021-05-20 13:25:00, 92.77, 92.77, 92.77, 92.77, 200, 0.0
2021-05-20 13:26:00, 92.81, 92.81, 92.81, 92.81, 147, 0.0
2021-05-20 13:27:00, 92.81, 92.81, 92.75, 92.75, 525, 0.0
2021-05-20 13:28:00, 92.75, 92.75, 92.75, 92.75, 100, 0.0
2021-05-20 13:32:00, 92.7, 92.7, 92.64, 92.65, 400, 0.0
2021-05-20 13:35:00, 92.7, 92.7, 92.68, 92.68, 921, 0.0
2021-05-20 13:36:00, 92.68, 92.68, 92.68, 92.68, 310, 0.0
2021-05-20 13:37:00, 92.72, 92.72, 92.72, 92.72, 320, 0.0
2021-05-20 13:39:00, 92.72, 92.72, 92.72, 92.72, 319, 0.0
2021-05-20 13:42:00, 92.77, 92.79, 92.77, 92.79, 702, 0.0
2021-05-20 13:43:00, 92.78, 92.78, 92.76, 92.76, 400, 0.0
2021-05-20 13:44:00, 92.82, 92.915, 92.82, 92.915, 525, 0.0
2021-05-20 13:45:00, 92.9, 92.9, 92.9, 92.9, 711, 0.0
2021-05-20 13:46:00, 92.85, 92.85, 92.72, 92.72, 693, 0.0
2021-05-20 13:50:00, 92.64, 92.64, 92.64, 92.64, 207, 0.0
2021-05-20 13:53:00, 92.66, 92.66, 92.63, 92.63, 500, 0.0
2021-05-20 13:56:00, 92.74, 92.74, 92.74, 92.74, 244, 0.0
2021-05-20 13:57:00, 92.755, 92.755, 92.74, 92.75, 808, 0.0
2021-05-20 13:58:00, 92.75, 92.75, 92.75, 92.75, 434, 0.0
2021-05-20 13:59:00, 92.73, 92.73, 92.73, 92.73, 420, 0.0
2021-05-20 14:00:00, 92.73, 92.73, 92.73, 92.73, 298, 0.0
2021-05-20 14:01:00, 92.68, 92.68, 92.68, 92.68, 208, 0.0
2021-05-20 14:02:00, 92.69, 92.69, 92.69, 92.69, 313, 0.0
2021-05-20 14:09:00, 92.575, 92.575, 92.575, 92.575, 120, 0.0
2021-05-20 14:10:00, 92.58, 92.58, 92.57, 92.57, 807, 0.0
2021-05-20 14:11:00, 92.65, 92.65, 92.65, 92.65, 213, 0.0
2021-05-20 14:12:00, 92.67, 92.67, 92.67, 92.67, 100, 0.0
2021-05-20 14:13:00, 92.61, 92.61, 92.61, 92.61, 110, 0.0
2021-05-20 14:14:00, 92.64, 92.64, 92.64, 92.64, 462, 0.0
2021-05-20 14:16:00, 92.64, 92.64, 92.63, 92.63, 420, 0.0
2021-05-20 14:18:00, 92.66, 92.66, 92.66, 92.66, 148, 0.0
2021-05-20 14:21:00, 92.71, 92.71, 92.71, 92.71, 230, 0.0
2021-05-20 14:22:00, 92.73, 92.73, 92.73, 92.73, 370, 0.0
2021-05-20 14:23:00, 92.76, 92.76, 92.76, 92.76, 190, 0.0
2021-05-20 14:24:00, 92.8, 92.8, 92.8, 92.8, 115, 0.0
2021-05-20 14:26:00, 92.81, 92.81, 92.8, 92.8, 620, 0.0
2021-05-20 14:27:00, 92.8, 92.8, 92.8, 92.8, 230, 0.0
2021-05-20 14:28:00, 92.825, 92.825, 92.825, 92.825, 359, 0.0
2021-05-20 14:30:00, 92.79, 92.79, 92.79, 92.79, 303, 0.0
2021-05-20 14:31:00, 92.75, 92.75, 92.72, 92.72, 252, 0.0
2021-05-20 14:34:00, 92.7, 92.7, 92.7, 92.7, 222, 0.0
2021-05-20 14:35:00, 92.73, 92.73, 92.73, 92.73, 171, 0.0
2021-05-20 14:36:00, 92.7, 92.7, 92.7, 92.7, 400, 0.0
2021-05-20 14:40:00, 92.72, 92.72, 92.71, 92.71, 315, 0.0
2021-05-20 14:41:00, 92.65, 92.65, 92.65, 92.65, 555, 0.0
2021-05-20 14:42:00, 92.57, 92.57, 92.57, 92.57, 379, 0.0
2021-05-20 14:44:00, 92.53, 92.56, 92.53, 92.555, 1152, 0.0
2021-05-20 14:45:00, 92.56, 92.58, 92.56, 92.58, 1109, 0.0
2021-05-20 14:46:00, 92.59, 92.59, 92.56, 92.57, 822, 0.0
2021-05-20 14:47:00, 92.6, 92.6, 92.6, 92.6, 299, 0.0
2021-05-20 14:48:00, 92.62, 92.62, 92.58, 92.59, 892, 0.0
2021-05-20 14:49:00, 92.62, 92.64, 92.62, 92.64, 303, 0.0
2021-05-20 14:50:00, 92.55, 92.55, 92.46, 92.47, 1883, 0.0
2021-05-20 14:51:00, 92.44, 92.46, 92.44, 92.46, 662, 0.0
2021-05-20 14:52:00, 92.44, 92.545, 92.44, 92.545, 317, 0.0
2021-05-20 14:53:00, 92.55, 92.625, 92.55, 92.625, 861, 0.0
2021-05-20 14:54:00, 92.62, 92.7, 92.62, 92.69, 1865, 0.0
2021-05-20 14:55:00, 92.69, 92.72, 92.68, 92.715, 2056, 0.0
2021-05-20 14:56:00, 92.715, 92.715, 92.64, 92.64, 1126, 0.0
2021-05-20 14:57:00, 92.63, 92.63, 92.61, 92.61, 1377, 0.0
2021-05-20 14:58:00, 92.55, 92.55, 92.495, 92.495, 3343, 0.0
2021-05-20 14:59:00, 92.52, 92.54, 92.495, 92.495, 2824, 0.0
2021-05-21 08:30:00, 92.8, 92.86, 92.8, 92.85, 1056, 0.0
2021-05-21 08:32:00, 92.975, 92.975, 92.71, 92.71, 947, 0.0
2021-05-21 08:33:00, 92.93, 92.93, 92.93, 92.93, 351, 0.0
2021-05-21 08:35:00, 92.57, 92.57, 92.57, 92.57, 100, 0.0
2021-05-21 08:36:00, 92.44, 92.44, 92.44, 92.44, 113, 0.0
2021-05-21 08:37:00, 92.515, 92.515, 92.515, 92.515, 101, 0.0
2021-05-21 08:38:00, 92.475, 92.56, 92.475, 92.56, 201, 0.0
2021-05-21 08:40:00, 92.52, 92.52, 92.52, 92.52, 100, 0.0
2021-05-21 08:41:00, 92.395, 92.395, 92.395, 92.395, 104, 0.0
2021-05-21 08:42:00, 92.3, 92.3, 92.3, 92.3, 100, 0.0
2021-05-21 08:45:00, 92.36, 92.36, 92.36, 92.36, 130, 0.0
2021-05-21 08:46:00, 92.19, 92.19, 92.19, 92.19, 100, 0.0
2021-05-21 08:47:00, 92.21, 92.21, 92.21, 92.21, 427, 0.0
2021-05-21 08:48:00, 92.31, 92.31, 92.25, 92.25, 212, 0.0
2021-05-21 08:49:00, 92.205, 92.205, 92.11, 92.11, 1134, 0.0
2021-05-21 08:50:00, 92.19, 92.19, 92.19, 92.19, 201, 0.0
2021-05-21 08:52:00, 92.3, 92.3, 92.3, 92.3, 264, 0.0
2021-05-21 08:53:00, 92.33, 92.33, 92.33, 92.33, 100, 0.0
2021-05-21 08:55:00, 92.3, 92.3, 92.29, 92.29, 200, 0.0
2021-05-21 08:56:00, 92.3, 92.33, 92.3, 92.33, 425, 0.0
2021-05-21 08:57:00, 92.445, 92.445, 92.445, 92.445, 101, 0.0
2021-05-21 08:58:00, 92.49, 92.49, 92.49, 92.49, 315, 0.0
2021-05-21 08:59:00, 92.47, 92.47, 92.42, 92.42, 389, 0.0
2021-05-21 09:00:00, 92.455, 92.455, 92.455, 92.455, 101, 0.0
2021-05-21 09:01:00, 92.32, 92.37, 92.32, 92.37, 362, 0.0
2021-05-21 09:02:00, 92.34, 92.35, 92.34, 92.35, 387, 0.0
2021-05-21 09:03:00, 92.33, 92.33, 92.33, 92.33, 101, 0.0
2021-05-21 09:04:00, 92.36, 92.52, 92.36, 92.48, 401, 0.0
2021-05-21 09:06:00, 92.44, 92.48, 92.44, 92.48, 201, 0.0
2021-05-21 09:07:00, 92.42, 92.42, 92.42, 92.42, 200, 0.0
2021-05-21 09:08:00, 92.36, 92.36, 92.36, 92.36, 105, 0.0
2021-05-21 09:09:00, 92.38, 92.38, 92.22, 92.22, 1330, 0.0
2021-05-21 09:10:00, 92.29, 92.34, 92.29, 92.34, 403, 0.0
2021-05-21 09:11:00, 92.36, 92.36, 92.36, 92.36, 289, 0.0
2021-05-21 09:13:00, 92.34, 92.34, 92.34, 92.34, 494, 0.0
2021-05-21 09:14:00, 92.32, 92.32, 92.32, 92.32, 183, 0.0
2021-05-21 09:15:00, 92.32, 92.4, 92.32, 92.4, 273, 0.0
2021-05-21 09:16:00, 92.38, 92.38, 92.38, 92.38, 301, 0.0
2021-05-21 09:17:00, 92.37, 92.37, 92.37, 92.37, 110, 0.0
2021-05-21 09:18:00, 92.43, 92.44, 92.43, 92.44, 343, 0.0
2021-05-21 09:21:00, 92.285, 92.285, 92.285, 92.285, 123, 0.0
2021-05-21 09:22:00, 92.3, 92.3, 92.3, 92.3, 358, 0.0
2021-05-21 09:25:00, 92.29, 92.29, 92.25, 92.25, 298, 0.0
2021-05-21 09:26:00, 92.23, 92.23, 92.23, 92.23, 346, 0.0
2021-05-21 09:27:00, 92.24, 92.265, 92.24, 92.265, 655, 0.0
2021-05-21 09:28:00, 92.27, 92.27, 92.27, 92.27, 210, 0.0
2021-05-21 09:29:00, 92.22, 92.22, 92.22, 92.22, 222, 0.0
2021-05-21 09:30:00, 92.19, 92.19, 92.19, 92.19, 129, 0.0
2021-05-21 09:31:00, 92.17, 92.17, 92.17, 92.17, 306, 0.0
2021-05-21 09:34:00, 92.22, 92.22, 92.22, 92.22, 177, 0.0
2021-05-21 09:36:00, 92.21, 92.21, 92.21, 92.21, 235, 0.0
2021-05-21 09:37:00, 92.2, 92.2, 92.18, 92.19, 742, 0.0
2021-05-21 09:38:00, 92.24, 92.26, 92.24, 92.26, 281, 0.0
2021-05-21 09:39:00, 92.27, 92.27, 92.2, 92.2, 810, 0.0
2021-05-21 09:40:00, 92.25, 92.27, 92.25, 92.27, 793, 0.0
2021-05-21 09:41:00, 92.3, 92.3, 92.3, 92.3, 410, 0.0
2021-05-21 09:42:00, 92.29, 92.3, 92.29, 92.3, 200, 0.0
2021-05-21 09:43:00, 92.37, 92.41, 92.37, 92.41, 405, 0.0
2021-05-21 09:44:00, 92.41, 92.41, 92.41, 92.41, 101, 0.0
2021-05-21 09:45:00, 92.3, 92.3, 92.28, 92.28, 295, 0.0
2021-05-21 09:46:00, 92.29, 92.3, 92.29, 92.3, 229, 0.0
2021-05-21 09:48:00, 92.31, 92.32, 92.31, 92.32, 400, 0.0
2021-05-21 09:49:00, 92.34, 92.34, 92.34, 92.34, 380, 0.0
2021-05-21 09:51:00, 92.23, 92.23, 92.23, 92.23, 202, 0.0
2021-05-21 09:54:00, 92.18, 92.18, 92.17, 92.17, 328, 0.0
2021-05-21 09:55:00, 92.19, 92.19, 92.19, 92.19, 336, 0.0
2021-05-21 09:56:00, 92.21, 92.21, 92.21, 92.21, 166, 0.0
2021-05-21 09:58:00, 92.17, 92.17, 92.16, 92.16, 300, 0.0
2021-05-21 10:00:00, 92.15, 92.15, 92.13, 92.13, 343, 0.0
2021-05-21 10:02:00, 92.08, 92.08, 92.08, 92.08, 206, 0.0
2021-05-21 10:05:00, 92.06, 92.06, 92.06, 92.06, 164, 0.0
2021-05-21 10:08:00, 92.12, 92.12, 92.12, 92.12, 181, 0.0
2021-05-21 10:10:00, 92.12, 92.12, 92.12, 92.12, 302, 0.0
2021-05-21 10:11:00, 92.12, 92.12, 92.12, 92.12, 188, 0.0
2021-05-21 10:13:00, 92.14, 92.15, 92.13, 92.13, 494, 0.0
2021-05-21 10:16:00, 92.03, 92.03, 92.01, 92.01, 366, 0.0
2021-05-21 10:18:00, 92.01, 92.03, 92.01, 92.03, 742, 0.0
2021-05-21 10:20:00, 92.045, 92.045, 92.045, 92.045, 100, 0.0
2021-05-21 10:21:00, 92.03, 92.03, 92.03, 92.03, 168, 0.0
2021-05-21 10:22:00, 92.08, 92.08, 92.08, 92.08, 203, 0.0
2021-05-21 10:23:00, 92.1, 92.11, 92.1, 92.11, 392, 0.0
2021-05-21 10:28:00, 91.99, 91.99, 91.96, 91.96, 722, 0.0
2021-05-21 10:30:00, 91.96, 91.96, 91.96, 91.96, 221, 0.0
2021-05-21 10:31:00, 91.95, 91.95, 91.95, 91.95, 294, 0.0
2021-05-21 10:32:00, 91.97, 91.99, 91.97, 91.99, 708, 0.0
2021-05-21 10:34:00, 92, 92, 92, 92, 107, 0.0
2021-05-21 10:35:00, 91.98, 91.98, 91.98, 91.98, 101, 0.0
2021-05-21 10:36:00, 91.935, 91.935, 91.92, 91.93, 407, 0.0
2021-05-21 10:37:00, 91.92, 91.92, 91.89, 91.89, 221, 0.0
2021-05-21 10:38:00, 91.85, 91.86, 91.82, 91.82, 610, 0.0
2021-05-21 10:40:00, 91.82, 91.82, 91.82, 91.82, 129, 0.0
2021-05-21 10:41:00, 91.78, 91.78, 91.78, 91.78, 509, 0.0
2021-05-21 10:43:00, 91.73, 91.74, 91.73, 91.74, 347, 0.0
2021-05-21 10:45:00, 91.79, 91.8, 91.79, 91.79, 402, 0.0
2021-05-21 10:47:00, 91.88, 91.91, 91.88, 91.91, 301, 0.0
2021-05-21 10:51:00, 91.83, 91.89, 91.83, 91.89, 280, 0.0
2021-05-21 10:53:00, 91.77, 91.77, 91.76, 91.76, 695, 0.0
2021-05-21 10:54:00, 91.73, 91.73, 91.7, 91.7, 468, 0.0
2021-05-21 10:55:00, 91.69, 91.69, 91.69, 91.69, 398, 0.0
2021-05-21 10:56:00, 91.685, 91.685, 91.685, 91.685, 107, 0.0
2021-05-21 10:58:00, 91.67, 91.67, 91.67, 91.67, 298, 0.0
2021-05-21 10:59:00, 91.73, 91.73, 91.73, 91.73, 106, 0.0
2021-05-21 11:02:00, 91.73, 91.73, 91.73, 91.73, 196, 0.0
2021-05-21 11:03:00, 91.74, 91.74, 91.74, 91.74, 398, 0.0
2021-05-21 11:04:00, 91.78, 91.79, 91.78, 91.79, 463, 0.0
2021-05-21 11:05:00, 91.78, 91.78, 91.78, 91.78, 200, 0.0
2021-05-21 11:06:00, 91.71, 91.71, 91.71, 91.71, 150, 0.0
2021-05-21 11:07:00, 91.67, 91.67, 91.65, 91.65, 207, 0.0
2021-05-21 11:08:00, 91.65, 91.65, 91.6, 91.6, 823, 0.0
2021-05-21 11:09:00, 91.55, 91.55, 91.55, 91.55, 360, 0.0
2021-05-21 11:12:00, 91.55, 91.55, 91.55, 91.55, 181, 0.0
2021-05-21 11:17:00, 91.58, 91.58, 91.58, 91.58, 193, 0.0
2021-05-21 11:19:00, 91.56, 91.58, 91.56, 91.58, 283, 0.0
2021-05-21 11:20:00, 91.6, 91.6, 91.6, 91.6, 186, 0.0
2021-05-21 11:21:00, 91.62, 91.62, 91.62, 91.62, 113, 0.0
2021-05-21 11:23:00, 91.54, 91.54, 91.54, 91.54, 300, 0.0
2021-05-21 11:24:00, 91.5, 91.5, 91.5, 91.5, 102, 0.0
2021-05-21 11:25:00, 91.52, 91.55, 91.52, 91.55, 321, 0.0
2021-05-21 11:26:00, 91.51, 91.51, 91.51, 91.51, 102, 0.0
2021-05-21 11:30:00, 91.58, 91.58, 91.58, 91.58, 317, 0.0
2021-05-21 11:31:00, 91.58, 91.58, 91.58, 91.58, 105, 0.0
2021-05-21 11:34:00, 91.6, 91.6, 91.6, 91.6, 100, 0.0
2021-05-21 11:39:00, 91.66, 91.66, 91.66, 91.66, 363, 0.0
2021-05-21 11:40:00, 91.7, 91.7, 91.7, 91.7, 199, 0.0
2021-05-21 11:41:00, 91.74, 91.75, 91.74, 91.75, 739, 0.0
2021-05-21 11:43:00, 91.79, 91.84, 91.79, 91.84, 885, 0.0
2021-05-21 11:45:00, 91.88, 91.88, 91.88, 91.88, 400, 0.0
2021-05-21 11:46:00, 91.79, 91.79, 91.79, 91.79, 385, 0.0
2021-05-21 11:47:00, 91.79, 91.795, 91.76, 91.76, 407, 0.0
2021-05-21 11:48:00, 91.69, 91.76, 91.69, 91.76, 826, 0.0
2021-05-21 11:50:00, 91.78, 91.78, 91.78, 91.78, 473, 0.0
2021-05-21 11:53:00, 91.77, 91.77, 91.77, 91.77, 208, 0.0
2021-05-21 11:54:00, 91.695, 91.695, 91.695, 91.695, 110, 0.0
2021-05-21 11:55:00, 91.69, 91.69, 91.66, 91.66, 400, 0.0
2021-05-21 11:58:00, 91.78, 91.78, 91.78, 91.78, 164, 0.0
2021-05-21 12:00:00, 91.78, 91.8, 91.78, 91.8, 594, 0.0
2021-05-21 12:01:00, 91.84, 91.85, 91.84, 91.85, 396, 0.0
2021-05-21 12:06:00, 91.92, 91.92, 91.92, 91.92, 100, 0.0
2021-05-21 12:07:00, 91.925, 91.925, 91.92, 91.92, 558, 0.0
2021-05-21 12:08:00, 91.88, 91.88, 91.88, 91.88, 100, 0.0
2021-05-21 12:10:00, 91.88, 91.88, 91.88, 91.88, 313, 0.0
2021-05-21 12:11:00, 91.89, 91.91, 91.89, 91.91, 483, 0.0
2021-05-21 12:12:00, 91.8, 91.8, 91.8, 91.8, 127, 0.0
2021-05-21 12:14:00, 91.8, 91.8, 91.78, 91.78, 280, 0.0
2021-05-21 12:15:00, 91.78, 91.81, 91.78, 91.81, 405, 0.0
2021-05-21 12:17:00, 91.78, 91.78, 91.78, 91.78, 262, 0.0
2021-05-21 12:19:00, 91.79, 91.8, 91.79, 91.8, 286, 0.0
2021-05-21 12:20:00, 91.8, 91.8, 91.8, 91.8, 124, 0.0
2021-05-21 12:21:00, 91.78, 91.78, 91.78, 91.78, 108, 0.0
2021-05-21 12:22:00, 91.79, 91.82, 91.79, 91.82, 562, 0.0
2021-05-21 12:26:00, 91.82, 91.82, 91.82, 91.82, 105, 0.0
2021-05-21 12:28:00, 91.78, 91.79, 91.78, 91.79, 462, 0.0
2021-05-21 12:29:00, 91.835, 91.835, 91.835, 91.835, 124, 0.0
2021-05-21 12:30:00, 91.82, 91.82, 91.82, 91.82, 240, 0.0
2021-05-21 12:31:00, 91.84, 91.84, 91.84, 91.84, 245, 0.0
2021-05-21 12:33:00, 91.85, 91.89, 91.85, 91.89, 386, 0.0
2021-05-21 12:34:00, 91.89, 91.89, 91.89, 91.89, 179, 0.0
2021-05-21 12:36:00, 91.795, 91.8, 91.795, 91.8, 411, 0.0
2021-05-21 12:39:00, 91.82, 91.825, 91.82, 91.825, 420, 0.0
2021-05-21 12:40:00, 91.82, 91.82, 91.82, 91.82, 133, 0.0
2021-05-21 12:42:00, 91.82, 91.82, 91.8, 91.8, 583, 0.0
2021-05-21 12:43:00, 91.8, 91.83, 91.8, 91.83, 298, 0.0
2021-05-21 12:44:00, 91.84, 91.84, 91.84, 91.84, 384, 0.0
2021-05-21 12:46:00, 91.81, 91.84, 91.81, 91.84, 408, 0.0
2021-05-21 12:48:00, 91.82, 91.82, 91.82, 91.82, 112, 0.0
2021-05-21 12:50:00, 91.87, 91.87, 91.87, 91.87, 232, 0.0
2021-05-21 12:52:00, 91.875, 91.89, 91.875, 91.89, 280, 0.0
2021-05-21 12:53:00, 91.92, 91.92, 91.92, 91.92, 314, 0.0
2021-05-21 12:57:00, 91.86, 91.86, 91.86, 91.86, 269, 0.0
2021-05-21 13:01:00, 91.82, 91.82, 91.82, 91.82, 100, 0.0
2021-05-21 13:03:00, 91.85, 91.85, 91.85, 91.85, 211, 0.0
2021-05-21 13:04:00, 91.87, 91.87, 91.87, 91.87, 141, 0.0
2021-05-21 13:07:00, 91.92, 91.93, 91.92, 91.93, 491, 0.0
2021-05-21 13:08:00, 91.96, 91.96, 91.95, 91.95, 528, 0.0
2021-05-21 13:09:00, 91.97, 91.97, 91.97, 91.97, 131, 0.0
2021-05-21 13:11:00, 91.94, 91.94, 91.94, 91.94, 101, 0.0
2021-05-21 13:13:00, 91.96, 91.96, 91.95, 91.95, 203, 0.0
2021-05-21 13:15:00, 91.89, 91.92, 91.89, 91.92, 265, 0.0
2021-05-21 13:17:00, 91.96, 91.96, 91.95, 91.95, 405, 0.0
2021-05-21 13:19:00, 91.87, 91.88, 91.87, 91.88, 216, 0.0
2021-05-21 13:24:00, 91.88, 91.88, 91.88, 91.88, 200, 0.0
2021-05-21 13:26:00, 91.82, 91.82, 91.82, 91.82, 228, 0.0
2021-05-21 13:28:00, 91.81, 91.81, 91.81, 91.81, 208, 0.0
2021-05-21 13:35:00, 91.79, 91.79, 91.79, 91.79, 170, 0.0
2021-05-21 13:38:00, 91.79, 91.79, 91.79, 91.79, 204, 0.0
2021-05-21 13:40:00, 91.69, 91.69, 91.69, 91.69, 306, 0.0
2021-05-21 13:42:00, 91.79, 91.79, 91.79, 91.79, 197, 0.0
2021-05-21 13:43:00, 91.78, 91.78, 91.78, 91.78, 181, 0.0
2021-05-21 13:55:00, 91.78, 91.78, 91.78, 91.78, 100, 0.0
2021-05-21 13:59:00, 91.795, 91.8, 91.795, 91.8, 200, 0.0
2021-05-21 14:03:00, 91.83, 91.83, 91.83, 91.83, 103, 0.0
2021-05-21 14:04:00, 91.84, 91.87, 91.84, 91.87, 201, 0.0
2021-05-21 14:05:00, 91.95, 91.95, 91.95, 91.95, 186, 0.0
2021-05-21 14:06:00, 91.93, 91.93, 91.93, 91.93, 119, 0.0
2021-05-21 14:07:00, 91.92, 91.93, 91.92, 91.93, 292, 0.0
2021-05-21 14:09:00, 91.93, 91.93, 91.93, 91.93, 110, 0.0
2021-05-21 14:10:00, 91.94, 91.94, 91.94, 91.94, 204, 0.0
2021-05-21 14:11:00, 91.93, 91.93, 91.93, 91.93, 106, 0.0
2021-05-21 14:13:00, 92.02, 92.02, 92.02, 92.02, 174, 0.0
2021-05-21 14:14:00, 91.98, 91.98, 91.98, 91.98, 286, 0.0
2021-05-21 14:15:00, 91.99, 92.01, 91.99, 92.01, 484, 0.0
2021-05-21 14:16:00, 92.03, 92.03, 92.03, 92.03, 107, 0.0
2021-05-21 14:21:00, 92.06, 92.06, 92.06, 92.06, 103, 0.0
2021-05-21 14:22:00, 92.05, 92.05, 92.05, 92.05, 204, 0.0
2021-05-21 14:23:00, 92.07, 92.07, 92.07, 92.07, 102, 0.0
2021-05-21 14:24:00, 92.09, 92.1, 92.09, 92.1, 400, 0.0
2021-05-21 14:25:00, 92.08, 92.08, 92.04, 92.04, 855, 0.0
2021-05-21 14:26:00, 92.05, 92.05, 92.05, 92.05, 215, 0.0
2021-05-21 14:27:00, 92.09, 92.09, 92.09, 92.09, 106, 0.0
2021-05-21 14:28:00, 92.13, 92.13, 92.13, 92.13, 259, 0.0
2021-05-21 14:29:00, 92.12, 92.12, 92.1, 92.11, 585, 0.0
2021-05-21 14:31:00, 92.06, 92.06, 92.02, 92.055, 812, 0.0
2021-05-21 14:32:00, 92.055, 92.06, 92.055, 92.06, 299, 0.0
2021-05-21 14:33:00, 92.06, 92.08, 92.06, 92.07, 495, 0.0
2021-05-21 14:34:00, 92.06, 92.08, 92.06, 92.08, 215, 0.0
2021-05-21 14:35:00, 92.12, 92.12, 92.12, 92.12, 133, 0.0
2021-05-21 14:36:00, 92.13, 92.13, 92.115, 92.115, 282, 0.0
2021-05-21 14:39:00, 92.1, 92.1, 92.07, 92.07, 382, 0.0
2021-05-21 14:40:00, 92.02, 92.02, 92.02, 92.02, 247, 0.0
2021-05-21 14:41:00, 92.06, 92.06, 92.06, 92.06, 251, 0.0
2021-05-21 14:42:00, 92.055, 92.055, 92.055, 92.055, 376, 0.0
2021-05-21 14:44:00, 92.06, 92.06, 92.06, 92.06, 200, 0.0
2021-05-21 14:46:00, 91.99, 91.995, 91.99, 91.995, 482, 0.0
2021-05-21 14:47:00, 92.01, 92.01, 92.01, 92.01, 180, 0.0
2021-05-21 14:49:00, 92.05, 92.15, 92.05, 92.15, 886, 0.0
2021-05-21 14:50:00, 92.19, 92.19, 92.02, 92.06, 2795, 0.0
2021-05-21 14:51:00, 92.05, 92.05, 92.01, 92.01, 215, 0.0
2021-05-21 14:52:00, 92.03, 92.05, 92.03, 92.05, 440, 0.0
2021-05-21 14:53:00, 92.11, 92.11, 92.11, 92.11, 378, 0.0
2021-05-21 14:54:00, 92.09, 92.09, 92, 92, 1114, 0.0
2021-05-21 14:55:00, 92.015, 92.015, 91.93, 91.93, 441, 0.0
2021-05-21 14:56:00, 91.93, 91.93, 91.9, 91.9, 731, 0.0
2021-05-21 14:57:00, 91.91, 91.91, 91.86, 91.86, 696, 0.0
2021-05-21 14:58:00, 91.94, 91.97, 91.92, 91.95, 1126, 0.0
2021-05-21 14:59:00, 91.95, 92.015, 91.95, 91.99, 1033, 0.0
2021-05-24 08:30:00, 92.39, 92.39, 92.39, 92.39, 315, 0.0
2021-05-24 08:31:00, 92.765, 92.765, 92.765, 92.765, 100, 0.0
2021-05-24 08:33:00, 92.75, 92.75, 92.75, 92.75, 100, 0.0
2021-05-24 08:36:00, 92.59, 92.6, 92.59, 92.6, 401, 0.0
2021-05-24 08:37:00, 92.63, 92.65, 92.63, 92.65, 300, 0.0
2021-05-24 08:38:00, 92.715, 92.715, 92.715, 92.715, 106, 0.0
2021-05-24 08:39:00, 92.66, 92.66, 92.66, 92.66, 100, 0.0
2021-05-24 08:40:00, 92.83, 92.83, 92.83, 92.83, 534, 0.0
2021-05-24 08:44:00, 92.64, 92.64, 92.64, 92.64, 132, 0.0
2021-05-24 08:46:00, 92.59, 92.63, 92.58, 92.63, 347, 0.0
2021-05-24 08:49:00, 92.565, 92.58, 92.52, 92.58, 521, 0.0
2021-05-24 08:52:00, 92.505, 92.505, 92.505, 92.505, 104, 0.0
2021-05-24 08:53:00, 92.505, 92.53, 92.505, 92.53, 501, 0.0
2021-05-24 08:55:00, 92.54, 92.54, 92.54, 92.54, 240, 0.0
2021-05-24 08:56:00, 92.53, 92.56, 92.53, 92.56, 521, 0.0
2021-05-24 08:58:00, 92.51, 92.55, 92.51, 92.55, 202, 0.0
2021-05-24 08:59:00, 92.535, 92.55, 92.535, 92.55, 345, 0.0
2021-05-24 09:00:00, 92.55, 92.56, 92.55, 92.55, 700, 0.0
2021-05-24 09:01:00, 92.6, 92.62, 92.6, 92.62, 400, 0.0
2021-05-24 09:02:00, 92.635, 92.695, 92.62, 92.695, 567, 0.0
2021-05-24 09:04:00, 92.75, 92.75, 92.75, 92.75, 100, 0.0
2021-05-24 09:05:00, 92.835, 92.835, 92.835, 92.835, 200, 0.0
2021-05-24 09:07:00, 92.84, 92.84, 92.785, 92.785, 500, 0.0
2021-05-24 09:08:00, 92.78, 92.78, 92.77, 92.77, 200, 0.0
2021-05-24 09:09:00, 92.79, 92.79, 92.76, 92.76, 300, 0.0
2021-05-24 09:10:00, 92.745, 92.745, 92.745, 92.745, 200, 0.0
2021-05-24 09:11:00, 92.735, 92.76, 92.735, 92.76, 300, 0.0
2021-05-24 09:12:00, 92.755, 92.755, 92.755, 92.755, 201, 0.0
2021-05-24 09:13:00, 92.8, 92.83, 92.8, 92.83, 625, 0.0
2021-05-24 09:14:00, 92.81, 92.81, 92.81, 92.81, 300, 0.0
2021-05-24 09:15:00, 92.875, 92.94, 92.875, 92.94, 601, 0.0
2021-05-24 09:16:00, 92.97, 92.97, 92.885, 92.92, 1959, 0.0
2021-05-24 09:17:00, 92.905, 92.905, 92.905, 92.905, 100, 0.0
2021-05-24 09:18:00, 92.89, 92.89, 92.89, 92.89, 719, 0.0
2021-05-24 09:19:00, 92.95, 92.965, 92.95, 92.965, 202, 0.0
2021-05-24 09:20:00, 92.93, 92.93, 92.93, 92.93, 100, 0.0
2021-05-24 09:21:00, 92.98, 92.98, 92.98, 92.98, 200, 0.0
2021-05-24 09:22:00, 93.04, 93.06, 93.015, 93.06, 704, 0.0
2021-05-24 09:23:00, 92.98, 92.98, 92.98, 92.98, 100, 0.0
2021-05-24 09:25:00, 92.99, 92.99, 92.96, 92.96, 502, 0.0
2021-05-24 09:27:00, 92.96, 92.98, 92.96, 92.98, 348, 0.0
2021-05-24 09:28:00, 92.95, 92.95, 92.95, 92.95, 104, 0.0
2021-05-24 09:29:00, 92.95, 92.95, 92.95, 92.95, 401, 0.0
2021-05-24 09:30:00, 93, 93, 93, 93, 100, 0.0
2021-05-24 09:31:00, 92.95, 92.95, 92.95, 92.95, 110, 0.0
2021-05-24 09:32:00, 92.92, 92.93, 92.92, 92.93, 378, 0.0
2021-05-24 09:33:00, 92.95, 92.98, 92.95, 92.98, 216, 0.0
2021-05-24 09:34:00, 92.96, 92.96, 92.96, 92.96, 101, 0.0
2021-05-24 09:35:00, 92.98, 92.98, 92.98, 92.98, 101, 0.0
2021-05-24 09:36:00, 92.95, 92.95, 92.94, 92.94, 698, 0.0
2021-05-24 09:37:00, 92.955, 92.955, 92.94, 92.94, 701, 0.0
2021-05-24 09:38:00, 92.945, 92.945, 92.945, 92.945, 204, 0.0
2021-05-24 09:39:00, 92.9, 92.9, 92.86, 92.88, 482, 0.0
2021-05-24 09:40:00, 92.9, 92.91, 92.9, 92.91, 209, 0.0
2021-05-24 09:41:00, 93, 93, 93, 93, 100, 0.0
2021-05-24 09:42:00, 93.01, 93.03, 93.01, 93.025, 309, 0.0
2021-05-24 09:44:00, 93.02, 93.02, 93.02, 93.02, 159, 0.0
2021-05-24 09:46:00, 93.125, 93.125, 93.125, 93.125, 125, 0.0
2021-05-24 09:47:00, 93.14, 93.15, 93.14, 93.15, 337, 0.0
2021-05-24 09:48:00, 93.17, 93.19, 93.17, 93.19, 352, 0.0
2021-05-24 09:49:00, 93.21, 93.21, 93.18, 93.18, 363, 0.0
2021-05-24 09:50:00, 93.18, 93.18, 93.18, 93.18, 306, 0.0
2021-05-24 09:51:00, 93.24, 93.24, 93.24, 93.24, 200, 0.0
2021-05-24 09:52:00, 93.21, 93.23, 93.21, 93.22, 501, 0.0
2021-05-24 09:55:00, 93.26, 93.26, 93.26, 93.26, 254, 0.0
2021-05-24 09:56:00, 93.27, 93.27, 93.27, 93.27, 105, 0.0
2021-05-24 09:57:00, 93.28, 93.28, 93.255, 93.255, 470, 0.0
2021-05-24 09:58:00, 93.26, 93.26, 93.24, 93.24, 527, 0.0
2021-05-24 09:59:00, 93.22, 93.23, 93.22, 93.23, 205, 0.0
2021-05-24 10:00:00, 93.18, 93.2, 93.15, 93.2, 828, 0.0
2021-05-24 10:01:00, 93.23, 93.23, 93.23, 93.23, 110, 0.0
2021-05-24 10:02:00, 93.22, 93.22, 93.22, 93.22, 300, 0.0
2021-05-24 10:03:00, 93.15, 93.15, 93.14, 93.14, 200, 0.0
2021-05-24 10:04:00, 93.12, 93.14, 93.12, 93.14, 402, 0.0
2021-05-24 10:05:00, 93.11, 93.14, 93.11, 93.14, 210, 0.0
2021-05-24 10:06:00, 93.14, 93.14, 93.09, 93.09, 218, 0.0
2021-05-24 10:09:00, 93.1, 93.1, 93.1, 93.1, 300, 0.0
2021-05-24 10:10:00, 93.1, 93.1, 93.1, 93.1, 100, 0.0
2021-05-24 10:11:00, 93.105, 93.12, 93.105, 93.12, 300, 0.0
2021-05-24 10:13:00, 93.08, 93.08, 93.08, 93.08, 205, 0.0
2021-05-24 10:14:00, 93.08, 93.08, 93.08, 93.08, 149, 0.0
2021-05-24 10:15:00, 93.095, 93.095, 93.08, 93.09, 401, 0.0
2021-05-24 10:17:00, 93.11, 93.11, 93.11, 93.11, 100, 0.0
2021-05-24 10:18:00, 93.12, 93.12, 93.12, 93.12, 118, 0.0
2021-05-24 10:19:00, 93.13, 93.15, 93.13, 93.14, 403, 0.0
2021-05-24 10:20:00, 93.18, 93.18, 93.18, 93.18, 308, 0.0
2021-05-24 10:23:00, 93.175, 93.175, 93.175, 93.175, 101, 0.0
2021-05-24 10:25:00, 93.16, 93.16, 93.12, 93.12, 390, 0.0
2021-05-24 10:27:00, 93.16, 93.17, 93.16, 93.17, 357, 0.0
2021-05-24 10:29:00, 93.21, 93.21, 93.21, 93.21, 104, 0.0
2021-05-24 10:31:00, 93.16, 93.16, 93.14, 93.14, 304, 0.0
2021-05-24 10:32:00, 93.16, 93.16, 93.16, 93.16, 223, 0.0
2021-05-24 10:33:00, 93.2, 93.215, 93.2, 93.215, 320, 0.0
2021-05-24 10:34:00, 93.245, 93.27, 93.245, 93.27, 408, 0.0
2021-05-24 10:35:00, 93.28, 93.3, 93.28, 93.3, 546, 0.0
2021-05-24 10:36:00, 93.29, 93.31, 93.29, 93.31, 701, 0.0
2021-05-24 10:37:00, 93.315, 93.34, 93.315, 93.32, 1113, 0.0
2021-05-24 10:38:00, 93.34, 93.375, 93.29, 93.29, 1198, 0.0
2021-05-24 10:42:00, 93.33, 93.33, 93.33, 93.33, 160, 0.0
2021-05-24 10:43:00, 93.35, 93.36, 93.35, 93.36, 500, 0.0
2021-05-24 10:44:00, 93.41, 93.41, 93.41, 93.41, 150, 0.0
2021-05-24 10:45:00, 93.36, 93.36, 93.36, 93.36, 115, 0.0
2021-05-24 10:48:00, 93.33, 93.33, 93.33, 93.33, 300, 0.0
2021-05-24 10:49:00, 93.36, 93.36, 93.36, 93.36, 100, 0.0
2021-05-24 10:50:00, 93.33, 93.34, 93.33, 93.34, 414, 0.0
2021-05-24 10:51:00, 93.355, 93.38, 93.355, 93.38, 250, 0.0
2021-05-24 10:54:00, 93.42, 93.42, 93.42, 93.42, 101, 0.0
2021-05-24 10:55:00, 93.42, 93.42, 93.42, 93.42, 105, 0.0
2021-05-24 10:56:00, 93.43, 93.43, 93.43, 93.43, 101, 0.0
2021-05-24 10:57:00, 93.415, 93.46, 93.415, 93.46, 649, 0.0
2021-05-24 10:58:00, 93.45, 93.49, 93.45, 93.49, 506, 0.0
2021-05-24 11:00:00, 93.47, 93.47, 93.4, 93.42, 1500, 0.0
2021-05-24 11:01:00, 93.4, 93.4, 93.4, 93.4, 111, 0.0
2021-05-24 11:03:00, 93.325, 93.325, 93.325, 93.325, 212, 0.0
2021-05-24 11:05:00, 93.36, 93.36, 93.36, 93.36, 105, 0.0
2021-05-24 11:06:00, 93.37, 93.37, 93.37, 93.37, 100, 0.0
2021-05-24 11:07:00, 93.395, 93.395, 93.395, 93.395, 301, 0.0
2021-05-24 11:09:00, 93.32, 93.32, 93.295, 93.295, 500, 0.0
2021-05-24 11:11:00, 93.28, 93.28, 93.28, 93.28, 201, 0.0
2021-05-24 11:13:00, 93.32, 93.335, 93.31, 93.335, 402, 0.0
2021-05-24 11:14:00, 93.34, 93.34, 93.34, 93.34, 100, 0.0
2021-05-24 11:15:00, 93.41, 93.41, 93.38, 93.39, 563, 0.0
2021-05-24 11:17:00, 93.39, 93.415, 93.39, 93.415, 471, 0.0
2021-05-24 11:18:00, 93.42, 93.42, 93.42, 93.42, 200, 0.0
2021-05-24 11:23:00, 93.5, 93.51, 93.5, 93.51, 201, 0.0
2021-05-24 11:24:00, 93.53, 93.54, 93.53, 93.54, 431, 0.0
2021-05-24 11:27:00, 93.48, 93.51, 93.48, 93.5, 400, 0.0
2021-05-24 11:28:00, 93.525, 93.53, 93.525, 93.53, 500, 0.0
2021-05-24 11:29:00, 93.54, 93.54, 93.52, 93.52, 406, 0.0
2021-05-24 11:30:00, 93.54, 93.55, 93.54, 93.55, 586, 0.0
2021-05-24 11:31:00, 93.57, 93.57, 93.57, 93.57, 300, 0.0
2021-05-24 11:32:00, 93.59, 93.59, 93.59, 93.59, 204, 0.0
2021-05-24 11:33:00, 93.6, 93.62, 93.6, 93.62, 500, 0.0
2021-05-24 11:35:00, 93.62, 93.62, 93.62, 93.62, 100, 0.0
2021-05-24 11:37:00, 93.65, 93.65, 93.64, 93.64, 525, 0.0
2021-05-24 11:38:00, 93.66, 93.66, 93.66, 93.66, 151, 0.0
2021-05-24 11:39:00, 93.66, 93.66, 93.66, 93.66, 300, 0.0
2021-05-24 11:40:00, 93.65, 93.65, 93.615, 93.615, 240, 0.0
2021-05-24 11:41:00, 93.625, 93.625, 93.625, 93.625, 300, 0.0
2021-05-24 11:45:00, 93.68, 93.68, 93.68, 93.68, 352, 0.0
2021-05-24 11:46:00, 93.705, 93.705, 93.705, 93.705, 401, 0.0
2021-05-24 11:47:00, 93.71, 93.71, 93.71, 93.71, 100, 0.0
2021-05-24 11:48:00, 93.74, 93.74, 93.74, 93.74, 300, 0.0
2021-05-24 11:52:00, 93.75, 93.75, 93.74, 93.74, 325, 0.0
2021-05-24 11:54:00, 93.74, 93.74, 93.74, 93.74, 100, 0.0
2021-05-24 11:58:00, 93.715, 93.715, 93.715, 93.715, 209, 0.0
2021-05-24 12:00:00, 93.71, 93.71, 93.71, 93.71, 101, 0.0
2021-05-24 12:01:00, 93.71, 93.71, 93.71, 93.71, 263, 0.0
2021-05-24 12:02:00, 93.71, 93.71, 93.71, 93.71, 100, 0.0
2021-05-24 12:03:00, 93.735, 93.735, 93.735, 93.735, 200, 0.0
2021-05-24 12:04:00, 93.73, 93.73, 93.73, 93.73, 125, 0.0
2021-05-24 12:07:00, 93.75, 93.75, 93.75, 93.75, 200, 0.0
2021-05-24 12:08:00, 93.74, 93.74, 93.74, 93.74, 100, 0.0
2021-05-24 12:09:00, 93.75, 93.75, 93.75, 93.75, 100, 0.0
2021-05-24 12:10:00, 93.75, 93.75, 93.715, 93.715, 200, 0.0
2021-05-24 12:12:00, 93.7, 93.7, 93.7, 93.7, 100, 0.0
2021-05-24 12:16:00, 93.7, 93.74, 93.7, 93.74, 214, 0.0
2021-05-24 12:18:00, 93.7, 93.7, 93.68, 93.68, 306, 0.0
2021-05-24 12:20:00, 93.7, 93.7, 93.7, 93.7, 100, 0.0
2021-05-24 12:22:00, 93.69, 93.69, 93.69, 93.69, 229, 0.0
2021-05-24 12:32:00, 93.59, 93.59, 93.59, 93.59, 262, 0.0
2021-05-24 12:34:00, 93.595, 93.595, 93.595, 93.595, 200, 0.0
2021-05-24 12:36:00, 93.59, 93.59, 93.59, 93.59, 271, 0.0
2021-05-24 12:40:00, 93.58, 93.58, 93.58, 93.58, 245, 0.0
2021-05-24 12:46:00, 93.62, 93.62, 93.62, 93.62, 127, 0.0
2021-05-24 12:59:00, 93.5, 93.5, 93.5, 93.5, 100, 0.0
2021-05-24 13:00:00, 93.51, 93.51, 93.51, 93.51, 100, 0.0
2021-05-24 13:03:00, 93.54, 93.565, 93.54, 93.565, 222, 0.0
2021-05-24 13:04:00, 93.585, 93.585, 93.57, 93.57, 200, 0.0
2021-05-24 13:06:00, 93.58, 93.58, 93.58, 93.58, 200, 0.0
2021-05-24 13:07:00, 93.54, 93.54, 93.54, 93.54, 200, 0.0
2021-05-24 13:09:00, 93.58, 93.59, 93.58, 93.59, 364, 0.0
2021-05-24 13:11:00, 93.6, 93.6, 93.6, 93.6, 102, 0.0
2021-05-24 13:13:00, 93.54, 93.54, 93.54, 93.54, 300, 0.0
2021-05-24 13:14:00, 93.54, 93.54, 93.54, 93.54, 116, 0.0
2021-05-24 13:23:00, 93.49, 93.49, 93.49, 93.49, 200, 0.0
2021-05-24 13:24:00, 93.49, 93.5, 93.49, 93.5, 521, 0.0
2021-05-24 13:31:00, 93.49, 93.49, 93.49, 93.49, 103, 0.0
2021-05-24 13:37:00, 93.49, 93.5, 93.49, 93.5, 342, 0.0
2021-05-24 13:38:00, 93.48, 93.48, 93.48, 93.48, 427, 0.0
2021-05-24 13:40:00, 93.52, 93.52, 93.52, 93.52, 256, 0.0
2021-05-24 13:42:00, 93.55, 93.55, 93.55, 93.55, 121, 0.0
2021-05-24 13:44:00, 93.56, 93.57, 93.56, 93.565, 364, 0.0
2021-05-24 13:47:00, 93.46, 93.46, 93.46, 93.46, 104, 0.0
2021-05-24 13:48:00, 93.48, 93.48, 93.48, 93.48, 100, 0.0
2021-05-24 13:52:00, 93.52, 93.52, 93.52, 93.52, 204, 0.0
2021-05-24 13:54:00, 93.51, 93.51, 93.5, 93.5, 207, 0.0
2021-05-24 13:55:00, 93.51, 93.52, 93.51, 93.52, 327, 0.0
2021-05-24 13:56:00, 93.54, 93.54, 93.54, 93.54, 123, 0.0
2021-05-24 13:57:00, 93.55, 93.55, 93.55, 93.55, 104, 0.0
2021-05-24 13:59:00, 93.54, 93.54, 93.54, 93.54, 161, 0.0
2021-05-24 14:00:00, 93.56, 93.56, 93.56, 93.56, 283, 0.0
2021-05-24 14:02:00, 93.56, 93.56, 93.56, 93.56, 312, 0.0
2021-05-24 14:03:00, 93.54, 93.54, 93.54, 93.54, 219, 0.0
2021-05-24 14:05:00, 93.56, 93.56, 93.56, 93.56, 312, 0.0
2021-05-24 14:06:00, 93.58, 93.58, 93.58, 93.58, 260, 0.0
2021-05-24 14:08:00, 93.61, 93.61, 93.6, 93.6, 584, 0.0
2021-05-24 14:09:00, 93.59, 93.59, 93.59, 93.59, 264, 0.0
2021-05-24 14:10:00, 93.59, 93.59, 93.59, 93.59, 115, 0.0
2021-05-24 14:11:00, 93.6, 93.67, 93.6, 93.64, 706, 0.0
2021-05-24 14:13:00, 93.61, 93.61, 93.61, 93.61, 213, 0.0
2021-05-24 14:14:00, 93.61, 93.615, 93.61, 93.615, 900, 0.0
2021-05-24 14:15:00, 93.55, 93.58, 93.55, 93.58, 2712, 0.0
2021-05-24 14:16:00, 93.57, 93.57, 93.56, 93.56, 212, 0.0
2021-05-24 14:19:00, 93.58, 93.58, 93.58, 93.58, 240, 0.0
2021-05-24 14:20:00, 93.6, 93.62, 93.59, 93.6, 666, 0.0
2021-05-24 14:21:00, 93.62, 93.62, 93.62, 93.62, 251, 0.0
2021-05-24 14:22:00, 93.62, 93.62, 93.62, 93.62, 102, 0.0
2021-05-24 14:25:00, 93.71, 93.71, 93.71, 93.71, 495, 0.0
2021-05-24 14:28:00, 93.65, 93.67, 93.65, 93.67, 531, 0.0
2021-05-24 14:29:00, 93.68, 93.68, 93.68, 93.68, 129, 0.0
2021-05-24 14:30:00, 93.54, 93.56, 93.54, 93.56, 600, 0.0
2021-05-24 14:31:00, 93.545, 93.545, 93.515, 93.515, 1034, 0.0
2021-05-24 14:32:00, 93.52, 93.535, 93.52, 93.535, 746, 0.0
2021-05-24 14:33:00, 93.54, 93.58, 93.54, 93.58, 203, 0.0
2021-05-24 14:34:00, 93.6, 93.6, 93.6, 93.6, 138, 0.0
2021-05-24 14:35:00, 93.63, 93.63, 93.62, 93.62, 499, 0.0
2021-05-24 14:36:00, 93.62, 93.62, 93.62, 93.62, 335, 0.0
2021-05-24 14:37:00, 93.58, 93.58, 93.58, 93.58, 182, 0.0
2021-05-24 14:38:00, 93.57, 93.57, 93.57, 93.57, 200, 0.0
2021-05-24 14:39:00, 93.535, 93.535, 93.53, 93.535, 858, 0.0
2021-05-24 14:40:00, 93.55, 93.57, 93.55, 93.57, 216, 0.0
2021-05-24 14:41:00, 93.53, 93.53, 93.53, 93.53, 900, 0.0
2021-05-24 14:42:00, 93.49, 93.52, 93.49, 93.52, 516, 0.0
2021-05-24 14:44:00, 93.53, 93.54, 93.53, 93.54, 418, 0.0
2021-05-24 14:45:00, 93.55, 93.55, 93.53, 93.53, 319, 0.0
2021-05-24 14:46:00, 93.54, 93.56, 93.54, 93.56, 739, 0.0
2021-05-24 14:47:00, 93.53, 93.53, 93.515, 93.515, 436, 0.0
2021-05-24 14:50:00, 93.51, 93.54, 93.51, 93.54, 843, 0.0
2021-05-24 14:51:00, 93.53, 93.53, 93.53, 93.53, 368, 0.0
2021-05-24 14:52:00, 93.52, 93.52, 93.51, 93.51, 419, 0.0
2021-05-24 14:53:00, 93.56, 93.575, 93.555, 93.575, 500, 0.0
2021-05-24 14:54:00, 93.56, 93.56, 93.45, 93.45, 2468, 0.0
2021-05-24 14:55:00, 93.335, 93.34, 93.295, 93.295, 1187, 0.0
2021-05-24 14:56:00, 93.29, 93.295, 93.25, 93.26, 1259, 0.0
2021-05-24 14:57:00, 93.26, 93.26, 93.26, 93.26, 360, 0.0
2021-05-24 14:58:00, 93.24, 93.245, 93.24, 93.245, 543, 0.0
2021-05-24 14:59:00, 93.21, 93.23, 93.18, 93.23, 1912, 0.0
2021-05-25 08:30:00, 93.88, 94.23, 93.82, 94.23, 436, 0.0
2021-05-25 08:31:00, 94.08, 94.08, 94.06, 94.06, 654, 0.0
2021-05-25 08:32:00, 94.14, 94.14, 93.9, 93.9, 400, 0.0
2021-05-25 08:35:00, 93.84, 93.84, 93.71, 93.78, 719, 0.0
2021-05-25 08:36:00, 93.84, 93.84, 93.81, 93.84, 300, 0.0
2021-05-25 08:37:00, 93.94, 93.94, 93.79, 93.79, 300, 0.0
2021-05-25 08:39:00, 93.65, 93.65, 93.65, 93.65, 382, 0.0
2021-05-25 08:40:00, 93.695, 93.695, 93.695, 93.695, 118, 0.0
2021-05-25 08:42:00, 93.835, 93.835, 93.835, 93.835, 186, 0.0
2021-05-25 08:45:00, 93.845, 93.845, 93.84, 93.84, 314, 0.0
2021-05-25 08:46:00, 93.86, 93.86, 93.86, 93.86, 110, 0.0
2021-05-25 08:47:00, 93.88, 93.88, 93.85, 93.85, 405, 0.0
2021-05-25 08:48:00, 93.87, 93.87, 93.87, 93.87, 107, 0.0
2021-05-25 08:49:00, 93.88, 93.88, 93.86, 93.86, 314, 0.0
2021-05-25 08:50:00, 93.86, 93.86, 93.86, 93.86, 351, 0.0
2021-05-25 08:51:00, 93.77, 93.78, 93.76, 93.77, 952, 0.0
2021-05-25 08:52:00, 93.885, 93.93, 93.885, 93.93, 292, 0.0
2021-05-25 08:53:00, 93.93, 93.94, 93.9, 93.94, 404, 0.0
2021-05-25 08:54:00, 93.93, 94.06, 93.93, 94.06, 232, 0.0
2021-05-25 08:55:00, 93.98, 93.98, 93.96, 93.96, 222, 0.0
2021-05-25 08:56:00, 93.98, 93.99, 93.98, 93.99, 370, 0.0
2021-05-25 08:57:00, 93.86, 93.86, 93.86, 93.86, 106, 0.0
2021-05-25 08:58:00, 93.74, 93.77, 93.69, 93.69, 503, 0.0
2021-05-25 08:59:00, 93.69, 93.69, 93.67, 93.67, 207, 0.0
2021-05-25 09:00:00, 93.6, 93.6, 93.52, 93.53, 752, 0.0
2021-05-25 09:01:00, 93.54, 93.54, 93.52, 93.52, 300, 0.0
2021-05-25 09:02:00, 93.58, 93.585, 93.58, 93.585, 831, 0.0
2021-05-25 09:03:00, 93.55, 93.55, 93.545, 93.545, 301, 0.0
2021-05-25 09:04:00, 93.545, 93.55, 93.51, 93.51, 411, 0.0
2021-05-25 09:06:00, 93.505, 93.58, 93.505, 93.58, 756, 0.0
2021-05-25 09:07:00, 93.61, 93.61, 93.61, 93.61, 100, 0.0
2021-05-25 09:10:00, 93.36, 93.36, 93.26, 93.26, 490, 0.0
2021-05-25 09:11:00, 93.22, 93.22, 93.22, 93.22, 200, 0.0
2021-05-25 09:12:00, 93.23, 93.27, 93.23, 93.27, 278, 0.0
2021-05-25 09:15:00, 93.09, 93.09, 93.09, 93.09, 100, 0.0
2021-05-25 09:16:00, 93.11, 93.13, 93.11, 93.125, 316, 0.0
2021-05-25 09:17:00, 93.075, 93.11, 93.075, 93.11, 287, 0.0
2021-05-25 09:19:00, 93.16, 93.16, 93.16, 93.16, 204, 0.0
2021-05-25 09:20:00, 93.13, 93.165, 93.13, 93.165, 300, 0.0
2021-05-25 09:21:00, 93.2, 93.2, 93.2, 93.2, 513, 0.0
2021-05-25 09:23:00, 93.24, 93.25, 93.23, 93.23, 915, 0.0
2021-05-25 09:24:00, 93.215, 93.23, 93.215, 93.23, 300, 0.0
2021-05-25 09:25:00, 93.26, 93.26, 93.26, 93.26, 111, 0.0
2021-05-25 09:26:00, 93.3, 93.3, 93.3, 93.3, 200, 0.0
2021-05-25 09:27:00, 93.3, 93.3, 93.23, 93.23, 1026, 0.0
2021-05-25 09:29:00, 93.1, 93.1, 93.06, 93.06, 200, 0.0
2021-05-25 09:30:00, 93.1, 93.1, 93.1, 93.1, 285, 0.0
2021-05-25 09:31:00, 93.115, 93.115, 93.075, 93.08, 317, 0.0
2021-05-25 09:32:00, 93.08, 93.08, 93.08, 93.08, 100, 0.0
2021-05-25 09:33:00, 93.085, 93.1, 93.085, 93.1, 215, 0.0
2021-05-25 09:34:00, 93.09, 93.105, 93.07, 93.105, 500, 0.0
2021-05-25 09:35:00, 93.145, 93.145, 93.145, 93.145, 314, 0.0
2021-05-25 09:36:00, 93.16, 93.16, 93.16, 93.16, 100, 0.0
2021-05-25 09:37:00, 93.17, 93.17, 93.15, 93.15, 361, 0.0
2021-05-25 09:38:00, 93.15, 93.22, 93.15, 93.22, 600, 0.0
2021-05-25 09:39:00, 93.26, 93.26, 93.19, 93.19, 321, 0.0
2021-05-25 09:40:00, 93.19, 93.19, 93.19, 93.19, 117, 0.0
2021-05-25 09:41:00, 93.08, 93.08, 93.08, 93.08, 227, 0.0
2021-05-25 09:42:00, 93.09, 93.09, 93.08, 93.08, 201, 0.0
2021-05-25 09:43:00, 93.105, 93.125, 93.105, 93.125, 400, 0.0
2021-05-25 09:44:00, 93.15, 93.15, 93.15, 93.15, 301, 0.0
2021-05-25 09:45:00, 93.16, 93.16, 93.145, 93.145, 200, 0.0
2021-05-25 09:46:00, 93.17, 93.18, 93.15, 93.15, 312, 0.0
2021-05-25 09:47:00, 93.135, 93.135, 93.1, 93.1, 430, 0.0
2021-05-25 09:48:00, 93.06, 93.08, 93.06, 93.08, 456, 0.0
2021-05-25 09:49:00, 93.1, 93.13, 93.1, 93.13, 310, 0.0
2021-05-25 09:50:00, 93.015, 93.015, 93.015, 93.015, 188, 0.0
2021-05-25 09:51:00, 92.96, 92.96, 92.96, 92.96, 135, 0.0
2021-05-25 09:52:00, 92.9, 92.91, 92.9, 92.91, 464, 0.0
2021-05-25 09:53:00, 92.95, 92.95, 92.895, 92.9, 332, 0.0
2021-05-25 09:54:00, 92.91, 92.91, 92.91, 92.91, 140, 0.0
2021-05-25 09:55:00, 92.92, 92.98, 92.92, 92.98, 247, 0.0
2021-05-25 09:56:00, 92.98, 92.98, 92.98, 92.98, 224, 0.0
2021-05-25 09:57:00, 92.98, 92.98, 92.98, 92.98, 103, 0.0
2021-05-25 09:58:00, 92.96, 92.96, 92.96, 92.96, 135, 0.0
2021-05-25 09:59:00, 92.945, 92.99, 92.945, 92.99, 638, 0.0
2021-05-25 10:00:00, 93.035, 93.035, 93.035, 93.035, 381, 0.0
2021-05-25 10:01:00, 92.97, 92.99, 92.97, 92.99, 735, 0.0
2021-05-25 10:02:00, 93.075, 93.075, 93.025, 93.025, 300, 0.0
2021-05-25 10:03:00, 93.05, 93.05, 92.98, 92.98, 479, 0.0
2021-05-25 10:06:00, 92.98, 92.98, 92.93, 92.98, 739, 0.0
2021-05-25 10:08:00, 92.95, 92.97, 92.95, 92.97, 448, 0.0
2021-05-25 10:09:00, 92.95, 92.99, 92.95, 92.99, 525, 0.0
2021-05-25 10:10:00, 93.04, 93.04, 93.03, 93.03, 213, 0.0
2021-05-25 10:11:00, 93.06, 93.08, 93.05, 93.05, 442, 0.0
2021-05-25 10:13:00, 93.09, 93.09, 93.09, 93.09, 204, 0.0
2021-05-25 10:14:00, 93.09, 93.09, 93.09, 93.09, 234, 0.0
2021-05-25 10:15:00, 93.07, 93.07, 93.035, 93.04, 472, 0.0
2021-05-25 10:16:00, 93.04, 93.04, 92.985, 93.035, 616, 0.0
2021-05-25 10:17:00, 93.04, 93.055, 92.96, 92.96, 717, 0.0
2021-05-25 10:18:00, 92.93, 92.93, 92.93, 92.93, 196, 0.0
2021-05-25 10:19:00, 92.89, 92.93, 92.89, 92.925, 829, 0.0
2021-05-25 10:20:00, 92.94, 92.94, 92.94, 92.94, 305, 0.0
2021-05-25 10:21:00, 92.96, 93.035, 92.95, 93.035, 716, 0.0
2021-05-25 10:22:00, 93.05, 93.05, 93.02, 93.02, 514, 0.0
2021-05-25 10:23:00, 93, 93, 92.89, 92.89, 737, 0.0
2021-05-25 10:24:00, 92.885, 92.92, 92.885, 92.92, 453, 0.0
2021-05-25 10:25:00, 92.925, 92.925, 92.91, 92.925, 419, 0.0
2021-05-25 10:27:00, 92.8, 92.84, 92.79, 92.84, 777, 0.0
2021-05-25 10:28:00, 92.83, 92.83, 92.8, 92.8, 216, 0.0
2021-05-25 10:29:00, 92.795, 92.8, 92.795, 92.8, 390, 0.0
2021-05-25 10:30:00, 92.78, 92.83, 92.78, 92.83, 224, 0.0
2021-05-25 10:31:00, 92.745, 92.75, 92.745, 92.75, 421, 0.0
2021-05-25 10:32:00, 92.72, 92.75, 92.72, 92.75, 383, 0.0
2021-05-25 10:33:00, 92.81, 92.81, 92.81, 92.81, 136, 0.0
2021-05-25 10:34:00, 92.8, 92.8, 92.8, 92.8, 200, 0.0
2021-05-25 10:35:00, 92.78, 92.81, 92.78, 92.81, 347, 0.0
2021-05-25 10:36:00, 92.85, 92.85, 92.85, 92.85, 166, 0.0
2021-05-25 10:38:00, 92.745, 92.745, 92.745, 92.745, 102, 0.0
2021-05-25 10:39:00, 92.765, 92.805, 92.765, 92.805, 310, 0.0
2021-05-25 10:40:00, 92.815, 92.815, 92.815, 92.815, 115, 0.0
2021-05-25 10:42:00, 92.805, 92.81, 92.805, 92.81, 214, 0.0
2021-05-25 10:43:00, 92.78, 92.78, 92.78, 92.78, 237, 0.0
2021-05-25 10:44:00, 92.75, 92.75, 92.74, 92.74, 331, 0.0
2021-05-25 10:45:00, 92.75, 92.76, 92.75, 92.76, 500, 0.0
2021-05-25 10:46:00, 92.71, 92.71, 92.71, 92.71, 124, 0.0
2021-05-25 10:47:00, 92.71, 92.72, 92.705, 92.72, 673, 0.0
2021-05-25 10:48:00, 92.76, 92.77, 92.76, 92.77, 200, 0.0
2021-05-25 10:49:00, 92.765, 92.765, 92.765, 92.765, 102, 0.0
2021-05-25 10:50:00, 92.74, 92.74, 92.725, 92.725, 424, 0.0
2021-05-25 10:51:00, 92.68, 92.68, 92.68, 92.68, 217, 0.0
2021-05-25 10:52:00, 92.63, 92.685, 92.63, 92.685, 600, 0.0
2021-05-25 10:53:00, 92.67, 92.67, 92.67, 92.67, 303, 0.0
2021-05-25 10:55:00, 92.71, 92.765, 92.71, 92.76, 402, 0.0
2021-05-25 10:56:00, 92.74, 92.74, 92.7, 92.7, 443, 0.0
2021-05-25 10:57:00, 92.7, 92.7, 92.7, 92.7, 120, 0.0
2021-05-25 10:58:00, 92.68, 92.68, 92.65, 92.65, 204, 0.0
2021-05-25 11:00:00, 92.63, 92.68, 92.63, 92.68, 211, 0.0
2021-05-25 11:02:00, 92.68, 92.68, 92.68, 92.68, 235, 0.0
2021-05-25 11:03:00, 92.68, 92.68, 92.64, 92.64, 300, 0.0
2021-05-25 11:04:00, 92.67, 92.67, 92.67, 92.67, 235, 0.0
2021-05-25 11:05:00, 92.72, 92.72, 92.68, 92.68, 300, 0.0
2021-05-25 11:06:00, 92.68, 92.68, 92.68, 92.68, 109, 0.0
2021-05-25 11:07:00, 92.63, 92.63, 92.63, 92.63, 100, 0.0
2021-05-25 11:09:00, 92.63, 92.63, 92.63, 92.63, 126, 0.0
2021-05-25 11:10:00, 92.645, 92.69, 92.645, 92.69, 415, 0.0
2021-05-25 11:12:00, 92.72, 92.77, 92.72, 92.77, 461, 0.0
2021-05-25 11:13:00, 92.78, 92.78, 92.78, 92.78, 134, 0.0
2021-05-25 11:14:00, 92.76, 92.81, 92.76, 92.81, 301, 0.0
2021-05-25 11:15:00, 92.77, 92.77, 92.77, 92.77, 127, 0.0
2021-05-25 11:16:00, 92.82, 92.82, 92.82, 92.82, 210, 0.0
2021-05-25 11:18:00, 92.77, 92.79, 92.77, 92.79, 380, 0.0
2021-05-25 11:19:00, 92.78, 92.79, 92.78, 92.79, 216, 0.0
2021-05-25 11:20:00, 92.8, 92.8, 92.79, 92.79, 205, 0.0
2021-05-25 11:21:00, 92.805, 92.805, 92.805, 92.805, 210, 0.0
2021-05-25 11:22:00, 92.815, 92.815, 92.81, 92.81, 310, 0.0
2021-05-25 11:24:00, 92.78, 92.78, 92.765, 92.765, 224, 0.0
2021-05-25 11:25:00, 92.775, 92.78, 92.775, 92.78, 214, 0.0
2021-05-25 11:26:00, 92.79, 92.825, 92.79, 92.81, 802, 0.0
2021-05-25 11:27:00, 92.8, 92.8, 92.8, 92.8, 208, 0.0
2021-05-25 11:28:00, 92.78, 92.78, 92.765, 92.765, 210, 0.0
2021-05-25 11:29:00, 92.735, 92.735, 92.735, 92.735, 415, 0.0
2021-05-25 11:30:00, 92.76, 92.76, 92.76, 92.76, 147, 0.0
2021-05-25 11:31:00, 92.76, 92.76, 92.76, 92.76, 100, 0.0
2021-05-25 11:32:00, 92.765, 92.77, 92.765, 92.77, 497, 0.0
2021-05-25 11:33:00, 92.74, 92.74, 92.74, 92.74, 200, 0.0
2021-05-25 11:34:00, 92.755, 92.775, 92.755, 92.775, 800, 0.0
2021-05-25 11:35:00, 92.75, 92.755, 92.75, 92.755, 237, 0.0
2021-05-25 11:38:00, 92.7, 92.72, 92.7, 92.72, 510, 0.0
2021-05-25 11:39:00, 92.73, 92.73, 92.73, 92.73, 368, 0.0
2021-05-25 11:40:00, 92.765, 92.765, 92.76, 92.76, 425, 0.0
2021-05-25 11:41:00, 92.73, 92.73, 92.73, 92.73, 313, 0.0
2021-05-25 11:42:00, 92.75, 92.75, 92.75, 92.75, 100, 0.0
2021-05-25 11:45:00, 92.75, 92.75, 92.75, 92.75, 189, 0.0
2021-05-25 11:46:00, 92.77, 92.77, 92.725, 92.725, 522, 0.0
2021-05-25 11:47:00, 92.7, 92.7, 92.7, 92.7, 115, 0.0
2021-05-25 11:48:00, 92.73, 92.73, 92.73, 92.73, 410, 0.0
2021-05-25 11:49:00, 92.71, 92.71, 92.7, 92.7, 219, 0.0
2021-05-25 11:50:00, 92.71, 92.73, 92.71, 92.73, 211, 0.0
2021-05-25 11:51:00, 92.71, 92.73, 92.71, 92.73, 400, 0.0
2021-05-25 11:52:00, 92.695, 92.695, 92.695, 92.695, 118, 0.0
2021-05-25 11:53:00, 92.68, 92.69, 92.675, 92.675, 520, 0.0
2021-05-25 11:54:00, 92.7, 92.75, 92.7, 92.75, 506, 0.0
2021-05-25 11:56:00, 92.74, 92.775, 92.74, 92.775, 300, 0.0
2021-05-25 11:59:00, 92.72, 92.72, 92.72, 92.72, 129, 0.0
2021-05-25 12:01:00, 92.63, 92.65, 92.62, 92.62, 396, 0.0
2021-05-25 12:02:00, 92.58, 92.6, 92.58, 92.6, 243, 0.0
2021-05-25 12:03:00, 92.59, 92.59, 92.59, 92.59, 100, 0.0
2021-05-25 12:04:00, 92.525, 92.525, 92.525, 92.525, 123, 0.0
2021-05-25 12:05:00, 92.53, 92.54, 92.53, 92.54, 209, 0.0
2021-05-25 12:06:00, 92.53, 92.56, 92.53, 92.56, 520, 0.0
2021-05-25 12:07:00, 92.57, 92.57, 92.57, 92.57, 100, 0.0
2021-05-25 12:08:00, 92.57, 92.6, 92.57, 92.6, 512, 0.0
2021-05-25 12:09:00, 92.585, 92.585, 92.585, 92.585, 100, 0.0
2021-05-25 12:10:00, 92.59, 92.61, 92.59, 92.61, 420, 0.0
2021-05-25 12:11:00, 92.625, 92.625, 92.62, 92.62, 222, 0.0
2021-05-25 12:12:00, 92.63, 92.64, 92.63, 92.64, 313, 0.0
2021-05-25 12:13:00, 92.65, 92.65, 92.62, 92.62, 220, 0.0
2021-05-25 12:15:00, 92.595, 92.6, 92.57, 92.6, 434, 0.0
2021-05-25 12:16:00, 92.61, 92.61, 92.61, 92.61, 387, 0.0
2021-05-25 12:17:00, 92.625, 92.625, 92.615, 92.615, 205, 0.0
2021-05-25 12:18:00, 92.63, 92.645, 92.625, 92.625, 314, 0.0
2021-05-25 12:19:00, 92.6, 92.6, 92.58, 92.58, 214, 0.0
2021-05-25 12:20:00, 92.59, 92.6, 92.59, 92.6, 300, 0.0
2021-05-25 12:21:00, 92.57, 92.62, 92.57, 92.62, 209, 0.0
2021-05-25 12:22:00, 92.6, 92.6, 92.595, 92.595, 558, 0.0
2021-05-25 12:24:00, 92.56, 92.59, 92.55, 92.59, 508, 0.0
2021-05-25 12:25:00, 92.57, 92.62, 92.57, 92.62, 216, 0.0
2021-05-25 12:26:00, 92.6, 92.6, 92.585, 92.585, 306, 0.0
2021-05-25 12:27:00, 92.595, 92.595, 92.585, 92.585, 309, 0.0
2021-05-25 12:28:00, 92.615, 92.63, 92.615, 92.63, 418, 0.0
2021-05-25 12:29:00, 92.67, 92.675, 92.67, 92.675, 282, 0.0
2021-05-25 12:30:00, 92.685, 92.7, 92.685, 92.7, 412, 0.0
2021-05-25 12:32:00, 92.67, 92.71, 92.67, 92.71, 319, 0.0
2021-05-25 12:34:00, 92.69, 92.69, 92.665, 92.665, 517, 0.0
2021-05-25 12:35:00, 92.67, 92.675, 92.67, 92.675, 204, 0.0
2021-05-25 12:36:00, 92.66, 92.66, 92.65, 92.65, 610, 0.0
2021-05-25 12:38:00, 92.72, 92.72, 92.705, 92.72, 383, 0.0
2021-05-25 12:40:00, 92.66, 92.66, 92.66, 92.66, 100, 0.0
2021-05-25 12:41:00, 92.63, 92.63, 92.595, 92.595, 300, 0.0
2021-05-25 12:42:00, 92.62, 92.62, 92.62, 92.62, 200, 0.0
2021-05-25 12:43:00, 92.655, 92.655, 92.655, 92.655, 118, 0.0
2021-05-25 12:47:00, 92.64, 92.64, 92.62, 92.62, 314, 0.0
2021-05-25 12:48:00, 92.625, 92.625, 92.625, 92.625, 205, 0.0
2021-05-25 12:49:00, 92.61, 92.61, 92.61, 92.61, 111, 0.0
2021-05-25 12:50:00, 92.6, 92.6, 92.6, 92.6, 175, 0.0
2021-05-25 12:51:00, 92.61, 92.63, 92.61, 92.62, 300, 0.0
2021-05-25 12:52:00, 92.595, 92.595, 92.595, 92.595, 100, 0.0
2021-05-25 12:54:00, 92.59, 92.59, 92.59, 92.59, 100, 0.0
2021-05-25 12:55:00, 92.59, 92.59, 92.59, 92.59, 540, 0.0
2021-05-25 12:56:00, 92.59, 92.59, 92.59, 92.59, 120, 0.0
2021-05-25 12:57:00, 92.57, 92.57, 92.57, 92.57, 106, 0.0
2021-05-25 12:58:00, 92.58, 92.58, 92.58, 92.58, 200, 0.0
2021-05-25 13:00:00, 92.6, 92.6, 92.57, 92.57, 325, 0.0
2021-05-25 13:01:00, 92.59, 92.59, 92.59, 92.59, 110, 0.0
2021-05-25 13:03:00, 92.56, 92.56, 92.56, 92.56, 201, 0.0
2021-05-25 13:06:00, 92.58, 92.58, 92.58, 92.58, 152, 0.0
2021-05-25 13:07:00, 92.575, 92.63, 92.575, 92.63, 850, 0.0
2021-05-25 13:09:00, 92.63, 92.63, 92.63, 92.63, 100, 0.0
2021-05-25 13:17:00, 92.645, 92.66, 92.645, 92.66, 204, 0.0
2021-05-25 13:18:00, 92.63, 92.65, 92.63, 92.65, 600, 0.0
2021-05-25 13:19:00, 92.65, 92.65, 92.65, 92.65, 102, 0.0
2021-05-25 13:20:00, 92.67, 92.67, 92.67, 92.67, 130, 0.0
2021-05-25 13:21:00, 92.66, 92.685, 92.66, 92.685, 265, 0.0
2021-05-25 13:22:00, 92.68, 92.68, 92.68, 92.68, 106, 0.0
2021-05-25 13:24:00, 92.66, 92.66, 92.66, 92.66, 121, 0.0
2021-05-25 13:25:00, 92.645, 92.645, 92.645, 92.645, 100, 0.0
2021-05-25 13:26:00, 92.645, 92.645, 92.645, 92.645, 211, 0.0
2021-05-25 13:27:00, 92.68, 92.68, 92.68, 92.68, 100, 0.0
2021-05-25 13:28:00, 92.68, 92.68, 92.665, 92.665, 200, 0.0
2021-05-25 13:29:00, 92.695, 92.695, 92.695, 92.695, 100, 0.0
2021-05-25 13:30:00, 92.72, 92.77, 92.72, 92.77, 542, 0.0
2021-05-25 13:31:00, 92.77, 92.785, 92.77, 92.785, 209, 0.0
2021-05-25 13:32:00, 92.805, 92.825, 92.805, 92.825, 400, 0.0
2021-05-25 13:36:00, 92.685, 92.75, 92.685, 92.75, 1340, 0.0
2021-05-25 13:37:00, 92.8, 92.81, 92.8, 92.81, 231, 0.0
2021-05-25 13:38:00, 92.87, 92.88, 92.86, 92.88, 1710, 0.0
2021-05-25 13:39:00, 92.83, 92.83, 92.82, 92.82, 200, 0.0
2021-05-25 13:40:00, 92.84, 92.865, 92.84, 92.865, 207, 0.0
2021-05-25 13:41:00, 92.835, 92.86, 92.835, 92.86, 306, 0.0
2021-05-25 13:43:00, 92.88, 92.88, 92.88, 92.88, 103, 0.0
2021-05-25 13:44:00, 92.85, 92.85, 92.85, 92.85, 303, 0.0
2021-05-25 13:45:00, 92.85, 92.85, 92.85, 92.85, 200, 0.0
2021-05-25 13:46:00, 92.86, 92.86, 92.855, 92.855, 207, 0.0
2021-05-25 13:47:00, 92.865, 92.89, 92.865, 92.89, 1020, 0.0
2021-05-25 13:50:00, 92.9, 92.9, 92.9, 92.9, 180, 0.0
2021-05-25 13:51:00, 92.9, 92.905, 92.9, 92.905, 200, 0.0
2021-05-25 13:53:00, 92.87, 92.895, 92.87, 92.895, 687, 0.0
2021-05-25 13:54:00, 92.91, 92.92, 92.91, 92.92, 206, 0.0
2021-05-25 13:55:00, 92.945, 92.945, 92.945, 92.945, 349, 0.0
2021-05-25 13:58:00, 92.95, 92.96, 92.95, 92.96, 560, 0.0
2021-05-25 13:59:00, 92.975, 92.99, 92.975, 92.99, 790, 0.0
2021-05-25 14:00:00, 92.99, 92.99, 92.97, 92.99, 735, 0.0
2021-05-25 14:01:00, 92.91, 92.91, 92.845, 92.845, 800, 0.0
2021-05-25 14:02:00, 92.83, 92.83, 92.83, 92.83, 106, 0.0
2021-05-25 14:03:00, 92.87, 92.87, 92.87, 92.87, 202, 0.0
2021-05-25 14:04:00, 92.87, 92.87, 92.87, 92.87, 260, 0.0
2021-05-25 14:05:00, 92.89, 92.89, 92.89, 92.89, 304, 0.0
2021-05-25 14:06:00, 92.9, 92.9, 92.9, 92.9, 402, 0.0
2021-05-25 14:08:00, 92.85, 92.86, 92.85, 92.86, 404, 0.0
2021-05-25 14:11:00, 92.88, 92.88, 92.88, 92.88, 109, 0.0
2021-05-25 14:12:00, 92.9, 92.93, 92.9, 92.93, 209, 0.0
2021-05-25 14:13:00, 92.95, 92.95, 92.95, 92.95, 751, 0.0
2021-05-25 14:15:00, 92.94, 92.94, 92.94, 92.94, 300, 0.0
2021-05-25 14:16:00, 92.87, 92.89, 92.87, 92.89, 504, 0.0
2021-05-25 14:18:00, 92.91, 92.91, 92.91, 92.91, 108, 0.0
2021-05-25 14:19:00, 92.94, 92.94, 92.94, 92.94, 138, 0.0
2021-05-25 14:20:00, 92.91, 92.91, 92.91, 92.91, 293, 0.0
2021-05-25 14:24:00, 92.95, 92.95, 92.94, 92.94, 265, 0.0
2021-05-25 14:25:00, 92.96, 92.99, 92.96, 92.97, 309, 0.0
2021-05-25 14:26:00, 92.98, 92.98, 92.98, 92.98, 413, 0.0
2021-05-25 14:27:00, 93, 93, 92.95, 92.95, 602, 0.0
2021-05-25 14:29:00, 92.935, 92.95, 92.93, 92.93, 491, 0.0
2021-05-25 14:30:00, 92.94, 92.95, 92.94, 92.95, 414, 0.0
2021-05-25 14:31:00, 92.94, 92.96, 92.94, 92.96, 327, 0.0
2021-05-25 14:32:00, 92.94, 92.95, 92.9, 92.9, 613, 0.0
2021-05-25 14:33:00, 92.86, 92.87, 92.86, 92.87, 200, 0.0
2021-05-25 14:34:00, 92.87, 92.87, 92.85, 92.85, 296, 0.0
2021-05-25 14:35:00, 92.86, 92.86, 92.86, 92.86, 123, 0.0
2021-05-25 14:36:00, 92.88, 92.88, 92.88, 92.88, 100, 0.0
2021-05-25 14:37:00, 92.91, 92.92, 92.91, 92.91, 712, 0.0
2021-05-25 14:38:00, 92.94, 92.97, 92.94, 92.97, 305, 0.0
2021-05-25 14:39:00, 92.935, 92.95, 92.935, 92.95, 566, 0.0
2021-05-25 14:42:00, 92.89, 92.93, 92.89, 92.93, 248, 0.0
2021-05-25 14:43:00, 92.9, 92.915, 92.9, 92.915, 423, 0.0
2021-05-25 14:44:00, 92.94, 92.94, 92.94, 92.94, 309, 0.0
2021-05-25 14:45:00, 92.98, 93.015, 92.97, 93.005, 861, 0.0
2021-05-25 14:46:00, 93.005, 93.04, 93.005, 93.03, 635, 0.0
2021-05-25 14:47:00, 93.055, 93.055, 93.05, 93.05, 485, 0.0
2021-05-25 14:48:00, 93.09, 93.09, 93.04, 93.04, 202, 0.0
2021-05-25 14:49:00, 92.965, 92.97, 92.91, 92.91, 756, 0.0
2021-05-25 14:51:00, 92.9, 92.9, 92.85, 92.85, 517, 0.0
2021-05-25 14:52:00, 92.895, 92.895, 92.86, 92.86, 689, 0.0
2021-05-25 14:53:00, 92.85, 92.86, 92.835, 92.86, 1119, 0.0
2021-05-25 14:54:00, 92.88, 92.9, 92.86, 92.86, 1375, 0.0
2021-05-25 14:55:00, 92.885, 92.945, 92.885, 92.935, 1362, 0.0
2021-05-25 14:56:00, 92.945, 92.97, 92.945, 92.965, 927, 0.0
2021-05-25 14:57:00, 92.98, 93.035, 92.98, 93.035, 1373, 0.0
2021-05-25 14:58:00, 93.03, 93.045, 93.015, 93.045, 1767, 0.0
2021-05-25 14:59:00, 93.05, 93.07, 93.01, 93.01, 1494, 0.0
2021-05-26 08:30:00, 93.29, 93.29, 93.2, 93.2, 509, 0.0
2021-05-26 08:31:00, 93.25, 93.33, 93.25, 93.33, 200, 0.0
2021-05-26 08:32:00, 93.34, 93.475, 93.34, 93.475, 400, 0.0
2021-05-26 08:34:00, 93.49, 93.52, 93.455, 93.455, 600, 0.0
2021-05-26 08:36:00, 93.43, 93.43, 93.42, 93.42, 200, 0.0
2021-05-26 08:37:00, 93.34, 93.34, 93.34, 93.34, 100, 0.0
2021-05-26 08:39:00, 93.42, 93.42, 93.42, 93.42, 111, 0.0
2021-05-26 08:40:00, 93.4, 93.4, 93.39, 93.39, 213, 0.0
2021-05-26 08:42:00, 93.66, 93.66, 93.66, 93.66, 120, 0.0
2021-05-26 08:44:00, 93.5, 93.5, 93.5, 93.5, 103, 0.0
2021-05-26 08:46:00, 93.51, 93.51, 93.51, 93.51, 110, 0.0
2021-05-26 08:47:00, 93.54, 93.695, 93.52, 93.695, 610, 0.0
2021-05-26 08:50:00, 93.8, 93.8, 93.8, 93.8, 166, 0.0
2021-05-26 08:51:00, 93.88, 93.88, 93.88, 93.88, 286, 0.0
2021-05-26 08:52:00, 93.82, 93.82, 93.82, 93.82, 100, 0.0
2021-05-26 08:53:00, 93.77, 93.77, 93.77, 93.77, 280, 0.0
2021-05-26 08:54:00, 93.75, 93.76, 93.75, 93.76, 294, 0.0
2021-05-26 08:55:00, 93.78, 93.78, 93.78, 93.78, 101, 0.0
2021-05-26 08:56:00, 93.795, 93.795, 93.795, 93.795, 100, 0.0
2021-05-26 09:02:00, 93.48, 93.5, 93.48, 93.5, 210, 0.0
2021-05-26 09:03:00, 93.57, 93.57, 93.57, 93.57, 110, 0.0
2021-05-26 09:04:00, 93.62, 93.62, 93.61, 93.61, 268, 0.0
2021-05-26 09:05:00, 93.55, 93.555, 93.54, 93.555, 500, 0.0
2021-05-26 09:06:00, 93.56, 93.56, 93.56, 93.56, 283, 0.0
2021-05-26 09:07:00, 93.6, 93.6, 93.6, 93.6, 100, 0.0
2021-05-26 09:09:00, 93.68, 93.68, 93.68, 93.68, 138, 0.0
2021-05-26 09:13:00, 93.67, 93.69, 93.67, 93.69, 301, 0.0
2021-05-26 09:14:00, 93.68, 93.68, 93.68, 93.68, 302, 0.0
2021-05-26 09:15:00, 93.79, 93.79, 93.79, 93.79, 223, 0.0
2021-05-26 09:17:00, 93.82, 93.835, 93.82, 93.835, 210, 0.0
2021-05-26 09:18:00, 93.85, 93.85, 93.85, 93.85, 105, 0.0
2021-05-26 09:20:00, 93.85, 93.85, 93.83, 93.83, 210, 0.0
2021-05-26 09:21:00, 93.84, 93.84, 93.84, 93.84, 100, 0.0
2021-05-26 09:24:00, 93.78, 93.78, 93.78, 93.78, 200, 0.0
2021-05-26 09:25:00, 93.81, 93.81, 93.77, 93.77, 203, 0.0
2021-05-26 09:27:00, 93.76, 93.76, 93.76, 93.76, 209, 0.0
2021-05-26 09:29:00, 93.77, 93.77, 93.76, 93.76, 447, 0.0
2021-05-26 09:31:00, 93.82, 93.82, 93.82, 93.82, 100, 0.0
2021-05-26 09:32:00, 93.845, 93.845, 93.845, 93.845, 171, 0.0
2021-05-26 09:35:00, 93.81, 93.81, 93.81, 93.81, 103, 0.0
2021-05-26 09:38:00, 93.75, 93.75, 93.75, 93.75, 200, 0.0
2021-05-26 09:40:00, 93.7, 93.71, 93.7, 93.71, 308, 0.0
2021-05-26 09:41:00, 93.67, 93.67, 93.67, 93.67, 110, 0.0
2021-05-26 09:44:00, 93.74, 93.74, 93.74, 93.74, 490, 0.0
2021-05-26 09:45:00, 93.75, 93.76, 93.75, 93.76, 264, 0.0
2021-05-26 09:46:00, 93.73, 93.73, 93.73, 93.73, 210, 0.0
2021-05-26 09:49:00, 93.62, 93.63, 93.62, 93.63, 400, 0.0
2021-05-26 09:50:00, 93.62, 93.62, 93.62, 93.62, 234, 0.0
2021-05-26 09:52:00, 93.62, 93.63, 93.62, 93.63, 424, 0.0
2021-05-26 09:53:00, 93.76, 93.76, 93.755, 93.755, 292, 0.0
2021-05-26 09:55:00, 93.77, 93.77, 93.77, 93.77, 141, 0.0
2021-05-26 09:57:00, 93.8, 93.8, 93.8, 93.8, 100, 0.0
2021-05-26 09:59:00, 93.78, 93.78, 93.78, 93.78, 120, 0.0
2021-05-26 10:01:00, 93.85, 93.85, 93.85, 93.85, 181, 0.0
2021-05-26 10:02:00, 93.87, 93.87, 93.87, 93.87, 150, 0.0
2021-05-26 10:05:00, 93.8, 93.8, 93.77, 93.77, 499, 0.0
2021-05-26 10:06:00, 93.81, 93.81, 93.81, 93.81, 100, 0.0
2021-05-26 10:08:00, 93.87, 93.87, 93.87, 93.87, 100, 0.0
2021-05-26 10:11:00, 93.8, 93.8, 93.8, 93.8, 301, 0.0
2021-05-26 10:13:00, 93.83, 93.83, 93.83, 93.83, 101, 0.0
2021-05-26 10:17:00, 93.88, 93.88, 93.85, 93.85, 1092, 0.0
2021-05-26 10:18:00, 93.83, 93.83, 93.81, 93.81, 200, 0.0
2021-05-26 10:19:00, 93.75, 93.775, 93.75, 93.775, 200, 0.0
2021-05-26 10:20:00, 93.755, 93.755, 93.755, 93.755, 200, 0.0
2021-05-26 10:21:00, 93.72, 93.72, 93.72, 93.72, 100, 0.0
2021-05-26 10:22:00, 93.72, 93.72, 93.72, 93.72, 200, 0.0
2021-05-26 10:23:00, 93.73, 93.73, 93.73, 93.73, 214, 0.0
2021-05-26 10:27:00, 93.74, 93.74, 93.74, 93.74, 202, 0.0
2021-05-26 10:28:00, 93.8, 93.8, 93.8, 93.8, 122, 0.0
2021-05-26 10:30:00, 93.8, 93.8, 93.8, 93.8, 100, 0.0
2021-05-26 10:35:00, 93.66, 93.66, 93.66, 93.66, 110, 0.0
2021-05-26 10:39:00, 93.64, 93.64, 93.64, 93.64, 101, 0.0
2021-05-26 10:40:00, 93.54, 93.54, 93.54, 93.54, 200, 0.0
2021-05-26 10:41:00, 93.49, 93.5, 93.49, 93.5, 400, 0.0
2021-05-26 10:43:00, 93.52, 93.52, 93.45, 93.45, 400, 0.0
