Date, Open, High, Low, Close, Volume, Open Interest
2021-05-19 08:31:00, 267.21, 267.21, 267.21, 267.21, 223, 0.0
2021-05-19 08:32:00, 268.34, 268.34, 268.34, 268.34, 131, 0.0
2021-05-19 08:36:00, 269.015, 269.015, 269.015, 269.015, 275, 0.0
2021-05-19 08:39:00, 268.98, 268.98, 267.87, 267.87, 603, 0.0
2021-05-19 08:42:00, 267.76, 268.57, 267.76, 268.57, 210, 0.0
2021-05-19 08:43:00, 269.12, 269.12, 269.06, 269.06, 293, 0.0
2021-05-19 08:46:00, 269.18, 269.18, 268.71, 268.71, 226, 0.0
2021-05-19 08:47:00, 268.27, 268.27, 268.23, 268.23, 334, 0.0
2021-05-19 08:48:00, 267.96, 267.96, 267.94, 267.94, 248, 0.0
2021-05-19 08:50:00, 268.66, 268.915, 268.66, 268.915, 212, 0.0
2021-05-19 08:56:00, 267.85, 268.28, 267.85, 268.28, 227, 0.0
2021-05-19 08:57:00, 268.815, 268.815, 268.815, 268.815, 222, 0.0
2021-05-19 08:58:00, 268.37, 268.37, 268.37, 268.37, 126, 0.0
2021-05-19 09:00:00, 268.82, 268.82, 268.82, 268.82, 296, 0.0
2021-05-19 09:04:00, 267.6, 267.6, 267.6, 267.6, 169, 0.0
2021-05-19 09:05:00, 267.815, 267.815, 267.815, 267.815, 407, 0.0
2021-05-19 09:06:00, 268.04, 268.04, 268.04, 268.04, 122, 0.0
2021-05-19 09:08:00, 268.47, 268.68, 268.47, 268.68, 347, 0.0
2021-05-19 09:10:00, 269.15, 269.38, 269.15, 269.38, 283, 0.0
2021-05-19 09:11:00, 269.2, 269.36, 269.2, 269.36, 469, 0.0
2021-05-19 09:13:00, 269.6, 269.6, 269.51, 269.51, 461, 0.0
2021-05-19 09:14:00, 269.73, 269.73, 269.73, 269.73, 127, 0.0
2021-05-19 09:15:00, 269.2, 269.28, 269.2, 269.28, 387, 0.0
2021-05-19 09:16:00, 269.19, 269.19, 269.19, 269.19, 342, 0.0
2021-05-19 09:21:00, 269.84, 269.84, 269.84, 269.84, 133, 0.0
2021-05-19 09:24:00, 270.44, 270.44, 270.43, 270.43, 242, 0.0
2021-05-19 09:27:00, 270.94, 270.94, 270.94, 270.94, 323, 0.0
2021-05-19 09:28:00, 270.84, 270.84, 270.84, 270.84, 344, 0.0
2021-05-19 09:29:00, 270.8, 270.8, 270.395, 270.395, 446, 0.0
2021-05-19 09:30:00, 270.73, 270.73, 270.73, 270.73, 274, 0.0
2021-05-19 09:31:00, 270.6, 270.64, 270.6, 270.64, 446, 0.0
2021-05-19 09:32:00, 270.79, 270.79, 270.65, 270.65, 209, 0.0
2021-05-19 09:33:00, 270.5, 270.52, 270.5, 270.52, 401, 0.0
2021-05-19 09:35:00, 270.24, 270.24, 270.24, 270.24, 198, 0.0
2021-05-19 09:37:00, 270.1, 270.1, 270.1, 270.1, 297, 0.0
2021-05-19 09:38:00, 269.96, 269.96, 269.77, 269.77, 381, 0.0
2021-05-19 09:41:00, 269.85, 269.85, 269.85, 269.85, 213, 0.0
2021-05-19 09:44:00, 270.865, 270.865, 270.865, 270.865, 122, 0.0
2021-05-19 09:48:00, 271.3, 271.3, 271.08, 271.08, 616, 0.0
2021-05-19 09:49:00, 271.42, 271.42, 271.27, 271.28, 372, 0.0
2021-05-19 09:51:00, 271.68, 271.76, 271.56, 271.76, 654, 0.0
2021-05-19 09:53:00, 271.86, 271.86, 271.86, 271.86, 348, 0.0
2021-05-19 09:55:00, 272.37, 272.37, 272.16, 272.16, 331, 0.0
2021-05-19 09:57:00, 271.94, 271.94, 271.94, 271.94, 170, 0.0
2021-05-19 10:02:00, 271.32, 271.32, 271.32, 271.32, 137, 0.0
2021-05-19 10:03:00, 271.02, 271.02, 271.02, 271.02, 301, 0.0
2021-05-19 10:05:00, 270.47, 270.47, 270.47, 270.47, 154, 0.0
2021-05-19 10:07:00, 270.43, 271.01, 270.43, 271.01, 422, 0.0
2021-05-19 10:08:00, 271.54, 271.54, 271.54, 271.54, 198, 0.0
2021-05-19 10:12:00, 271.92, 271.92, 271.92, 271.92, 196, 0.0
2021-05-19 10:15:00, 272.13, 272.13, 272.13, 272.13, 197, 0.0
2021-05-19 10:16:00, 271.61, 271.61, 271.61, 271.61, 181, 0.0
2021-05-19 10:18:00, 271.31, 271.34, 271.31, 271.34, 230, 0.0
2021-05-19 10:21:00, 271.93, 271.93, 271.93, 271.93, 150, 0.0
2021-05-19 10:25:00, 271.72, 271.72, 271.72, 271.72, 185, 0.0
2021-05-19 10:34:00, 271.06, 271.06, 271.06, 271.06, 304, 0.0
2021-05-19 10:35:00, 270.86, 270.86, 270.86, 270.86, 134, 0.0
2021-05-19 10:37:00, 271.56, 271.56, 271.56, 271.56, 134, 0.0
2021-05-19 10:39:00, 271.56, 271.56, 271.495, 271.495, 318, 0.0
2021-05-19 10:41:00, 271.47, 271.47, 271.46, 271.46, 220, 0.0
2021-05-19 10:42:00, 271.19, 271.19, 271.19, 271.19, 174, 0.0
2021-05-19 10:48:00, 271.135, 271.135, 271.135, 271.135, 107, 0.0
2021-05-19 10:58:00, 271.52, 271.53, 271.52, 271.53, 260, 0.0
2021-05-19 10:59:00, 271.69, 271.69, 271.69, 271.69, 120, 0.0
2021-05-19 11:00:00, 271.53, 271.53, 271.53, 271.53, 112, 0.0
2021-05-19 11:01:00, 271.54, 271.54, 271.54, 271.54, 159, 0.0
2021-05-19 11:05:00, 271.3, 271.3, 271.3, 271.3, 243, 0.0
2021-05-19 11:08:00, 271.59, 271.59, 271.59, 271.59, 149, 0.0
2021-05-19 11:12:00, 272.09, 272.09, 272.09, 272.09, 148, 0.0
2021-05-19 11:13:00, 272.19, 272.26, 272.19, 272.26, 223, 0.0
2021-05-19 11:15:00, 272.39, 272.39, 272.36, 272.36, 219, 0.0
2021-05-19 11:16:00, 272.48, 272.68, 272.48, 272.68, 386, 0.0
2021-05-19 11:18:00, 272.64, 272.64, 272.64, 272.64, 111, 0.0
2021-05-19 11:19:00, 272.555, 272.555, 272.555, 272.555, 116, 0.0
2021-05-19 11:20:00, 272.41, 272.41, 272.41, 272.41, 164, 0.0
2021-05-19 11:21:00, 272.07, 272.305, 272.07, 272.305, 441, 0.0
2021-05-19 11:24:00, 272.39, 272.39, 272.39, 272.39, 1591, 0.0
2021-05-19 11:25:00, 272.4, 272.42, 272.4, 272.42, 511, 0.0
2021-05-19 11:28:00, 272.48, 272.48, 272.48, 272.48, 106, 0.0
2021-05-19 11:29:00, 272.1, 272.1, 272.1, 272.1, 116, 0.0
2021-05-19 11:31:00, 272.175, 272.175, 272.175, 272.175, 463, 0.0
2021-05-19 11:33:00, 271.91, 271.91, 271.91, 271.91, 199, 0.0
2021-05-19 11:34:00, 271.78, 271.78, 271.78, 271.78, 204, 0.0
2021-05-19 11:36:00, 271.91, 271.91, 271.91, 271.91, 191, 0.0
2021-05-19 11:38:00, 271.925, 271.925, 271.925, 271.925, 124, 0.0
2021-05-19 11:45:00, 271.51, 271.51, 271.43, 271.43, 228, 0.0
2021-05-19 11:46:00, 271.455, 271.53, 271.41, 271.53, 801, 0.0
2021-05-19 11:47:00, 271.27, 271.27, 271.27, 271.27, 158, 0.0
2021-05-19 11:51:00, 271.13, 271.13, 271.13, 271.13, 330, 0.0
2021-05-19 11:52:00, 270.905, 271.36, 270.905, 271.36, 500, 0.0
2021-05-19 11:57:00, 271.83, 271.83, 271.83, 271.83, 146, 0.0
2021-05-19 11:58:00, 271.6, 271.6, 271.6, 271.6, 200, 0.0
2021-05-19 12:01:00, 271.925, 271.925, 271.925, 271.925, 194, 0.0
2021-05-19 12:04:00, 271.82, 271.82, 271.82, 271.82, 593, 0.0
2021-05-19 12:05:00, 271.87, 271.92, 271.87, 271.92, 1094, 0.0
2021-05-19 12:07:00, 271.96, 271.96, 271.96, 271.96, 477, 0.0
2021-05-19 12:11:00, 272.035, 272.035, 271.97, 272.035, 384, 0.0
2021-05-19 12:16:00, 272.12, 272.12, 272.12, 272.12, 101, 0.0
2021-05-19 12:21:00, 272.02, 272.02, 271.87, 271.87, 403, 0.0
2021-05-19 12:24:00, 271.88, 271.88, 271.88, 271.88, 240, 0.0
2021-05-19 12:26:00, 271.72, 271.72, 271.72, 271.72, 276, 0.0
2021-05-19 12:30:00, 272.12, 272.12, 272.12, 272.12, 263, 0.0
2021-05-19 12:32:00, 271.72, 271.72, 271.72, 271.72, 181, 0.0
2021-05-19 12:34:00, 271.15, 271.15, 271.15, 271.15, 422, 0.0
2021-05-19 12:35:00, 271.295, 271.295, 271.03, 271.09, 626, 0.0
2021-05-19 12:36:00, 271.21, 271.25, 271.21, 271.25, 345, 0.0
2021-05-19 12:37:00, 271.05, 271.05, 271.05, 271.05, 110, 0.0
2021-05-19 12:38:00, 271.43, 271.43, 271.31, 271.31, 568, 0.0
2021-05-19 12:40:00, 271.58, 271.58, 271.58, 271.58, 113, 0.0
2021-05-19 12:41:00, 271.34, 271.34, 271.32, 271.32, 255, 0.0
2021-05-19 12:42:00, 271.51, 271.51, 271.51, 271.51, 169, 0.0
2021-05-19 12:45:00, 271.83, 271.92, 271.83, 271.92, 200, 0.0
2021-05-19 12:47:00, 271.85, 271.98, 271.85, 271.97, 354, 0.0
2021-05-19 12:50:00, 272.49, 272.49, 272.49, 272.49, 120, 0.0
2021-05-19 12:52:00, 272.41, 272.41, 272.41, 272.41, 126, 0.0
2021-05-19 12:56:00, 272.65, 272.65, 272.625, 272.625, 263, 0.0
2021-05-19 12:59:00, 272.305, 272.305, 272.305, 272.305, 186, 0.0
2021-05-19 13:00:00, 272.31, 272.485, 272.285, 272.485, 1323, 0.0
2021-05-19 13:01:00, 272.47, 272.47, 272.47, 272.47, 200, 0.0
2021-05-19 13:02:00, 272.88, 272.88, 272.88, 272.88, 360, 0.0
2021-05-19 13:03:00, 272.87, 272.87, 272.87, 272.87, 318, 0.0
2021-05-19 13:04:00, 272.8, 272.8, 271.38, 271.38, 361, 0.0
2021-05-19 13:05:00, 271.35, 271.415, 271.34, 271.415, 433, 0.0
2021-05-19 13:06:00, 271.12, 271.22, 271.12, 271.22, 216, 0.0
2021-05-19 13:13:00, 271.12, 271.12, 271.12, 271.12, 260, 0.0
2021-05-19 13:20:00, 271.78, 272.47, 271.78, 272.47, 312, 0.0
2021-05-19 13:22:00, 273.38, 273.38, 273.38, 273.38, 220, 0.0
2021-05-19 13:24:00, 274.04, 274.04, 273.91, 273.91, 225, 0.0
2021-05-19 13:25:00, 274.03, 274.03, 274.03, 274.03, 116, 0.0
2021-05-19 13:27:00, 273.9, 273.9, 273.9, 273.9, 243, 0.0
2021-05-19 13:28:00, 273.98, 273.98, 273.98, 273.98, 130, 0.0
2021-05-19 13:29:00, 273.975, 274.18, 273.975, 274.18, 353, 0.0
2021-05-19 13:31:00, 274.56, 274.56, 274.56, 274.56, 321, 0.0
2021-05-19 13:32:00, 274.36, 274.415, 274.36, 274.415, 259, 0.0
2021-05-19 13:33:00, 274.46, 274.46, 274.46, 274.46, 225, 0.0
2021-05-19 13:34:00, 273.89, 273.89, 273.89, 273.89, 202, 0.0
2021-05-19 13:36:00, 274.26, 274.26, 274.26, 274.26, 105, 0.0
2021-05-19 13:47:00, 272.715, 272.715, 272.715, 272.715, 443, 0.0
2021-05-19 13:50:00, 272.67, 272.76, 272.67, 272.76, 283, 0.0
2021-05-19 13:54:00, 272.89, 272.89, 272.89, 272.89, 133, 0.0
2021-05-19 13:55:00, 273.11, 273.11, 273.065, 273.065, 200, 0.0
2021-05-19 14:01:00, 272.985, 272.985, 272.985, 272.985, 214, 0.0
2021-05-19 14:02:00, 272.86, 272.86, 272.86, 272.86, 159, 0.0
2021-05-19 14:03:00, 272.68, 272.68, 272.68, 272.68, 270, 0.0
2021-05-19 14:05:00, 272.695, 272.695, 272.695, 272.695, 181, 0.0
2021-05-19 14:12:00, 273.3, 273.3, 273.255, 273.255, 329, 0.0
2021-05-19 14:13:00, 273.485, 273.485, 273.485, 273.485, 464, 0.0
2021-05-19 14:14:00, 273.49, 273.49, 273.375, 273.375, 317, 0.0
2021-05-19 14:16:00, 273.42, 273.42, 273.42, 273.42, 133, 0.0
2021-05-19 14:18:00, 273.37, 273.37, 273.37, 273.37, 125, 0.0
2021-05-19 14:19:00, 273.38, 273.47, 273.32, 273.37, 520, 0.0
2021-05-19 14:20:00, 273.465, 273.465, 273.14, 273.14, 314, 0.0
2021-05-19 14:22:00, 273.19, 273.19, 273.19, 273.19, 126, 0.0
2021-05-19 14:23:00, 273.22, 273.22, 273.22, 273.22, 138, 0.0
2021-05-19 14:26:00, 273.755, 273.755, 273.755, 273.755, 544, 0.0
2021-05-19 14:27:00, 273.61, 273.61, 273.61, 273.61, 229, 0.0
2021-05-19 14:28:00, 273.77, 273.77, 273.77, 273.77, 240, 0.0
2021-05-19 14:29:00, 274.02, 274.06, 273.99, 274.06, 336, 0.0
2021-05-19 14:30:00, 273.785, 273.805, 273.73, 273.73, 417, 0.0
2021-05-19 14:31:00, 273.41, 273.41, 273.39, 273.39, 307, 0.0
2021-05-19 14:33:00, 273.28, 273.28, 273.13, 273.28, 387, 0.0
2021-05-19 14:37:00, 273.01, 273.01, 273.01, 273.01, 116, 0.0
2021-05-19 14:40:00, 272.71, 272.71, 272.71, 272.71, 139, 0.0
2021-05-19 14:42:00, 272.635, 272.81, 272.635, 272.81, 406, 0.0
2021-05-19 14:44:00, 272.61, 272.7, 272.61, 272.7, 283, 0.0
2021-05-19 14:45:00, 272.49, 272.75, 272.49, 272.71, 486, 0.0
2021-05-19 14:46:00, 272.77, 272.83, 272.72, 272.72, 1661, 0.0
2021-05-19 14:47:00, 272.52, 272.52, 272.42, 272.42, 499, 0.0
2021-05-19 14:48:00, 272.25, 272.25, 272.25, 272.25, 311, 0.0
2021-05-19 14:49:00, 272.61, 272.61, 272.61, 272.61, 342, 0.0
2021-05-19 14:50:00, 272.66, 272.73, 272.64, 272.73, 750, 0.0
2021-05-19 14:51:00, 272.73, 272.97, 272.73, 272.97, 362, 0.0
2021-05-19 14:52:00, 272.89, 272.89, 272.89, 272.89, 343, 0.0
2021-05-19 14:54:00, 273.12, 273.12, 273.12, 273.12, 519, 0.0
2021-05-19 14:55:00, 273.42, 273.42, 273.42, 273.42, 285, 0.0
2021-05-19 14:56:00, 273.37, 273.73, 273.37, 273.73, 588, 0.0
2021-05-19 14:57:00, 273.6, 273.6, 273.6, 273.6, 863, 0.0
2021-05-19 14:59:00, 273.88, 274.21, 273.88, 274.15, 1091, 0.0
2021-05-20 08:30:00, 275.99, 277.14, 275.99, 277.14, 382, 0.0
2021-05-20 08:34:00, 278.75, 278.75, 278.68, 278.68, 279, 0.0
2021-05-20 08:38:00, 279.02, 279.02, 279.02, 279.02, 154, 0.0
2021-05-20 08:40:00, 279.26, 279.26, 279.26, 279.26, 241, 0.0
2021-05-20 08:44:00, 279.305, 279.54, 279.305, 279.54, 373, 0.0
2021-05-20 08:46:00, 279.21, 279.21, 279.21, 279.21, 110, 0.0
2021-05-20 08:48:00, 279.455, 279.455, 279.28, 279.28, 427, 0.0
2021-05-20 08:49:00, 279.115, 279.115, 279.115, 279.115, 353, 0.0
2021-05-20 08:55:00, 279.08, 279.195, 279.08, 279.195, 527, 0.0
2021-05-20 08:58:00, 278.785, 278.785, 278.785, 278.785, 256, 0.0
2021-05-20 08:59:00, 278.845, 279.29, 278.845, 279.29, 386, 0.0
2021-05-20 09:00:00, 279.53, 279.76, 279.36, 279.665, 2005, 0.0
2021-05-20 09:01:00, 279.82, 279.93, 279.82, 279.93, 212, 0.0
2021-05-20 09:08:00, 279.875, 279.875, 279.875, 279.875, 111, 0.0
2021-05-20 09:09:00, 279.55, 279.55, 279.125, 279.125, 325, 0.0
2021-05-20 09:10:00, 279.24, 279.24, 279.24, 279.24, 304, 0.0
2021-05-20 09:13:00, 279.19, 279.31, 279.1, 279.165, 2028, 0.0
2021-05-20 09:14:00, 279.17, 279.17, 279.17, 279.17, 191, 0.0
2021-05-20 09:15:00, 279.66, 279.66, 279.66, 279.66, 100, 0.0
2021-05-20 09:17:00, 280.11, 280.11, 280.11, 280.11, 182, 0.0
2021-05-20 09:19:00, 280.32, 280.32, 280.195, 280.195, 349, 0.0
2021-05-20 09:22:00, 280.155, 280.155, 280.155, 280.155, 106, 0.0
2021-05-20 09:25:00, 280.08, 280.25, 280.08, 280.25, 200, 0.0
2021-05-20 09:26:00, 280.38, 280.38, 280.38, 280.38, 238, 0.0
2021-05-20 09:32:00, 280.09, 280.09, 280.09, 280.09, 107, 0.0
2021-05-20 09:34:00, 280.43, 280.43, 280.43, 280.43, 129, 0.0
2021-05-20 09:35:00, 280.02, 280.02, 280.02, 280.02, 100, 0.0
2021-05-20 09:38:00, 280.18, 280.18, 280.18, 280.18, 300, 0.0
2021-05-20 09:39:00, 279.99, 280.08, 279.99, 280.08, 208, 0.0
2021-05-20 09:42:00, 279.82, 279.82, 279.82, 279.82, 100, 0.0
2021-05-20 09:43:00, 279.92, 280.08, 279.92, 280.08, 300, 0.0
2021-05-20 09:48:00, 280.63, 280.63, 280.49, 280.49, 280, 0.0
2021-05-20 09:52:00, 280.515, 280.515, 280.515, 280.515, 100, 0.0
2021-05-20 09:56:00, 280.64, 280.64, 280.64, 280.64, 249, 0.0
2021-05-20 10:01:00, 280.77, 280.77, 280.77, 280.77, 100, 0.0
2021-05-20 10:04:00, 280.77, 280.77, 280.77, 280.77, 100, 0.0
2021-05-20 10:06:00, 280.43, 280.43, 279.92, 279.92, 294, 0.0
2021-05-20 10:10:00, 280.33, 280.33, 280.13, 280.13, 265, 0.0
2021-05-20 10:11:00, 280.04, 280.04, 280.04, 280.04, 296, 0.0
2021-05-20 10:14:00, 280.235, 280.235, 280.07, 280.07, 531, 0.0
2021-05-20 10:18:00, 280.69, 280.69, 280.69, 280.69, 473, 0.0
2021-05-20 10:20:00, 281.57, 281.59, 281.57, 281.59, 393, 0.0
2021-05-20 10:26:00, 281.025, 281.18, 281.025, 281.18, 296, 0.0
2021-05-20 10:29:00, 281.655, 281.655, 281.655, 281.655, 225, 0.0
2021-05-20 10:33:00, 282.03, 282.03, 282.03, 282.03, 100, 0.0
2021-05-20 10:35:00, 281.805, 281.805, 281.805, 281.805, 321, 0.0
2021-05-20 10:39:00, 281.67, 281.67, 281.67, 281.67, 100, 0.0
2021-05-20 10:44:00, 282.31, 282.31, 282.31, 282.31, 100, 0.0
2021-05-20 10:46:00, 282.28, 282.28, 282.28, 282.28, 235, 0.0
2021-05-20 10:47:00, 282.22, 282.22, 282.22, 282.22, 100, 0.0
2021-05-20 10:50:00, 282.21, 282.21, 282.21, 282.21, 100, 0.0
2021-05-20 10:52:00, 281.95, 281.95, 281.95, 281.95, 319, 0.0
2021-05-20 10:55:00, 281.52, 281.52, 281.29, 281.29, 312, 0.0
2021-05-20 10:58:00, 281.11, 281.11, 281.11, 281.11, 110, 0.0
2021-05-20 11:00:00, 280.95, 280.95, 280.95, 280.95, 452, 0.0
2021-05-20 11:01:00, 280.5, 280.5, 280.5, 280.5, 106, 0.0
2021-05-20 11:03:00, 280.46, 280.46, 280.46, 280.46, 191, 0.0
2021-05-20 11:12:00, 280.355, 280.355, 280.355, 280.355, 104, 0.0
2021-05-20 11:15:00, 280.075, 280.075, 280.075, 280.075, 105, 0.0
2021-05-20 11:16:00, 280.22, 280.22, 280.22, 280.22, 158, 0.0
2021-05-20 11:21:00, 280.33, 280.33, 280.33, 280.33, 144, 0.0
2021-05-20 11:27:00, 280.24, 280.24, 280.24, 280.24, 122, 0.0
2021-05-20 11:31:00, 280.24, 280.24, 280.24, 280.24, 134, 0.0
2021-05-20 11:34:00, 280.19, 280.19, 280.19, 280.19, 101, 0.0
2021-05-20 11:38:00, 279.63, 279.63, 279.63, 279.63, 104, 0.0
2021-05-20 11:39:00, 279.7, 279.7, 279.7, 279.7, 200, 0.0
2021-05-20 11:40:00, 279.83, 279.83, 279.83, 279.83, 101, 0.0
2021-05-20 11:45:00, 279.775, 279.86, 279.775, 279.86, 300, 0.0
2021-05-20 11:46:00, 279.9, 279.9, 279.9, 279.9, 102, 0.0
2021-05-20 11:48:00, 279.74, 279.74, 279.74, 279.74, 108, 0.0
2021-05-20 11:50:00, 279.94, 279.94, 279.94, 279.94, 100, 0.0
2021-05-20 11:54:00, 279.83, 279.83, 279.82, 279.82, 201, 0.0
2021-05-20 11:58:00, 280, 280.12, 280, 280.12, 927, 0.0
2021-05-20 11:59:00, 280.17, 280.17, 280.17, 280.17, 158, 0.0
2021-05-20 12:00:00, 280.45, 280.45, 280.45, 280.45, 100, 0.0
2021-05-20 12:02:00, 280.29, 280.29, 280.29, 280.29, 244, 0.0
2021-05-20 12:04:00, 280.69, 280.69, 280.69, 280.69, 100, 0.0
2021-05-20 12:07:00, 280.94, 280.95, 280.94, 280.95, 252, 0.0
2021-05-20 12:08:00, 280.78, 280.78, 280.78, 280.78, 162, 0.0
2021-05-20 12:10:00, 280.885, 280.96, 280.885, 280.96, 243, 0.0
2021-05-20 12:13:00, 280.77, 280.77, 280.77, 280.77, 111, 0.0
2021-05-20 12:16:00, 280.88, 280.91, 280.88, 280.91, 270, 0.0
2021-05-20 12:17:00, 280.89, 280.89, 280.89, 280.89, 100, 0.0
2021-05-20 12:18:00, 280.955, 280.955, 280.955, 280.955, 114, 0.0
2021-05-20 12:20:00, 281.27, 281.27, 281.27, 281.27, 122, 0.0
2021-05-20 12:22:00, 281.08, 281.13, 281.08, 281.13, 239, 0.0
2021-05-20 12:32:00, 281.615, 281.615, 281.615, 281.615, 220, 0.0
2021-05-20 12:36:00, 281.81, 281.81, 281.71, 281.71, 213, 0.0
2021-05-20 12:39:00, 281.79, 281.79, 281.725, 281.73, 667, 0.0
2021-05-20 12:41:00, 281.78, 281.78, 281.78, 281.78, 247, 0.0
2021-05-20 12:46:00, 281.725, 281.725, 281.725, 281.725, 134, 0.0
2021-05-20 12:51:00, 281.61, 281.61, 281.61, 281.61, 200, 0.0
2021-05-20 12:56:00, 280.835, 280.85, 280.835, 280.85, 227, 0.0
2021-05-20 13:01:00, 280.995, 280.995, 280.93, 280.93, 270, 0.0
2021-05-20 13:03:00, 281.03, 281.03, 281.03, 281.03, 100, 0.0
2021-05-20 13:04:00, 280.915, 280.915, 280.915, 280.915, 100, 0.0
2021-05-20 13:05:00, 280.97, 280.97, 280.75, 280.75, 328, 0.0
2021-05-20 13:19:00, 280.77, 280.77, 280.76, 280.76, 278, 0.0
2021-05-20 13:20:00, 281.14, 281.15, 281.14, 281.15, 302, 0.0
2021-05-20 13:21:00, 281.34, 281.34, 281.33, 281.33, 306, 0.0
2021-05-20 13:24:00, 281.48, 281.48, 281.48, 281.48, 138, 0.0
2021-05-20 13:27:00, 281.34, 281.34, 281.34, 281.34, 122, 0.0
2021-05-20 13:29:00, 281.53, 281.53, 281.53, 281.53, 137, 0.0
2021-05-20 13:32:00, 281.47, 281.47, 281.47, 281.47, 300, 0.0
2021-05-20 13:33:00, 281.29, 281.29, 281.29, 281.29, 103, 0.0
2021-05-20 13:34:00, 281.485, 281.68, 281.475, 281.67, 759, 0.0
2021-05-20 13:38:00, 281.68, 281.68, 281.68, 281.68, 113, 0.0
2021-05-20 13:40:00, 281.67, 281.72, 281.67, 281.72, 200, 0.0
2021-05-20 13:41:00, 281.675, 281.675, 281.675, 281.675, 150, 0.0
2021-05-20 13:43:00, 281.6, 281.6, 281.6, 281.6, 134, 0.0
2021-05-20 13:44:00, 281.96, 281.96, 281.69, 281.69, 345, 0.0
2021-05-20 13:46:00, 281.75, 281.82, 281.725, 281.82, 300, 0.0
2021-05-20 13:47:00, 281.67, 281.67, 281.67, 281.67, 200, 0.0
2021-05-20 13:48:00, 281.8, 281.8, 281.8, 281.8, 201, 0.0
2021-05-20 13:49:00, 281.88, 281.88, 281.88, 281.88, 100, 0.0
2021-05-20 13:52:00, 281.87, 281.87, 281.87, 281.87, 133, 0.0
2021-05-20 13:53:00, 281.88, 281.88, 281.76, 281.76, 546, 0.0
2021-05-20 13:55:00, 281.85, 281.95, 281.85, 281.95, 251, 0.0
2021-05-20 13:56:00, 282.02, 282.02, 282.02, 282.02, 224, 0.0
2021-05-20 13:57:00, 282.03, 282.03, 282.03, 282.03, 201, 0.0
2021-05-20 13:59:00, 282.26, 282.26, 282.26, 282.26, 333, 0.0
2021-05-20 14:00:00, 282.21, 282.21, 282.16, 282.16, 300, 0.0
2021-05-20 14:01:00, 281.99, 282.05, 281.99, 282.05, 329, 0.0
2021-05-20 14:02:00, 282.1, 282.1, 282.1, 282.1, 204, 0.0
2021-05-20 14:03:00, 282.04, 282.04, 282.04, 282.04, 134, 0.0
2021-05-20 14:04:00, 281.95, 281.95, 281.95, 281.95, 100, 0.0
2021-05-20 14:05:00, 281.68, 281.68, 281.68, 281.68, 598, 0.0
2021-05-20 14:06:00, 281.55, 281.55, 281.55, 281.55, 107, 0.0
2021-05-20 14:07:00, 281.6, 281.6, 281.6, 281.6, 102, 0.0
2021-05-20 14:09:00, 281.66, 281.66, 281.66, 281.66, 100, 0.0
2021-05-20 14:10:00, 281.69, 281.69, 281.6, 281.6, 289, 0.0
2021-05-20 14:11:00, 281.66, 281.66, 281.66, 281.66, 260, 0.0
2021-05-20 14:13:00, 281.71, 281.71, 281.62, 281.62, 410, 0.0
2021-05-20 14:14:00, 281.76, 281.77, 281.76, 281.76, 360, 0.0
2021-05-20 14:15:00, 281.51, 281.51, 281.51, 281.51, 144, 0.0
2021-05-20 14:17:00, 281.665, 281.74, 281.655, 281.74, 500, 0.0
2021-05-20 14:18:00, 281.8, 281.8, 281.8, 281.8, 209, 0.0
2021-05-20 14:19:00, 281.69, 281.745, 281.69, 281.745, 302, 0.0
2021-05-20 14:20:00, 281.62, 281.78, 281.62, 281.78, 335, 0.0
2021-05-20 14:22:00, 281.715, 281.715, 281.715, 281.715, 460, 0.0
2021-05-20 14:23:00, 281.64, 281.64, 281.64, 281.64, 204, 0.0
2021-05-20 14:24:00, 282.07, 282.26, 282.07, 282.26, 283, 0.0
2021-05-20 14:26:00, 282.31, 282.31, 282.31, 282.31, 108, 0.0
2021-05-20 14:27:00, 282.535, 282.59, 282.535, 282.59, 267, 0.0
2021-05-20 14:28:00, 282.49, 282.49, 282.465, 282.465, 304, 0.0
2021-05-20 14:29:00, 282.695, 282.82, 282.695, 282.82, 405, 0.0
2021-05-20 14:30:00, 282.52, 282.52, 282.52, 282.52, 225, 0.0
2021-05-20 14:32:00, 282.695, 282.695, 282.695, 282.695, 100, 0.0
2021-05-20 14:33:00, 282.775, 282.83, 282.59, 282.59, 860, 0.0
2021-05-20 14:36:00, 282.31, 282.31, 282.29, 282.29, 452, 0.0
2021-05-20 14:37:00, 281.99, 282.11, 281.99, 282.11, 273, 0.0
2021-05-20 14:38:00, 281.8, 281.8, 281.8, 281.8, 127, 0.0
2021-05-20 14:39:00, 282.07, 282.07, 282.07, 282.07, 238, 0.0
2021-05-20 14:41:00, 281.69, 281.69, 281.58, 281.58, 205, 0.0
2021-05-20 14:42:00, 281.07, 281.2, 281.07, 281.19, 537, 0.0
2021-05-20 14:43:00, 281.165, 281.18, 281.165, 281.18, 600, 0.0
2021-05-20 14:44:00, 281.03, 281.19, 281.03, 281.19, 708, 0.0
2021-05-20 14:45:00, 281.4, 281.43, 281.4, 281.43, 332, 0.0
2021-05-20 14:46:00, 281.48, 281.48, 281.48, 281.48, 189, 0.0
2021-05-20 14:47:00, 281.61, 281.71, 281.61, 281.64, 718, 0.0
2021-05-20 14:48:00, 281.695, 281.79, 281.67, 281.67, 641, 0.0
2021-05-20 14:49:00, 281.47, 281.515, 281.345, 281.345, 750, 0.0
2021-05-20 14:50:00, 280.89, 281.08, 280.89, 281.03, 908, 0.0
2021-05-20 14:51:00, 281, 281.15, 281, 281.04, 651, 0.0
2021-05-20 14:52:00, 281.02, 281.195, 281.02, 281.11, 1317, 0.0
2021-05-20 14:53:00, 281.31, 281.36, 281.17, 281.265, 903, 0.0
2021-05-20 14:54:00, 281.23, 281.65, 281.23, 281.61, 1762, 0.0
2021-05-20 14:55:00, 281.715, 281.73, 281.44, 281.49, 1573, 0.0
2021-05-20 14:56:00, 281.49, 281.5, 281.39, 281.39, 1860, 0.0
2021-05-20 14:57:00, 281.29, 281.35, 281.29, 281.33, 1364, 0.0
2021-05-20 14:58:00, 281.21, 281.21, 281.14, 281.14, 527, 0.0
2021-05-20 14:59:00, 281.24, 281.24, 281.105, 281.105, 1201, 0.0
2021-05-21 08:30:00, 283.82, 283.86, 283.82, 283.86, 373, 0.0
2021-05-21 08:33:00, 284.38, 284.61, 284.38, 284.61, 216, 0.0
2021-05-21 08:34:00, 283.94, 283.94, 283.94, 283.94, 134, 0.0
2021-05-21 08:37:00, 283.08, 283.08, 283.08, 283.08, 126, 0.0
2021-05-21 08:39:00, 283.3, 283.37, 283.28, 283.37, 304, 0.0
2021-05-21 08:40:00, 283.37, 283.39, 283.36, 283.36, 357, 0.0
2021-05-21 08:41:00, 283.665, 283.665, 283.665, 283.665, 252, 0.0
2021-05-21 08:42:00, 283.47, 283.47, 283.47, 283.47, 116, 0.0
2021-05-21 08:44:00, 283.16, 283.16, 283.07, 283.07, 300, 0.0
2021-05-21 08:45:00, 282.62, 282.91, 282.47, 282.47, 664, 0.0
2021-05-21 08:46:00, 281.92, 281.92, 281.92, 281.92, 126, 0.0
2021-05-21 08:53:00, 282.56, 282.63, 282.56, 282.605, 426, 0.0
2021-05-21 08:54:00, 283.07, 283.07, 283.07, 283.07, 100, 0.0
2021-05-21 08:56:00, 282.6, 282.93, 282.6, 282.93, 317, 0.0
2021-05-21 08:59:00, 283.2, 283.445, 283.2, 283.35, 838, 0.0
2021-05-21 09:00:00, 283.66, 283.66, 283.66, 283.66, 424, 0.0
2021-05-21 09:01:00, 283.64, 283.75, 283.64, 283.75, 400, 0.0
2021-05-21 09:02:00, 283.675, 283.675, 283.515, 283.515, 322, 0.0
2021-05-21 09:03:00, 283.38, 283.38, 283.28, 283.28, 211, 0.0
2021-05-21 09:04:00, 283.26, 283.26, 283.26, 283.26, 211, 0.0
2021-05-21 09:05:00, 283.15, 283.18, 283.15, 283.18, 365, 0.0
2021-05-21 09:06:00, 283.14, 283.14, 283.14, 283.14, 166, 0.0
2021-05-21 09:08:00, 282.24, 282.24, 282.21, 282.21, 216, 0.0
2021-05-21 09:09:00, 281.975, 282.62, 281.975, 282.62, 354, 0.0
2021-05-21 09:13:00, 282.99, 282.99, 282.99, 282.99, 100, 0.0
2021-05-21 09:15:00, 282.69, 282.69, 282.245, 282.245, 300, 0.0
2021-05-21 09:17:00, 282.02, 282.02, 282.02, 282.02, 100, 0.0
2021-05-21 09:18:00, 281.8, 281.8, 281.455, 281.455, 350, 0.0
2021-05-21 09:21:00, 281.345, 281.345, 281.345, 281.345, 105, 0.0
2021-05-21 09:22:00, 281.395, 281.86, 281.345, 281.86, 707, 0.0
2021-05-21 09:25:00, 281.7, 281.7, 281.7, 281.7, 101, 0.0
2021-05-21 09:26:00, 281.26, 281.26, 281.26, 281.26, 110, 0.0
2021-05-21 09:27:00, 281.62, 281.62, 281.62, 281.62, 202, 0.0
2021-05-21 09:29:00, 281.59, 281.59, 281.525, 281.525, 219, 0.0
2021-05-21 09:30:00, 281.36, 281.36, 281.35, 281.35, 236, 0.0
2021-05-21 09:31:00, 281.5, 281.5, 281.5, 281.5, 197, 0.0
2021-05-21 09:32:00, 281.94, 282.2, 281.94, 282.2, 603, 0.0
2021-05-21 09:33:00, 282.2, 282.2, 282.015, 282.04, 836, 0.0
2021-05-21 09:34:00, 282.07, 282.07, 282.03, 282.03, 902, 0.0
2021-05-21 09:35:00, 282.01, 282.065, 282, 282.065, 372, 0.0
2021-05-21 09:36:00, 281.68, 281.68, 281.68, 281.68, 265, 0.0
2021-05-21 09:38:00, 280.63, 280.63, 280.63, 280.63, 212, 0.0
2021-05-21 09:40:00, 281.095, 281.095, 281.095, 281.095, 445, 0.0
2021-05-21 09:45:00, 281.12, 281.12, 280.84, 280.84, 701, 0.0
2021-05-21 09:51:00, 281.25, 281.25, 281.25, 281.25, 411, 0.0
2021-05-21 09:52:00, 280.975, 280.975, 280.86, 280.86, 201, 0.0
2021-05-21 09:55:00, 281.07, 281.08, 281.07, 281.08, 701, 0.0
2021-05-21 09:56:00, 281.05, 281.05, 281.05, 281.05, 142, 0.0
2021-05-21 09:59:00, 281.62, 281.62, 281.62, 281.62, 630, 0.0
2021-05-21 10:00:00, 281.93, 281.935, 281.93, 281.935, 272, 0.0
2021-05-21 10:01:00, 281.75, 281.815, 281.75, 281.815, 259, 0.0
2021-05-21 10:02:00, 281.665, 281.665, 281.665, 281.665, 724, 0.0
2021-05-21 10:04:00, 281.28, 281.28, 281.105, 281.105, 598, 0.0
2021-05-21 10:06:00, 281.175, 281.175, 281.175, 281.175, 607, 0.0
2021-05-21 10:07:00, 281.21, 281.345, 281.21, 281.345, 271, 0.0
2021-05-21 10:08:00, 281.43, 281.43, 281.43, 281.43, 115, 0.0
2021-05-21 10:10:00, 281.8, 281.8, 281.8, 281.8, 634, 0.0
2021-05-21 10:11:00, 281.84, 281.84, 281.84, 281.84, 115, 0.0
2021-05-21 10:12:00, 281.92, 281.92, 281.92, 281.92, 100, 0.0
2021-05-21 10:14:00, 281.99, 281.99, 281.99, 281.99, 107, 0.0
2021-05-21 10:15:00, 281.87, 281.87, 281.815, 281.815, 1263, 0.0
2021-05-21 10:16:00, 281.665, 281.665, 281.18, 281.18, 2200, 0.0
2021-05-21 10:17:00, 281.505, 281.505, 281.02, 281.02, 1819, 0.0
2021-05-21 10:18:00, 281.17, 281.17, 281.17, 281.17, 168, 0.0
2021-05-21 10:19:00, 281.04, 281.04, 281.03, 281.03, 701, 0.0
2021-05-21 10:20:00, 281.03, 281.13, 281, 281.13, 2787, 0.0
2021-05-21 10:24:00, 281.47, 281.47, 281.215, 281.215, 1031, 0.0
2021-05-21 10:25:00, 281.4, 281.4, 281.4, 281.4, 506, 0.0
2021-05-21 10:28:00, 280.24, 280.24, 280.24, 280.24, 218, 0.0
2021-05-21 10:29:00, 280.35, 280.35, 280.18, 280.18, 508, 0.0
2021-05-21 10:32:00, 280.685, 280.74, 280.685, 280.74, 233, 0.0
2021-05-21 10:34:00, 280.9, 280.9, 280.89, 280.89, 200, 0.0
2021-05-21 10:40:00, 280.585, 280.585, 280.585, 280.585, 208, 0.0
2021-05-21 10:41:00, 280.45, 280.45, 280.45, 280.45, 263, 0.0
2021-05-21 10:44:00, 280.495, 280.495, 280.495, 280.495, 133, 0.0
2021-05-21 10:47:00, 280.5, 280.5, 280.5, 280.5, 107, 0.0
2021-05-21 10:49:00, 280.45, 280.45, 280.45, 280.45, 101, 0.0
2021-05-21 10:54:00, 280.425, 280.425, 280.36, 280.36, 392, 0.0
2021-05-21 10:57:00, 279.59, 279.59, 279.59, 279.59, 100, 0.0
2021-05-21 10:59:00, 279.64, 279.64, 279.64, 279.64, 200, 0.0
2021-05-21 11:01:00, 279.745, 279.745, 279.63, 279.66, 328, 0.0
2021-05-21 11:03:00, 279.89, 280.03, 279.89, 280.03, 246, 0.0
2021-05-21 11:05:00, 280.04, 280.04, 279.94, 279.94, 222, 0.0
2021-05-21 11:08:00, 279.74, 279.74, 279.65, 279.65, 266, 0.0
2021-05-21 11:13:00, 279.35, 279.35, 279.35, 279.35, 210, 0.0
2021-05-21 11:14:00, 279.49, 279.49, 279.49, 279.49, 108, 0.0
2021-05-21 11:15:00, 279.77, 279.77, 279.77, 279.77, 117, 0.0
2021-05-21 11:17:00, 279.86, 279.86, 279.86, 279.86, 215, 0.0
2021-05-21 11:19:00, 279.99, 279.99, 279.99, 279.99, 102, 0.0
2021-05-21 11:20:00, 279.87, 279.87, 279.87, 279.87, 108, 0.0
2021-05-21 11:27:00, 279.98, 279.98, 279.98, 279.98, 223, 0.0
2021-05-21 11:33:00, 280.72, 280.72, 280.72, 280.72, 141, 0.0
2021-05-21 11:35:00, 280.72, 280.72, 280.72, 280.72, 133, 0.0
2021-05-21 11:42:00, 280.94, 280.94, 280.94, 280.94, 112, 0.0
2021-05-21 11:44:00, 280.83, 280.83, 280.83, 280.83, 100, 0.0
2021-05-21 11:46:00, 280.42, 280.42, 280.42, 280.42, 100, 0.0
2021-05-21 11:53:00, 279.96, 279.98, 279.96, 279.98, 394, 0.0
2021-05-21 11:54:00, 279.96, 279.975, 279.96, 279.975, 216, 0.0
2021-05-21 11:55:00, 279.92, 279.92, 279.92, 279.92, 101, 0.0
2021-05-21 11:59:00, 280.53, 280.62, 280.53, 280.62, 535, 0.0
2021-05-21 12:01:00, 280.65, 280.65, 280.65, 280.65, 100, 0.0
2021-05-21 12:04:00, 280.57, 280.57, 280.57, 280.57, 239, 0.0
2021-05-21 12:05:00, 280.595, 280.595, 280.595, 280.595, 107, 0.0
2021-05-21 12:07:00, 280.75, 280.75, 280.75, 280.75, 133, 0.0
2021-05-21 12:08:00, 280.75, 280.97, 280.73, 280.97, 630, 0.0
2021-05-21 12:09:00, 280.905, 281.01, 280.905, 281.01, 237, 0.0
2021-05-21 12:12:00, 280.77, 280.77, 280.77, 280.77, 134, 0.0
2021-05-21 12:16:00, 280.26, 280.27, 280.26, 280.265, 404, 0.0
2021-05-21 12:18:00, 280.185, 280.42, 280.185, 280.42, 1003, 0.0
2021-05-21 12:19:00, 280.45, 280.75, 280.45, 280.75, 485, 0.0
2021-05-21 12:20:00, 281.09, 281.12, 281.09, 281.12, 238, 0.0
2021-05-21 12:22:00, 281.58, 281.6, 281.58, 281.6, 549, 0.0
2021-05-21 12:23:00, 281.62, 281.65, 281.6, 281.65, 627, 0.0
2021-05-21 12:24:00, 281.47, 281.47, 281.47, 281.47, 192, 0.0
2021-05-21 12:25:00, 281.065, 281.065, 281.065, 281.065, 100, 0.0
2021-05-21 12:33:00, 281.36, 281.4, 281.36, 281.4, 334, 0.0
2021-05-21 12:35:00, 281.54, 281.54, 281.54, 281.54, 106, 0.0
2021-05-21 12:36:00, 281.57, 281.69, 281.57, 281.69, 664, 0.0
2021-05-21 12:37:00, 281.83, 281.83, 281.83, 281.83, 116, 0.0
2021-05-21 12:38:00, 281.65, 281.65, 281.65, 281.65, 121, 0.0
2021-05-21 12:40:00, 281.68, 281.68, 281.64, 281.64, 232, 0.0
2021-05-21 12:41:00, 281.72, 282.03, 281.72, 282.03, 846, 0.0
2021-05-21 12:44:00, 282.33, 282.33, 282.33, 282.33, 346, 0.0
2021-05-21 12:45:00, 282.2, 282.2, 282.19, 282.19, 200, 0.0
2021-05-21 12:46:00, 282.08, 282.08, 282.08, 282.08, 133, 0.0
2021-05-21 12:47:00, 282.09, 282.09, 282.065, 282.065, 210, 0.0
2021-05-21 12:48:00, 281.99, 282.02, 281.99, 282.02, 433, 0.0
2021-05-21 12:49:00, 282.04, 282.1, 282.035, 282.1, 501, 0.0
2021-05-21 12:50:00, 282.09, 282.09, 282.09, 282.09, 227, 0.0
2021-05-21 12:51:00, 282.19, 282.2, 282.19, 282.19, 422, 0.0
2021-05-21 12:52:00, 282.185, 282.185, 282.07, 282.11, 597, 0.0
2021-05-21 12:53:00, 282.14, 282.14, 282.14, 282.14, 101, 0.0
2021-05-21 12:58:00, 281.87, 281.87, 281.87, 281.87, 120, 0.0
2021-05-21 12:59:00, 281.88, 281.88, 281.88, 281.88, 117, 0.0
2021-05-21 13:00:00, 281.96, 282.01, 281.96, 282.01, 383, 0.0
2021-05-21 13:01:00, 282.24, 282.36, 282.24, 282.36, 809, 0.0
2021-05-21 13:02:00, 282.285, 282.29, 282.275, 282.275, 483, 0.0
2021-05-21 13:03:00, 282.29, 282.29, 282.27, 282.275, 373, 0.0
2021-05-21 13:04:00, 282.23, 282.25, 282.09, 282.205, 1665, 0.0
2021-05-21 13:05:00, 282.3, 282.31, 282.2, 282.2, 501, 0.0
2021-05-21 13:06:00, 282.25, 282.3, 282.25, 282.3, 720, 0.0
2021-05-21 13:09:00, 282.29, 282.38, 282.29, 282.38, 715, 0.0
2021-05-21 13:16:00, 282.35, 282.43, 282.35, 282.43, 849, 0.0
2021-05-21 13:18:00, 282.46, 282.495, 282.38, 282.38, 625, 0.0
2021-05-21 13:22:00, 282.33, 282.33, 282.33, 282.33, 110, 0.0
2021-05-21 13:23:00, 282.38, 282.38, 282.38, 282.38, 486, 0.0
2021-05-21 13:29:00, 281.29, 281.42, 281.29, 281.42, 854, 0.0
2021-05-21 13:30:00, 281.76, 281.76, 281.76, 281.76, 110, 0.0
2021-05-21 13:31:00, 281.77, 281.81, 281.77, 281.81, 205, 0.0
2021-05-21 13:33:00, 282.1, 282.11, 282.04, 282.04, 423, 0.0
2021-05-21 13:34:00, 282.1, 282.1, 282.05, 282.085, 704, 0.0
2021-05-21 13:35:00, 282.1, 282.1, 281.9, 281.9, 605, 0.0
2021-05-21 13:36:00, 281.89, 281.92, 281.84, 281.92, 1797, 0.0
2021-05-21 13:37:00, 281.93, 282.01, 281.93, 282.01, 397, 0.0
2021-05-21 13:38:00, 282.01, 282.11, 281.94, 282.08, 1096, 0.0
2021-05-21 13:39:00, 281.94, 282.035, 281.94, 282.035, 999, 0.0
2021-05-21 13:40:00, 282.05, 282.05, 282.05, 282.05, 107, 0.0
2021-05-21 13:41:00, 281.95, 281.96, 281.91, 281.96, 402, 0.0
2021-05-21 13:42:00, 281.98, 281.98, 281.945, 281.945, 404, 0.0
2021-05-21 13:43:00, 281.96, 282.07, 281.925, 282.07, 579, 0.0
2021-05-21 13:44:00, 281.96, 281.96, 281.94, 281.94, 611, 0.0
2021-05-21 13:45:00, 281.88, 281.88, 281.72, 281.755, 520, 0.0
2021-05-21 13:46:00, 281.81, 281.83, 281.81, 281.83, 407, 0.0
2021-05-21 13:47:00, 281.835, 281.95, 281.835, 281.95, 1145, 0.0
2021-05-21 13:53:00, 281.955, 281.955, 281.89, 281.89, 339, 0.0
2021-05-21 13:54:00, 281.78, 281.78, 281.78, 281.78, 122, 0.0
2021-05-21 13:55:00, 281.52, 281.52, 281.51, 281.51, 300, 0.0
2021-05-21 13:56:00, 281.52, 281.57, 281.515, 281.57, 639, 0.0
2021-05-21 13:58:00, 281.28, 281.28, 281.28, 281.28, 195, 0.0
2021-05-21 13:59:00, 281.33, 281.375, 281.33, 281.375, 236, 0.0
2021-05-21 14:04:00, 281.38, 281.38, 281.38, 281.38, 127, 0.0
2021-05-21 14:05:00, 281.53, 281.53, 281.53, 281.53, 109, 0.0
2021-05-21 14:09:00, 281.47, 281.47, 281.47, 281.47, 105, 0.0
2021-05-21 14:10:00, 281.55, 281.73, 281.55, 281.73, 337, 0.0
2021-05-21 14:12:00, 282.29, 282.39, 282.29, 282.39, 542, 0.0
2021-05-21 14:13:00, 282.25, 282.25, 282.25, 282.25, 248, 0.0
2021-05-21 14:14:00, 282.33, 282.33, 282.33, 282.33, 262, 0.0
2021-05-21 14:15:00, 282.505, 282.505, 282.505, 282.505, 194, 0.0
2021-05-21 14:16:00, 282.53, 282.53, 282.53, 282.53, 224, 0.0
2021-05-21 14:17:00, 282.46, 282.46, 282.3, 282.3, 511, 0.0
2021-05-21 14:18:00, 282.25, 282.25, 282.25, 282.25, 104, 0.0
2021-05-21 14:19:00, 282.16, 282.16, 282.16, 282.16, 107, 0.0
2021-05-21 14:20:00, 282.17, 282.17, 282.17, 282.17, 112, 0.0
2021-05-21 14:24:00, 282.28, 282.28, 282.28, 282.28, 103, 0.0
2021-05-21 14:25:00, 282.09, 282.09, 282.05, 282.05, 207, 0.0
2021-05-21 14:27:00, 282.29, 282.29, 282.29, 282.29, 102, 0.0
2021-05-21 14:32:00, 282.01, 282.01, 281.975, 281.975, 201, 0.0
2021-05-21 14:37:00, 282.15, 282.16, 282.15, 282.16, 333, 0.0
2021-05-21 14:38:00, 282.23, 282.24, 282.19, 282.22, 701, 0.0
2021-05-21 14:39:00, 282.28, 282.38, 282.28, 282.37, 533, 0.0
2021-05-21 14:40:00, 282.37, 282.37, 282.37, 282.37, 120, 0.0
2021-05-21 14:41:00, 282.5, 282.52, 282.47, 282.47, 401, 0.0
2021-05-21 14:42:00, 282.465, 282.465, 282.465, 282.465, 185, 0.0
2021-05-21 14:46:00, 281.94, 281.95, 281.94, 281.95, 492, 0.0
2021-05-21 14:49:00, 282.1, 282.17, 282.045, 282.17, 780, 0.0
2021-05-21 14:50:00, 282.21, 282.21, 282.05, 282.16, 1138, 0.0
2021-05-21 14:51:00, 282.2, 282.2, 282.2, 282.2, 180, 0.0
2021-05-21 14:52:00, 282.25, 282.25, 282.25, 282.25, 349, 0.0
2021-05-21 14:53:00, 282.295, 282.295, 282.295, 282.295, 201, 0.0
2021-05-21 14:54:00, 282.13, 282.13, 281.9, 281.9, 794, 0.0
2021-05-21 14:55:00, 281.65, 281.65, 281.65, 281.65, 396, 0.0
2021-05-21 14:56:00, 281.57, 281.57, 281.51, 281.51, 713, 0.0
2021-05-21 14:57:00, 281.39, 281.55, 281.39, 281.55, 597, 0.0
2021-05-21 14:58:00, 281.63, 281.73, 281.55, 281.58, 953, 0.0
2021-05-21 14:59:00, 281.7, 281.7, 281.46, 281.46, 1042, 0.0
2021-05-24 08:30:00, 284.165, 284.165, 284.165, 284.165, 150, 0.0
2021-05-24 08:31:00, 284.43, 284.43, 284.43, 284.43, 315, 0.0
2021-05-24 08:35:00, 284.785, 284.785, 284.785, 284.785, 100, 0.0
2021-05-24 08:39:00, 285.28, 285.28, 285.28, 285.28, 104, 0.0
2021-05-24 08:40:00, 285.445, 285.68, 285.445, 285.68, 321, 0.0
2021-05-24 08:44:00, 285.31, 285.42, 285.14, 285.15, 897, 0.0
2021-05-24 08:45:00, 285.5, 285.5, 285.5, 285.5, 184, 0.0
2021-05-24 08:48:00, 285.8, 285.99, 285.8, 285.99, 509, 0.0
2021-05-24 08:49:00, 285.76, 285.92, 285.76, 285.92, 209, 0.0
2021-05-24 08:52:00, 286.26, 286.32, 286.26, 286.32, 399, 0.0
2021-05-24 08:56:00, 285.51, 285.51, 285.51, 285.51, 180, 0.0
2021-05-24 08:57:00, 285.375, 285.375, 285.375, 285.375, 310, 0.0
2021-05-24 09:02:00, 286.275, 286.48, 286.275, 286.465, 606, 0.0
2021-05-24 09:03:00, 285.98, 285.98, 285.98, 285.98, 121, 0.0
2021-05-24 09:04:00, 285.56, 285.56, 285.56, 285.56, 112, 0.0
2021-05-24 09:05:00, 285.76, 286.03, 285.76, 286.03, 383, 0.0
2021-05-24 09:12:00, 286.45, 286.455, 286.45, 286.455, 800, 0.0
2021-05-24 09:15:00, 286.5, 286.63, 286.44, 286.63, 1187, 0.0
2021-05-24 09:16:00, 286.86, 286.955, 286.86, 286.955, 309, 0.0
2021-05-24 09:19:00, 286.54, 286.675, 286.37, 286.485, 738, 0.0
2021-05-24 09:21:00, 286.58, 286.64, 286.58, 286.64, 388, 0.0
2021-05-24 09:22:00, 286.54, 286.54, 286.54, 286.54, 115, 0.0
2021-05-24 09:23:00, 286.395, 286.43, 286.395, 286.43, 300, 0.0
2021-05-24 09:28:00, 286.44, 286.44, 286.44, 286.44, 187, 0.0
2021-05-24 09:30:00, 286.43, 286.53, 286.33, 286.33, 423, 0.0
2021-05-24 09:31:00, 286.4, 286.4, 286.4, 286.4, 470, 0.0
2021-05-24 09:33:00, 286.58, 286.58, 286.58, 286.58, 246, 0.0
2021-05-24 09:36:00, 286.77, 286.77, 286.72, 286.72, 360, 0.0
2021-05-24 09:37:00, 286.96, 286.96, 286.9, 286.9, 646, 0.0
2021-05-24 09:38:00, 286.89, 286.89, 286.89, 286.89, 103, 0.0
2021-05-24 09:39:00, 286.83, 286.83, 286.76, 286.76, 220, 0.0
2021-05-24 09:40:00, 286.92, 286.99, 286.92, 286.99, 239, 0.0
2021-05-24 09:41:00, 286.79, 286.79, 286.76, 286.76, 332, 0.0
2021-05-24 09:43:00, 286.77, 286.77, 286.62, 286.62, 260, 0.0
2021-05-24 09:46:00, 286.79, 287.02, 286.79, 286.88, 782, 0.0
2021-05-24 09:51:00, 286.77, 286.77, 286.77, 286.77, 121, 0.0
2021-05-24 09:53:00, 286.86, 286.86, 286.86, 286.86, 114, 0.0
2021-05-24 09:54:00, 287.13, 287.13, 287.13, 287.13, 271, 0.0
2021-05-24 10:00:00, 286.995, 286.995, 286.995, 286.995, 293, 0.0
2021-05-24 10:01:00, 287.09, 287.09, 287.09, 287.09, 104, 0.0
2021-05-24 10:06:00, 287.36, 287.36, 287.36, 287.36, 107, 0.0
2021-05-24 10:08:00, 287.24, 287.24, 287.24, 287.24, 168, 0.0
2021-05-24 10:10:00, 286.9, 286.92, 286.81, 286.81, 633, 0.0
2021-05-24 10:21:00, 287.08, 287.08, 287.08, 287.08, 148, 0.0
2021-05-24 10:25:00, 287.04, 287.04, 287.04, 287.04, 113, 0.0
2021-05-24 10:42:00, 286.53, 286.53, 286.53, 286.53, 227, 0.0
2021-05-24 10:44:00, 286.57, 286.57, 286.49, 286.5, 356, 0.0
2021-05-24 10:46:00, 286.79, 286.79, 286.78, 286.78, 200, 0.0
2021-05-24 10:50:00, 286.97, 286.97, 286.97, 286.97, 157, 0.0
2021-05-24 10:53:00, 286.63, 286.63, 286.63, 286.63, 264, 0.0
2021-05-24 10:56:00, 286.79, 286.79, 286.79, 286.79, 100, 0.0
2021-05-24 10:59:00, 286.54, 286.54, 286.54, 286.54, 146, 0.0
2021-05-24 11:07:00, 286.725, 286.725, 286.725, 286.725, 100, 0.0
2021-05-24 11:09:00, 286.45, 286.45, 286.45, 286.45, 211, 0.0
2021-05-24 11:10:00, 286.22, 286.23, 286.17, 286.17, 358, 0.0
2021-05-24 11:17:00, 286.14, 286.16, 286.14, 286.16, 200, 0.0
2021-05-24 11:20:00, 285.93, 285.93, 285.8, 285.8, 292, 0.0
2021-05-24 11:22:00, 285.9, 285.92, 285.9, 285.92, 312, 0.0
2021-05-24 11:29:00, 285.565, 285.565, 285.565, 285.565, 101, 0.0
2021-05-24 11:30:00, 285.73, 285.73, 285.73, 285.73, 235, 0.0
2021-05-24 11:32:00, 286.04, 286.04, 286.04, 286.04, 286, 0.0
2021-05-24 11:34:00, 286.01, 286.01, 286.01, 286.01, 153, 0.0
2021-05-24 11:35:00, 285.88, 285.88, 285.88, 285.88, 112, 0.0
2021-05-24 11:41:00, 285.47, 285.47, 285.47, 285.47, 110, 0.0
2021-05-24 11:43:00, 285.48, 285.48, 285.38, 285.38, 316, 0.0
2021-05-24 11:44:00, 285.465, 285.465, 285.465, 285.465, 100, 0.0
2021-05-24 11:45:00, 285.67, 285.67, 285.67, 285.67, 118, 0.0
2021-05-24 11:48:00, 286.03, 286.06, 285.98, 286.06, 713, 0.0
2021-05-24 11:49:00, 285.95, 285.97, 285.95, 285.97, 466, 0.0
2021-05-24 11:52:00, 286.075, 286.075, 286.075, 286.075, 870, 0.0
2021-05-24 11:54:00, 286.03, 286.03, 285.85, 285.85, 321, 0.0
2021-05-24 11:55:00, 285.89, 285.89, 285.72, 285.72, 236, 0.0
2021-05-24 12:00:00, 286.23, 286.23, 286.23, 286.23, 120, 0.0
2021-05-24 12:08:00, 286.35, 286.35, 286.22, 286.22, 1002, 0.0
2021-05-24 12:15:00, 286.04, 286.04, 286.04, 286.04, 152, 0.0
2021-05-24 12:16:00, 286.07, 286.07, 286.07, 286.07, 107, 0.0
2021-05-24 12:17:00, 286.24, 286.24, 286.24, 286.24, 101, 0.0
2021-05-24 12:18:00, 286.3, 286.3, 286.3, 286.3, 133, 0.0
2021-05-24 12:20:00, 286.27, 286.27, 286.27, 286.27, 131, 0.0
2021-05-24 12:23:00, 286.45, 286.535, 286.45, 286.535, 569, 0.0
2021-05-24 12:24:00, 286.535, 286.535, 286.38, 286.38, 401, 0.0
2021-05-24 12:25:00, 286.26, 286.26, 286.26, 286.26, 110, 0.0
2021-05-24 12:26:00, 286.06, 286.06, 286.06, 286.06, 290, 0.0
2021-05-24 12:27:00, 286.24, 286.3, 286.24, 286.3, 205, 0.0
2021-05-24 12:28:00, 286.255, 286.255, 286.255, 286.255, 400, 0.0
2021-05-24 12:29:00, 286.33, 286.33, 286.33, 286.33, 100, 0.0
2021-05-24 12:31:00, 286.71, 286.71, 286.71, 286.71, 100, 0.0
2021-05-24 12:34:00, 286.96, 286.96, 286.92, 286.92, 402, 0.0
2021-05-24 12:35:00, 286.88, 286.98, 286.88, 286.98, 200, 0.0
2021-05-24 12:38:00, 287, 287, 286.91, 286.91, 557, 0.0
2021-05-24 12:39:00, 286.84, 286.84, 286.84, 286.84, 128, 0.0
2021-05-24 12:43:00, 287.12, 287.12, 287.12, 287.12, 164, 0.0
2021-05-24 12:44:00, 287.09, 287.09, 287.07, 287.07, 273, 0.0
2021-05-24 12:45:00, 287.01, 287.02, 286.93, 286.98, 1007, 0.0
2021-05-24 12:46:00, 287.035, 287.035, 286.99, 287.01, 577, 0.0
2021-05-24 12:47:00, 286.8, 286.8, 286.8, 286.8, 267, 0.0
2021-05-24 12:49:00, 286.92, 286.95, 286.92, 286.95, 245, 0.0
2021-05-24 12:50:00, 287.18, 287.18, 287.18, 287.18, 214, 0.0
2021-05-24 12:54:00, 287.07, 287.12, 287.06, 287.12, 409, 0.0
2021-05-24 12:58:00, 287.03, 287.03, 287.03, 287.03, 136, 0.0
2021-05-24 13:02:00, 286.97, 286.97, 286.97, 286.97, 129, 0.0
2021-05-24 13:03:00, 287.07, 287.07, 287.07, 287.07, 131, 0.0
2021-05-24 13:05:00, 287.12, 287.12, 287.12, 287.12, 213, 0.0
2021-05-24 13:08:00, 286.96, 286.96, 286.96, 286.96, 255, 0.0
2021-05-24 13:10:00, 287.08, 287.08, 287.08, 287.08, 305, 0.0
2021-05-24 13:11:00, 287.05, 287.05, 287.05, 287.05, 226, 0.0
2021-05-24 13:13:00, 287.03, 287.085, 287.015, 287.085, 934, 0.0
2021-05-24 13:14:00, 287.035, 287.125, 287.01, 287.01, 1440, 0.0
2021-05-24 13:17:00, 287.14, 287.17, 287.14, 287.17, 200, 0.0
2021-05-24 13:18:00, 287.185, 287.185, 286.95, 286.95, 502, 0.0
2021-05-24 13:23:00, 287.09, 287.09, 287.09, 287.09, 180, 0.0
2021-05-24 13:25:00, 287.23, 287.23, 287.23, 287.23, 297, 0.0
2021-05-24 13:27:00, 287.15, 287.15, 287.15, 287.15, 310, 0.0
2021-05-24 13:28:00, 287.125, 287.125, 287.125, 287.125, 100, 0.0
2021-05-24 13:29:00, 287.09, 287.09, 287.09, 287.09, 300, 0.0
2021-05-24 13:31:00, 287.29, 287.29, 287.255, 287.255, 221, 0.0
2021-05-24 13:45:00, 287.495, 287.495, 287.495, 287.495, 352, 0.0
2021-05-24 13:46:00, 287.29, 287.29, 287.27, 287.27, 1134, 0.0
2021-05-24 13:47:00, 287.28, 287.28, 287.28, 287.28, 102, 0.0
2021-05-24 13:49:00, 287.28, 287.32, 287.26, 287.26, 503, 0.0
2021-05-24 13:50:00, 287.27, 287.27, 287.27, 287.27, 134, 0.0
2021-05-24 13:53:00, 287.52, 287.52, 287.52, 287.52, 104, 0.0
2021-05-24 13:54:00, 287.53, 287.53, 287.53, 287.53, 223, 0.0
2021-05-24 13:55:00, 287.495, 287.57, 287.495, 287.57, 275, 0.0
2021-05-24 13:56:00, 287.56, 287.56, 287.55, 287.55, 203, 0.0
2021-05-24 13:58:00, 287.5, 287.5, 287.5, 287.5, 100, 0.0
2021-05-24 13:59:00, 287.46, 287.46, 287.38, 287.38, 234, 0.0
2021-05-24 14:00:00, 287.28, 287.34, 287.28, 287.34, 393, 0.0
2021-05-24 14:01:00, 287.51, 287.55, 287.51, 287.55, 291, 0.0
2021-05-24 14:03:00, 287.55, 287.65, 287.55, 287.61, 505, 0.0
2021-05-24 14:04:00, 287.53, 287.53, 287.42, 287.42, 201, 0.0
2021-05-24 14:05:00, 287.3, 287.38, 287.25, 287.38, 410, 0.0
2021-05-24 14:06:00, 287.53, 287.53, 287.53, 287.53, 111, 0.0
2021-05-24 14:08:00, 287.38, 287.38, 287.38, 287.38, 400, 0.0
2021-05-24 14:09:00, 287.42, 287.42, 287.42, 287.42, 413, 0.0
2021-05-24 14:10:00, 287.555, 287.85, 287.54, 287.805, 1329, 0.0
2021-05-24 14:11:00, 287.72, 287.83, 287.72, 287.83, 935, 0.0
2021-05-24 14:12:00, 287.825, 287.955, 287.825, 287.94, 986, 0.0
2021-05-24 14:13:00, 287.94, 287.94, 287.805, 287.805, 2313, 0.0
2021-05-24 14:14:00, 287.59, 287.77, 287.58, 287.73, 1672, 0.0
2021-05-24 14:15:00, 287.865, 287.865, 287.82, 287.835, 1470, 0.0
2021-05-24 14:16:00, 287.835, 287.835, 287.55, 287.55, 1975, 0.0
2021-05-24 14:20:00, 287.445, 287.445, 287.445, 287.445, 108, 0.0
2021-05-24 14:21:00, 287.54, 287.54, 287.54, 287.54, 148, 0.0
2021-05-24 14:22:00, 287.49, 287.49, 287.49, 287.49, 105, 0.0
2021-05-24 14:24:00, 287.47, 287.515, 287.47, 287.515, 305, 0.0
2021-05-24 14:27:00, 287.45, 287.45, 287.45, 287.45, 155, 0.0
2021-05-24 14:28:00, 287.53, 287.53, 287.515, 287.515, 229, 0.0
2021-05-24 14:29:00, 287.32, 287.32, 287.32, 287.32, 184, 0.0
2021-05-24 14:30:00, 287.31, 287.31, 287.31, 287.31, 135, 0.0
2021-05-24 14:31:00, 287.21, 287.21, 287.21, 287.21, 143, 0.0
2021-05-24 14:32:00, 287.26, 287.265, 287.25, 287.265, 398, 0.0
2021-05-24 14:33:00, 287.32, 287.32, 287.32, 287.32, 101, 0.0
2021-05-24 14:34:00, 287.265, 287.265, 287.265, 287.265, 106, 0.0
2021-05-24 14:35:00, 287.33, 287.42, 287.33, 287.42, 329, 0.0
2021-05-24 14:37:00, 287.355, 287.355, 287.355, 287.355, 139, 0.0
2021-05-24 14:39:00, 287.78, 287.78, 287.76, 287.76, 448, 0.0
2021-05-24 14:40:00, 287.92, 288.28, 287.92, 288.28, 352, 0.0
2021-05-24 14:41:00, 288.36, 288.4, 288.355, 288.355, 546, 0.0
2021-05-24 14:42:00, 288.38, 288.515, 287.99, 287.99, 694, 0.0
2021-05-24 14:43:00, 288.03, 288.03, 288.03, 288.03, 136, 0.0
2021-05-24 14:44:00, 287.99, 287.99, 287.99, 287.99, 182, 0.0
2021-05-24 14:45:00, 287.9, 287.9, 287.89, 287.9, 319, 0.0
2021-05-24 14:46:00, 288.06, 288.155, 288.06, 288.155, 324, 0.0
2021-05-24 14:48:00, 288.14, 288.23, 288.14, 288.165, 335, 0.0
2021-05-24 14:49:00, 288.12, 288.135, 287.99, 288.135, 496, 0.0
2021-05-24 14:50:00, 288.22, 288.24, 288.1, 288.16, 558, 0.0
2021-05-24 14:51:00, 288.34, 288.34, 288.22, 288.22, 323, 0.0
2021-05-24 14:52:00, 288.125, 288.14, 288.11, 288.11, 476, 0.0
2021-05-24 14:53:00, 288.17, 288.17, 288.03, 288.03, 245, 0.0
2021-05-24 14:54:00, 288.03, 288.07, 288.01, 288.01, 545, 0.0
2021-05-24 14:55:00, 288.05, 288.06, 287.79, 287.79, 1097, 0.0
2021-05-24 14:56:00, 287.9, 287.9, 287.81, 287.855, 533, 0.0
2021-05-24 14:57:00, 287.66, 287.66, 287.56, 287.56, 336, 0.0
2021-05-24 14:58:00, 287.58, 287.6, 287.48, 287.49, 1591, 0.0
2021-05-24 14:59:00, 287.49, 287.62, 287.46, 287.59, 821, 0.0
2021-05-25 08:34:00, 289.16, 289.16, 289.16, 289.16, 100, 0.0
2021-05-25 08:35:00, 288.63, 288.63, 288.63, 288.63, 203, 0.0
2021-05-25 08:40:00, 289.395, 289.395, 289.395, 289.395, 210, 0.0
2021-05-25 08:43:00, 289.15, 289.15, 289.15, 289.15, 216, 0.0
2021-05-25 08:46:00, 289.52, 290, 289.52, 290, 648, 0.0
2021-05-25 08:53:00, 288.93, 288.93, 288.93, 288.93, 100, 0.0
2021-05-25 08:58:00, 289.21, 289.21, 289.21, 289.21, 133, 0.0
2021-05-25 09:00:00, 289.31, 289.31, 289.31, 289.31, 100, 0.0
2021-05-25 09:01:00, 289.43, 289.43, 289.43, 289.43, 270, 0.0
2021-05-25 09:04:00, 289.33, 289.33, 289.33, 289.33, 100, 0.0
2021-05-25 09:05:00, 289.64, 289.64, 289.64, 289.64, 100, 0.0
2021-05-25 09:06:00, 289.68, 289.68, 289.68, 289.68, 138, 0.0
2021-05-25 09:08:00, 290.135, 290.21, 290.085, 290.085, 1362, 0.0
2021-05-25 09:09:00, 290.06, 290.185, 289.98, 289.985, 943, 0.0
2021-05-25 09:11:00, 290.28, 290.28, 290.28, 290.28, 200, 0.0
2021-05-25 09:12:00, 290.39, 290.39, 290.39, 290.39, 138, 0.0
2021-05-25 09:13:00, 290.665, 290.665, 290.13, 290.13, 691, 0.0
2021-05-25 09:14:00, 290.11, 290.12, 290.11, 290.12, 349, 0.0
2021-05-25 09:15:00, 290.14, 290.14, 290.14, 290.14, 388, 0.0
2021-05-25 09:16:00, 290.09, 290.09, 290.09, 290.09, 232, 0.0
2021-05-25 09:17:00, 289.775, 289.775, 289.775, 289.775, 124, 0.0
2021-05-25 09:19:00, 290.07, 290.07, 290.07, 290.07, 125, 0.0
2021-05-25 09:20:00, 289.74, 289.74, 289.74, 289.74, 120, 0.0
2021-05-25 09:21:00, 289.59, 289.59, 289.59, 289.59, 304, 0.0
2021-05-25 09:22:00, 289.94, 289.94, 289.94, 289.94, 126, 0.0
2021-05-25 09:28:00, 290.25, 290.29, 290.25, 290.29, 215, 0.0
2021-05-25 09:30:00, 290.53, 290.53, 290.53, 290.53, 134, 0.0
2021-05-25 09:32:00, 289.75, 289.75, 289.75, 289.75, 144, 0.0
2021-05-25 09:34:00, 289.41, 289.41, 289.33, 289.36, 600, 0.0
2021-05-25 09:36:00, 289.9, 289.9, 289.9, 289.9, 113, 0.0
2021-05-25 09:37:00, 289.53, 289.53, 289.53, 289.53, 106, 0.0
2021-05-25 09:41:00, 289.95, 289.95, 289.93, 289.93, 200, 0.0
2021-05-25 09:42:00, 290.22, 290.22, 290.22, 290.22, 154, 0.0
2021-05-25 09:44:00, 290.53, 290.53, 290.53, 290.53, 145, 0.0
2021-05-25 09:46:00, 291.1, 291.1, 290.86, 290.89, 428, 0.0
2021-05-25 09:50:00, 290.93, 290.93, 290.81, 290.81, 243, 0.0
2021-05-25 09:52:00, 290.83, 290.83, 290.83, 290.83, 112, 0.0
2021-05-25 09:53:00, 290.69, 290.69, 290.69, 290.69, 147, 0.0
2021-05-25 09:54:00, 290.85, 290.85, 290.85, 290.85, 133, 0.0
2021-05-25 09:56:00, 291.33, 291.33, 291.33, 291.33, 161, 0.0
2021-05-25 09:58:00, 291.31, 291.39, 291.285, 291.39, 483, 0.0
2021-05-25 10:00:00, 291.185, 291.185, 291.185, 291.185, 292, 0.0
2021-05-25 10:02:00, 290.825, 290.825, 290.825, 290.825, 106, 0.0
2021-05-25 10:03:00, 290.81, 290.81, 290.77, 290.77, 311, 0.0
2021-05-25 10:06:00, 290.735, 290.735, 290.735, 290.735, 100, 0.0
2021-05-25 10:07:00, 290.67, 290.67, 290.66, 290.66, 476, 0.0
2021-05-25 10:09:00, 290.82, 290.82, 290.82, 290.82, 407, 0.0
2021-05-25 10:10:00, 290.99, 290.99, 290.96, 290.96, 200, 0.0
2021-05-25 10:12:00, 291.12, 291.12, 291.12, 291.12, 222, 0.0
2021-05-25 10:14:00, 291.11, 291.11, 291.11, 291.11, 101, 0.0
2021-05-25 10:15:00, 290.97, 290.97, 290.83, 290.83, 226, 0.0
2021-05-25 10:16:00, 290.625, 290.625, 290.625, 290.625, 168, 0.0
2021-05-25 10:17:00, 290.805, 290.87, 290.77, 290.87, 936, 0.0
2021-05-25 10:18:00, 290.85, 290.85, 290.835, 290.835, 324, 0.0
2021-05-25 10:19:00, 290.85, 290.85, 290.85, 290.85, 133, 0.0
2021-05-25 10:24:00, 291.04, 291.04, 291.04, 291.04, 100, 0.0
2021-05-25 10:25:00, 291.06, 291.06, 291.06, 291.06, 142, 0.0
2021-05-25 10:26:00, 290.825, 290.825, 290.825, 290.825, 214, 0.0
2021-05-25 10:32:00, 290.21, 290.21, 290.21, 290.21, 283, 0.0
2021-05-25 10:34:00, 290.34, 290.34, 290.34, 290.34, 260, 0.0
2021-05-25 10:39:00, 290.28, 290.28, 290.13, 290.13, 615, 0.0
2021-05-25 10:40:00, 289.95, 289.95, 289.95, 289.95, 133, 0.0
2021-05-25 10:42:00, 289.59, 289.6, 289.59, 289.6, 243, 0.0
2021-05-25 10:47:00, 289.95, 289.95, 289.95, 289.95, 216, 0.0
2021-05-25 10:49:00, 289.965, 289.97, 289.965, 289.97, 233, 0.0
2021-05-25 10:54:00, 290, 290, 290, 290, 100, 0.0
2021-05-25 10:59:00, 290.06, 290.06, 290.06, 290.06, 133, 0.0
2021-05-25 11:01:00, 289.88, 289.95, 289.88, 289.95, 203, 0.0
2021-05-25 11:02:00, 289.765, 289.765, 289.765, 289.765, 145, 0.0
2021-05-25 11:05:00, 289.66, 289.66, 289.66, 289.66, 100, 0.0
2021-05-25 11:06:00, 289.4, 289.4, 289.33, 289.33, 461, 0.0
2021-05-25 11:08:00, 289.47, 289.53, 289.47, 289.53, 203, 0.0
2021-05-25 11:10:00, 289.64, 289.64, 289.64, 289.64, 105, 0.0
2021-05-25 11:15:00, 289.64, 289.64, 289.64, 289.64, 138, 0.0
2021-05-25 11:17:00, 289.52, 289.52, 289.52, 289.52, 117, 0.0
2021-05-25 11:18:00, 289.63, 289.63, 289.63, 289.63, 200, 0.0
2021-05-25 11:19:00, 289.74, 289.74, 289.74, 289.74, 241, 0.0
2021-05-25 11:20:00, 289.8, 290.09, 289.8, 290.09, 872, 0.0
2021-05-25 11:22:00, 290.25, 290.25, 290.25, 290.25, 100, 0.0
2021-05-25 11:25:00, 290.41, 290.41, 290.4, 290.4, 233, 0.0
2021-05-25 11:27:00, 290.75, 290.75, 290.75, 290.75, 100, 0.0
2021-05-25 11:28:00, 290.65, 290.65, 290.625, 290.63, 520, 0.0
2021-05-25 11:30:00, 290.885, 290.885, 290.885, 290.885, 106, 0.0
2021-05-25 11:32:00, 291.17, 291.215, 291.17, 291.215, 500, 0.0
2021-05-25 11:34:00, 291.325, 291.325, 291.325, 291.325, 300, 0.0
2021-05-25 11:36:00, 291.36, 291.36, 291.36, 291.36, 100, 0.0
2021-05-25 11:37:00, 291.23, 291.23, 291.125, 291.175, 643, 0.0
2021-05-25 11:39:00, 291.275, 291.275, 291.275, 291.275, 138, 0.0
2021-05-25 11:40:00, 291.3, 291.325, 291.3, 291.325, 519, 0.0
2021-05-25 11:41:00, 291.07, 291.07, 291.07, 291.07, 126, 0.0
2021-05-25 11:43:00, 290.53, 290.53, 290.53, 290.53, 155, 0.0
2021-05-25 11:44:00, 290.58, 290.78, 290.58, 290.755, 700, 0.0
2021-05-25 11:45:00, 290.75, 290.75, 290.75, 290.75, 259, 0.0
2021-05-25 11:46:00, 290.895, 290.895, 290.895, 290.895, 200, 0.0
2021-05-25 11:47:00, 291.005, 291.12, 291.005, 291.12, 302, 0.0
2021-05-25 11:48:00, 290.995, 290.995, 290.995, 290.995, 110, 0.0
2021-05-25 11:49:00, 290.96, 290.99, 290.925, 290.925, 767, 0.0
2021-05-25 11:50:00, 290.97, 291.025, 290.97, 291.025, 432, 0.0
2021-05-25 11:51:00, 290.92, 290.92, 290.92, 290.92, 136, 0.0
2021-05-25 11:54:00, 290.56, 290.56, 290.56, 290.56, 100, 0.0
2021-05-25 12:02:00, 289.435, 289.435, 289.435, 289.435, 146, 0.0
2021-05-25 12:07:00, 289.77, 289.77, 289.77, 289.77, 114, 0.0
2021-05-25 12:10:00, 289.69, 289.69, 289.69, 289.69, 134, 0.0
2021-05-25 12:11:00, 289.75, 289.75, 289.75, 289.75, 113, 0.0
2021-05-25 12:12:00, 289.78, 289.78, 289.78, 289.78, 100, 0.0
2021-05-25 12:14:00, 289.67, 289.67, 289.67, 289.67, 128, 0.0
2021-05-25 12:16:00, 289.55, 289.83, 289.55, 289.83, 678, 0.0
2021-05-25 12:17:00, 289.87, 289.87, 289.87, 289.87, 201, 0.0
2021-05-25 12:18:00, 290.08, 290.08, 290.08, 290.08, 107, 0.0
2021-05-25 12:19:00, 290.205, 290.205, 290.205, 290.205, 204, 0.0
2021-05-25 12:22:00, 290.21, 290.21, 290.21, 290.21, 100, 0.0
2021-05-25 12:23:00, 290.13, 290.13, 290.13, 290.13, 104, 0.0
2021-05-25 12:25:00, 290.26, 290.26, 290.07, 290.07, 306, 0.0
2021-05-25 12:27:00, 289.92, 289.93, 289.92, 289.93, 233, 0.0
2021-05-25 12:28:00, 290.05, 290.05, 290.05, 290.05, 101, 0.0
2021-05-25 12:29:00, 290.06, 290.06, 290.06, 290.06, 105, 0.0
2021-05-25 12:31:00, 289.98, 289.98, 289.98, 289.98, 130, 0.0
2021-05-25 12:33:00, 290.13, 290.13, 290.13, 290.13, 201, 0.0
2021-05-25 12:40:00, 290.12, 290.12, 290.12, 290.12, 101, 0.0
2021-05-25 12:41:00, 289.85, 289.85, 289.85, 289.85, 140, 0.0
2021-05-25 12:42:00, 289.86, 289.86, 289.86, 289.86, 221, 0.0
2021-05-25 12:44:00, 289.9, 289.9, 289.9, 289.9, 100, 0.0
2021-05-25 12:45:00, 289.96, 289.96, 289.96, 289.96, 100, 0.0
2021-05-25 12:46:00, 290.03, 290.03, 290.03, 290.03, 201, 0.0
2021-05-25 12:47:00, 290.25, 290.255, 290.25, 290.255, 435, 0.0
2021-05-25 12:50:00, 290.25, 290.26, 290.25, 290.26, 233, 0.0
2021-05-25 12:51:00, 290.32, 290.32, 290.18, 290.32, 300, 0.0
2021-05-25 12:52:00, 290.07, 290.07, 290.07, 290.07, 101, 0.0
2021-05-25 12:55:00, 290.04, 290.04, 290.04, 290.04, 170, 0.0
2021-05-25 12:57:00, 289.97, 289.97, 289.97, 289.97, 133, 0.0
2021-05-25 12:58:00, 290.3, 290.3, 290.3, 290.3, 100, 0.0
2021-05-25 13:01:00, 290.41, 290.41, 290.41, 290.41, 100, 0.0
2021-05-25 13:05:00, 290.15, 290.15, 290.14, 290.14, 432, 0.0
2021-05-25 13:06:00, 290.06, 290.06, 290.06, 290.06, 117, 0.0
2021-05-25 13:07:00, 290.04, 290.04, 290.04, 290.04, 112, 0.0
2021-05-25 13:09:00, 289.95, 289.95, 289.95, 289.95, 133, 0.0
2021-05-25 13:11:00, 289.94, 289.94, 289.94, 289.94, 111, 0.0
2021-05-25 13:14:00, 289.93, 289.93, 289.93, 289.93, 206, 0.0
2021-05-25 13:15:00, 289.975, 289.975, 289.91, 289.91, 472, 0.0
2021-05-25 13:17:00, 289.93, 289.93, 289.815, 289.815, 335, 0.0
2021-05-25 13:18:00, 289.88, 289.97, 289.88, 289.97, 300, 0.0
2021-05-25 13:24:00, 289.74, 289.74, 289.74, 289.74, 109, 0.0
2021-05-25 13:25:00, 289.51, 289.62, 289.51, 289.62, 295, 0.0
2021-05-25 13:28:00, 289.6, 289.6, 289.6, 289.6, 184, 0.0
2021-05-25 13:29:00, 289.45, 289.45, 289.45, 289.45, 133, 0.0
2021-05-25 13:31:00, 289.595, 289.595, 289.53, 289.53, 234, 0.0
2021-05-25 13:38:00, 289.27, 289.27, 289.27, 289.27, 133, 0.0
2021-05-25 13:39:00, 289.34, 289.34, 289.34, 289.34, 130, 0.0
2021-05-25 13:40:00, 289.37, 289.37, 289.37, 289.37, 135, 0.0
2021-05-25 13:42:00, 289.31, 289.31, 289.31, 289.31, 121, 0.0
2021-05-25 13:44:00, 289.25, 289.25, 289.25, 289.25, 105, 0.0
2021-05-25 13:46:00, 289.18, 289.18, 289.18, 289.18, 279, 0.0
2021-05-25 13:51:00, 289.1, 289.1, 289.1, 289.1, 131, 0.0
2021-05-25 13:52:00, 289.14, 289.14, 289.06, 289.06, 233, 0.0
2021-05-25 13:53:00, 288.87, 288.87, 288.85, 288.85, 277, 0.0
2021-05-25 13:54:00, 289, 289.03, 289, 289.03, 356, 0.0
2021-05-25 13:55:00, 289.07, 289.135, 289.07, 289.09, 577, 0.0
2021-05-25 13:59:00, 289.135, 289.22, 289.135, 289.22, 384, 0.0
2021-05-25 14:01:00, 289.11, 289.11, 289.1, 289.1, 307, 0.0
2021-05-25 14:04:00, 288.79, 288.79, 288.79, 288.79, 178, 0.0
2021-05-25 14:08:00, 288.4, 288.4, 288.4, 288.4, 100, 0.0
2021-05-25 14:09:00, 288.39, 288.39, 288.35, 288.35, 277, 0.0
2021-05-25 14:12:00, 288.03, 288.44, 288.02, 288.44, 412, 0.0
2021-05-25 14:16:00, 288.51, 288.51, 288.51, 288.51, 200, 0.0
2021-05-25 14:17:00, 288.33, 288.35, 288.32, 288.35, 313, 0.0
2021-05-25 14:19:00, 288.19, 288.19, 288.19, 288.19, 191, 0.0
2021-05-25 14:20:00, 288.33, 288.33, 288.33, 288.33, 249, 0.0
2021-05-25 14:22:00, 288.59, 288.62, 288.59, 288.62, 212, 0.0
2021-05-25 14:23:00, 288.71, 288.71, 288.71, 288.71, 313, 0.0
2021-05-25 14:26:00, 288.98, 288.98, 288.97, 288.97, 308, 0.0
2021-05-25 14:27:00, 289.01, 289.01, 288.99, 288.99, 315, 0.0
2021-05-25 14:28:00, 288.99, 288.99, 288.99, 288.99, 104, 0.0
2021-05-25 14:30:00, 289.01, 289.06, 288.9, 289.06, 754, 0.0
2021-05-25 14:31:00, 288.86, 288.86, 288.86, 288.86, 143, 0.0
2021-05-25 14:32:00, 288.91, 288.91, 288.86, 288.86, 348, 0.0
2021-05-25 14:33:00, 288.76, 288.76, 288.76, 288.76, 148, 0.0
2021-05-25 14:38:00, 289.32, 289.32, 289.32, 289.32, 122, 0.0
2021-05-25 14:40:00, 289.57, 289.57, 289.55, 289.55, 369, 0.0
2021-05-25 14:42:00, 289.27, 289.27, 289.27, 289.27, 166, 0.0
2021-05-25 14:43:00, 289.08, 289.08, 289.08, 289.08, 386, 0.0
2021-05-25 14:44:00, 289.03, 289.03, 289.03, 289.03, 151, 0.0
2021-05-25 14:45:00, 289.27, 289.29, 289.27, 289.29, 494, 0.0
2021-05-25 14:47:00, 289.3, 289.3, 289.3, 289.3, 920, 0.0
2021-05-25 14:48:00, 289.28, 289.28, 289.22, 289.22, 320, 0.0
2021-05-25 14:49:00, 289.2, 289.2, 289.2, 289.2, 255, 0.0
2021-05-25 14:50:00, 289.41, 289.5, 289.41, 289.5, 611, 0.0
2021-05-25 14:51:00, 289.165, 289.165, 289.165, 289.165, 211, 0.0
2021-05-25 14:52:00, 289.13, 289.43, 289.13, 289.32, 1008, 0.0
2021-05-25 14:53:00, 289.27, 289.31, 289.27, 289.31, 703, 0.0
2021-05-25 14:55:00, 289.47, 289.57, 289.455, 289.57, 929, 0.0
2021-05-25 14:56:00, 289.515, 289.515, 289.51, 289.51, 1037, 0.0
2021-05-25 14:59:00, 289.78, 289.785, 289.69, 289.72, 897, 0.0
2021-05-26 08:30:00, 289.73, 290.6, 289.73, 290.6, 725, 0.0
2021-05-26 08:31:00, 290.35, 290.35, 290.35, 290.35, 301, 0.0
2021-05-26 08:34:00, 289.31, 289.31, 289.31, 289.31, 123, 0.0
2021-05-26 08:35:00, 290.32, 290.32, 290.32, 290.32, 302, 0.0
2021-05-26 08:38:00, 290.48, 290.48, 290.48, 290.48, 131, 0.0
2021-05-26 08:39:00, 290.77, 290.77, 290.75, 290.75, 513, 0.0
2021-05-26 08:40:00, 291.105, 291.105, 291.105, 291.105, 140, 0.0
2021-05-26 08:41:00, 290.825, 290.825, 290.825, 290.825, 111, 0.0
2021-05-26 08:42:00, 290.76, 290.76, 290.76, 290.76, 104, 0.0
2021-05-26 08:44:00, 291.185, 291.185, 291.185, 291.185, 100, 0.0
2021-05-26 08:45:00, 291.01, 291.03, 290.925, 290.94, 647, 0.0
2021-05-26 08:48:00, 291.24, 291.34, 291.24, 291.29, 300, 0.0
2021-05-26 08:49:00, 291.185, 291.45, 291.185, 291.45, 775, 0.0
2021-05-26 08:50:00, 291.5, 291.5, 291.5, 291.5, 179, 0.0
2021-05-26 08:52:00, 291.76, 291.76, 291.76, 291.76, 241, 0.0
2021-05-26 08:53:00, 291.93, 292.13, 291.82, 291.82, 483, 0.0
2021-05-26 08:55:00, 291.68, 291.955, 291.68, 291.955, 268, 0.0
2021-05-26 08:57:00, 292.26, 292.26, 292.26, 292.26, 190, 0.0
2021-05-26 08:59:00, 292.07, 292.11, 292.07, 292.08, 470, 0.0
2021-05-26 09:01:00, 291.39, 291.39, 291.39, 291.39, 103, 0.0
2021-05-26 09:02:00, 291.09, 291.09, 291.09, 291.09, 132, 0.0
2021-05-26 09:03:00, 291.06, 291.06, 291.06, 291.06, 193, 0.0
2021-05-26 09:04:00, 291.12, 291.12, 290.97, 290.97, 301, 0.0
2021-05-26 09:06:00, 291.19, 291.535, 291.19, 291.535, 552, 0.0
2021-05-26 09:08:00, 291.68, 291.68, 291.655, 291.655, 342, 0.0
2021-05-26 09:10:00, 291.765, 291.765, 291.475, 291.475, 500, 0.0
2021-05-26 09:11:00, 291.215, 291.215, 291.215, 291.215, 150, 0.0
2021-05-26 09:15:00, 290.49, 290.49, 290.49, 290.49, 217, 0.0
2021-05-26 09:16:00, 290.86, 290.97, 290.86, 290.97, 333, 0.0
2021-05-26 09:17:00, 291.17, 291.17, 291.17, 291.17, 106, 0.0
2021-05-26 09:19:00, 290.72, 290.72, 290.72, 290.72, 175, 0.0
2021-05-26 09:21:00, 291.105, 291.105, 291.105, 291.105, 222, 0.0
2021-05-26 09:23:00, 291.37, 291.37, 291.37, 291.37, 226, 0.0
2021-05-26 09:24:00, 291.14, 291.14, 291.1, 291.1, 330, 0.0
2021-05-26 09:25:00, 290.82, 290.82, 290.82, 290.82, 442, 0.0
2021-05-26 09:29:00, 290.97, 291.01, 290.94, 290.94, 539, 0.0
2021-05-26 09:30:00, 291.22, 291.22, 291.22, 291.22, 106, 0.0
2021-05-26 09:32:00, 291, 291, 291, 291, 325, 0.0
2021-05-26 09:33:00, 290.935, 290.935, 290.935, 290.935, 100, 0.0
2021-05-26 09:34:00, 291.23, 291.31, 291.23, 291.31, 363, 0.0
2021-05-26 09:35:00, 291.15, 291.15, 291.15, 291.15, 139, 0.0
2021-05-26 09:36:00, 291.17, 291.17, 291.17, 291.17, 107, 0.0
2021-05-26 09:38:00, 291.1, 291.1, 291.1, 291.1, 101, 0.0
2021-05-26 09:40:00, 291.145, 291.145, 291.145, 291.145, 113, 0.0
2021-05-26 09:41:00, 291.07, 291.09, 290.94, 291.05, 416, 0.0
2021-05-26 09:42:00, 291.14, 291.14, 291.14, 291.14, 132, 0.0
2021-05-26 09:43:00, 291.01, 291.01, 291.01, 291.01, 100, 0.0
2021-05-26 09:44:00, 290.69, 290.69, 290.69, 290.69, 192, 0.0
2021-05-26 09:45:00, 290.93, 290.985, 290.93, 290.985, 204, 0.0
2021-05-26 09:46:00, 291.06, 291.2, 291.06, 291.2, 301, 0.0
2021-05-26 09:47:00, 291.14, 291.14, 291.14, 291.14, 100, 0.0
2021-05-26 09:50:00, 291.08, 291.08, 291.08, 291.08, 102, 0.0
2021-05-26 09:52:00, 291.1, 291.21, 291.1, 291.21, 338, 0.0
2021-05-26 09:53:00, 291.255, 291.255, 291.255, 291.255, 204, 0.0
2021-05-26 09:57:00, 291.07, 291.15, 291.07, 291.15, 201, 0.0
2021-05-26 10:00:00, 290.58, 290.58, 290.58, 290.58, 140, 0.0
2021-05-26 10:01:00, 290.48, 290.48, 290.48, 290.48, 221, 0.0
2021-05-26 10:06:00, 290.11, 290.11, 290.11, 290.11, 212, 0.0
2021-05-26 10:07:00, 290.11, 290.11, 289.975, 289.975, 316, 0.0
2021-05-26 10:08:00, 289.71, 289.71, 289.71, 289.71, 107, 0.0
2021-05-26 10:11:00, 289.395, 289.41, 289.185, 289.41, 697, 0.0
2021-05-26 10:12:00, 289.45, 289.45, 289.395, 289.395, 333, 0.0
2021-05-26 10:16:00, 289.825, 289.825, 289.76, 289.76, 200, 0.0
2021-05-26 10:18:00, 289.665, 289.665, 289.665, 289.665, 100, 0.0
2021-05-26 10:19:00, 289.725, 289.725, 289.67, 289.67, 208, 0.0
2021-05-26 10:22:00, 289.58, 289.58, 289.58, 289.58, 200, 0.0
2021-05-26 10:23:00, 289.775, 289.84, 289.73, 289.73, 335, 0.0
2021-05-26 10:25:00, 289.715, 289.715, 289.715, 289.715, 100, 0.0
2021-05-26 10:26:00, 289.58, 289.58, 289.58, 289.58, 174, 0.0
2021-05-26 10:27:00, 289.585, 289.585, 289.585, 289.585, 110, 0.0
2021-05-26 10:29:00, 289.615, 289.615, 289.615, 289.615, 121, 0.0
2021-05-26 10:30:00, 289.615, 289.615, 289.58, 289.58, 227, 0.0
2021-05-26 10:33:00, 288.85, 288.85, 288.3, 288.3, 675, 0.0
2021-05-26 10:34:00, 288.26, 288.3, 288.26, 288.3, 306, 0.0
2021-05-26 10:36:00, 288.98, 288.98, 288.98, 288.98, 100, 0.0
2021-05-26 10:37:00, 288.9, 288.9, 288.9, 288.9, 124, 0.0
2021-05-26 10:44:00, 288.47, 288.47, 288.47, 288.47, 267, 0.0
