Date, Open, High, Low, Close, Volume, Open Interest
2021-05-19 14:08:00, 121.57, 121.57, 121.57, 121.57, 310, 0.0
2021-05-19 14:10:00, 121.53, 121.6, 121.49, 121.6, 471, 0.0
2021-05-19 14:12:00, 121.69, 121.69, 121.67, 121.67, 204, 0.0
2021-05-19 14:13:00, 121.57, 121.67, 121.57, 121.67, 501, 0.0
2021-05-19 14:14:00, 121.59, 121.59, 121.59, 121.59, 125, 0.0
2021-05-19 14:15:00, 121.62, 121.62, 121.62, 121.62, 142, 0.0
2021-05-19 14:16:00, 121.55, 121.58, 121.55, 121.58, 203, 0.0
2021-05-19 14:17:00, 121.55, 121.65, 121.55, 121.65, 448, 0.0
2021-05-19 14:18:00, 121.59, 121.59, 121.57, 121.57, 291, 0.0
2021-05-19 14:19:00, 121.59, 121.59, 121.53, 121.56, 550, 0.0
2021-05-19 14:20:00, 121.51, 121.51, 121.42, 121.46, 512, 0.0
2021-05-19 14:21:00, 121.48, 121.48, 121.48, 121.48, 100, 0.0
2021-05-19 14:22:00, 121.46, 121.49, 121.46, 121.49, 201, 0.0
2021-05-19 14:23:00, 121.57, 121.57, 121.57, 121.57, 166, 0.0
2021-05-19 14:24:00, 121.65, 121.7, 121.65, 121.7, 579, 0.0
2021-05-19 14:25:00, 121.71, 121.71, 121.71, 121.71, 210, 0.0
2021-05-19 14:26:00, 121.69, 121.71, 121.69, 121.7, 600, 0.0
2021-05-19 14:27:00, 121.65, 121.65, 121.635, 121.635, 214, 0.0
2021-05-19 14:28:00, 121.63, 121.82, 121.63, 121.82, 1149, 0.0
2021-05-19 14:29:00, 121.86, 121.9, 121.79, 121.79, 547, 0.0
2021-05-19 14:30:00, 121.76, 121.76, 121.75, 121.75, 321, 0.0
2021-05-19 14:31:00, 121.75, 121.785, 121.75, 121.75, 1248, 0.0
2021-05-19 14:32:00, 121.78, 121.83, 121.75, 121.765, 836, 0.0
2021-05-19 14:33:00, 121.75, 121.78, 121.75, 121.78, 1566, 0.0
2021-05-19 14:34:00, 121.72, 121.73, 121.71, 121.72, 417, 0.0
2021-05-19 14:35:00, 121.6, 121.6, 121.6, 121.6, 134, 0.0
2021-05-19 14:36:00, 121.59, 121.63, 121.57, 121.61, 614, 0.0
2021-05-19 14:37:00, 121.61, 121.64, 121.59, 121.61, 409, 0.0
2021-05-19 14:38:00, 121.59, 121.59, 121.55, 121.55, 209, 0.0
2021-05-19 14:39:00, 121.57, 121.6, 121.57, 121.6, 303, 0.0
2021-05-19 14:40:00, 121.59, 121.59, 121.58, 121.59, 342, 0.0
2021-05-19 14:41:00, 121.51, 121.56, 121.51, 121.545, 732, 0.0
2021-05-19 14:42:00, 121.545, 121.63, 121.545, 121.63, 800, 0.0
2021-05-19 14:43:00, 121.59, 121.59, 121.55, 121.565, 416, 0.0
2021-05-19 14:44:00, 121.555, 121.555, 121.55, 121.55, 484, 0.0
2021-05-19 14:45:00, 121.6, 121.61, 121.6, 121.61, 386, 0.0
2021-05-19 14:46:00, 121.55, 121.62, 121.55, 121.62, 570, 0.0
2021-05-19 14:47:00, 121.62, 121.63, 121.48, 121.48, 1076, 0.0
2021-05-19 14:48:00, 121.475, 121.475, 121.475, 121.475, 208, 0.0
2021-05-19 14:49:00, 121.45, 121.45, 121.425, 121.425, 543, 0.0
2021-05-19 14:50:00, 121.49, 121.56, 121.49, 121.56, 612, 0.0
2021-05-19 14:51:00, 121.57, 121.79, 121.57, 121.79, 600, 0.0
2021-05-19 14:52:00, 121.77, 121.81, 121.77, 121.81, 575, 0.0
2021-05-19 14:53:00, 121.83, 121.83, 121.77, 121.8, 678, 0.0
2021-05-19 14:54:00, 121.82, 122.04, 121.82, 122.04, 814, 0.0
2021-05-19 14:55:00, 122.07, 122.07, 121.97, 122.03, 985, 0.0
2021-05-19 14:56:00, 122.03, 122.09, 121.995, 122.09, 1228, 0.0
2021-05-19 14:57:00, 122.12, 122.12, 122.03, 122.055, 1299, 0.0
2021-05-19 14:58:00, 122.07, 122.135, 122.07, 122.135, 1255, 0.0
2021-05-19 14:59:00, 122.225, 122.39, 122.19, 122.38, 1581, 0.0
2021-05-20 08:30:00, 123.33, 123.33, 123.33, 123.33, 200, 0.0
2021-05-20 08:31:00, 124.33, 124.33, 124.2, 124.2, 557, 0.0
2021-05-20 08:32:00, 124.58, 124.595, 124.315, 124.315, 738, 0.0
2021-05-20 08:33:00, 124.34, 124.42, 124.33, 124.33, 1073, 0.0
2021-05-20 08:34:00, 124.425, 124.5, 124.425, 124.5, 349, 0.0
2021-05-20 08:35:00, 124.55, 124.57, 124.395, 124.57, 467, 0.0
2021-05-20 08:36:00, 124.43, 124.555, 124.43, 124.475, 685, 0.0
2021-05-20 08:37:00, 124.47, 124.54, 124.47, 124.54, 420, 0.0
2021-05-20 08:38:00, 124.505, 124.77, 124.475, 124.66, 800, 0.0
2021-05-20 08:39:00, 124.665, 125.02, 124.665, 125.02, 633, 0.0
2021-05-20 08:40:00, 125.155, 125.29, 125.08, 125.29, 936, 0.0
2021-05-20 08:41:00, 125.285, 125.56, 125.23, 125.41, 801, 0.0
2021-05-20 08:42:00, 125.455, 125.49, 125.34, 125.34, 833, 0.0
2021-05-20 08:43:00, 125.475, 125.67, 125.475, 125.66, 312, 0.0
2021-05-20 08:44:00, 125.64, 125.655, 125.46, 125.655, 763, 0.0
2021-05-20 08:45:00, 125.685, 125.695, 125.525, 125.525, 700, 0.0
2021-05-20 08:46:00, 125.46, 125.46, 125.36, 125.36, 250, 0.0
2021-05-20 08:47:00, 125.475, 125.635, 125.475, 125.635, 703, 0.0
2021-05-20 08:48:00, 125.625, 125.75, 125.615, 125.69, 533, 0.0
2021-05-20 08:49:00, 125.545, 125.545, 125.485, 125.485, 501, 0.0
2021-05-20 08:50:00, 125.545, 125.57, 125.545, 125.57, 404, 0.0
2021-05-20 08:51:00, 125.51, 125.54, 125.49, 125.54, 585, 0.0
2021-05-20 08:58:00, 125.17, 125.17, 125.17, 125.17, 100, 0.0
2021-05-20 09:02:00, 125.66, 125.66, 125.66, 125.66, 100, 0.0
2021-05-20 09:03:00, 125.53, 125.53, 125.53, 125.53, 100, 0.0
2021-05-20 09:04:00, 125.48, 125.48, 125.48, 125.48, 105, 0.0
2021-05-20 09:06:00, 125.51, 125.51, 125.51, 125.51, 134, 0.0
2021-05-20 09:09:00, 124.97, 124.97, 124.97, 124.97, 100, 0.0
2021-05-20 09:12:00, 124.95, 124.95, 124.91, 124.91, 200, 0.0
2021-05-20 09:14:00, 124.83, 124.965, 124.83, 124.965, 445, 0.0
2021-05-20 09:15:00, 125.17, 125.17, 125.17, 125.17, 108, 0.0
2021-05-20 09:16:00, 125.09, 125.09, 125.09, 125.09, 110, 0.0
2021-05-20 09:17:00, 125.19, 125.25, 125.19, 125.25, 2098, 0.0
2021-05-20 09:20:00, 125.22, 125.22, 125.22, 125.22, 216, 0.0
2021-05-20 09:22:00, 125.205, 125.205, 125.205, 125.205, 142, 0.0
2021-05-20 09:23:00, 125.23, 125.23, 125.23, 125.23, 100, 0.0
2021-05-20 09:24:00, 125.2, 125.2, 125.2, 125.2, 119, 0.0
2021-05-20 09:28:00, 125.235, 125.235, 125.235, 125.235, 103, 0.0
2021-05-20 09:29:00, 125.23, 125.23, 125.23, 125.23, 155, 0.0
2021-05-20 09:30:00, 125.23, 125.28, 125.23, 125.25, 881, 0.0
2021-05-20 09:32:00, 125.195, 125.195, 125.195, 125.195, 133, 0.0
2021-05-20 09:33:00, 125.34, 125.36, 125.34, 125.36, 233, 0.0
2021-05-20 09:35:00, 125.31, 125.31, 125.31, 125.31, 200, 0.0
2021-05-20 09:39:00, 125.22, 125.22, 125.22, 125.22, 201, 0.0
2021-05-20 09:40:00, 125.22, 125.22, 125.22, 125.22, 100, 0.0
2021-05-20 09:41:00, 125.22, 125.23, 125.21, 125.23, 534, 0.0
2021-05-20 09:42:00, 125.26, 125.26, 125.205, 125.205, 300, 0.0
2021-05-20 09:43:00, 125.2, 125.25, 125.2, 125.25, 233, 0.0
2021-05-20 09:44:00, 125.28, 125.36, 125.28, 125.36, 338, 0.0
2021-05-20 09:45:00, 125.4, 125.46, 125.4, 125.46, 381, 0.0
2021-05-20 09:46:00, 125.63, 125.67, 125.63, 125.67, 436, 0.0
2021-05-20 09:47:00, 125.57, 125.57, 125.57, 125.57, 102, 0.0
2021-05-20 09:50:00, 125.45, 125.47, 125.45, 125.47, 300, 0.0
2021-05-20 09:52:00, 125.63, 125.63, 125.63, 125.63, 100, 0.0
2021-05-20 09:55:00, 125.53, 125.53, 125.53, 125.53, 104, 0.0
2021-05-20 09:58:00, 125.46, 125.46, 125.46, 125.46, 207, 0.0
2021-05-20 09:59:00, 125.41, 125.41, 125.41, 125.41, 152, 0.0
2021-05-20 10:00:00, 125.43, 125.43, 125.43, 125.43, 100, 0.0
2021-05-20 10:01:00, 125.6, 125.6, 125.6, 125.6, 100, 0.0
2021-05-20 10:03:00, 125.385, 125.41, 125.385, 125.41, 200, 0.0
2021-05-20 10:04:00, 125.36, 125.36, 125.36, 125.36, 101, 0.0
2021-05-20 10:05:00, 125.35, 125.37, 125.29, 125.29, 300, 0.0
2021-05-20 10:06:00, 125.295, 125.32, 125.295, 125.32, 200, 0.0
2021-05-20 10:07:00, 125.34, 125.34, 125.34, 125.34, 183, 0.0
2021-05-20 10:08:00, 125.35, 125.44, 125.35, 125.44, 200, 0.0
2021-05-20 10:09:00, 125.47, 125.47, 125.45, 125.45, 210, 0.0
2021-05-20 10:10:00, 125.36, 125.36, 125.36, 125.36, 133, 0.0
2021-05-20 10:11:00, 125.36, 125.38, 125.36, 125.38, 308, 0.0
2021-05-20 10:12:00, 125.41, 125.41, 125.41, 125.41, 101, 0.0
2021-05-20 10:17:00, 125.51, 125.57, 125.51, 125.57, 453, 0.0
2021-05-20 10:18:00, 125.53, 125.53, 125.53, 125.53, 155, 0.0
2021-05-20 10:20:00, 125.55, 125.55, 125.465, 125.465, 335, 0.0
2021-05-20 10:21:00, 125.48, 125.53, 125.48, 125.53, 350, 0.0
2021-05-20 10:25:00, 125.34, 125.34, 125.34, 125.34, 105, 0.0
2021-05-20 10:26:00, 125.37, 125.48, 125.37, 125.48, 366, 0.0
2021-05-20 10:27:00, 125.54, 125.54, 125.54, 125.54, 101, 0.0
2021-05-20 10:28:00, 125.67, 125.67, 125.67, 125.67, 100, 0.0
2021-05-20 10:29:00, 125.69, 125.69, 125.69, 125.69, 419, 0.0
2021-05-20 10:31:00, 125.7, 125.7, 125.7, 125.7, 131, 0.0
2021-05-20 10:34:00, 125.58, 125.58, 125.58, 125.58, 103, 0.0
2021-05-20 10:35:00, 125.69, 125.69, 125.58, 125.58, 210, 0.0
2021-05-20 10:36:00, 125.52, 125.52, 125.52, 125.52, 102, 0.0
2021-05-20 10:41:00, 125.8, 125.8, 125.8, 125.8, 253, 0.0
2021-05-20 10:42:00, 125.91, 125.91, 125.91, 125.91, 100, 0.0
2021-05-20 10:43:00, 125.79, 125.79, 125.79, 125.79, 145, 0.0
2021-05-20 10:44:00, 125.8, 125.89, 125.8, 125.89, 303, 0.0
2021-05-20 10:45:00, 125.86, 126.04, 125.86, 126.04, 397, 0.0
2021-05-20 10:46:00, 126, 126, 126, 126, 100, 0.0
2021-05-20 10:48:00, 125.99, 125.99, 125.985, 125.985, 287, 0.0
2021-05-20 10:49:00, 125.92, 125.92, 125.92, 125.92, 126, 0.0
2021-05-20 10:51:00, 125.92, 125.92, 125.92, 125.92, 100, 0.0
2021-05-20 10:52:00, 125.87, 125.87, 125.87, 125.87, 100, 0.0
2021-05-20 10:54:00, 125.77, 125.77, 125.76, 125.76, 292, 0.0
2021-05-20 10:55:00, 125.65, 125.67, 125.65, 125.67, 218, 0.0
2021-05-20 10:58:00, 125.5, 125.51, 125.5, 125.51, 292, 0.0
2021-05-20 10:59:00, 125.57, 125.57, 125.55, 125.55, 233, 0.0
2021-05-20 11:00:00, 125.53, 125.53, 125.45, 125.45, 306, 0.0
2021-05-20 11:01:00, 125.41, 125.41, 125.4, 125.4, 411, 0.0
2021-05-20 11:02:00, 125.36, 125.36, 125.3, 125.3, 300, 0.0
2021-05-20 11:03:00, 125.36, 125.375, 125.35, 125.36, 1013, 0.0
2021-05-20 11:05:00, 125.31, 125.31, 125.31, 125.31, 100, 0.0
2021-05-20 11:07:00, 125.22, 125.29, 125.22, 125.29, 825, 0.0
2021-05-20 11:08:00, 125.255, 125.3, 125.255, 125.3, 200, 0.0
2021-05-20 11:09:00, 125.235, 125.235, 125.235, 125.235, 185, 0.0
2021-05-20 11:10:00, 125.23, 125.23, 125.23, 125.23, 233, 0.0
2021-05-20 11:11:00, 125.21, 125.21, 125.21, 125.21, 101, 0.0
2021-05-20 11:12:00, 125.29, 125.29, 125.29, 125.29, 301, 0.0
2021-05-20 11:13:00, 125.21, 125.25, 125.21, 125.25, 201, 0.0
2021-05-20 11:16:00, 125.23, 125.23, 125.23, 125.23, 101, 0.0
2021-05-20 11:17:00, 125.19, 125.31, 125.19, 125.31, 310, 0.0
2021-05-20 11:19:00, 125.39, 125.39, 125.39, 125.39, 103, 0.0
2021-05-20 11:21:00, 125.21, 125.21, 125.21, 125.21, 147, 0.0
2021-05-20 11:22:00, 125.31, 125.31, 125.31, 125.31, 313, 0.0
2021-05-20 11:24:00, 125.44, 125.44, 125.44, 125.44, 126, 0.0
2021-05-20 11:25:00, 125.4, 125.45, 125.4, 125.45, 359, 0.0
2021-05-20 11:26:00, 125.31, 125.31, 125.31, 125.31, 100, 0.0
2021-05-20 11:27:00, 125.27, 125.27, 125.27, 125.27, 115, 0.0
2021-05-20 11:28:00, 125.29, 125.29, 125.28, 125.28, 507, 0.0
2021-05-20 11:30:00, 125.34, 125.34, 125.34, 125.34, 321, 0.0
2021-05-20 11:32:00, 125.29, 125.31, 125.29, 125.31, 200, 0.0
2021-05-20 11:34:00, 125.22, 125.25, 125.22, 125.25, 200, 0.0
2021-05-20 11:37:00, 125.05, 125.05, 125.05, 125.05, 189, 0.0
2021-05-20 11:38:00, 125.03, 125.03, 125.03, 125.03, 104, 0.0
2021-05-20 11:40:00, 125.2, 125.2, 125.2, 125.2, 101, 0.0
2021-05-20 11:43:00, 125.17, 125.2, 125.17, 125.2, 202, 0.0
2021-05-20 11:44:00, 125.18, 125.19, 125.13, 125.13, 541, 0.0
2021-05-20 11:45:00, 125.14, 125.14, 125.14, 125.14, 201, 0.0
2021-05-20 11:46:00, 125.24, 125.24, 125.23, 125.23, 233, 0.0
2021-05-20 11:47:00, 125.23, 125.23, 125.23, 125.23, 100, 0.0
2021-05-20 11:49:00, 125.23, 125.23, 125.23, 125.23, 100, 0.0
2021-05-20 11:51:00, 125.19, 125.22, 125.19, 125.22, 301, 0.0
2021-05-20 11:53:00, 125.23, 125.23, 125.23, 125.23, 149, 0.0
2021-05-20 11:54:00, 125.27, 125.28, 125.27, 125.28, 200, 0.0
2021-05-20 11:55:00, 125.24, 125.24, 125.24, 125.24, 101, 0.0
2021-05-20 11:56:00, 125.235, 125.29, 125.235, 125.29, 260, 0.0
2021-05-20 11:58:00, 125.39, 125.45, 125.39, 125.45, 739, 0.0
2021-05-20 12:01:00, 125.59, 125.59, 125.59, 125.59, 108, 0.0
2021-05-20 12:02:00, 125.58, 125.58, 125.58, 125.58, 133, 0.0
2021-05-20 12:08:00, 125.53, 125.54, 125.53, 125.54, 200, 0.0
2021-05-20 12:09:00, 125.48, 125.48, 125.48, 125.48, 160, 0.0
2021-05-20 12:10:00, 125.51, 125.54, 125.51, 125.54, 200, 0.0
2021-05-20 12:13:00, 125.49, 125.49, 125.49, 125.49, 276, 0.0
2021-05-20 12:15:00, 125.47, 125.47, 125.47, 125.47, 174, 0.0
2021-05-20 12:16:00, 125.37, 125.39, 125.37, 125.39, 220, 0.0
2021-05-20 12:19:00, 125.59, 125.59, 125.59, 125.59, 100, 0.0
2021-05-20 12:20:00, 125.6, 125.6, 125.6, 125.6, 107, 0.0
2021-05-20 12:21:00, 125.62, 125.62, 125.62, 125.62, 100, 0.0
2021-05-20 12:23:00, 125.67, 125.67, 125.67, 125.67, 100, 0.0
2021-05-20 12:26:00, 125.79, 125.79, 125.71, 125.71, 237, 0.0
2021-05-20 12:29:00, 125.67, 125.67, 125.63, 125.63, 335, 0.0
2021-05-20 12:30:00, 125.65, 125.65, 125.65, 125.65, 100, 0.0
2021-05-20 12:36:00, 125.77, 125.77, 125.75, 125.75, 883, 0.0
2021-05-20 12:37:00, 125.79, 125.815, 125.79, 125.815, 314, 0.0
2021-05-20 12:38:00, 125.8, 125.8, 125.8, 125.8, 133, 0.0
2021-05-20 12:39:00, 125.815, 125.815, 125.81, 125.81, 315, 0.0
2021-05-20 12:44:00, 125.78, 125.78, 125.78, 125.78, 300, 0.0
2021-05-20 12:46:00, 125.76, 125.76, 125.76, 125.76, 206, 0.0
2021-05-20 12:47:00, 125.75, 125.75, 125.75, 125.75, 107, 0.0
2021-05-20 12:48:00, 125.82, 125.85, 125.81, 125.85, 437, 0.0
2021-05-20 12:49:00, 125.85, 125.85, 125.85, 125.85, 359, 0.0
2021-05-20 12:51:00, 125.87, 125.88, 125.87, 125.88, 233, 0.0
2021-05-20 12:52:00, 125.86, 125.86, 125.86, 125.86, 210, 0.0
2021-05-20 12:53:00, 125.83, 125.83, 125.65, 125.66, 829, 0.0
2021-05-20 12:54:00, 125.53, 125.57, 125.53, 125.57, 416, 0.0
2021-05-20 12:56:00, 125.565, 125.61, 125.565, 125.61, 694, 0.0
2021-05-20 12:57:00, 125.735, 125.735, 125.735, 125.735, 101, 0.0
2021-05-20 12:58:00, 125.75, 125.75, 125.75, 125.75, 247, 0.0
2021-05-20 12:59:00, 125.77, 125.77, 125.77, 125.77, 209, 0.0
2021-05-20 13:00:00, 125.82, 125.85, 125.82, 125.85, 405, 0.0
2021-05-20 13:02:00, 125.94, 125.96, 125.94, 125.96, 212, 0.0
2021-05-20 13:03:00, 125.92, 125.92, 125.92, 125.92, 126, 0.0
2021-05-20 13:04:00, 125.94, 125.97, 125.94, 125.97, 326, 0.0
2021-05-20 13:05:00, 126.01, 126.03, 126.01, 126.03, 236, 0.0
2021-05-20 13:08:00, 125.86, 125.88, 125.86, 125.88, 205, 0.0
2021-05-20 13:12:00, 125.77, 125.775, 125.77, 125.775, 369, 0.0
2021-05-20 13:13:00, 125.81, 125.85, 125.81, 125.85, 232, 0.0
2021-05-20 13:15:00, 125.87, 125.87, 125.87, 125.87, 295, 0.0
2021-05-20 13:20:00, 125.76, 125.79, 125.76, 125.78, 980, 0.0
2021-05-20 13:21:00, 125.8, 125.8, 125.795, 125.795, 210, 0.0
2021-05-20 13:22:00, 125.77, 125.77, 125.77, 125.77, 101, 0.0
2021-05-20 13:23:00, 125.76, 125.76, 125.76, 125.76, 310, 0.0
2021-05-20 13:25:00, 125.79, 125.79, 125.79, 125.79, 200, 0.0
2021-05-20 13:26:00, 125.81, 125.81, 125.805, 125.805, 206, 0.0
2021-05-20 13:27:00, 125.78, 125.8, 125.71, 125.8, 619, 0.0
2021-05-20 13:28:00, 125.88, 125.88, 125.88, 125.88, 244, 0.0
2021-05-20 13:29:00, 125.89, 125.89, 125.89, 125.89, 200, 0.0
2021-05-20 13:33:00, 125.88, 125.88, 125.88, 125.88, 334, 0.0
2021-05-20 13:34:00, 125.86, 125.86, 125.86, 125.86, 100, 0.0
2021-05-20 13:36:00, 125.87, 125.87, 125.87, 125.87, 122, 0.0
2021-05-20 13:39:00, 125.82, 125.82, 125.82, 125.82, 136, 0.0
2021-05-20 13:40:00, 125.81, 125.81, 125.81, 125.81, 202, 0.0
2021-05-20 13:43:00, 125.69, 125.71, 125.69, 125.71, 371, 0.0
2021-05-20 13:45:00, 125.84, 125.84, 125.84, 125.84, 131, 0.0
2021-05-20 13:46:00, 125.82, 125.82, 125.82, 125.82, 269, 0.0
2021-05-20 13:47:00, 125.81, 125.81, 125.76, 125.76, 200, 0.0
2021-05-20 13:50:00, 125.84, 125.9, 125.84, 125.9, 925, 0.0
2021-05-20 13:52:00, 125.86, 125.86, 125.86, 125.86, 100, 0.0
2021-05-20 13:53:00, 125.79, 125.84, 125.79, 125.84, 202, 0.0
2021-05-20 13:55:00, 125.89, 125.89, 125.89, 125.89, 100, 0.0
2021-05-20 13:58:00, 125.91, 125.91, 125.91, 125.91, 137, 0.0
2021-05-20 14:00:00, 125.84, 125.84, 125.84, 125.84, 200, 0.0
2021-05-20 14:01:00, 125.81, 125.81, 125.79, 125.79, 339, 0.0
2021-05-20 14:03:00, 125.83, 125.83, 125.83, 125.83, 400, 0.0
2021-05-20 14:05:00, 125.78, 125.78, 125.78, 125.78, 192, 0.0
2021-05-20 14:07:00, 125.75, 125.75, 125.73, 125.73, 300, 0.0
2021-05-20 14:08:00, 125.705, 125.705, 125.705, 125.705, 100, 0.0
2021-05-20 14:09:00, 125.72, 125.72, 125.72, 125.72, 112, 0.0
2021-05-20 14:10:00, 125.7, 125.7, 125.69, 125.69, 354, 0.0
2021-05-20 14:13:00, 125.74, 125.74, 125.74, 125.74, 122, 0.0
2021-05-20 14:14:00, 125.69, 125.69, 125.69, 125.69, 100, 0.0
2021-05-20 14:16:00, 125.67, 125.68, 125.67, 125.68, 245, 0.0
2021-05-20 14:17:00, 125.63, 125.64, 125.62, 125.64, 601, 0.0
2021-05-20 14:18:00, 125.69, 125.69, 125.69, 125.69, 100, 0.0
2021-05-20 14:19:00, 125.67, 125.67, 125.64, 125.64, 200, 0.0
2021-05-20 14:20:00, 125.62, 125.62, 125.6, 125.6, 321, 0.0
2021-05-20 14:21:00, 125.64, 125.64, 125.64, 125.64, 161, 0.0
2021-05-20 14:22:00, 125.65, 125.65, 125.65, 125.65, 209, 0.0
2021-05-20 14:23:00, 125.55, 125.55, 125.55, 125.55, 204, 0.0
2021-05-20 14:24:00, 125.615, 125.615, 125.615, 125.615, 381, 0.0
2021-05-20 14:26:00, 125.58, 125.595, 125.565, 125.575, 954, 0.0
2021-05-20 14:27:00, 125.59, 125.635, 125.59, 125.635, 200, 0.0
2021-05-20 14:28:00, 125.65, 125.65, 125.65, 125.65, 328, 0.0
2021-05-20 14:29:00, 125.67, 125.67, 125.67, 125.67, 235, 0.0
2021-05-20 14:30:00, 125.79, 125.79, 125.79, 125.79, 292, 0.0
2021-05-20 14:31:00, 125.86, 125.86, 125.86, 125.86, 227, 0.0
2021-05-20 14:32:00, 125.91, 125.96, 125.89, 125.89, 602, 0.0
2021-05-20 14:33:00, 125.92, 125.92, 125.89, 125.89, 611, 0.0
2021-05-20 14:34:00, 125.81, 125.81, 125.78, 125.78, 359, 0.0
2021-05-20 14:35:00, 125.79, 125.8, 125.74, 125.74, 755, 0.0
2021-05-20 14:36:00, 125.76, 125.76, 125.76, 125.76, 176, 0.0
2021-05-20 14:37:00, 125.63, 125.63, 125.61, 125.61, 245, 0.0
2021-05-20 14:38:00, 125.59, 125.67, 125.59, 125.67, 766, 0.0
2021-05-20 14:40:00, 125.63, 125.63, 125.63, 125.63, 245, 0.0
2021-05-20 14:42:00, 125.47, 125.47, 125.47, 125.47, 259, 0.0
2021-05-20 14:43:00, 125.43, 125.43, 125.37, 125.38, 301, 0.0
2021-05-20 14:44:00, 125.37, 125.47, 125.37, 125.47, 923, 0.0
2021-05-20 14:45:00, 125.54, 125.61, 125.54, 125.61, 354, 0.0
2021-05-20 14:46:00, 125.61, 125.61, 125.59, 125.59, 301, 0.0
2021-05-20 14:47:00, 125.575, 125.71, 125.575, 125.71, 589, 0.0
2021-05-20 14:48:00, 125.6, 125.6, 125.6, 125.6, 361, 0.0
2021-05-20 14:50:00, 125.47, 125.47, 125.35, 125.37, 808, 0.0
2021-05-20 14:51:00, 125.3, 125.32, 125.29, 125.32, 1015, 0.0
2021-05-20 14:52:00, 125.38, 125.43, 125.36, 125.405, 422, 0.0
2021-05-20 14:53:00, 125.49, 125.5, 125.47, 125.47, 876, 0.0
2021-05-20 14:54:00, 125.485, 125.58, 125.425, 125.51, 2250, 0.0
2021-05-20 14:55:00, 125.43, 125.44, 125.36, 125.38, 1471, 0.0
2021-05-20 14:56:00, 125.34, 125.36, 125.295, 125.31, 1092, 0.0
2021-05-20 14:57:00, 125.305, 125.425, 125.305, 125.36, 2126, 0.0
2021-05-20 14:58:00, 125.315, 125.315, 125.25, 125.25, 1314, 0.0
2021-05-20 14:59:00, 125.265, 125.305, 125.21, 125.22, 1853, 0.0
2021-05-21 08:30:00, 126.195, 126.195, 126.195, 126.195, 219, 0.0
2021-05-21 08:31:00, 125.9, 125.9, 125.9, 125.9, 100, 0.0
2021-05-21 08:32:00, 126.175, 126.25, 126.03, 126.03, 835, 0.0
2021-05-21 08:33:00, 126.21, 126.375, 126.18, 126.375, 537, 0.0
2021-05-21 08:34:00, 126.315, 126.44, 126.315, 126.44, 602, 0.0
2021-05-21 08:35:00, 126.27, 126.27, 126.08, 126.08, 300, 0.0
2021-05-21 08:36:00, 126.105, 126.295, 126.105, 126.18, 605, 0.0
2021-05-21 08:37:00, 126.14, 126.22, 126.05, 126.22, 400, 0.0
2021-05-21 08:38:00, 126, 126, 125.95, 125.95, 200, 0.0
2021-05-21 08:39:00, 125.85, 125.85, 125.77, 125.83, 510, 0.0
2021-05-21 08:40:00, 125.67, 125.79, 125.67, 125.79, 662, 0.0
2021-05-21 08:41:00, 125.72, 125.72, 125.72, 125.72, 146, 0.0
2021-05-21 08:42:00, 125.79, 125.89, 125.79, 125.81, 520, 0.0
2021-05-21 08:43:00, 125.85, 125.85, 125.85, 125.85, 257, 0.0
2021-05-21 08:44:00, 125.68, 125.68, 125.65, 125.68, 300, 0.0
2021-05-21 08:45:00, 125.53, 125.53, 125.37, 125.37, 577, 0.0
2021-05-21 08:46:00, 125.08, 125.2, 125.08, 125.2, 353, 0.0
2021-05-21 08:47:00, 125.23, 125.27, 125.2, 125.2, 809, 0.0
2021-05-21 08:48:00, 125.36, 125.36, 125.36, 125.36, 100, 0.0
2021-05-21 08:49:00, 125.26, 125.26, 125.26, 125.26, 100, 0.0
2021-05-21 08:50:00, 125.27, 125.27, 125.27, 125.27, 100, 0.0
2021-05-21 08:51:00, 125.25, 125.33, 125.25, 125.33, 355, 0.0
2021-05-21 08:52:00, 125.225, 125.225, 125.13, 125.21, 310, 0.0
2021-05-21 08:53:00, 125.11, 125.12, 125.11, 125.12, 340, 0.0
2021-05-21 08:54:00, 125.24, 125.24, 125.24, 125.24, 100, 0.0
2021-05-21 08:55:00, 125.27, 125.285, 125.19, 125.19, 306, 0.0
2021-05-21 08:56:00, 125.08, 125.12, 125.08, 125.12, 412, 0.0
2021-05-21 08:57:00, 125.35, 125.415, 125.35, 125.415, 243, 0.0
2021-05-21 08:58:00, 125.44, 125.44, 125.43, 125.44, 410, 0.0
2021-05-21 08:59:00, 125.42, 125.57, 125.37, 125.57, 562, 0.0
2021-05-21 09:00:00, 125.615, 125.72, 125.615, 125.72, 200, 0.0
2021-05-21 09:01:00, 125.64, 125.64, 125.545, 125.545, 375, 0.0
2021-05-21 09:02:00, 125.485, 125.485, 125.43, 125.43, 501, 0.0
2021-05-21 09:04:00, 125.365, 125.44, 125.33, 125.44, 383, 0.0
2021-05-21 09:05:00, 125.35, 125.35, 125.3, 125.3, 452, 0.0
2021-05-21 09:06:00, 125.16, 125.16, 125.16, 125.16, 133, 0.0
2021-05-21 09:07:00, 125.08, 125.125, 124.955, 124.955, 925, 0.0
2021-05-21 09:08:00, 124.82, 124.84, 124.77, 124.77, 511, 0.0
2021-05-21 09:09:00, 124.65, 124.76, 124.65, 124.76, 783, 0.0
2021-05-21 09:10:00, 124.9, 124.9, 124.9, 124.9, 147, 0.0
2021-05-21 09:11:00, 125.11, 125.19, 125.11, 125.19, 304, 0.0
2021-05-21 09:12:00, 125.11, 125.135, 125.11, 125.11, 355, 0.0
2021-05-21 09:14:00, 125.05, 125.05, 125.05, 125.05, 102, 0.0
2021-05-21 09:15:00, 124.86, 124.87, 124.84, 124.84, 498, 0.0
2021-05-21 09:16:00, 124.78, 124.92, 124.78, 124.92, 604, 0.0
2021-05-21 09:17:00, 124.89, 124.89, 124.76, 124.78, 482, 0.0
2021-05-21 09:18:00, 124.66, 124.66, 124.505, 124.505, 322, 0.0
2021-05-21 09:19:00, 124.58, 124.58, 124.52, 124.52, 268, 0.0
2021-05-21 09:20:00, 124.52, 124.52, 124.49, 124.49, 453, 0.0
2021-05-21 09:21:00, 124.435, 124.435, 124.385, 124.4, 443, 0.0
2021-05-21 09:22:00, 124.39, 124.43, 124.39, 124.43, 226, 0.0
2021-05-21 09:24:00, 124.775, 124.775, 124.71, 124.71, 296, 0.0
2021-05-21 09:25:00, 124.61, 124.73, 124.61, 124.73, 220, 0.0
2021-05-21 09:26:00, 124.56, 124.56, 124.35, 124.35, 201, 0.0
2021-05-21 09:27:00, 124.37, 124.525, 124.37, 124.525, 792, 0.0
2021-05-21 09:28:00, 124.48, 124.48, 124.4, 124.44, 564, 0.0
2021-05-21 09:31:00, 124.365, 124.365, 124.365, 124.365, 100, 0.0
2021-05-21 09:32:00, 124.51, 124.51, 124.51, 124.51, 116, 0.0
2021-05-21 09:33:00, 124.61, 124.61, 124.61, 124.61, 100, 0.0
2021-05-21 09:34:00, 124.52, 124.52, 124.52, 124.52, 100, 0.0
2021-05-21 09:35:00, 124.545, 124.57, 124.545, 124.57, 200, 0.0
2021-05-21 09:36:00, 124.44, 124.44, 124.35, 124.35, 305, 0.0
2021-05-21 09:37:00, 123.99, 123.99, 123.91, 123.91, 298, 0.0
2021-05-21 09:38:00, 123.91, 123.94, 123.85, 123.94, 790, 0.0
2021-05-21 09:40:00, 123.875, 123.92, 123.875, 123.92, 488, 0.0
2021-05-21 09:41:00, 123.79, 123.79, 123.79, 123.79, 100, 0.0
2021-05-21 09:42:00, 123.86, 123.86, 123.86, 123.86, 216, 0.0
2021-05-21 09:43:00, 124.08, 124.08, 124.08, 124.08, 150, 0.0
2021-05-21 09:45:00, 124.01, 124.01, 124.01, 124.01, 271, 0.0
2021-05-21 09:46:00, 123.82, 123.86, 123.82, 123.86, 303, 0.0
2021-05-21 09:47:00, 123.76, 123.76, 123.7, 123.7, 200, 0.0
2021-05-21 09:49:00, 123.73, 123.73, 123.73, 123.73, 104, 0.0
2021-05-21 09:50:00, 123.74, 123.74, 123.74, 123.74, 246, 0.0
2021-05-21 09:51:00, 123.79, 123.79, 123.72, 123.72, 361, 0.0
2021-05-21 09:52:00, 123.7, 123.7, 123.7, 123.7, 170, 0.0
2021-05-21 09:54:00, 123.69, 123.69, 123.69, 123.69, 100, 0.0
2021-05-21 09:55:00, 123.59, 123.63, 123.59, 123.63, 233, 0.0
2021-05-21 09:56:00, 123.67, 123.71, 123.67, 123.71, 301, 0.0
2021-05-21 09:57:00, 123.74, 123.74, 123.74, 123.74, 156, 0.0
2021-05-21 09:58:00, 123.91, 123.92, 123.91, 123.92, 233, 0.0
2021-05-21 09:59:00, 124, 124.13, 124, 124.13, 600, 0.0
2021-05-21 10:00:00, 124.21, 124.21, 124.21, 124.21, 269, 0.0
2021-05-21 10:03:00, 123.95, 123.95, 123.95, 123.95, 216, 0.0
2021-05-21 10:05:00, 123.78, 123.81, 123.78, 123.8, 422, 0.0
2021-05-21 10:06:00, 123.93, 123.93, 123.93, 123.93, 133, 0.0
2021-05-21 10:07:00, 123.91, 124.03, 123.91, 124.03, 337, 0.0
2021-05-21 10:08:00, 124.15, 124.15, 124.15, 124.15, 100, 0.0
2021-05-21 10:10:00, 124.27, 124.27, 124.27, 124.27, 238, 0.0
2021-05-21 10:11:00, 124.29, 124.29, 124.29, 124.29, 200, 0.0
2021-05-21 10:13:00, 124.14, 124.14, 124.14, 124.14, 293, 0.0
2021-05-21 10:14:00, 124.24, 124.24, 124.23, 124.23, 218, 0.0
2021-05-21 10:15:00, 124.25, 124.25, 124.25, 124.25, 100, 0.0
2021-05-21 10:17:00, 124.09, 124.09, 124.09, 124.09, 145, 0.0
2021-05-21 10:19:00, 124.08, 124.11, 124.08, 124.11, 363, 0.0
2021-05-21 10:22:00, 124.02, 124.04, 124.02, 124.04, 406, 0.0
2021-05-21 10:24:00, 124.09, 124.09, 124.09, 124.09, 143, 0.0
2021-05-21 10:25:00, 124.02, 124.06, 124.02, 124.06, 304, 0.0
2021-05-21 10:27:00, 123.91, 123.91, 123.85, 123.85, 331, 0.0
2021-05-21 10:30:00, 123.64, 123.64, 123.64, 123.64, 206, 0.0
2021-05-21 10:32:00, 123.65, 123.65, 123.65, 123.65, 200, 0.0
2021-05-21 10:35:00, 123.63, 123.63, 123.63, 123.63, 210, 0.0
2021-05-21 10:36:00, 123.565, 123.565, 123.565, 123.565, 105, 0.0
2021-05-21 10:38:00, 123.47, 123.47, 123.45, 123.47, 555, 0.0
2021-05-21 10:39:00, 123.51, 123.51, 123.51, 123.51, 312, 0.0
2021-05-21 10:40:00, 123.7, 123.7, 123.7, 123.7, 279, 0.0
2021-05-21 10:41:00, 123.64, 123.64, 123.6, 123.6, 203, 0.0
2021-05-21 10:42:00, 123.53, 123.53, 123.53, 123.53, 212, 0.0
2021-05-21 10:47:00, 123.51, 123.55, 123.51, 123.55, 325, 0.0
2021-05-21 10:51:00, 123.47, 123.47, 123.47, 123.47, 144, 0.0
2021-05-21 10:52:00, 123.51, 123.51, 123.45, 123.48, 410, 0.0
2021-05-21 10:53:00, 123.41, 123.41, 123.41, 123.41, 100, 0.0
2021-05-21 10:54:00, 123.36, 123.36, 123.36, 123.36, 110, 0.0
2021-05-21 10:55:00, 123.15, 123.15, 123.15, 123.15, 143, 0.0
2021-05-21 10:56:00, 123.28, 123.28, 123.28, 123.28, 121, 0.0
2021-05-21 10:57:00, 123.28, 123.28, 123.28, 123.28, 113, 0.0
2021-05-21 11:00:00, 123.23, 123.265, 123.23, 123.265, 306, 0.0
2021-05-21 11:03:00, 123.34, 123.37, 123.34, 123.37, 311, 0.0
2021-05-21 11:07:00, 123.41, 123.41, 123.41, 123.41, 101, 0.0
2021-05-21 11:08:00, 123.24, 123.24, 123.24, 123.24, 375, 0.0
2021-05-21 11:13:00, 123.19, 123.19, 123.19, 123.19, 114, 0.0
2021-05-21 11:14:00, 123.19, 123.19, 123.19, 123.19, 182, 0.0
2021-05-21 11:16:00, 123.32, 123.32, 123.32, 123.32, 260, 0.0
2021-05-21 11:17:00, 123.36, 123.36, 123.36, 123.36, 151, 0.0
2021-05-21 11:18:00, 123.33, 123.33, 123.33, 123.33, 317, 0.0
2021-05-21 11:19:00, 123.36, 123.36, 123.36, 123.36, 102, 0.0
2021-05-21 11:20:00, 123.37, 123.37, 123.37, 123.37, 133, 0.0
2021-05-21 11:21:00, 123.38, 123.5, 123.38, 123.5, 307, 0.0
2021-05-21 11:23:00, 123.39, 123.39, 123.39, 123.39, 100, 0.0
2021-05-21 11:24:00, 123.38, 123.4, 123.38, 123.4, 382, 0.0
2021-05-21 11:26:00, 123.41, 123.41, 123.31, 123.31, 333, 0.0
2021-05-21 11:31:00, 123.46, 123.46, 123.46, 123.46, 156, 0.0
2021-05-21 11:33:00, 123.41, 123.41, 123.41, 123.41, 135, 0.0
2021-05-21 11:39:00, 123.57, 123.57, 123.57, 123.57, 133, 0.0
2021-05-21 11:43:00, 123.49, 123.49, 123.49, 123.49, 155, 0.0
2021-05-21 11:44:00, 123.56, 123.56, 123.56, 123.56, 321, 0.0
2021-05-21 11:46:00, 123.45, 123.45, 123.45, 123.45, 133, 0.0
2021-05-21 11:48:00, 123.36, 123.36, 123.36, 123.36, 126, 0.0
2021-05-21 11:52:00, 123.48, 123.48, 123.48, 123.48, 110, 0.0
2021-05-21 11:53:00, 123.23, 123.23, 123.23, 123.23, 128, 0.0
2021-05-21 11:54:00, 123.21, 123.21, 123.21, 123.21, 115, 0.0
2021-05-21 11:56:00, 123.17, 123.17, 123.17, 123.17, 111, 0.0
2021-05-21 11:58:00, 123.43, 123.43, 123.43, 123.43, 233, 0.0
2021-05-21 12:06:00, 123.6, 123.6, 123.6, 123.6, 214, 0.0
2021-05-21 12:09:00, 123.55, 123.55, 123.55, 123.55, 110, 0.0
2021-05-21 12:10:00, 123.57, 123.64, 123.57, 123.64, 330, 0.0
2021-05-21 12:12:00, 123.52, 123.52, 123.51, 123.51, 200, 0.0
2021-05-21 12:20:00, 123.52, 123.52, 123.52, 123.52, 246, 0.0
2021-05-21 12:31:00, 123.725, 123.82, 123.725, 123.82, 300, 0.0
2021-05-21 12:33:00, 123.81, 123.82, 123.81, 123.82, 315, 0.0
2021-05-21 12:37:00, 123.89, 123.89, 123.89, 123.89, 200, 0.0
2021-05-21 12:39:00, 123.835, 123.835, 123.835, 123.835, 277, 0.0
2021-05-21 12:44:00, 123.84, 123.89, 123.84, 123.885, 710, 0.0
2021-05-21 12:48:00, 123.78, 123.78, 123.705, 123.73, 537, 0.0
2021-05-21 12:49:00, 123.76, 123.76, 123.76, 123.76, 208, 0.0
2021-05-21 12:50:00, 123.86, 123.86, 123.86, 123.86, 199, 0.0
2021-05-21 12:55:00, 123.68, 123.68, 123.68, 123.68, 100, 0.0
2021-05-21 13:00:00, 123.74, 123.74, 123.74, 123.74, 100, 0.0
2021-05-21 13:03:00, 123.75, 123.75, 123.75, 123.75, 109, 0.0
2021-05-21 13:04:00, 123.72, 123.72, 123.72, 123.72, 133, 0.0
2021-05-21 13:07:00, 123.725, 123.725, 123.725, 123.725, 206, 0.0
2021-05-21 13:10:00, 123.85, 123.85, 123.85, 123.85, 133, 0.0
2021-05-21 13:12:00, 123.89, 123.89, 123.87, 123.87, 335, 0.0
2021-05-21 13:15:00, 123.84, 123.84, 123.84, 123.84, 116, 0.0
2021-05-21 13:23:00, 123.84, 123.84, 123.83, 123.83, 276, 0.0
2021-05-21 13:26:00, 123.75, 123.75, 123.75, 123.75, 366, 0.0
2021-05-21 13:28:00, 123.57, 123.57, 123.57, 123.57, 212, 0.0
2021-05-21 13:30:00, 123.67, 123.67, 123.67, 123.67, 136, 0.0
2021-05-21 13:38:00, 123.59, 123.59, 123.59, 123.59, 102, 0.0
2021-05-21 13:52:00, 123.62, 123.62, 123.62, 123.62, 241, 0.0
2021-05-21 13:54:00, 123.61, 123.62, 123.61, 123.62, 222, 0.0
2021-05-21 13:57:00, 123.65, 123.65, 123.65, 123.65, 102, 0.0
2021-05-21 14:03:00, 123.61, 123.61, 123.61, 123.61, 137, 0.0
2021-05-21 14:04:00, 123.6, 123.6, 123.6, 123.6, 300, 0.0
2021-05-21 14:05:00, 123.65, 123.65, 123.65, 123.65, 136, 0.0
2021-05-21 14:10:00, 123.715, 123.715, 123.715, 123.715, 100, 0.0
2021-05-21 14:11:00, 123.86, 123.86, 123.86, 123.86, 150, 0.0
2021-05-21 14:12:00, 123.88, 123.88, 123.88, 123.88, 133, 0.0
2021-05-21 14:15:00, 123.85, 123.91, 123.85, 123.91, 209, 0.0
2021-05-21 14:21:00, 123.79, 123.81, 123.79, 123.81, 300, 0.0
2021-05-21 14:23:00, 123.85, 123.85, 123.85, 123.85, 300, 0.0
2021-05-21 14:25:00, 123.745, 123.745, 123.745, 123.745, 303, 0.0
2021-05-21 14:26:00, 123.74, 123.75, 123.74, 123.75, 210, 0.0
2021-05-21 14:27:00, 123.77, 123.77, 123.77, 123.77, 201, 0.0
2021-05-21 14:28:00, 123.825, 123.825, 123.825, 123.825, 100, 0.0
2021-05-21 14:30:00, 123.79, 123.79, 123.78, 123.78, 271, 0.0
2021-05-21 14:33:00, 123.67, 123.67, 123.67, 123.67, 200, 0.0
2021-05-21 14:34:00, 123.64, 123.64, 123.61, 123.61, 304, 0.0
2021-05-21 14:35:00, 123.65, 123.695, 123.65, 123.695, 313, 0.0
2021-05-21 14:38:00, 123.75, 123.75, 123.75, 123.75, 147, 0.0
2021-05-21 14:39:00, 123.75, 123.75, 123.73, 123.73, 212, 0.0
2021-05-21 14:43:00, 123.67, 123.67, 123.58, 123.58, 501, 0.0
2021-05-21 14:46:00, 123.49, 123.49, 123.49, 123.49, 227, 0.0
2021-05-21 14:47:00, 123.525, 123.525, 123.52, 123.52, 307, 0.0
2021-05-21 14:49:00, 123.48, 123.54, 123.48, 123.54, 390, 0.0
2021-05-21 14:52:00, 123.5, 123.6, 123.5, 123.6, 497, 0.0
2021-05-21 14:53:00, 123.55, 123.55, 123.55, 123.55, 105, 0.0
2021-05-21 14:54:00, 123.42, 123.44, 123.345, 123.345, 1169, 0.0
2021-05-21 14:55:00, 123.41, 123.41, 123.39, 123.39, 410, 0.0
2021-05-21 14:56:00, 123.345, 123.36, 123.32, 123.32, 780, 0.0
2021-05-21 14:57:00, 123.34, 123.34, 123.34, 123.34, 459, 0.0
2021-05-21 14:58:00, 123.37, 123.39, 123.37, 123.39, 479, 0.0
2021-05-21 14:59:00, 123.43, 123.43, 123.36, 123.43, 891, 0.0
2021-05-24 08:30:00, 125.33, 125.7, 125.22, 125.7, 1961, 0.0
2021-05-24 08:32:00, 125.51, 125.86, 125.51, 125.86, 653, 0.0
2021-05-24 08:35:00, 125.68, 125.75, 125.68, 125.75, 210, 0.0
2021-05-24 08:36:00, 125.92, 125.92, 125.92, 125.92, 186, 0.0
2021-05-24 08:37:00, 125.95, 126, 125.92, 126, 362, 0.0
2021-05-24 08:38:00, 126.12, 126.13, 126.11, 126.13, 600, 0.0
2021-05-24 08:40:00, 126.16, 126.26, 126.16, 126.26, 437, 0.0
2021-05-24 08:41:00, 126.2, 126.23, 126.2, 126.23, 577, 0.0
2021-05-24 08:42:00, 126.19, 126.19, 126.19, 126.19, 114, 0.0
2021-05-24 08:43:00, 125.95, 126, 125.9, 126, 315, 0.0
2021-05-24 08:44:00, 125.97, 125.97, 125.97, 125.97, 148, 0.0
2021-05-24 08:45:00, 126.02, 126.02, 125.98, 125.98, 248, 0.0
2021-05-24 08:46:00, 126.08, 126.08, 126.08, 126.08, 148, 0.0
2021-05-24 08:47:00, 126.26, 126.26, 126.26, 126.26, 133, 0.0
2021-05-24 08:48:00, 126.33, 126.33, 126.13, 126.13, 212, 0.0
2021-05-24 08:49:00, 126.34, 126.34, 126.34, 126.34, 152, 0.0
2021-05-24 08:50:00, 126.35, 126.35, 126.35, 126.35, 122, 0.0
2021-05-24 08:51:00, 126.28, 126.3, 126.26, 126.3, 432, 0.0
2021-05-24 08:52:00, 126.35, 126.35, 126.35, 126.35, 133, 0.0
2021-05-24 08:53:00, 126.01, 126.01, 126.01, 126.01, 155, 0.0
2021-05-24 08:54:00, 126.1, 126.1, 126.01, 126.01, 200, 0.0
2021-05-24 08:55:00, 126.03, 126.03, 126.03, 126.03, 105, 0.0
2021-05-24 08:59:00, 125.89, 125.89, 125.89, 125.89, 100, 0.0
2021-05-24 09:00:00, 126.13, 126.24, 126.13, 126.21, 510, 0.0
2021-05-24 09:01:00, 126.27, 126.4, 126.27, 126.35, 462, 0.0
2021-05-24 09:02:00, 126.44, 126.68, 126.44, 126.68, 377, 0.0
2021-05-24 09:03:00, 126.62, 126.62, 126.59, 126.59, 300, 0.0
2021-05-24 09:04:00, 126.42, 126.42, 126.42, 126.42, 135, 0.0
2021-05-24 09:08:00, 126.44, 126.44, 126.44, 126.44, 252, 0.0
2021-05-24 09:10:00, 126.48, 126.52, 126.48, 126.52, 415, 0.0
2021-05-24 09:11:00, 126.825, 126.83, 126.825, 126.83, 362, 0.0
2021-05-24 09:12:00, 126.79, 126.79, 126.79, 126.79, 169, 0.0
2021-05-24 09:13:00, 126.81, 126.82, 126.81, 126.81, 524, 0.0
2021-05-24 09:15:00, 126.77, 126.82, 126.76, 126.76, 867, 0.0
2021-05-24 09:16:00, 126.91, 126.97, 126.89, 126.97, 454, 0.0
2021-05-24 09:17:00, 126.855, 126.855, 126.855, 126.855, 201, 0.0
2021-05-24 09:19:00, 126.78, 126.8, 126.76, 126.8, 308, 0.0
2021-05-24 09:20:00, 126.96, 126.96, 126.96, 126.96, 102, 0.0
2021-05-24 09:21:00, 127.03, 127.07, 127.03, 127.07, 411, 0.0
2021-05-24 09:22:00, 127.11, 127.15, 127.11, 127.15, 467, 0.0
2021-05-24 09:24:00, 126.95, 126.95, 126.95, 126.95, 238, 0.0
2021-05-24 09:25:00, 126.97, 126.97, 126.93, 126.93, 386, 0.0
2021-05-24 09:26:00, 126.83, 126.83, 126.83, 126.83, 133, 0.0
2021-05-24 09:30:00, 126.81, 126.875, 126.81, 126.875, 659, 0.0
2021-05-24 09:33:00, 126.77, 126.77, 126.77, 126.77, 306, 0.0
2021-05-24 09:36:00, 126.83, 126.83, 126.83, 126.83, 106, 0.0
2021-05-24 09:37:00, 126.98, 127.01, 126.98, 127.01, 217, 0.0
2021-05-24 09:39:00, 127.01, 127.01, 127.01, 127.01, 233, 0.0
2021-05-24 09:41:00, 127, 127, 127, 127, 212, 0.0
2021-05-24 09:43:00, 126.89, 126.89, 126.89, 126.89, 100, 0.0
2021-05-24 09:45:00, 126.93, 126.93, 126.93, 126.93, 100, 0.0
2021-05-24 09:46:00, 126.86, 126.97, 126.86, 126.95, 330, 0.0
2021-05-24 09:47:00, 126.94, 126.94, 126.94, 126.94, 117, 0.0
2021-05-24 09:48:00, 126.79, 126.79, 126.79, 126.79, 115, 0.0
2021-05-24 09:51:00, 126.81, 126.81, 126.81, 126.81, 114, 0.0
2021-05-24 09:54:00, 126.89, 126.89, 126.89, 126.89, 110, 0.0
2021-05-24 09:55:00, 126.89, 126.89, 126.89, 126.89, 137, 0.0
2021-05-24 09:56:00, 126.86, 126.86, 126.86, 126.86, 144, 0.0
2021-05-24 10:00:00, 126.51, 126.51, 126.51, 126.51, 102, 0.0
2021-05-24 10:04:00, 126.75, 126.75, 126.75, 126.75, 173, 0.0
2021-05-24 10:06:00, 126.71, 126.71, 126.71, 126.71, 114, 0.0
2021-05-24 10:09:00, 126.85, 126.85, 126.85, 126.85, 100, 0.0
2021-05-24 10:11:00, 126.8, 126.8, 126.8, 126.8, 333, 0.0
2021-05-24 10:13:00, 126.8, 126.8, 126.8, 126.8, 100, 0.0
2021-05-24 10:14:00, 127.01, 127.01, 127.01, 127.01, 123, 0.0
2021-05-24 10:18:00, 127, 127, 127, 127, 137, 0.0
2021-05-24 10:20:00, 127.17, 127.17, 127.14, 127.14, 220, 0.0
2021-05-24 10:21:00, 127.12, 127.12, 127.12, 127.12, 500, 0.0
2021-05-24 10:24:00, 127.07, 127.07, 127.07, 127.07, 181, 0.0
2021-05-24 10:26:00, 127.04, 127.08, 127.04, 127.08, 431, 0.0
2021-05-24 10:27:00, 127.05, 127.05, 127.02, 127.02, 207, 0.0
2021-05-24 10:31:00, 127.07, 127.07, 127.07, 127.07, 133, 0.0
2021-05-24 10:32:00, 127.05, 127.05, 127.05, 127.05, 147, 0.0
2021-05-24 10:33:00, 127.1, 127.1, 127.1, 127.1, 333, 0.0
2021-05-24 10:35:00, 127.04, 127.04, 127.04, 127.04, 141, 0.0
2021-05-24 10:44:00, 127.07, 127.07, 127.07, 127.07, 134, 0.0
2021-05-24 10:45:00, 127.02, 127.02, 127.02, 127.02, 124, 0.0
2021-05-24 10:47:00, 127.13, 127.13, 127.13, 127.13, 133, 0.0
2021-05-24 10:52:00, 127.11, 127.11, 127.09, 127.09, 224, 0.0
2021-05-24 10:54:00, 127.08, 127.15, 127.08, 127.15, 200, 0.0
2021-05-24 10:57:00, 127.105, 127.105, 127.105, 127.105, 136, 0.0
2021-05-24 11:00:00, 126.98, 126.98, 126.98, 126.98, 101, 0.0
2021-05-24 11:01:00, 126.98, 126.98, 126.98, 126.98, 212, 0.0
2021-05-24 11:04:00, 127.12, 127.12, 127.12, 127.12, 100, 0.0
2021-05-24 11:09:00, 127.05, 127.05, 127.035, 127.035, 333, 0.0
2021-05-24 11:10:00, 126.93, 126.93, 126.93, 126.93, 100, 0.0
2021-05-24 11:11:00, 126.93, 126.93, 126.93, 126.93, 107, 0.0
2021-05-24 11:16:00, 127.01, 127.01, 127.01, 127.01, 114, 0.0
2021-05-24 11:19:00, 127.16, 127.16, 127.16, 127.16, 153, 0.0
2021-05-24 11:20:00, 127.13, 127.13, 127.07, 127.07, 200, 0.0
2021-05-24 11:21:00, 127.06, 127.06, 127.06, 127.06, 114, 0.0
2021-05-24 11:22:00, 127.11, 127.11, 127.11, 127.11, 104, 0.0
2021-05-24 11:23:00, 127.12, 127.12, 127.12, 127.12, 179, 0.0
2021-05-24 11:24:00, 127.09, 127.09, 127.01, 127.01, 206, 0.0
2021-05-24 11:25:00, 127.05, 127.05, 127.05, 127.05, 133, 0.0
2021-05-24 11:26:00, 127.01, 127.04, 127.01, 127.04, 233, 0.0
2021-05-24 11:28:00, 127.03, 127.03, 127.03, 127.03, 133, 0.0
2021-05-24 11:29:00, 127.13, 127.15, 127.13, 127.13, 310, 0.0
2021-05-24 11:30:00, 127.13, 127.145, 127.13, 127.145, 268, 0.0
2021-05-24 11:31:00, 127.185, 127.185, 127.18, 127.18, 520, 0.0
2021-05-24 11:32:00, 127.17, 127.17, 127.17, 127.17, 105, 0.0
2021-05-24 11:33:00, 127.13, 127.15, 127.13, 127.15, 355, 0.0
2021-05-24 11:36:00, 126.99, 126.99, 126.99, 126.99, 101, 0.0
2021-05-24 11:38:00, 126.95, 126.97, 126.95, 126.97, 206, 0.0
2021-05-24 11:42:00, 126.91, 126.91, 126.91, 126.91, 104, 0.0
2021-05-24 11:43:00, 126.95, 126.95, 126.95, 126.95, 152, 0.0
2021-05-24 11:46:00, 126.97, 126.97, 126.97, 126.97, 110, 0.0
2021-05-24 11:47:00, 126.99, 127, 126.99, 127, 324, 0.0
2021-05-24 11:48:00, 126.98, 126.98, 126.97, 126.97, 203, 0.0
2021-05-24 11:49:00, 127, 127, 126.99, 126.99, 201, 0.0
2021-05-24 11:50:00, 126.91, 126.91, 126.86, 126.86, 259, 0.0
2021-05-24 11:54:00, 126.74, 126.76, 126.74, 126.76, 346, 0.0
2021-05-24 11:55:00, 126.83, 126.83, 126.78, 126.78, 419, 0.0
2021-05-24 11:59:00, 126.93, 126.93, 126.93, 126.93, 191, 0.0
2021-05-24 12:00:00, 126.94, 126.98, 126.94, 126.98, 208, 0.0
2021-05-24 12:01:00, 126.96, 126.96, 126.96, 126.96, 101, 0.0
2021-05-24 12:03:00, 126.95, 126.97, 126.95, 126.97, 202, 0.0
2021-05-24 12:08:00, 126.82, 126.82, 126.82, 126.82, 104, 0.0
2021-05-24 12:09:00, 126.81, 126.81, 126.79, 126.79, 301, 0.0
2021-05-24 12:11:00, 126.83, 126.83, 126.83, 126.83, 115, 0.0
2021-05-24 12:12:00, 126.79, 126.79, 126.79, 126.79, 100, 0.0
2021-05-24 12:14:00, 126.75, 126.75, 126.75, 126.75, 125, 0.0
2021-05-24 12:15:00, 126.72, 126.72, 126.72, 126.72, 228, 0.0
2021-05-24 12:16:00, 126.71, 126.71, 126.71, 126.71, 305, 0.0
2021-05-24 12:20:00, 126.84, 126.84, 126.84, 126.84, 109, 0.0
2021-05-24 12:21:00, 126.85, 126.85, 126.85, 126.85, 443, 0.0
2021-05-24 12:23:00, 126.83, 126.83, 126.83, 126.83, 204, 0.0
2021-05-24 12:24:00, 126.77, 126.77, 126.77, 126.77, 101, 0.0
2021-05-24 12:30:00, 126.85, 126.85, 126.85, 126.85, 108, 0.0
2021-05-24 12:35:00, 127.04, 127.04, 127.04, 127.04, 281, 0.0
2021-05-24 12:36:00, 127.08, 127.08, 127.08, 127.08, 116, 0.0
2021-05-24 12:37:00, 127.05, 127.05, 127.04, 127.04, 234, 0.0
2021-05-24 12:43:00, 127.09, 127.12, 127.09, 127.11, 365, 0.0
2021-05-24 12:44:00, 127.14, 127.15, 127.11, 127.11, 649, 0.0
2021-05-24 12:48:00, 127.06, 127.06, 127.06, 127.06, 100, 0.0
2021-05-24 12:49:00, 127.11, 127.13, 127.11, 127.13, 201, 0.0
2021-05-24 12:53:00, 127.19, 127.19, 127.19, 127.19, 102, 0.0
2021-05-24 12:56:00, 127.145, 127.145, 127.145, 127.145, 100, 0.0
2021-05-24 12:59:00, 127.13, 127.15, 127.13, 127.15, 301, 0.0
2021-05-24 13:02:00, 127.07, 127.07, 127.07, 127.07, 133, 0.0
2021-05-24 13:03:00, 127.07, 127.07, 127.07, 127.07, 101, 0.0
2021-05-24 13:05:00, 127.19, 127.19, 127.19, 127.19, 200, 0.0
2021-05-24 13:07:00, 127.13, 127.13, 127.13, 127.13, 116, 0.0
2021-05-24 13:08:00, 127.08, 127.08, 127.08, 127.08, 200, 0.0
2021-05-24 13:09:00, 127.06, 127.06, 127.06, 127.06, 100, 0.0
2021-05-24 13:10:00, 127.06, 127.06, 127.06, 127.06, 130, 0.0
2021-05-24 13:11:00, 127.03, 127.03, 127.03, 127.03, 272, 0.0
2021-05-24 13:15:00, 126.97, 126.97, 126.945, 126.945, 381, 0.0
2021-05-24 13:17:00, 126.93, 126.93, 126.93, 126.93, 101, 0.0
2021-05-24 13:20:00, 126.94, 126.97, 126.94, 126.97, 206, 0.0
2021-05-24 13:21:00, 126.99, 126.99, 126.99, 126.99, 200, 0.0
2021-05-24 13:23:00, 127.015, 127.015, 127.015, 127.015, 101, 0.0
2021-05-24 13:24:00, 126.99, 127.02, 126.99, 127.02, 241, 0.0
2021-05-24 13:25:00, 127.02, 127.02, 127.02, 127.02, 100, 0.0
2021-05-24 13:28:00, 126.97, 126.97, 126.92, 126.93, 301, 0.0
2021-05-24 13:29:00, 126.94, 126.94, 126.94, 126.94, 250, 0.0
2021-05-24 13:34:00, 126.99, 126.99, 126.99, 126.99, 174, 0.0
2021-05-24 13:36:00, 127.08, 127.08, 127.08, 127.08, 100, 0.0
2021-05-24 13:38:00, 127.11, 127.11, 127.11, 127.11, 107, 0.0
2021-05-24 13:42:00, 127.01, 127.01, 127.01, 127.01, 102, 0.0
2021-05-24 13:45:00, 127.05, 127.05, 127.05, 127.05, 140, 0.0
2021-05-24 13:51:00, 127.02, 127.03, 127.01, 127.01, 437, 0.0
2021-05-24 13:53:00, 126.99, 126.99, 126.99, 126.99, 133, 0.0
2021-05-24 13:55:00, 126.96, 126.96, 126.92, 126.92, 200, 0.0
2021-05-24 14:04:00, 126.81, 126.81, 126.8, 126.8, 200, 0.0
2021-05-24 14:05:00, 126.79, 126.81, 126.79, 126.81, 200, 0.0
2021-05-24 14:06:00, 126.83, 126.85, 126.83, 126.85, 579, 0.0
2021-05-24 14:08:00, 126.75, 126.77, 126.75, 126.77, 208, 0.0
2021-05-24 14:10:00, 126.79, 126.79, 126.79, 126.79, 156, 0.0
2021-05-24 14:11:00, 126.81, 126.81, 126.81, 126.81, 227, 0.0
2021-05-24 14:15:00, 126.7, 126.7, 126.7, 126.7, 137, 0.0
2021-05-24 14:17:00, 126.62, 126.62, 126.62, 126.62, 233, 0.0
2021-05-24 14:21:00, 126.69, 126.69, 126.69, 126.69, 133, 0.0
2021-05-24 14:22:00, 126.67, 126.67, 126.67, 126.67, 206, 0.0
2021-05-24 14:24:00, 126.69, 126.69, 126.65, 126.65, 200, 0.0
2021-05-24 14:26:00, 126.62, 126.62, 126.62, 126.62, 112, 0.0
2021-05-24 14:27:00, 126.57, 126.57, 126.51, 126.51, 371, 0.0
2021-05-24 14:31:00, 126.5, 126.5, 126.5, 126.5, 233, 0.0
2021-05-24 14:33:00, 126.42, 126.42, 126.42, 126.42, 349, 0.0
2021-05-24 14:37:00, 126.52, 126.52, 126.52, 126.52, 203, 0.0
2021-05-24 14:40:00, 126.57, 126.58, 126.57, 126.58, 301, 0.0
2021-05-24 14:42:00, 126.62, 126.62, 126.62, 126.62, 167, 0.0
2021-05-24 14:44:00, 126.6, 126.6, 126.6, 126.6, 102, 0.0
2021-05-24 14:45:00, 126.51, 126.53, 126.51, 126.53, 276, 0.0
2021-05-24 14:48:00, 126.57, 126.57, 126.57, 126.57, 200, 0.0
2021-05-24 14:49:00, 126.55, 126.55, 126.55, 126.55, 134, 0.0
2021-05-24 14:50:00, 126.55, 126.55, 126.47, 126.55, 1092, 0.0
2021-05-24 14:52:00, 126.48, 126.49, 126.48, 126.49, 484, 0.0
2021-05-24 14:53:00, 126.54, 126.54, 126.54, 126.54, 280, 0.0
2021-05-24 14:54:00, 126.53, 126.53, 126.53, 126.53, 379, 0.0
2021-05-24 14:55:00, 126.455, 126.47, 126.43, 126.43, 804, 0.0
2021-05-24 14:56:00, 126.43, 126.43, 126.41, 126.41, 410, 0.0
2021-05-24 14:57:00, 126.405, 126.405, 126.365, 126.365, 444, 0.0
2021-05-24 14:58:00, 126.29, 126.29, 126.29, 126.29, 221, 0.0
2021-05-24 14:59:00, 126.275, 126.33, 126.27, 126.33, 659, 0.0
2021-05-25 08:30:00, 127.11, 127.38, 126.95, 126.95, 588, 0.0
2021-05-25 08:32:00, 127.28, 127.28, 127.28, 127.28, 133, 0.0
2021-05-25 08:34:00, 127.04, 127.04, 127.04, 127.04, 143, 0.0
2021-05-25 08:35:00, 126.77, 126.78, 126.66, 126.76, 516, 0.0
2021-05-25 08:36:00, 126.69, 126.72, 126.69, 126.72, 201, 0.0
2021-05-25 08:39:00, 126.81, 126.81, 126.81, 126.81, 141, 0.0
2021-05-25 08:40:00, 126.785, 126.85, 126.785, 126.85, 432, 0.0
2021-05-25 08:41:00, 126.88, 126.88, 126.88, 126.88, 164, 0.0
2021-05-25 08:43:00, 126.66, 126.66, 126.66, 126.66, 107, 0.0
2021-05-25 08:44:00, 126.71, 126.71, 126.64, 126.64, 225, 0.0
2021-05-25 08:46:00, 126.66, 126.66, 126.66, 126.66, 126, 0.0
2021-05-25 08:47:00, 126.89, 126.89, 126.89, 126.89, 105, 0.0
2021-05-25 08:53:00, 126.36, 126.36, 126.36, 126.36, 139, 0.0
2021-05-25 08:54:00, 126.57, 126.57, 126.57, 126.57, 100, 0.0
2021-05-25 09:00:00, 126.71, 126.71, 126.71, 126.71, 304, 0.0
2021-05-25 09:02:00, 126.53, 126.58, 126.53, 126.58, 233, 0.0
2021-05-25 09:05:00, 126.6, 126.6, 126.6, 126.6, 171, 0.0
2021-05-25 09:08:00, 126.67, 126.67, 126.67, 126.67, 301, 0.0
2021-05-25 09:09:00, 126.68, 126.68, 126.68, 126.68, 134, 0.0
2021-05-25 09:11:00, 126.74, 126.74, 126.74, 126.74, 102, 0.0
2021-05-25 09:12:00, 126.78, 126.78, 126.78, 126.78, 197, 0.0
2021-05-25 09:13:00, 126.7, 126.71, 126.7, 126.71, 234, 0.0
2021-05-25 09:17:00, 126.555, 126.555, 126.555, 126.555, 225, 0.0
2021-05-25 09:18:00, 126.54, 126.54, 126.54, 126.54, 111, 0.0
2021-05-25 09:21:00, 126.55, 126.62, 126.55, 126.62, 242, 0.0
2021-05-25 09:23:00, 126.81, 126.81, 126.81, 126.81, 200, 0.0
2021-05-25 09:24:00, 127.045, 127.045, 127.045, 127.045, 846, 0.0
2021-05-25 09:25:00, 127.02, 127.02, 127.02, 127.02, 198, 0.0
2021-05-25 09:28:00, 126.93, 126.93, 126.93, 126.93, 134, 0.0
2021-05-25 09:29:00, 127.05, 127.05, 127.05, 127.05, 215, 0.0
2021-05-25 09:30:00, 127.05, 127.12, 127.05, 127.12, 202, 0.0
2021-05-25 09:31:00, 127.07, 127.07, 127.07, 127.07, 110, 0.0
2021-05-25 09:32:00, 126.83, 126.83, 126.83, 126.83, 251, 0.0
2021-05-25 09:33:00, 126.72, 126.72, 126.72, 126.72, 245, 0.0
2021-05-25 09:36:00, 126.81, 126.81, 126.81, 126.81, 100, 0.0
2021-05-25 09:37:00, 126.71, 126.71, 126.71, 126.71, 100, 0.0
2021-05-25 09:39:00, 126.89, 126.89, 126.89, 126.89, 154, 0.0
2021-05-25 09:40:00, 126.97, 126.97, 126.97, 126.97, 100, 0.0
2021-05-25 09:41:00, 126.97, 126.97, 126.97, 126.97, 124, 0.0
2021-05-25 09:43:00, 127.15, 127.23, 127.15, 127.23, 288, 0.0
2021-05-25 09:44:00, 127.195, 127.195, 127.195, 127.195, 101, 0.0
2021-05-25 09:46:00, 127.31, 127.31, 127.31, 127.31, 100, 0.0
2021-05-25 09:49:00, 127.31, 127.31, 127.31, 127.31, 101, 0.0
2021-05-25 09:52:00, 127.23, 127.23, 127.23, 127.23, 108, 0.0
2021-05-25 09:54:00, 127.2, 127.2, 127.2, 127.2, 100, 0.0
2021-05-25 09:55:00, 127.29, 127.29, 127.29, 127.29, 109, 0.0
2021-05-25 09:59:00, 127.35, 127.35, 127.35, 127.35, 158, 0.0
2021-05-25 10:01:00, 127.35, 127.35, 127.35, 127.35, 100, 0.0
2021-05-25 10:02:00, 127.35, 127.375, 127.35, 127.375, 455, 0.0
2021-05-25 10:04:00, 127.11, 127.16, 127.11, 127.15, 651, 0.0
2021-05-25 10:05:00, 127.08, 127.11, 127.08, 127.09, 382, 0.0
2021-05-25 10:06:00, 127.18, 127.21, 127.18, 127.21, 203, 0.0
2021-05-25 10:07:00, 127.15, 127.15, 127.15, 127.15, 202, 0.0
2021-05-25 10:08:00, 127.13, 127.13, 127.085, 127.085, 246, 0.0
2021-05-25 10:09:00, 127.13, 127.21, 127.13, 127.21, 264, 0.0
2021-05-25 10:10:00, 127.19, 127.19, 127.15, 127.15, 400, 0.0
2021-05-25 10:11:00, 127.26, 127.26, 127.26, 127.26, 135, 0.0
2021-05-25 10:12:00, 127.3, 127.3, 127.21, 127.21, 201, 0.0
2021-05-25 10:14:00, 127.35, 127.35, 127.35, 127.35, 102, 0.0
2021-05-25 10:16:00, 127.06, 127.06, 127.06, 127.06, 101, 0.0
2021-05-25 10:18:00, 127.1, 127.1, 127.1, 127.1, 102, 0.0
2021-05-25 10:19:00, 127.05, 127.07, 127.05, 127.07, 462, 0.0
2021-05-25 10:20:00, 127.08, 127.08, 127.08, 127.08, 135, 0.0
2021-05-25 10:22:00, 127.21, 127.21, 127.21, 127.21, 200, 0.0
2021-05-25 10:23:00, 127.17, 127.18, 127.17, 127.18, 204, 0.0
2021-05-25 10:26:00, 127.23, 127.23, 127.23, 127.23, 231, 0.0
2021-05-25 10:28:00, 127.05, 127.05, 127.05, 127.05, 113, 0.0
2021-05-25 10:29:00, 127.12, 127.12, 127.12, 127.12, 125, 0.0
2021-05-25 10:30:00, 127.16, 127.21, 127.16, 127.21, 201, 0.0
2021-05-25 10:31:00, 127.15, 127.15, 127.15, 127.15, 120, 0.0
2021-05-25 10:32:00, 127.045, 127.045, 127.04, 127.04, 203, 0.0
2021-05-25 10:33:00, 127.035, 127.05, 127.02, 127.02, 520, 0.0
2021-05-25 10:34:00, 127.16, 127.16, 127.16, 127.16, 133, 0.0
2021-05-25 10:37:00, 127.19, 127.19, 127.19, 127.19, 129, 0.0
2021-05-25 10:39:00, 127.12, 127.12, 127.09, 127.09, 249, 0.0
2021-05-25 10:40:00, 127.17, 127.17, 127.17, 127.17, 149, 0.0
2021-05-25 10:42:00, 127.05, 127.07, 127.05, 127.07, 205, 0.0
2021-05-25 10:48:00, 127.34, 127.41, 127.34, 127.41, 300, 0.0
2021-05-25 10:49:00, 127.41, 127.41, 127.41, 127.41, 100, 0.0
2021-05-25 10:50:00, 127.325, 127.325, 127.325, 127.325, 266, 0.0
2021-05-25 10:52:00, 127.16, 127.16, 127.16, 127.16, 233, 0.0
2021-05-25 10:53:00, 127.32, 127.32, 127.32, 127.32, 139, 0.0
2021-05-25 10:54:00, 127.49, 127.53, 127.49, 127.53, 200, 0.0
2021-05-25 10:56:00, 127.64, 127.64, 127.565, 127.565, 203, 0.0
2021-05-25 10:57:00, 127.58, 127.58, 127.58, 127.58, 104, 0.0
2021-05-25 11:00:00, 127.785, 127.785, 127.785, 127.785, 104, 0.0
2021-05-25 11:01:00, 127.85, 127.85, 127.85, 127.85, 102, 0.0
2021-05-25 11:02:00, 127.83, 127.83, 127.83, 127.83, 100, 0.0
2021-05-25 11:05:00, 127.79, 127.79, 127.625, 127.63, 434, 0.0
2021-05-25 11:06:00, 127.585, 127.585, 127.585, 127.585, 101, 0.0
2021-05-25 11:13:00, 127.655, 127.655, 127.655, 127.655, 144, 0.0
2021-05-25 11:15:00, 127.59, 127.59, 127.59, 127.59, 204, 0.0
2021-05-25 11:16:00, 127.5, 127.54, 127.5, 127.54, 351, 0.0
2021-05-25 11:17:00, 127.49, 127.49, 127.49, 127.49, 224, 0.0
2021-05-25 11:18:00, 127.52, 127.52, 127.52, 127.52, 101, 0.0
2021-05-25 11:19:00, 127.42, 127.42, 127.42, 127.42, 135, 0.0
2021-05-25 11:22:00, 127.515, 127.515, 127.515, 127.515, 161, 0.0
2021-05-25 11:23:00, 127.435, 127.435, 127.4, 127.4, 243, 0.0
2021-05-25 11:26:00, 127.39, 127.39, 127.39, 127.39, 233, 0.0
2021-05-25 11:29:00, 127.365, 127.41, 127.365, 127.41, 294, 0.0
2021-05-25 11:31:00, 127.51, 127.51, 127.51, 127.51, 270, 0.0
2021-05-25 11:33:00, 127.57, 127.57, 127.57, 127.57, 137, 0.0
2021-05-25 11:37:00, 127.41, 127.41, 127.41, 127.41, 163, 0.0
2021-05-25 11:40:00, 127.37, 127.37, 127.37, 127.37, 133, 0.0
2021-05-25 11:46:00, 127.4, 127.4, 127.4, 127.4, 100, 0.0
2021-05-25 11:50:00, 127.305, 127.33, 127.305, 127.33, 276, 0.0
2021-05-25 11:52:00, 127.26, 127.35, 127.26, 127.35, 395, 0.0
2021-05-25 11:54:00, 127.37, 127.37, 127.37, 127.37, 109, 0.0
2021-05-25 11:55:00, 127.28, 127.28, 127.28, 127.28, 100, 0.0
2021-05-25 12:10:00, 127.23, 127.23, 127.23, 127.23, 217, 0.0
2021-05-25 12:15:00, 127.26, 127.26, 127.26, 127.26, 100, 0.0
2021-05-25 12:19:00, 127.43, 127.43, 127.43, 127.43, 133, 0.0
2021-05-25 12:22:00, 127.5, 127.5, 127.49, 127.49, 314, 0.0
2021-05-25 12:25:00, 127.48, 127.48, 127.48, 127.48, 133, 0.0
2021-05-25 12:30:00, 127.43, 127.43, 127.43, 127.43, 100, 0.0
2021-05-25 12:32:00, 127.51, 127.51, 127.51, 127.51, 150, 0.0
2021-05-25 12:33:00, 127.56, 127.56, 127.56, 127.56, 100, 0.0
2021-05-25 12:37:00, 127.45, 127.45, 127.45, 127.45, 102, 0.0
2021-05-25 12:38:00, 127.56, 127.56, 127.56, 127.56, 137, 0.0
2021-05-25 12:39:00, 127.51, 127.52, 127.51, 127.52, 225, 0.0
2021-05-25 12:44:00, 127.48, 127.48, 127.48, 127.48, 200, 0.0
2021-05-25 12:50:00, 127.53, 127.53, 127.53, 127.53, 118, 0.0
2021-05-25 12:55:00, 127.62, 127.62, 127.62, 127.62, 100, 0.0
2021-05-25 12:58:00, 127.67, 127.67, 127.67, 127.67, 106, 0.0
2021-05-25 13:00:00, 127.78, 127.78, 127.77, 127.77, 206, 0.0
2021-05-25 13:03:00, 127.5, 127.5, 127.5, 127.5, 100, 0.0
2021-05-25 13:04:00, 127.445, 127.445, 127.445, 127.445, 102, 0.0
2021-05-25 13:05:00, 127.46, 127.46, 127.42, 127.42, 300, 0.0
2021-05-25 13:06:00, 127.43, 127.43, 127.43, 127.43, 101, 0.0
2021-05-25 13:08:00, 127.36, 127.36, 127.35, 127.35, 333, 0.0
2021-05-25 13:10:00, 127.325, 127.325, 127.325, 127.325, 133, 0.0
2021-05-25 13:11:00, 127.41, 127.41, 127.41, 127.41, 101, 0.0
2021-05-25 13:13:00, 127.51, 127.53, 127.51, 127.53, 202, 0.0
2021-05-25 13:15:00, 127.47, 127.47, 127.47, 127.47, 202, 0.0
2021-05-25 13:17:00, 127.41, 127.47, 127.41, 127.47, 405, 0.0
2021-05-25 13:18:00, 127.47, 127.56, 127.47, 127.56, 460, 0.0
2021-05-25 13:19:00, 127.54, 127.54, 127.54, 127.54, 100, 0.0
2021-05-25 13:21:00, 127.54, 127.56, 127.54, 127.56, 282, 0.0
2021-05-25 13:22:00, 127.57, 127.57, 127.57, 127.57, 112, 0.0
2021-05-25 13:23:00, 127.52, 127.53, 127.52, 127.53, 202, 0.0
2021-05-25 13:27:00, 127.43, 127.48, 127.43, 127.48, 665, 0.0
2021-05-25 13:28:00, 127.5, 127.51, 127.39, 127.39, 644, 0.0
2021-05-25 13:29:00, 127.43, 127.45, 127.43, 127.45, 220, 0.0
2021-05-25 13:30:00, 127.57, 127.57, 127.57, 127.57, 250, 0.0
2021-05-25 13:31:00, 127.51, 127.54, 127.51, 127.54, 200, 0.0
2021-05-25 13:32:00, 127.51, 127.55, 127.51, 127.55, 200, 0.0
2021-05-25 13:33:00, 127.45, 127.45, 127.45, 127.45, 104, 0.0
2021-05-25 13:34:00, 127.3, 127.3, 127.25, 127.25, 771, 0.0
2021-05-25 13:37:00, 127.31, 127.31, 127.31, 127.31, 157, 0.0
2021-05-25 13:39:00, 127.34, 127.34, 127.34, 127.34, 401, 0.0
2021-05-25 13:40:00, 127.41, 127.41, 127.41, 127.41, 105, 0.0
2021-05-25 13:43:00, 127.41, 127.41, 127.41, 127.41, 200, 0.0
2021-05-25 13:46:00, 127.27, 127.27, 127.26, 127.26, 636, 0.0
2021-05-25 13:47:00, 127.28, 127.28, 127.28, 127.28, 133, 0.0
2021-05-25 13:48:00, 127.34, 127.34, 127.29, 127.29, 480, 0.0
2021-05-25 13:49:00, 127.3, 127.3, 127.3, 127.3, 100, 0.0
2021-05-25 13:50:00, 127.305, 127.305, 127.305, 127.305, 101, 0.0
2021-05-25 13:51:00, 127.26, 127.26, 127.26, 127.26, 100, 0.0
2021-05-25 13:52:00, 127.29, 127.29, 127.29, 127.29, 101, 0.0
2021-05-25 13:55:00, 127.26, 127.295, 127.26, 127.275, 455, 0.0
2021-05-25 13:56:00, 127.31, 127.31, 127.31, 127.31, 200, 0.0
2021-05-25 13:57:00, 127.325, 127.325, 127.325, 127.325, 101, 0.0
2021-05-25 14:01:00, 127.345, 127.345, 127.345, 127.345, 126, 0.0
2021-05-25 14:02:00, 127.28, 127.28, 127.23, 127.28, 403, 0.0
2021-05-25 14:04:00, 127.335, 127.335, 127.31, 127.31, 300, 0.0
2021-05-25 14:06:00, 127.31, 127.385, 127.31, 127.36, 403, 0.0
2021-05-25 14:09:00, 127.34, 127.34, 127.34, 127.34, 244, 0.0
2021-05-25 14:12:00, 127.37, 127.37, 127.37, 127.37, 116, 0.0
2021-05-25 14:13:00, 127.455, 127.455, 127.44, 127.44, 229, 0.0
2021-05-25 14:14:00, 127.475, 127.49, 127.475, 127.475, 868, 0.0
2021-05-25 14:16:00, 127.45, 127.45, 127.45, 127.45, 143, 0.0
2021-05-25 14:17:00, 127.425, 127.425, 127.41, 127.41, 295, 0.0
2021-05-25 14:18:00, 127.39, 127.39, 127.39, 127.39, 116, 0.0
2021-05-25 14:19:00, 127.415, 127.415, 127.415, 127.415, 107, 0.0
2021-05-25 14:20:00, 127.455, 127.455, 127.455, 127.455, 100, 0.0
2021-05-25 14:21:00, 127.41, 127.41, 127.4, 127.4, 216, 0.0
2021-05-25 14:23:00, 127.525, 127.525, 127.525, 127.525, 234, 0.0
2021-05-25 14:24:00, 127.59, 127.59, 127.545, 127.57, 402, 0.0
2021-05-25 14:25:00, 127.68, 127.68, 127.68, 127.68, 100, 0.0
2021-05-25 14:26:00, 127.59, 127.59, 127.59, 127.59, 100, 0.0
2021-05-25 14:27:00, 127.63, 127.63, 127.63, 127.63, 100, 0.0
2021-05-25 14:29:00, 127.575, 127.575, 127.575, 127.575, 171, 0.0
2021-05-25 14:30:00, 127.49, 127.51, 127.49, 127.51, 210, 0.0
2021-05-25 14:31:00, 127.545, 127.545, 127.495, 127.495, 201, 0.0
2021-05-25 14:32:00, 127.42, 127.42, 127.42, 127.42, 201, 0.0
2021-05-25 14:33:00, 127.36, 127.36, 127.36, 127.36, 200, 0.0
2021-05-25 14:34:00, 127.215, 127.29, 127.215, 127.29, 237, 0.0
2021-05-25 14:35:00, 127.29, 127.29, 127.285, 127.285, 378, 0.0
2021-05-25 14:36:00, 127.32, 127.32, 127.32, 127.32, 100, 0.0
2021-05-25 14:37:00, 127.375, 127.44, 127.375, 127.44, 233, 0.0
2021-05-25 14:39:00, 127.51, 127.55, 127.51, 127.55, 307, 0.0
2021-05-25 14:40:00, 127.515, 127.53, 127.51, 127.53, 485, 0.0
2021-05-25 14:41:00, 127.54, 127.54, 127.54, 127.54, 157, 0.0
2021-05-25 14:42:00, 127.57, 127.57, 127.53, 127.53, 201, 0.0
2021-05-25 14:43:00, 127.48, 127.48, 127.48, 127.48, 201, 0.0
2021-05-25 14:44:00, 127.505, 127.51, 127.505, 127.51, 203, 0.0
2021-05-25 14:45:00, 127.6, 127.63, 127.6, 127.63, 240, 0.0
2021-05-25 14:46:00, 127.61, 127.61, 127.61, 127.61, 204, 0.0
2021-05-25 14:47:00, 127.57, 127.57, 127.57, 127.57, 347, 0.0
2021-05-25 14:48:00, 127.54, 127.54, 127.52, 127.52, 327, 0.0
2021-05-25 14:49:00, 127.53, 127.53, 127.51, 127.51, 379, 0.0
2021-05-25 14:50:00, 127.46, 127.58, 127.42, 127.46, 1281, 0.0
2021-05-25 14:51:00, 127.45, 127.45, 127.39, 127.39, 332, 0.0
2021-05-25 14:52:00, 127.43, 127.46, 127.43, 127.45, 671, 0.0
2021-05-25 14:53:00, 127.46, 127.53, 127.46, 127.53, 880, 0.0
2021-05-25 14:54:00, 127.5, 127.53, 127.49, 127.51, 724, 0.0
2021-05-25 14:55:00, 127.39, 127.48, 127.39, 127.455, 1589, 0.0
2021-05-25 14:56:00, 127.45, 127.48, 127.4, 127.425, 1275, 0.0
2021-05-25 14:57:00, 127.45, 127.47, 127.445, 127.47, 1255, 0.0
2021-05-25 14:58:00, 127.46, 127.47, 127.45, 127.455, 982, 0.0
2021-05-25 14:59:00, 127.47, 127.51, 127.45, 127.51, 1454, 0.0
2021-05-26 08:30:00, 128.31, 128.31, 128.03, 128.03, 592, 0.0
2021-05-26 08:31:00, 128.17, 128.215, 128.01, 128.01, 606, 0.0
2021-05-26 08:33:00, 128.095, 128.095, 128.095, 128.095, 112, 0.0
2021-05-26 08:34:00, 128.13, 128.13, 128.13, 128.13, 337, 0.0
2021-05-26 08:35:00, 128.51, 128.51, 128.48, 128.51, 440, 0.0
2021-05-26 08:36:00, 128.58, 128.58, 128.58, 128.58, 127, 0.0
2021-05-26 08:37:00, 128.45, 128.45, 128.38, 128.38, 402, 0.0
2021-05-26 08:40:00, 128.54, 128.64, 128.54, 128.64, 519, 0.0
2021-05-26 08:41:00, 128.505, 128.53, 128.505, 128.53, 527, 0.0
2021-05-26 08:44:00, 128.6, 128.6, 128.6, 128.6, 141, 0.0
2021-05-26 08:45:00, 128.83, 128.83, 128.83, 128.83, 140, 0.0
2021-05-26 08:46:00, 128.725, 128.725, 128.71, 128.71, 278, 0.0
2021-05-26 08:48:00, 128.81, 128.82, 128.81, 128.82, 220, 0.0
2021-05-26 08:49:00, 128.895, 128.895, 128.77, 128.77, 300, 0.0
2021-05-26 08:50:00, 128.85, 128.95, 128.85, 128.91, 401, 0.0
2021-05-26 08:51:00, 129.05, 129.055, 129.05, 129.055, 259, 0.0
2021-05-26 08:52:00, 128.99, 128.99, 128.885, 128.885, 277, 0.0
2021-05-26 08:53:00, 128.87, 128.87, 128.87, 128.87, 109, 0.0
2021-05-26 08:54:00, 128.9, 128.9, 128.85, 128.85, 687, 0.0
2021-05-26 08:55:00, 128.81, 128.89, 128.81, 128.89, 504, 0.0
2021-05-26 08:56:00, 128.935, 128.935, 128.875, 128.875, 610, 0.0
2021-05-26 08:57:00, 128.755, 128.755, 128.755, 128.755, 200, 0.0
2021-05-26 08:58:00, 128.87, 128.87, 128.8, 128.8, 300, 0.0
2021-05-26 08:59:00, 128.73, 128.76, 128.73, 128.76, 234, 0.0
2021-05-26 09:00:00, 128.675, 128.675, 128.595, 128.595, 616, 0.0
2021-05-26 09:01:00, 128.535, 128.535, 128.52, 128.52, 473, 0.0
2021-05-26 09:02:00, 128.2, 128.2, 128.19, 128.19, 230, 0.0
2021-05-26 09:03:00, 128.22, 128.22, 128.22, 128.22, 105, 0.0
2021-05-26 09:04:00, 128.235, 128.27, 128.235, 128.27, 233, 0.0
2021-05-26 09:05:00, 128.485, 128.485, 128.415, 128.415, 200, 0.0
2021-05-26 09:07:00, 128.58, 128.58, 128.58, 128.58, 110, 0.0
2021-05-26 09:09:00, 128.6, 128.6, 128.6, 128.6, 260, 0.0
2021-05-26 09:10:00, 128.64, 128.64, 128.64, 128.64, 133, 0.0
2021-05-26 09:11:00, 128.52, 128.52, 128.52, 128.52, 185, 0.0
2021-05-26 09:12:00, 128.35, 128.35, 128.35, 128.35, 208, 0.0
2021-05-26 09:13:00, 128.27, 128.275, 128.27, 128.275, 238, 0.0
2021-05-26 09:16:00, 128.33, 128.37, 128.33, 128.37, 348, 0.0
2021-05-26 09:17:00, 128.49, 128.49, 128.47, 128.47, 200, 0.0
2021-05-26 09:18:00, 128.525, 128.525, 128.525, 128.525, 174, 0.0
2021-05-26 09:19:00, 128.35, 128.35, 128.35, 128.35, 146, 0.0
2021-05-26 09:20:00, 128.33, 128.33, 128.33, 128.33, 379, 0.0
2021-05-26 09:22:00, 128.33, 128.365, 128.33, 128.365, 390, 0.0
2021-05-26 09:25:00, 128.4, 128.4, 128.3, 128.3, 354, 0.0
2021-05-26 09:26:00, 128.19, 128.19, 128.19, 128.19, 438, 0.0
2021-05-26 09:28:00, 128.11, 128.11, 128.03, 128.03, 300, 0.0
2021-05-26 09:29:00, 128.15, 128.185, 128.15, 128.185, 321, 0.0
2021-05-26 09:30:00, 128.14, 128.14, 128.105, 128.105, 452, 0.0
2021-05-26 09:31:00, 128.07, 128.07, 128.07, 128.07, 213, 0.0
2021-05-26 09:32:00, 128.17, 128.17, 128.17, 128.17, 633, 0.0
2021-05-26 09:34:00, 128.38, 128.38, 128.38, 128.38, 401, 0.0
2021-05-26 09:35:00, 128.33, 128.33, 128.29, 128.29, 201, 0.0
2021-05-26 09:36:00, 128.25, 128.25, 128.215, 128.215, 200, 0.0
2021-05-26 09:37:00, 128.215, 128.215, 128.19, 128.19, 211, 0.0
2021-05-26 09:38:00, 128.1, 128.1, 128.09, 128.09, 200, 0.0
2021-05-26 09:40:00, 128.12, 128.12, 128.12, 128.12, 100, 0.0
2021-05-26 09:41:00, 128.15, 128.15, 128.12, 128.12, 202, 0.0
2021-05-26 09:42:00, 128.125, 128.125, 128.11, 128.11, 200, 0.0
2021-05-26 09:43:00, 128.115, 128.115, 128.115, 128.115, 125, 0.0
2021-05-26 09:44:00, 128.08, 128.08, 128, 128.02, 533, 0.0
2021-05-26 09:47:00, 128.27, 128.27, 128.27, 128.27, 345, 0.0
2021-05-26 09:48:00, 128.21, 128.23, 128.21, 128.23, 367, 0.0
2021-05-26 09:49:00, 128.295, 128.295, 128.255, 128.26, 701, 0.0
2021-05-26 09:51:00, 128.29, 128.29, 128.29, 128.29, 100, 0.0
2021-05-26 09:53:00, 128.405, 128.405, 128.35, 128.35, 1401, 0.0
2021-05-26 09:54:00, 128.32, 128.37, 128.31, 128.37, 1053, 0.0
2021-05-26 09:55:00, 128.37, 128.39, 128.37, 128.39, 1105, 0.0
2021-05-26 09:57:00, 128.3, 128.3, 128.295, 128.295, 200, 0.0
2021-05-26 10:00:00, 128.16, 128.16, 128, 128, 346, 0.0
2021-05-26 10:01:00, 127.98, 127.98, 127.86, 127.86, 205, 0.0
2021-05-26 10:02:00, 127.85, 127.85, 127.85, 127.85, 122, 0.0
2021-05-26 10:03:00, 127.87, 127.87, 127.87, 127.87, 218, 0.0
2021-05-26 10:04:00, 127.73, 127.73, 127.73, 127.73, 108, 0.0
2021-05-26 10:05:00, 127.695, 127.725, 127.695, 127.725, 275, 0.0
2021-05-26 10:07:00, 127.75, 127.75, 127.735, 127.735, 312, 0.0
2021-05-26 10:08:00, 127.81, 127.81, 127.81, 127.81, 108, 0.0
2021-05-26 10:09:00, 127.77, 127.77, 127.77, 127.77, 101, 0.0
2021-05-26 10:11:00, 127.705, 127.705, 127.705, 127.705, 206, 0.0
2021-05-26 10:14:00, 127.85, 127.85, 127.85, 127.85, 210, 0.0
2021-05-26 10:15:00, 127.87, 127.87, 127.835, 127.835, 233, 0.0
2021-05-26 10:16:00, 127.88, 127.93, 127.88, 127.93, 387, 0.0
2021-05-26 10:17:00, 127.91, 127.91, 127.91, 127.91, 111, 0.0
2021-05-26 10:19:00, 127.915, 127.915, 127.915, 127.915, 267, 0.0
2021-05-26 10:20:00, 127.87, 127.87, 127.87, 127.87, 210, 0.0
2021-05-26 10:21:00, 127.82, 127.82, 127.82, 127.82, 426, 0.0
2021-05-26 10:24:00, 127.79, 127.79, 127.79, 127.79, 276, 0.0
2021-05-26 10:28:00, 127.75, 127.75, 127.75, 127.75, 120, 0.0
2021-05-26 10:29:00, 127.63, 127.63, 127.63, 127.63, 100, 0.0
2021-05-26 10:30:00, 127.61, 127.61, 127.61, 127.61, 103, 0.0
2021-05-26 10:33:00, 127.25, 127.25, 127.25, 127.25, 100, 0.0
2021-05-26 10:35:00, 127.26, 127.26, 127.26, 127.26, 100, 0.0
2021-05-26 10:37:00, 127.35, 127.35, 127.35, 127.35, 133, 0.0
2021-05-26 10:38:00, 127.39, 127.39, 127.39, 127.39, 194, 0.0
