Date, Open, High, Low, Close, Volume, Open Interest
2021-05-18 14:59:00, 294.58, 294.58, 293.66, 293.66, 2731, 0.0
2021-05-19 08:30:00, 287.5, 288.175, 287.5, 288.175, 233, 0.0
2021-05-19 08:31:00, 289.105, 289.105, 289.105, 289.105, 121, 0.0
2021-05-19 08:32:00, 290.97, 290.97, 290.97, 290.97, 300, 0.0
2021-05-19 08:35:00, 291.98, 291.98, 291.36, 291.36, 221, 0.0
2021-05-19 08:36:00, 292.31, 292.31, 292.31, 292.31, 354, 0.0
2021-05-19 08:38:00, 291.36, 291.36, 291.36, 291.36, 243, 0.0
2021-05-19 08:40:00, 289.67, 289.67, 288.87, 288.87, 439, 0.0
2021-05-19 08:42:00, 289.48, 290.46, 289.48, 290.46, 200, 0.0
2021-05-19 08:43:00, 290.52, 290.52, 290.52, 290.52, 100, 0.0
2021-05-19 08:44:00, 290.64, 290.64, 289.91, 289.91, 738, 0.0
2021-05-19 08:47:00, 289.22, 289.22, 289.22, 289.22, 100, 0.0
2021-05-19 08:48:00, 290.02, 290.02, 290.02, 290.02, 100, 0.0
2021-05-19 08:51:00, 290.19, 290.6, 290.19, 290.6, 200, 0.0
2021-05-19 08:53:00, 289.73, 289.73, 289.58, 289.58, 361, 0.0
2021-05-19 08:55:00, 289.9, 289.9, 289.63, 289.63, 315, 0.0
2021-05-19 08:57:00, 290.71, 290.71, 290.71, 290.71, 100, 0.0
2021-05-19 08:58:00, 290.84, 290.84, 290.84, 290.84, 133, 0.0
2021-05-19 09:00:00, 290.69, 290.69, 290.69, 290.69, 103, 0.0
2021-05-19 09:01:00, 291.08, 291.08, 291.08, 291.08, 105, 0.0
2021-05-19 09:04:00, 290.53, 290.53, 290.53, 290.53, 100, 0.0
2021-05-19 09:08:00, 292.115, 292.115, 292.115, 292.115, 100, 0.0
2021-05-19 09:09:00, 291.75, 291.75, 291.66, 291.66, 246, 0.0
2021-05-19 09:10:00, 292.15, 292.15, 292.15, 292.15, 107, 0.0
2021-05-19 09:12:00, 292.16, 292.16, 292.16, 292.16, 101, 0.0
2021-05-19 09:13:00, 292.82, 292.82, 292.82, 292.82, 100, 0.0
2021-05-19 09:14:00, 293.01, 293.01, 293.01, 293.01, 171, 0.0
2021-05-19 09:18:00, 293.08, 293.08, 293.08, 293.08, 136, 0.0
2021-05-19 09:20:00, 293.38, 293.38, 293.38, 293.38, 210, 0.0
2021-05-19 09:22:00, 293.35, 293.35, 293.35, 293.35, 253, 0.0
2021-05-19 09:26:00, 294.52, 294.52, 294.52, 294.52, 100, 0.0
2021-05-19 09:27:00, 294.39, 294.39, 294.39, 294.39, 108, 0.0
2021-05-19 09:31:00, 294.48, 294.48, 294.48, 294.48, 133, 0.0
2021-05-19 09:32:00, 294.26, 294.26, 294.26, 294.26, 102, 0.0
2021-05-19 09:33:00, 293.92, 293.92, 293.92, 293.92, 287, 0.0
2021-05-19 09:36:00, 293.45, 293.45, 293.45, 293.45, 110, 0.0
2021-05-19 09:37:00, 293.37, 293.37, 293.37, 293.37, 100, 0.0
2021-05-19 09:40:00, 293.37, 293.5, 293.37, 293.5, 206, 0.0
2021-05-19 09:45:00, 295.29, 295.3, 295.29, 295.3, 409, 0.0
2021-05-19 09:46:00, 295.165, 295.165, 295.03, 295.03, 333, 0.0
2021-05-19 09:48:00, 295.2, 295.2, 295.2, 295.2, 100, 0.0
2021-05-19 09:49:00, 295.035, 295.035, 295.035, 295.035, 100, 0.0
2021-05-19 09:51:00, 295.83, 295.83, 295.83, 295.83, 102, 0.0
2021-05-19 09:53:00, 295.745, 295.745, 295.745, 295.745, 100, 0.0
2021-05-19 09:54:00, 295.97, 295.97, 295.97, 295.97, 133, 0.0
2021-05-19 09:57:00, 295.61, 295.61, 295.61, 295.61, 100, 0.0
2021-05-19 09:58:00, 295.77, 295.77, 295.77, 295.77, 202, 0.0
2021-05-19 09:59:00, 295.94, 295.94, 295.93, 295.93, 235, 0.0
2021-05-19 10:04:00, 294.77, 294.91, 294.51, 294.51, 400, 0.0
2021-05-19 10:06:00, 294.39, 294.39, 294.39, 294.39, 100, 0.0
2021-05-19 10:07:00, 294.99, 294.99, 294.99, 294.99, 149, 0.0
2021-05-19 10:09:00, 295.74, 295.86, 295.74, 295.86, 205, 0.0
2021-05-19 10:12:00, 297.01, 297.05, 297.01, 297.05, 439, 0.0
2021-05-19 10:14:00, 296.855, 296.92, 296.855, 296.92, 285, 0.0
2021-05-19 10:15:00, 296.97, 296.97, 296.97, 296.97, 211, 0.0
2021-05-19 10:16:00, 296.5, 296.8, 296.5, 296.8, 215, 0.0
2021-05-19 10:18:00, 296.615, 296.615, 296.615, 296.615, 100, 0.0
2021-05-19 10:19:00, 296.77, 296.77, 296.77, 296.77, 217, 0.0
2021-05-19 10:21:00, 297.61, 297.61, 297.61, 297.61, 100, 0.0
2021-05-19 10:23:00, 297.39, 297.39, 297.39, 297.39, 102, 0.0
2021-05-19 10:29:00, 297.07, 297.07, 297.07, 297.07, 100, 0.0
2021-05-19 10:30:00, 297.14, 297.14, 297.14, 297.14, 200, 0.0
2021-05-19 10:31:00, 296.845, 296.845, 296.73, 296.73, 273, 0.0
2021-05-19 10:33:00, 296.68, 296.68, 296.68, 296.68, 111, 0.0
2021-05-19 10:34:00, 296.51, 296.51, 296.51, 296.51, 100, 0.0
2021-05-19 10:38:00, 296.74, 296.74, 296.61, 296.61, 264, 0.0
2021-05-19 10:41:00, 297.37, 297.37, 297.02, 297.02, 535, 0.0
2021-05-19 10:42:00, 296.54, 296.75, 296.54, 296.75, 300, 0.0
2021-05-19 10:44:00, 297.36, 297.36, 297.36, 297.36, 298, 0.0
2021-05-19 10:46:00, 297.15, 297.15, 297.15, 297.15, 150, 0.0
2021-05-19 10:47:00, 297.23, 297.23, 297.23, 297.23, 200, 0.0
2021-05-19 10:50:00, 297.64, 297.75, 297.64, 297.75, 239, 0.0
2021-05-19 10:51:00, 297.79, 297.89, 297.79, 297.89, 314, 0.0
2021-05-19 10:52:00, 297.7, 297.7, 297.7, 297.7, 195, 0.0
2021-05-19 10:55:00, 298, 298, 298, 298, 260, 0.0
2021-05-19 10:56:00, 298.42, 298.43, 298.42, 298.43, 208, 0.0
2021-05-19 10:58:00, 297.91, 298, 297.91, 298, 327, 0.0
2021-05-19 11:00:00, 297.89, 297.89, 297.89, 297.89, 135, 0.0
2021-05-19 11:01:00, 297.8, 297.8, 297.8, 297.8, 297, 0.0
2021-05-19 11:03:00, 297.89, 297.89, 297.89, 297.89, 103, 0.0
2021-05-19 11:04:00, 297.535, 297.69, 297.535, 297.69, 221, 0.0
2021-05-19 11:05:00, 297.95, 297.95, 297.95, 297.95, 103, 0.0
2021-05-19 11:06:00, 298.5, 298.5, 298.5, 298.5, 119, 0.0
2021-05-19 11:10:00, 298.63, 298.9, 298.63, 298.9, 271, 0.0
2021-05-19 11:12:00, 299.08, 299.08, 299.08, 299.08, 123, 0.0
2021-05-19 11:13:00, 299.02, 299.02, 299.02, 299.02, 215, 0.0
2021-05-19 11:16:00, 298.95, 299.2, 298.95, 299.2, 266, 0.0
2021-05-19 11:17:00, 299.07, 299.07, 299.07, 299.07, 134, 0.0
2021-05-19 11:21:00, 298.23, 298.69, 298.23, 298.69, 294, 0.0
2021-05-19 11:24:00, 299.85, 299.85, 299.85, 299.85, 208, 0.0
2021-05-19 11:31:00, 299.49, 299.49, 299.49, 299.49, 133, 0.0
2021-05-19 11:33:00, 299.345, 299.345, 299.345, 299.345, 100, 0.0
2021-05-19 11:41:00, 299.25, 299.25, 299.25, 299.25, 100, 0.0
2021-05-19 11:42:00, 299.4, 299.4, 299.4, 299.4, 100, 0.0
2021-05-19 11:44:00, 299.39, 299.39, 299.39, 299.39, 135, 0.0
2021-05-19 11:46:00, 299.28, 299.28, 299.28, 299.28, 108, 0.0
2021-05-19 11:48:00, 299.19, 299.19, 299.19, 299.19, 102, 0.0
2021-05-19 11:49:00, 299.31, 299.31, 299.31, 299.31, 155, 0.0
2021-05-19 11:50:00, 298.97, 298.97, 298.97, 298.97, 134, 0.0
2021-05-19 11:52:00, 299.11, 299.11, 299.11, 299.11, 100, 0.0
2021-05-19 11:53:00, 298.84, 298.84, 298.84, 298.84, 133, 0.0
2021-05-19 11:58:00, 299.01, 299.01, 299.01, 299.01, 142, 0.0
2021-05-19 12:01:00, 299.59, 299.59, 299.59, 299.59, 147, 0.0
2021-05-19 12:02:00, 299.28, 299.28, 299.28, 299.28, 100, 0.0
2021-05-19 12:07:00, 300.69, 300.69, 300.69, 300.69, 245, 0.0
2021-05-19 12:12:00, 301, 301, 301, 301, 133, 0.0
2021-05-19 12:13:00, 300.93, 300.93, 300.93, 300.93, 102, 0.0
2021-05-19 12:16:00, 301.17, 301.17, 301.17, 301.17, 294, 0.0
2021-05-19 12:17:00, 301.17, 301.17, 301.17, 301.17, 100, 0.0
2021-05-19 12:19:00, 300.81, 300.81, 300.81, 300.81, 139, 0.0
2021-05-19 12:21:00, 300.55, 300.55, 300.55, 300.55, 100, 0.0
2021-05-19 12:23:00, 300.49, 300.49, 300.49, 300.49, 153, 0.0
2021-05-19 12:27:00, 300.08, 300.44, 300.08, 300.44, 201, 0.0
2021-05-19 12:29:00, 300.13, 300.145, 300.13, 300.145, 200, 0.0
2021-05-19 12:30:00, 300.56, 300.56, 300.56, 300.56, 133, 0.0
2021-05-19 12:31:00, 300.7, 300.7, 300.7, 300.7, 221, 0.0
2021-05-19 12:32:00, 300.24, 300.24, 300.24, 300.24, 152, 0.0
2021-05-19 12:34:00, 299.8, 299.8, 299.785, 299.785, 203, 0.0
2021-05-19 12:35:00, 299.79, 299.79, 299.79, 299.79, 132, 0.0
2021-05-19 12:36:00, 299.47, 299.6, 299.45, 299.45, 803, 0.0
2021-05-19 12:39:00, 299.97, 299.97, 299.97, 299.97, 110, 0.0
2021-05-19 12:40:00, 299.73, 299.79, 299.73, 299.79, 237, 0.0
2021-05-19 12:43:00, 299.61, 299.61, 299.61, 299.61, 151, 0.0
2021-05-19 12:45:00, 299.95, 299.95, 299.94, 299.94, 233, 0.0
2021-05-19 12:48:00, 300.25, 300.25, 300.25, 300.25, 101, 0.0
2021-05-19 12:50:00, 300.38, 300.38, 300.35, 300.35, 761, 0.0
2021-05-19 12:56:00, 300.63, 300.65, 300.63, 300.65, 332, 0.0
2021-05-19 12:57:00, 300.47, 300.47, 300.47, 300.47, 137, 0.0
2021-05-19 12:58:00, 300.25, 300.25, 300.25, 300.25, 139, 0.0
2021-05-19 13:00:00, 300.15, 300.15, 300.09, 300.09, 217, 0.0
2021-05-19 13:01:00, 300.68, 300.68, 300.68, 300.68, 248, 0.0
2021-05-19 13:04:00, 300.775, 300.775, 299.74, 299.74, 768, 0.0
2021-05-19 13:05:00, 299.67, 299.67, 299.67, 299.67, 122, 0.0
2021-05-19 13:07:00, 299.46, 299.46, 299.46, 299.46, 105, 0.0
2021-05-19 13:10:00, 300.175, 300.175, 300.175, 300.175, 105, 0.0
2021-05-19 13:11:00, 299.69, 299.9, 299.69, 299.9, 336, 0.0
2021-05-19 13:13:00, 300.24, 300.32, 300.24, 300.32, 226, 0.0
2021-05-19 13:15:00, 300.19, 300.19, 299.77, 299.77, 234, 0.0
2021-05-19 13:16:00, 300.18, 300.18, 300.18, 300.18, 134, 0.0
2021-05-19 13:17:00, 299.96, 299.96, 299.64, 299.64, 456, 0.0
2021-05-19 13:23:00, 302.8, 302.8, 302.8, 302.8, 144, 0.0
2021-05-19 13:24:00, 302.775, 302.775, 302.48, 302.48, 300, 0.0
2021-05-19 13:26:00, 301.97, 301.97, 301.97, 301.97, 200, 0.0
2021-05-19 13:27:00, 301.86, 301.86, 301.86, 301.86, 100, 0.0
2021-05-19 13:29:00, 302.56, 302.81, 302.56, 302.81, 250, 0.0
2021-05-19 13:30:00, 302.61, 303.03, 302.61, 302.61, 590, 0.0
2021-05-19 13:32:00, 302.405, 302.41, 302.405, 302.405, 334, 0.0
2021-05-19 13:33:00, 302.455, 302.46, 302.405, 302.46, 303, 0.0
2021-05-19 13:34:00, 302.68, 302.68, 302.33, 302.61, 333, 0.0
2021-05-19 13:35:00, 302.61, 302.65, 302.61, 302.65, 419, 0.0
2021-05-19 13:37:00, 302.65, 302.65, 302.185, 302.185, 827, 0.0
2021-05-19 13:40:00, 301.38, 301.38, 301.38, 301.38, 176, 0.0
2021-05-19 13:41:00, 301.88, 301.885, 301.69, 301.69, 601, 0.0
2021-05-19 13:43:00, 302.145, 302.145, 301.9, 301.9, 810, 0.0
2021-05-19 13:44:00, 302.27, 302.36, 302.24, 302.36, 390, 0.0
2021-05-19 13:45:00, 302.37, 302.37, 301.77, 301.77, 311, 0.0
2021-05-19 13:47:00, 301.47, 301.65, 301.47, 301.65, 212, 0.0
2021-05-19 13:48:00, 301.785, 301.88, 301.57, 301.88, 501, 0.0
2021-05-19 13:50:00, 301.795, 301.85, 301.795, 301.81, 816, 0.0
2021-05-19 13:51:00, 301.86, 301.86, 301.86, 301.86, 182, 0.0
2021-05-19 13:52:00, 301.715, 301.715, 301.715, 301.715, 100, 0.0
2021-05-19 13:53:00, 301.545, 301.545, 301.545, 301.545, 100, 0.0
2021-05-19 13:57:00, 301.77, 302.15, 301.68, 302.15, 342, 0.0
2021-05-19 13:58:00, 302.4, 302.4, 302.19, 302.19, 210, 0.0
2021-05-19 13:59:00, 302.21, 302.21, 302.19, 302.19, 666, 0.0
2021-05-19 14:01:00, 301.515, 301.515, 301.515, 301.515, 104, 0.0
2021-05-19 14:02:00, 301.055, 301.055, 300.975, 300.975, 580, 0.0
2021-05-19 14:03:00, 301.495, 301.65, 301.455, 301.59, 828, 0.0
2021-05-19 14:04:00, 301.62, 301.71, 301.62, 301.71, 200, 0.0
2021-05-19 14:05:00, 301.98, 302.01, 301.98, 302.01, 250, 0.0
2021-05-19 14:08:00, 302.23, 302.23, 302.23, 302.23, 103, 0.0
2021-05-19 14:09:00, 302.285, 302.285, 302.285, 302.285, 100, 0.0
2021-05-19 14:10:00, 302.285, 302.36, 302.285, 302.36, 555, 0.0
2021-05-19 14:12:00, 302.7, 302.7, 302.7, 302.7, 301, 0.0
2021-05-19 14:13:00, 302.58, 302.58, 302.58, 302.58, 115, 0.0
2021-05-19 14:14:00, 302.51, 302.51, 302.51, 302.51, 100, 0.0
2021-05-19 14:15:00, 302.335, 302.59, 302.335, 302.56, 1005, 0.0
2021-05-19 14:18:00, 302.59, 302.59, 302.58, 302.58, 809, 0.0
2021-05-19 14:20:00, 302.3, 302.32, 302.25, 302.305, 761, 0.0
2021-05-19 14:23:00, 302.84, 302.9, 302.84, 302.88, 543, 0.0
2021-05-19 14:24:00, 303.03, 303.03, 302.83, 302.83, 436, 0.0
2021-05-19 14:25:00, 302.79, 302.79, 302.79, 302.79, 110, 0.0
2021-05-19 14:26:00, 302.67, 302.67, 302.595, 302.63, 400, 0.0
2021-05-19 14:27:00, 302.67, 302.67, 302.49, 302.49, 280, 0.0
2021-05-19 14:29:00, 303.09, 303.09, 303.02, 303.02, 218, 0.0
2021-05-19 14:30:00, 303.085, 303.085, 302.775, 302.775, 580, 0.0
2021-05-19 14:31:00, 302.4, 302.4, 302.38, 302.38, 447, 0.0
2021-05-19 14:33:00, 302.18, 302.18, 302.11, 302.11, 534, 0.0
2021-05-19 14:35:00, 302.48, 302.48, 302.37, 302.42, 567, 0.0
2021-05-19 14:36:00, 302.47, 302.47, 302.47, 302.47, 143, 0.0
2021-05-19 14:37:00, 302.265, 302.265, 302.265, 302.265, 122, 0.0
2021-05-19 14:38:00, 302.26, 302.26, 302.2, 302.22, 474, 0.0
2021-05-19 14:39:00, 302.34, 302.34, 302.12, 302.3, 300, 0.0
2021-05-19 14:40:00, 302.18, 302.18, 302, 302, 426, 0.0
2021-05-19 14:41:00, 302.32, 302.32, 302.25, 302.25, 479, 0.0
2021-05-19 14:42:00, 302.32, 302.32, 302.32, 302.32, 137, 0.0
2021-05-19 14:43:00, 302.32, 302.46, 302.3, 302.46, 724, 0.0
2021-05-19 14:44:00, 302.3, 302.38, 302.05, 302.05, 644, 0.0
2021-05-19 14:45:00, 302.31, 302.36, 302.15, 302.15, 307, 0.0
2021-05-19 14:46:00, 302.07, 302.07, 302.07, 302.07, 246, 0.0
2021-05-19 14:47:00, 301.875, 301.88, 301.8, 301.8, 1514, 0.0
2021-05-19 14:48:00, 301.21, 301.21, 301.075, 301.075, 478, 0.0
2021-05-19 14:49:00, 300.76, 300.81, 300.71, 300.71, 466, 0.0
2021-05-19 14:50:00, 300.52, 301.145, 300.52, 301.11, 1640, 0.0
2021-05-19 14:52:00, 301.96, 301.96, 301.945, 301.945, 369, 0.0
2021-05-19 14:53:00, 301.55, 302.28, 301.52, 302.2, 1705, 0.0
2021-05-19 14:54:00, 302.33, 303.415, 302.33, 303.4, 1447, 0.0
2021-05-19 14:55:00, 303.44, 303.51, 302.97, 303.15, 3759, 0.0
2021-05-19 14:56:00, 303.105, 303.26, 302.88, 303.26, 2050, 0.0
2021-05-19 14:57:00, 303.405, 303.44, 302.97, 303.02, 3887, 0.0
2021-05-19 14:58:00, 302.94, 303.23, 302.94, 303.23, 1051, 0.0
2021-05-19 14:59:00, 303.305, 304.24, 303.305, 304.15, 4030, 0.0
2021-05-20 08:30:00, 307.45, 307.53, 306.25, 306.25, 314, 0.0
2021-05-20 08:31:00, 307.66, 307.67, 307.66, 307.67, 266, 0.0
2021-05-20 08:32:00, 307.85, 307.85, 307.85, 307.85, 145, 0.0
2021-05-20 08:33:00, 307.17, 307.17, 307, 307, 312, 0.0
2021-05-20 08:34:00, 307.895, 307.895, 307.62, 307.62, 210, 0.0
2021-05-20 08:37:00, 307.8, 307.86, 307.8, 307.86, 261, 0.0
2021-05-20 08:39:00, 308.05, 308.09, 308.03, 308.03, 323, 0.0
2021-05-20 08:41:00, 308.4, 308.4, 308.4, 308.4, 285, 0.0
2021-05-20 08:42:00, 309.66, 309.66, 309.57, 309.57, 200, 0.0
2021-05-20 08:43:00, 309.74, 309.74, 309.74, 309.74, 100, 0.0
2021-05-20 08:44:00, 309, 309.87, 309, 309.87, 458, 0.0
2021-05-20 08:45:00, 309.05, 309.05, 308.15, 308.15, 266, 0.0
2021-05-20 08:46:00, 308.91, 308.95, 308.86, 308.86, 570, 0.0
2021-05-20 08:47:00, 309.1, 309.84, 309.1, 309.84, 951, 0.0
2021-05-20 08:48:00, 309.62, 309.86, 309.62, 309.86, 373, 0.0
2021-05-20 08:49:00, 308.845, 308.845, 308.845, 308.845, 111, 0.0
2021-05-20 08:50:00, 309.52, 309.73, 309.52, 309.73, 236, 0.0
2021-05-20 08:51:00, 308.805, 308.84, 308.805, 308.84, 425, 0.0
2021-05-20 08:54:00, 307.41, 307.41, 307.41, 307.41, 113, 0.0
2021-05-20 09:01:00, 308.16, 308.16, 308.16, 308.16, 100, 0.0
2021-05-20 09:02:00, 308.39, 308.39, 308.19, 308.19, 646, 0.0
2021-05-20 09:04:00, 308.79, 308.79, 308.79, 308.79, 102, 0.0
2021-05-20 09:07:00, 308.65, 308.65, 308.19, 308.19, 381, 0.0
2021-05-20 09:10:00, 308.855, 308.855, 308.855, 308.855, 154, 0.0
2021-05-20 09:12:00, 308.36, 308.36, 308.36, 308.36, 125, 0.0
2021-05-20 09:13:00, 308.49, 308.53, 308.49, 308.53, 234, 0.0
2021-05-20 09:14:00, 308.46, 308.46, 308.46, 308.46, 150, 0.0
2021-05-20 09:15:00, 308.18, 308.18, 307.94, 307.94, 371, 0.0
2021-05-20 09:17:00, 307.76, 307.76, 307.76, 307.76, 249, 0.0
2021-05-20 09:18:00, 307.36, 307.45, 307.36, 307.45, 574, 0.0
2021-05-20 09:22:00, 307.48, 307.48, 307.45, 307.45, 211, 0.0
2021-05-20 09:28:00, 307.13, 307.26, 307.13, 307.26, 215, 0.0
2021-05-20 09:32:00, 306.98, 306.98, 306.88, 306.88, 205, 0.0
2021-05-20 09:36:00, 307.04, 307.04, 307.04, 307.04, 101, 0.0
2021-05-20 09:37:00, 307.265, 307.265, 307.265, 307.265, 209, 0.0
2021-05-20 09:40:00, 306.69, 306.69, 306.69, 306.69, 145, 0.0
2021-05-20 09:41:00, 306.95, 306.95, 306.95, 306.95, 133, 0.0
2021-05-20 09:43:00, 307.48, 307.48, 307.48, 307.48, 100, 0.0
2021-05-20 09:45:00, 307.99, 307.99, 307.99, 307.99, 233, 0.0
2021-05-20 09:49:00, 307.96, 308.06, 307.96, 308.06, 215, 0.0
2021-05-20 09:51:00, 308.16, 308.345, 308.16, 308.345, 230, 0.0
2021-05-20 09:59:00, 308.25, 308.25, 308.25, 308.25, 101, 0.0
2021-05-20 10:04:00, 308.97, 308.97, 308.94, 308.94, 201, 0.0
2021-05-20 10:05:00, 308.865, 308.865, 308.865, 308.865, 200, 0.0
2021-05-20 10:10:00, 308.64, 308.64, 308.64, 308.64, 136, 0.0
2021-05-20 10:15:00, 309.21, 309.21, 309.21, 309.21, 100, 0.0
2021-05-20 10:18:00, 309.81, 309.81, 309.71, 309.76, 360, 0.0
2021-05-20 10:22:00, 309.83, 309.84, 309.83, 309.84, 253, 0.0
2021-05-20 10:23:00, 309.565, 309.565, 309.565, 309.565, 217, 0.0
2021-05-20 10:28:00, 310.1, 310.22, 310.1, 310.22, 316, 0.0
2021-05-20 10:29:00, 310.28, 310.28, 310.28, 310.28, 106, 0.0
2021-05-20 10:34:00, 310.22, 310.22, 310.22, 310.22, 100, 0.0
2021-05-20 10:35:00, 310.53, 310.71, 310.53, 310.71, 301, 0.0
2021-05-20 10:39:00, 310.65, 310.65, 310.65, 310.65, 324, 0.0
2021-05-20 10:40:00, 310.99, 310.99, 310.99, 310.99, 102, 0.0
2021-05-20 10:41:00, 311, 311.01, 311, 311.01, 201, 0.0
2021-05-20 10:45:00, 311.02, 311.4, 311.02, 311.27, 338, 0.0
2021-05-20 10:47:00, 311.18, 311.2, 311.13, 311.13, 344, 0.0
2021-05-20 10:48:00, 311.205, 311.205, 311.205, 311.205, 158, 0.0
2021-05-20 10:51:00, 311.8, 311.8, 311.8, 311.8, 405, 0.0
2021-05-20 10:53:00, 311.515, 311.515, 311.515, 311.515, 229, 0.0
2021-05-20 10:55:00, 311.74, 311.74, 311.74, 311.74, 144, 0.0
2021-05-20 10:59:00, 311.31, 311.31, 311.31, 311.31, 101, 0.0
2021-05-20 11:00:00, 311.41, 311.415, 311.41, 311.415, 454, 0.0
2021-05-20 11:01:00, 310.81, 310.91, 310.72, 310.91, 488, 0.0
2021-05-20 11:02:00, 310.815, 310.825, 310.815, 310.825, 200, 0.0
2021-05-20 11:08:00, 311.305, 311.68, 311.305, 311.68, 316, 0.0
2021-05-20 11:10:00, 311.45, 311.45, 311.45, 311.45, 100, 0.0
2021-05-20 11:11:00, 311.79, 311.79, 311.65, 311.65, 452, 0.0
2021-05-20 11:15:00, 311.61, 311.61, 311.425, 311.425, 266, 0.0
2021-05-20 11:18:00, 311.8, 311.8, 311.8, 311.8, 211, 0.0
2021-05-20 11:19:00, 311.95, 311.95, 311.95, 311.95, 327, 0.0
2021-05-20 11:20:00, 311.88, 311.93, 311.88, 311.93, 348, 0.0
2021-05-20 11:22:00, 310.99, 311, 310.99, 311, 303, 0.0
2021-05-20 11:23:00, 310.78, 310.82, 310.78, 310.82, 205, 0.0
2021-05-20 11:24:00, 311.195, 311.195, 311.195, 311.195, 201, 0.0
2021-05-20 11:25:00, 311.02, 311.02, 311.015, 311.015, 450, 0.0
2021-05-20 11:26:00, 311.015, 311.015, 310.68, 310.68, 780, 0.0
2021-05-20 11:27:00, 310.655, 310.655, 310.655, 310.655, 200, 0.0
2021-05-20 11:29:00, 311.32, 311.32, 310.98, 310.98, 200, 0.0
2021-05-20 11:31:00, 311.205, 311.31, 311.205, 311.31, 491, 0.0
2021-05-20 11:33:00, 311.82, 311.82, 311.82, 311.82, 136, 0.0
2021-05-20 11:34:00, 311.52, 311.52, 311.42, 311.42, 327, 0.0
2021-05-20 11:35:00, 311.15, 311.15, 311.15, 311.15, 110, 0.0
2021-05-20 11:38:00, 311, 311, 310.885, 310.885, 207, 0.0
2021-05-20 11:40:00, 311.1, 311.1, 311.1, 311.1, 128, 0.0
2021-05-20 11:41:00, 311.63, 311.63, 311.52, 311.52, 200, 0.0
2021-05-20 11:42:00, 311.325, 311.4, 311.325, 311.4, 432, 0.0
2021-05-20 11:44:00, 311.15, 311.15, 311.15, 311.15, 178, 0.0
2021-05-20 11:45:00, 311.655, 311.655, 311.62, 311.62, 328, 0.0
2021-05-20 11:49:00, 311.53, 311.58, 311.53, 311.58, 379, 0.0
2021-05-20 11:51:00, 311.71, 311.71, 311.71, 311.71, 234, 0.0
2021-05-20 11:52:00, 311.98, 311.98, 311.98, 311.98, 324, 0.0
2021-05-20 11:57:00, 311.5, 311.5, 311.5, 311.5, 130, 0.0
2021-05-20 11:58:00, 311.82, 311.82, 311.82, 311.82, 144, 0.0
2021-05-20 11:59:00, 312.12, 312.12, 312.12, 312.12, 121, 0.0
2021-05-20 12:01:00, 312.33, 312.33, 312.33, 312.33, 166, 0.0
2021-05-20 12:08:00, 312.35, 312.45, 312.35, 312.45, 220, 0.0
2021-05-20 12:09:00, 312.37, 312.37, 312.37, 312.37, 100, 0.0
2021-05-20 12:10:00, 312.84, 312.84, 312.81, 312.81, 291, 0.0
2021-05-20 12:16:00, 312.42, 312.42, 312.4, 312.4, 319, 0.0
2021-05-20 12:17:00, 312.25, 312.25, 312.25, 312.25, 114, 0.0
2021-05-20 12:20:00, 312.61, 312.61, 312.61, 312.61, 101, 0.0
2021-05-20 12:22:00, 312.7, 312.7, 312.7, 312.7, 100, 0.0
2021-05-20 12:23:00, 312.93, 312.93, 312.93, 312.93, 100, 0.0
2021-05-20 12:24:00, 312.8, 312.8, 312.8, 312.8, 139, 0.0
2021-05-20 12:25:00, 313.22, 313.22, 313.13, 313.2, 632, 0.0
2021-05-20 12:26:00, 313.05, 313.13, 313.05, 313.13, 228, 0.0
2021-05-20 12:28:00, 313.32, 313.32, 313.32, 313.32, 304, 0.0
2021-05-20 12:29:00, 313.23, 313.23, 313.23, 313.23, 100, 0.0
2021-05-20 12:31:00, 313.19, 313.43, 313.19, 313.43, 300, 0.0
2021-05-20 12:32:00, 313.32, 313.38, 313.32, 313.35, 403, 0.0
2021-05-20 12:34:00, 313.51, 313.51, 313.51, 313.51, 201, 0.0
2021-05-20 12:36:00, 313.4, 313.41, 313.4, 313.41, 310, 0.0
2021-05-20 12:38:00, 313.37, 313.38, 313.37, 313.38, 212, 0.0
2021-05-20 12:39:00, 313.35, 313.35, 313.33, 313.33, 232, 0.0
2021-05-20 12:40:00, 313.2, 313.2, 313.2, 313.2, 283, 0.0
2021-05-20 12:42:00, 312.955, 312.955, 312.955, 312.955, 173, 0.0
2021-05-20 12:43:00, 313.03, 313.03, 313.03, 313.03, 135, 0.0
2021-05-20 12:45:00, 313.48, 313.48, 313.48, 313.48, 138, 0.0
2021-05-20 12:50:00, 313.87, 313.87, 313.76, 313.76, 350, 0.0
2021-05-20 12:54:00, 312.38, 312.38, 312.38, 312.38, 100, 0.0
2021-05-20 12:56:00, 312.73, 312.98, 312.72, 312.98, 540, 0.0
2021-05-20 12:57:00, 313.09, 313.11, 313.09, 313.11, 360, 0.0
2021-05-20 13:01:00, 313.06, 313.09, 313.06, 313.09, 230, 0.0
2021-05-20 13:02:00, 313.18, 313.2, 313.18, 313.2, 218, 0.0
2021-05-20 13:06:00, 313.08, 313.1, 313.08, 313.1, 289, 0.0
2021-05-20 13:07:00, 313, 313, 313, 313, 202, 0.0
2021-05-20 13:08:00, 312.87, 312.87, 312.87, 312.87, 217, 0.0
2021-05-20 13:10:00, 312.72, 312.72, 312.72, 312.72, 376, 0.0
2021-05-20 13:15:00, 312.85, 312.85, 312.85, 312.85, 288, 0.0
2021-05-20 13:17:00, 312.58, 312.63, 312.58, 312.63, 326, 0.0
2021-05-20 13:22:00, 313.07, 313.07, 313.07, 313.07, 255, 0.0
2021-05-20 13:23:00, 313.25, 313.25, 313.25, 313.25, 101, 0.0
2021-05-20 13:25:00, 313.2, 313.26, 313.2, 313.26, 611, 0.0
2021-05-20 13:30:00, 313.355, 313.355, 313.25, 313.33, 560, 0.0
2021-05-20 13:31:00, 313.81, 313.81, 313.695, 313.695, 460, 0.0
2021-05-20 13:33:00, 313.81, 313.81, 313.81, 313.81, 143, 0.0
2021-05-20 13:34:00, 314.32, 314.32, 314.05, 314.05, 607, 0.0
2021-05-20 13:38:00, 314.34, 314.34, 314.34, 314.34, 295, 0.0
2021-05-20 13:39:00, 314.34, 314.34, 314.17, 314.17, 336, 0.0
2021-05-20 13:41:00, 314.405, 314.55, 314.405, 314.55, 649, 0.0
2021-05-20 13:44:00, 314.48, 314.57, 314.48, 314.57, 464, 0.0
2021-05-20 13:46:00, 314.51, 314.51, 314.415, 314.415, 440, 0.0
2021-05-20 13:47:00, 314.405, 314.405, 314.22, 314.22, 1053, 0.0
2021-05-20 13:49:00, 314.385, 314.385, 313.98, 313.98, 940, 0.0
2021-05-20 13:50:00, 313.955, 314.19, 313.955, 314.19, 712, 0.0
2021-05-20 14:00:00, 314.255, 314.255, 314.255, 314.255, 510, 0.0
2021-05-20 14:01:00, 314.13, 314.13, 314.13, 314.13, 235, 0.0
2021-05-20 14:03:00, 314.52, 314.52, 314.47, 314.47, 514, 0.0
2021-05-20 14:08:00, 314.19, 314.19, 314.19, 314.19, 544, 0.0
2021-05-20 14:09:00, 314.34, 314.34, 314.34, 314.34, 105, 0.0
2021-05-20 14:10:00, 314.51, 314.51, 314.51, 314.51, 377, 0.0
2021-05-20 14:11:00, 314.61, 314.61, 314.61, 314.61, 403, 0.0
2021-05-20 14:12:00, 314.67, 314.67, 314.67, 314.67, 302, 0.0
2021-05-20 14:13:00, 314.47, 314.47, 314.47, 314.47, 404, 0.0
2021-05-20 14:14:00, 314.64, 314.64, 314.64, 314.64, 365, 0.0
2021-05-20 14:15:00, 314.36, 314.36, 314.35, 314.35, 526, 0.0
2021-05-20 14:20:00, 314.78, 314.78, 314.78, 314.78, 228, 0.0
2021-05-20 14:21:00, 314.77, 314.77, 314.77, 314.77, 332, 0.0
2021-05-20 14:22:00, 314.505, 314.505, 314.36, 314.36, 674, 0.0
2021-05-20 14:24:00, 314.46, 314.64, 314.43, 314.64, 880, 0.0
2021-05-20 14:25:00, 314.49, 314.49, 314.37, 314.37, 539, 0.0
2021-05-20 14:26:00, 314.43, 314.43, 314.37, 314.37, 541, 0.0
2021-05-20 14:27:00, 314.535, 314.535, 314.535, 314.535, 300, 0.0
2021-05-20 14:28:00, 314.69, 314.69, 314.69, 314.69, 303, 0.0
2021-05-20 14:29:00, 314.69, 314.69, 314.59, 314.59, 220, 0.0
2021-05-20 14:30:00, 314.7, 314.86, 314.69, 314.69, 719, 0.0
2021-05-20 14:31:00, 314.57, 314.655, 314.57, 314.605, 681, 0.0
2021-05-20 14:32:00, 314.525, 314.525, 314.35, 314.35, 699, 0.0
2021-05-20 14:33:00, 314.32, 314.48, 314.32, 314.345, 773, 0.0
2021-05-20 14:34:00, 314.355, 314.355, 314.05, 314.05, 1004, 0.0
2021-05-20 14:35:00, 314.32, 314.32, 314.26, 314.26, 291, 0.0
2021-05-20 14:36:00, 314.285, 314.285, 314.1, 314.215, 436, 0.0
2021-05-20 14:38:00, 314.03, 314.03, 314.03, 314.03, 321, 0.0
2021-05-20 14:39:00, 314.125, 314.335, 314.125, 314.335, 850, 0.0
2021-05-20 14:40:00, 314, 314.06, 314, 314.06, 1090, 0.0
2021-05-20 14:41:00, 313.65, 313.68, 313.565, 313.68, 694, 0.0
2021-05-20 14:42:00, 313.57, 313.57, 313.47, 313.47, 652, 0.0
2021-05-20 14:43:00, 313.215, 313.215, 313.215, 313.215, 601, 0.0
2021-05-20 14:44:00, 313.21, 313.29, 313.21, 313.29, 453, 0.0
2021-05-20 14:46:00, 314.04, 314.04, 313.805, 313.98, 693, 0.0
2021-05-20 14:47:00, 313.825, 314.29, 313.825, 314.29, 427, 0.0
2021-05-20 14:48:00, 313.72, 313.86, 313.72, 313.86, 574, 0.0
2021-05-20 14:49:00, 313.73, 313.73, 313.73, 313.73, 459, 0.0
2021-05-20 14:50:00, 313.615, 313.615, 312.94, 313.04, 1089, 0.0
2021-05-20 14:53:00, 312.91, 313.3, 312.91, 313.3, 344, 0.0
2021-05-20 14:54:00, 313.54, 314.04, 313.54, 314.04, 342, 0.0
2021-05-20 14:56:00, 313.39, 313.39, 313.39, 313.39, 111, 0.0
2021-05-20 14:57:00, 313.035, 313.06, 312.92, 313.06, 826, 0.0
2021-05-20 14:58:00, 313.01, 313.16, 313.01, 313.11, 691, 0.0
2021-05-20 14:59:00, 313.03, 313.37, 313.03, 313.19, 1554, 0.0
2021-05-21 08:32:00, 310.96, 310.96, 310.96, 310.96, 253, 0.0
2021-05-21 08:33:00, 310.62, 310.8, 310.62, 310.8, 213, 0.0
2021-05-21 08:34:00, 312.5, 312.5, 312.33, 312.33, 211, 0.0
2021-05-21 08:35:00, 311.08, 311.08, 310.85, 310.85, 300, 0.0
2021-05-21 08:36:00, 310.995, 311.08, 310.74, 311.08, 417, 0.0
2021-05-21 08:37:00, 311.15, 311.15, 311.11, 311.11, 209, 0.0
2021-05-21 08:38:00, 310.705, 310.705, 310.705, 310.705, 205, 0.0
2021-05-21 08:40:00, 310.89, 311.44, 310.89, 311.44, 212, 0.0
2021-05-21 08:41:00, 311.3, 311.31, 311.3, 311.31, 208, 0.0
2021-05-21 08:44:00, 311.74, 311.74, 311.31, 311.31, 235, 0.0
2021-05-21 08:45:00, 310.53, 310.53, 310.53, 310.53, 166, 0.0
2021-05-21 08:46:00, 310.745, 310.905, 310.745, 310.905, 201, 0.0
2021-05-21 08:47:00, 310.72, 310.72, 310.72, 310.72, 111, 0.0
2021-05-21 08:48:00, 310.36, 311.13, 310.36, 311.13, 215, 0.0
2021-05-21 08:50:00, 310.84, 310.84, 310.84, 310.84, 305, 0.0
2021-05-21 08:52:00, 310.06, 310.06, 310.06, 310.06, 105, 0.0
2021-05-21 08:53:00, 309.87, 309.87, 309.63, 309.63, 205, 0.0
2021-05-21 08:54:00, 310.06, 310.24, 310.06, 310.24, 200, 0.0
2021-05-21 08:56:00, 311.52, 311.84, 311.52, 311.73, 300, 0.0
2021-05-21 08:57:00, 311.725, 312.44, 311.725, 312.44, 300, 0.0
2021-05-21 09:02:00, 313.06, 313.06, 313.035, 313.035, 600, 0.0
2021-05-21 09:03:00, 312.725, 312.725, 312.725, 312.725, 100, 0.0
2021-05-21 09:04:00, 313.26, 313.31, 313.26, 313.31, 235, 0.0
2021-05-21 09:06:00, 313.005, 313.005, 313.005, 313.005, 100, 0.0
2021-05-21 09:09:00, 311.4, 311.4, 311.4, 311.4, 106, 0.0
2021-05-21 09:11:00, 311.69, 311.69, 311.69, 311.69, 271, 0.0
2021-05-21 09:16:00, 310.51, 311.04, 310.51, 311.04, 479, 0.0
2021-05-21 09:17:00, 310.58, 310.58, 310.58, 310.58, 184, 0.0
2021-05-21 09:18:00, 310, 310.06, 309.53, 309.53, 392, 0.0
2021-05-21 09:22:00, 309.53, 309.53, 309.53, 309.53, 204, 0.0
2021-05-21 09:26:00, 310.37, 310.37, 310.37, 310.37, 334, 0.0
2021-05-21 09:29:00, 309.85, 309.85, 309.85, 309.85, 296, 0.0
2021-05-21 09:34:00, 310.99, 310.99, 310.99, 310.99, 104, 0.0
2021-05-21 09:41:00, 309.79, 309.79, 309.79, 309.79, 105, 0.0
2021-05-21 09:44:00, 309.9, 309.9, 309.9, 309.9, 383, 0.0
2021-05-21 09:46:00, 309.68, 309.68, 309.68, 309.68, 102, 0.0
2021-05-21 09:49:00, 309.13, 309.13, 309.13, 309.13, 106, 0.0
2021-05-21 09:53:00, 309.68, 309.68, 309.68, 309.68, 176, 0.0
2021-05-21 09:57:00, 309.38, 309.38, 309.38, 309.38, 131, 0.0
2021-05-21 09:58:00, 309.67, 309.67, 309.67, 309.67, 695, 0.0
2021-05-21 10:00:00, 310.59, 310.59, 310.58, 310.58, 393, 0.0
2021-05-21 10:01:00, 310.53, 310.53, 310.53, 310.53, 226, 0.0
2021-05-21 10:02:00, 310.635, 310.635, 310.635, 310.635, 176, 0.0
2021-05-21 10:03:00, 310.44, 310.44, 310.44, 310.44, 172, 0.0
2021-05-21 10:05:00, 310.47, 310.47, 310.47, 310.47, 113, 0.0
2021-05-21 10:06:00, 311.01, 311.07, 311.01, 311.07, 733, 0.0
2021-05-21 10:07:00, 311.12, 311.51, 311.115, 311.51, 733, 0.0
2021-05-21 10:08:00, 311.55, 311.55, 311.55, 311.55, 291, 0.0
2021-05-21 10:09:00, 311.93, 311.935, 311.93, 311.935, 606, 0.0
2021-05-21 10:10:00, 311.95, 311.95, 311.95, 311.95, 312, 0.0
2021-05-21 10:11:00, 311.69, 311.69, 311.69, 311.69, 230, 0.0
2021-05-21 10:13:00, 311.295, 311.295, 311.295, 311.295, 190, 0.0
2021-05-21 10:15:00, 311.52, 311.52, 311.52, 311.52, 258, 0.0
2021-05-21 10:16:00, 311.24, 311.24, 311.19, 311.19, 489, 0.0
2021-05-21 10:22:00, 311.6, 311.61, 311.6, 311.61, 200, 0.0
2021-05-21 10:23:00, 311.54, 311.58, 311.54, 311.58, 210, 0.0
2021-05-21 10:24:00, 311.84, 311.84, 311.82, 311.82, 301, 0.0
2021-05-21 10:25:00, 311.945, 311.945, 311.945, 311.945, 101, 0.0
2021-05-21 10:26:00, 311.39, 311.39, 311.39, 311.39, 206, 0.0
2021-05-21 10:30:00, 310.24, 310.24, 310.24, 310.24, 182, 0.0
2021-05-21 10:31:00, 310.14, 310.14, 310.14, 310.14, 222, 0.0
2021-05-21 10:32:00, 310.47, 310.47, 310.47, 310.47, 117, 0.0
2021-05-21 10:33:00, 310.51, 310.74, 310.51, 310.74, 343, 0.0
2021-05-21 10:34:00, 310.68, 310.68, 310.68, 310.68, 101, 0.0
2021-05-21 10:36:00, 310.6, 310.62, 310.6, 310.62, 204, 0.0
2021-05-21 10:37:00, 310.6, 310.6, 310.6, 310.6, 134, 0.0
2021-05-21 10:40:00, 311.37, 311.37, 311.22, 311.22, 1346, 0.0
2021-05-21 10:42:00, 310.9, 310.9, 310.9, 310.9, 101, 0.0
2021-05-21 10:44:00, 311.295, 311.31, 311.255, 311.3, 644, 0.0
2021-05-21 10:45:00, 311.36, 311.36, 311.32, 311.32, 404, 0.0
2021-05-21 10:47:00, 311.36, 311.4, 311.15, 311.15, 665, 0.0
2021-05-21 10:48:00, 311.38, 311.38, 311.38, 311.38, 225, 0.0
2021-05-21 10:49:00, 311.42, 311.42, 311.42, 311.42, 121, 0.0
2021-05-21 10:50:00, 311.19, 311.19, 311.19, 311.19, 139, 0.0
2021-05-21 10:58:00, 310.79, 310.79, 310.79, 310.79, 199, 0.0
2021-05-21 11:00:00, 311.09, 311.09, 311.09, 311.09, 133, 0.0
2021-05-21 11:04:00, 312.4, 312.4, 312.4, 312.4, 180, 0.0
2021-05-21 11:06:00, 311.76, 311.76, 311.76, 311.76, 201, 0.0
2021-05-21 11:07:00, 311.78, 311.78, 311.78, 311.78, 100, 0.0
2021-05-21 11:08:00, 311.38, 311.38, 311.38, 311.38, 113, 0.0
2021-05-21 11:09:00, 311.37, 311.37, 311.37, 311.37, 131, 0.0
2021-05-21 11:15:00, 311.4, 311.4, 311.4, 311.4, 223, 0.0
2021-05-21 11:16:00, 311.79, 311.79, 311.79, 311.79, 100, 0.0
2021-05-21 11:19:00, 312.08, 312.09, 312.08, 312.09, 223, 0.0
2021-05-21 11:21:00, 312.24, 312.24, 312.24, 312.24, 109, 0.0
2021-05-21 11:23:00, 312.52, 312.52, 312.52, 312.52, 110, 0.0
2021-05-21 11:24:00, 312.81, 312.81, 312.36, 312.36, 829, 0.0
2021-05-21 11:28:00, 312.09, 312.09, 312.09, 312.09, 209, 0.0
2021-05-21 11:30:00, 312.16, 312.45, 312.16, 312.45, 344, 0.0
2021-05-21 11:33:00, 312.12, 312.12, 312.12, 312.12, 100, 0.0
2021-05-21 11:34:00, 312.02, 312.02, 312.02, 312.02, 162, 0.0
2021-05-21 11:37:00, 310.84, 310.84, 310.84, 310.84, 105, 0.0
2021-05-21 11:38:00, 311.16, 311.25, 311.16, 311.25, 203, 0.0
2021-05-21 11:46:00, 310.64, 310.645, 310.445, 310.445, 487, 0.0
2021-05-21 11:47:00, 310.36, 310.36, 310.36, 310.36, 160, 0.0
2021-05-21 11:48:00, 310.455, 310.455, 310.44, 310.44, 354, 0.0
2021-05-21 11:49:00, 310.485, 310.485, 310.485, 310.485, 202, 0.0
2021-05-21 11:50:00, 310.715, 310.715, 310.65, 310.65, 555, 0.0
2021-05-21 11:51:00, 310.75, 310.75, 310.75, 310.75, 136, 0.0
2021-05-21 11:52:00, 310.745, 310.745, 310.745, 310.745, 385, 0.0
2021-05-21 11:53:00, 311.09, 311.09, 311.09, 311.09, 300, 0.0
2021-05-21 11:56:00, 310.165, 310.165, 310.165, 310.165, 150, 0.0
2021-05-21 12:12:00, 311.48, 311.48, 311.48, 311.48, 186, 0.0
2021-05-21 12:13:00, 311.35, 311.35, 311.35, 311.35, 103, 0.0
2021-05-21 12:19:00, 311.185, 311.185, 311.185, 311.185, 120, 0.0
2021-05-21 12:20:00, 311.41, 311.41, 311.41, 311.41, 187, 0.0
2021-05-21 12:29:00, 312.09, 312.09, 312.09, 312.09, 226, 0.0
2021-05-21 12:30:00, 312.05, 312.05, 312.05, 312.05, 177, 0.0
2021-05-21 12:32:00, 312.355, 312.355, 312.355, 312.355, 133, 0.0
2021-05-21 12:33:00, 312.355, 312.355, 312.355, 312.355, 216, 0.0
2021-05-21 12:36:00, 312.43, 312.43, 312.43, 312.43, 220, 0.0
2021-05-21 13:06:00, 312.17, 312.17, 312.15, 312.15, 277, 0.0
2021-05-21 13:07:00, 312.54, 312.625, 312.54, 312.625, 471, 0.0
2021-05-21 13:10:00, 312.97, 312.97, 312.97, 312.97, 228, 0.0
2021-05-21 13:12:00, 312.65, 312.65, 312.65, 312.65, 100, 0.0
2021-05-21 13:21:00, 312.07, 312.07, 312.07, 312.07, 101, 0.0
2021-05-21 13:23:00, 312.25, 312.25, 312.25, 312.25, 295, 0.0
2021-05-21 13:25:00, 312.27, 312.27, 312.27, 312.27, 142, 0.0
2021-05-21 13:27:00, 311.98, 311.98, 311.89, 311.89, 327, 0.0
2021-05-21 13:35:00, 311.815, 311.815, 311.815, 311.815, 167, 0.0
2021-05-21 13:36:00, 311.68, 311.68, 311.68, 311.68, 116, 0.0
2021-05-21 13:37:00, 311.61, 311.61, 311.61, 311.61, 104, 0.0
2021-05-21 13:38:00, 311.31, 311.31, 311.31, 311.31, 296, 0.0
2021-05-21 13:39:00, 311.155, 311.155, 311.155, 311.155, 129, 0.0
2021-05-21 13:45:00, 311.46, 311.46, 311.46, 311.46, 132, 0.0
2021-05-21 13:52:00, 311.64, 311.64, 311.64, 311.64, 127, 0.0
2021-05-21 13:55:00, 311.605, 311.65, 311.605, 311.65, 226, 0.0
2021-05-21 13:56:00, 311.71, 311.77, 311.71, 311.77, 332, 0.0
2021-05-21 13:59:00, 311.34, 311.34, 311.34, 311.34, 143, 0.0
2021-05-21 14:00:00, 311.9, 311.9, 311.9, 311.9, 163, 0.0
2021-05-21 14:08:00, 311.705, 311.705, 311.705, 311.705, 112, 0.0
2021-05-21 14:09:00, 311.58, 311.58, 311.58, 311.58, 113, 0.0
2021-05-21 14:12:00, 311.965, 311.965, 311.965, 311.965, 199, 0.0
2021-05-21 14:13:00, 311.92, 311.92, 311.845, 311.845, 301, 0.0
2021-05-21 14:14:00, 311.83, 311.83, 311.83, 311.83, 106, 0.0
2021-05-21 14:15:00, 311.73, 311.73, 311.73, 311.73, 142, 0.0
2021-05-21 14:16:00, 312.15, 312.15, 312.095, 312.095, 222, 0.0
2021-05-21 14:17:00, 312.095, 312.095, 311.99, 312.07, 439, 0.0
2021-05-21 14:19:00, 312.17, 312.17, 312.17, 312.17, 117, 0.0
2021-05-21 14:20:00, 312.18, 312.36, 312.18, 312.22, 563, 0.0
2021-05-21 14:21:00, 312.28, 312.36, 312.28, 312.36, 203, 0.0
2021-05-21 14:22:00, 312.3, 312.3, 312.295, 312.295, 407, 0.0
2021-05-21 14:24:00, 312.245, 312.245, 312.245, 312.245, 122, 0.0
2021-05-21 14:25:00, 312.21, 312.57, 312.05, 312.5, 706, 0.0
2021-05-21 14:26:00, 312.605, 312.605, 312.465, 312.465, 697, 0.0
2021-05-21 14:27:00, 312.495, 312.495, 312.495, 312.495, 101, 0.0
2021-05-21 14:28:00, 312.5, 312.5, 312.5, 312.5, 220, 0.0
2021-05-21 14:31:00, 312.425, 312.425, 312.425, 312.425, 121, 0.0
2021-05-21 14:33:00, 311.805, 311.805, 311.805, 311.805, 117, 0.0
2021-05-21 14:40:00, 311.4, 311.62, 311.4, 311.62, 219, 0.0
2021-05-21 14:41:00, 311.18, 311.18, 311.18, 311.18, 183, 0.0
2021-05-21 14:43:00, 311.3, 311.3, 311.3, 311.3, 240, 0.0
2021-05-21 14:44:00, 311.42, 311.42, 311.42, 311.42, 216, 0.0
2021-05-21 14:47:00, 311.015, 311.27, 311.015, 311.27, 244, 0.0
2021-05-21 14:48:00, 311.03, 311.03, 311.03, 311.03, 216, 0.0
2021-05-21 14:49:00, 310.89, 310.98, 310.89, 310.98, 456, 0.0
2021-05-21 14:50:00, 310.515, 310.515, 310.515, 310.515, 191, 0.0
2021-05-21 14:51:00, 310.805, 310.805, 310.805, 310.805, 146, 0.0
2021-05-21 14:52:00, 310.99, 310.99, 310.99, 310.99, 276, 0.0
2021-05-21 14:53:00, 310.96, 311.08, 310.955, 311.05, 598, 0.0
2021-05-21 14:54:00, 311.07, 311.07, 310.46, 310.65, 1173, 0.0
2021-05-21 14:55:00, 310.52, 310.585, 310.385, 310.385, 840, 0.0
2021-05-21 14:56:00, 310.5, 310.5, 310.395, 310.395, 310, 0.0
2021-05-21 14:57:00, 310.45, 310.45, 310.26, 310.38, 753, 0.0
2021-05-21 14:58:00, 310.465, 310.465, 310, 310.03, 1314, 0.0
2021-05-21 14:59:00, 309.94, 310.115, 309.71, 309.81, 2470, 0.0
2021-05-24 08:30:00, 315.37, 315.37, 314.3, 314.3, 555, 0.0
2021-05-24 08:32:00, 314.7, 314.7, 314.7, 314.7, 100, 0.0
2021-05-24 08:33:00, 315.86, 315.86, 315.86, 315.86, 131, 0.0
2021-05-24 08:34:00, 316.98, 316.98, 316.98, 316.98, 105, 0.0
2021-05-24 08:35:00, 317.51, 317.65, 317.49, 317.65, 338, 0.0
2021-05-24 08:36:00, 317.23, 317.23, 317.23, 317.23, 107, 0.0
2021-05-24 08:38:00, 318.58, 318.58, 318.26, 318.26, 400, 0.0
2021-05-24 08:41:00, 318.02, 318.02, 318.02, 318.02, 116, 0.0
2021-05-24 08:42:00, 317.61, 317.61, 317.61, 317.61, 100, 0.0
2021-05-24 08:45:00, 317.94, 318.06, 317.73, 318.06, 406, 0.0
2021-05-24 08:47:00, 318.29, 318.33, 318.21, 318.21, 401, 0.0
2021-05-24 08:48:00, 318.18, 318.18, 318.18, 318.18, 181, 0.0
2021-05-24 08:50:00, 317.645, 317.645, 317.645, 317.645, 122, 0.0
2021-05-24 08:51:00, 317.65, 317.65, 317.64, 317.64, 329, 0.0
2021-05-24 08:53:00, 317.735, 318.08, 317.625, 318.08, 2082, 0.0
2021-05-24 08:54:00, 318.125, 318.255, 318.125, 318.255, 1181, 0.0
2021-05-24 08:58:00, 317.08, 317.09, 317.08, 317.09, 209, 0.0
2021-05-24 08:59:00, 317.13, 317.225, 317.13, 317.225, 426, 0.0
2021-05-24 09:00:00, 317.66, 317.765, 317.66, 317.765, 200, 0.0
2021-05-24 09:01:00, 317.765, 317.765, 317.74, 317.76, 445, 0.0
2021-05-24 09:02:00, 317.76, 317.76, 317.7, 317.7, 233, 0.0
2021-05-24 09:03:00, 317.68, 317.68, 317.68, 317.68, 233, 0.0
2021-05-24 09:04:00, 317.645, 317.645, 317.645, 317.645, 626, 0.0
2021-05-24 09:06:00, 317.46, 317.46, 317.39, 317.39, 365, 0.0
2021-05-24 09:07:00, 317.765, 317.765, 317.76, 317.76, 256, 0.0
2021-05-24 09:09:00, 317.975, 317.995, 317.975, 317.995, 215, 0.0
2021-05-24 09:10:00, 318.26, 318.26, 318.26, 318.26, 225, 0.0
2021-05-24 09:11:00, 318.22, 318.22, 318.22, 318.22, 104, 0.0
2021-05-24 09:12:00, 318.165, 318.165, 318.165, 318.165, 100, 0.0
2021-05-24 09:14:00, 318.055, 318.055, 318.055, 318.055, 1103, 0.0
2021-05-24 09:17:00, 318.65, 319.05, 318.65, 319.05, 244, 0.0
2021-05-24 09:18:00, 319.055, 319.19, 319.055, 319.11, 330, 0.0
2021-05-24 09:19:00, 318.51, 318.51, 318.51, 318.51, 116, 0.0
2021-05-24 09:22:00, 319.27, 319.3, 319.27, 319.3, 203, 0.0
2021-05-24 09:24:00, 319.17, 319.18, 319.17, 319.18, 200, 0.0
2021-05-24 09:27:00, 318.19, 318.19, 318.19, 318.19, 161, 0.0
2021-05-24 09:31:00, 318.61, 318.61, 318.61, 318.61, 111, 0.0
2021-05-24 09:33:00, 318.79, 318.79, 318.79, 318.79, 202, 0.0
2021-05-24 09:37:00, 319.65, 319.65, 319.65, 319.65, 150, 0.0
2021-05-24 09:41:00, 319.8, 319.8, 319.6, 319.645, 348, 0.0
2021-05-24 09:42:00, 319.64, 319.64, 319.64, 319.64, 156, 0.0
2021-05-24 09:43:00, 319.77, 319.77, 319.77, 319.77, 236, 0.0
2021-05-24 09:45:00, 319.295, 319.295, 319.27, 319.27, 233, 0.0
2021-05-24 09:57:00, 318.33, 318.33, 318.275, 318.275, 280, 0.0
2021-05-24 10:00:00, 317.66, 317.66, 317.66, 317.66, 215, 0.0
2021-05-24 10:02:00, 318.195, 318.195, 318.195, 318.195, 145, 0.0
2021-05-24 10:05:00, 317.74, 317.74, 317.52, 317.54, 426, 0.0
2021-05-24 10:08:00, 317.685, 317.685, 317.685, 317.685, 231, 0.0
2021-05-24 10:09:00, 317.515, 317.515, 317.515, 317.515, 110, 0.0
2021-05-24 10:10:00, 317.57, 317.58, 317.495, 317.5, 1691, 0.0
2021-05-24 10:13:00, 317.965, 318.26, 317.965, 318.115, 1502, 0.0
2021-05-24 10:15:00, 318.57, 318.57, 318.13, 318.13, 2290, 0.0
2021-05-24 10:17:00, 318.19, 318.19, 317.995, 317.995, 357, 0.0
2021-05-24 10:20:00, 318.14, 318.21, 318.14, 318.21, 561, 0.0
2021-05-24 10:21:00, 317.94, 317.94, 317.94, 317.94, 167, 0.0
2021-05-24 10:24:00, 317.73, 317.73, 317.73, 317.73, 111, 0.0
2021-05-24 10:25:00, 317.735, 317.735, 317.66, 317.73, 403, 0.0
2021-05-24 10:26:00, 318.06, 318.06, 318.02, 318.02, 237, 0.0
2021-05-24 10:27:00, 317.92, 317.92, 317.92, 317.92, 300, 0.0
2021-05-24 10:28:00, 317.925, 317.925, 317.925, 317.925, 101, 0.0
2021-05-24 10:29:00, 317.84, 317.84, 317.84, 317.84, 101, 0.0
2021-05-24 10:30:00, 317.58, 317.58, 317.58, 317.58, 290, 0.0
2021-05-24 10:32:00, 317.39, 317.39, 317.39, 317.39, 301, 0.0
2021-05-24 10:34:00, 317.64, 317.64, 317.45, 317.45, 549, 0.0
2021-05-24 10:37:00, 317, 317, 316.995, 316.995, 275, 0.0
2021-05-24 10:39:00, 316.9, 316.9, 316.9, 316.9, 102, 0.0
2021-05-24 10:41:00, 317.01, 317.01, 317.01, 317.01, 100, 0.0
2021-05-24 10:42:00, 317.08, 317.11, 317.08, 317.11, 201, 0.0
2021-05-24 10:44:00, 317.19, 317.19, 317.19, 317.19, 103, 0.0
2021-05-24 10:45:00, 317.05, 317.05, 317, 317, 430, 0.0
2021-05-24 10:50:00, 317.39, 317.39, 317.39, 317.39, 203, 0.0
2021-05-24 10:51:00, 317.61, 317.65, 317.61, 317.65, 200, 0.0
2021-05-24 10:54:00, 317.19, 317.19, 316.945, 316.945, 200, 0.0
2021-05-24 10:56:00, 316.86, 316.86, 316.86, 316.86, 176, 0.0
2021-05-24 10:57:00, 317.46, 317.46, 317.46, 317.46, 106, 0.0
2021-05-24 11:00:00, 317.88, 317.88, 317.855, 317.855, 1210, 0.0
2021-05-24 11:01:00, 317.505, 317.505, 317.505, 317.505, 101, 0.0
2021-05-24 11:04:00, 317.59, 317.59, 317.59, 317.59, 100, 0.0
2021-05-24 11:07:00, 317.77, 317.77, 317.77, 317.77, 140, 0.0
2021-05-24 11:08:00, 317.77, 317.89, 317.77, 317.89, 335, 0.0
2021-05-24 11:09:00, 317.795, 317.795, 317.795, 317.795, 207, 0.0
2021-05-24 11:10:00, 317.78, 317.78, 317.78, 317.78, 100, 0.0
2021-05-24 11:11:00, 317.925, 317.925, 317.85, 317.85, 304, 0.0
2021-05-24 11:12:00, 317.8, 317.82, 317.8, 317.82, 307, 0.0
2021-05-24 11:13:00, 318.09, 318.09, 318.09, 318.09, 233, 0.0
2021-05-24 11:15:00, 318.32, 318.32, 318.32, 318.32, 214, 0.0
2021-05-24 11:16:00, 318.455, 318.455, 318.455, 318.455, 192, 0.0
2021-05-24 11:23:00, 318.66, 318.66, 318.66, 318.66, 104, 0.0
2021-05-24 11:24:00, 318.26, 318.26, 318.26, 318.26, 284, 0.0
2021-05-24 11:26:00, 317.97, 317.97, 317.84, 317.84, 200, 0.0
2021-05-24 11:27:00, 317.83, 317.83, 317.83, 317.83, 133, 0.0
2021-05-24 11:29:00, 317.935, 317.935, 317.935, 317.935, 105, 0.0
2021-05-24 11:33:00, 317.87, 318.03, 317.87, 318.03, 200, 0.0
2021-05-24 11:34:00, 317.9, 317.94, 317.9, 317.94, 235, 0.0
2021-05-24 11:35:00, 317.845, 317.845, 317.845, 317.845, 100, 0.0
2021-05-24 11:36:00, 317.81, 317.86, 317.81, 317.86, 260, 0.0
2021-05-24 11:38:00, 318.09, 318.09, 318.09, 318.09, 100, 0.0
2021-05-24 11:39:00, 318.06, 318.13, 318.06, 318.13, 268, 0.0
2021-05-24 11:41:00, 318.23, 318.23, 318.22, 318.23, 300, 0.0
2021-05-24 11:43:00, 318.22, 318.22, 318.12, 318.14, 435, 0.0
2021-05-24 11:45:00, 318.18, 318.18, 318.18, 318.18, 110, 0.0
2021-05-24 11:46:00, 318.22, 318.23, 318.22, 318.23, 200, 0.0
2021-05-24 11:47:00, 318.06, 318.06, 317.92, 318.06, 475, 0.0
2021-05-24 11:48:00, 318.16, 318.16, 318.11, 318.11, 1100, 0.0
2021-05-24 11:49:00, 318.12, 318.34, 318.12, 318.19, 535, 0.0
2021-05-24 11:54:00, 317.78, 317.78, 317.78, 317.78, 200, 0.0
2021-05-24 11:55:00, 317.9, 317.9, 317.7, 317.7, 204, 0.0
2021-05-24 11:56:00, 317.88, 317.88, 317.88, 317.88, 183, 0.0
2021-05-24 11:57:00, 318.02, 318.02, 318.02, 318.02, 175, 0.0
2021-05-24 11:58:00, 318.03, 318.03, 318.03, 318.03, 107, 0.0
2021-05-24 11:59:00, 318.205, 318.205, 318.205, 318.205, 110, 0.0
2021-05-24 12:00:00, 318.21, 318.21, 318.08, 318.08, 552, 0.0
2021-05-24 12:01:00, 318.1, 318.15, 318.1, 318.15, 263, 0.0
2021-05-24 12:02:00, 318.29, 318.29, 318.29, 318.29, 255, 0.0
2021-05-24 12:03:00, 318.5, 318.5, 318.5, 318.5, 176, 0.0
2021-05-24 12:04:00, 318.41, 318.41, 318.41, 318.41, 121, 0.0
2021-05-24 12:05:00, 318.19, 318.19, 318.19, 318.19, 115, 0.0
2021-05-24 12:09:00, 317.38, 317.48, 317.38, 317.48, 310, 0.0
2021-05-24 12:12:00, 317.94, 317.94, 317.94, 317.94, 438, 0.0
2021-05-24 12:13:00, 317.58, 317.58, 317.58, 317.58, 133, 0.0
2021-05-24 12:16:00, 318.13, 318.13, 318.13, 318.13, 133, 0.0
2021-05-24 12:17:00, 318.17, 318.43, 318.17, 318.43, 200, 0.0
2021-05-24 12:18:00, 318.42, 318.42, 318.38, 318.38, 242, 0.0
2021-05-24 12:19:00, 318.415, 318.415, 318.415, 318.415, 229, 0.0
2021-05-24 12:23:00, 318.33, 318.33, 318.33, 318.33, 216, 0.0
2021-05-24 12:25:00, 318.26, 318.33, 318.26, 318.33, 242, 0.0
2021-05-24 12:26:00, 318.22, 318.22, 318.22, 318.22, 160, 0.0
2021-05-24 12:27:00, 318.12, 318.18, 318.12, 318.18, 201, 0.0
2021-05-24 12:31:00, 318.37, 318.37, 318.36, 318.36, 200, 0.0
2021-05-24 12:34:00, 318.7, 318.79, 318.7, 318.79, 317, 0.0
2021-05-24 12:35:00, 318.82, 318.82, 318.82, 318.82, 117, 0.0
2021-05-24 12:36:00, 318.72, 318.76, 318.7, 318.76, 334, 0.0
2021-05-24 12:37:00, 318.64, 318.64, 318.64, 318.64, 133, 0.0
2021-05-24 12:38:00, 318.44, 318.44, 318.37, 318.37, 290, 0.0
2021-05-24 12:40:00, 318.275, 318.35, 318.275, 318.33, 458, 0.0
2021-05-24 12:41:00, 318.31, 318.31, 318.24, 318.24, 202, 0.0
2021-05-24 12:43:00, 318.57, 318.745, 318.57, 318.745, 301, 0.0
2021-05-24 12:44:00, 318.65, 318.65, 318.65, 318.65, 100, 0.0
2021-05-24 12:45:00, 318.71, 318.71, 318.7, 318.7, 300, 0.0
2021-05-24 12:49:00, 319.11, 319.11, 319.11, 319.11, 200, 0.0
2021-05-24 12:51:00, 319.45, 319.45, 319.14, 319.14, 368, 0.0
2021-05-24 12:52:00, 319.15, 319.15, 319.15, 319.15, 304, 0.0
2021-05-24 12:53:00, 319.1, 319.1, 319.1, 319.1, 321, 0.0
2021-05-24 12:57:00, 318.83, 318.83, 318.83, 318.83, 156, 0.0
2021-05-24 12:58:00, 318.86, 318.86, 318.86, 318.86, 176, 0.0
2021-05-24 13:00:00, 318.94, 319.075, 318.94, 319.075, 555, 0.0
2021-05-24 13:03:00, 319.03, 319.03, 319.03, 319.03, 245, 0.0
2021-05-24 13:04:00, 319.1, 319.11, 319.1, 319.1, 592, 0.0
2021-05-24 13:05:00, 319.11, 319.11, 319.11, 319.11, 241, 0.0
2021-05-24 13:07:00, 318.91, 318.91, 318.91, 318.91, 219, 0.0
2021-05-24 13:09:00, 319.09, 319.09, 319.09, 319.09, 162, 0.0
2021-05-24 13:10:00, 319.04, 319.04, 319.04, 319.04, 537, 0.0
2021-05-24 13:11:00, 319.07, 319.07, 318.885, 318.885, 969, 0.0
2021-05-24 13:12:00, 318.56, 318.56, 318.56, 318.56, 199, 0.0
2021-05-24 13:16:00, 318.97, 318.97, 318.94, 318.94, 249, 0.0
2021-05-24 13:17:00, 319, 319, 319, 319, 105, 0.0
2021-05-24 13:19:00, 319, 319, 319, 319, 200, 0.0
2021-05-24 13:20:00, 319.11, 319.11, 318.98, 318.98, 475, 0.0
2021-05-24 13:23:00, 319.07, 319.07, 319.06, 319.06, 234, 0.0
2021-05-24 13:24:00, 319.17, 319.17, 319.05, 319.06, 401, 0.0
2021-05-24 13:25:00, 319.345, 319.345, 319.09, 319.09, 462, 0.0
2021-05-24 13:26:00, 319.085, 319.085, 319.085, 319.085, 260, 0.0
2021-05-24 13:27:00, 318.96, 318.985, 318.67, 318.67, 704, 0.0
2021-05-24 13:28:00, 318.755, 318.755, 318.755, 318.755, 102, 0.0
2021-05-24 13:29:00, 318.74, 318.74, 318.74, 318.74, 257, 0.0
2021-05-24 13:30:00, 318.97, 318.97, 318.97, 318.97, 264, 0.0
2021-05-24 13:31:00, 319, 319, 319, 319, 112, 0.0
2021-05-24 13:33:00, 319.16, 319.16, 319.09, 319.09, 306, 0.0
2021-05-24 13:34:00, 318.98, 318.98, 318.98, 318.98, 200, 0.0
2021-05-24 13:39:00, 319.1, 319.1, 319.1, 319.1, 196, 0.0
2021-05-24 13:41:00, 319.12, 319.12, 319.12, 319.12, 247, 0.0
2021-05-24 13:42:00, 319.18, 319.18, 319.18, 319.18, 100, 0.0
2021-05-24 13:44:00, 318.89, 318.89, 318.89, 318.89, 109, 0.0
2021-05-24 13:45:00, 318.97, 318.97, 318.97, 318.97, 188, 0.0
2021-05-24 13:47:00, 319.25, 319.25, 319.25, 319.25, 100, 0.0
2021-05-24 13:49:00, 319.08, 319.12, 319.08, 319.12, 241, 0.0
2021-05-24 13:50:00, 318.88, 318.96, 318.88, 318.96, 201, 0.0
2021-05-24 13:53:00, 319.11, 319.14, 319.11, 319.14, 256, 0.0
2021-05-24 13:56:00, 319.34, 319.34, 319.34, 319.34, 100, 0.0
2021-05-24 13:57:00, 319.33, 319.33, 319.29, 319.29, 399, 0.0
2021-05-24 13:59:00, 319.09, 319.09, 319.09, 319.09, 202, 0.0
2021-05-24 14:01:00, 318.76, 318.76, 318.76, 318.76, 246, 0.0
2021-05-24 14:02:00, 318.82, 318.82, 318.82, 318.82, 201, 0.0
2021-05-24 14:03:00, 318.57, 318.57, 318.4, 318.545, 606, 0.0
2021-05-24 14:05:00, 318.67, 318.67, 318.67, 318.67, 100, 0.0
2021-05-24 14:06:00, 318.79, 318.79, 318.64, 318.64, 473, 0.0
2021-05-24 14:07:00, 318.55, 318.58, 318.55, 318.58, 581, 0.0
2021-05-24 14:09:00, 318.07, 318.07, 318.07, 318.07, 100, 0.0
2021-05-24 14:10:00, 318.18, 318.18, 318.18, 318.18, 333, 0.0
2021-05-24 14:11:00, 318.46, 318.49, 318.43, 318.43, 432, 0.0
2021-05-24 14:12:00, 318.35, 318.35, 318.35, 318.35, 102, 0.0
2021-05-24 14:13:00, 318.35, 318.35, 318.13, 318.13, 333, 0.0
2021-05-24 14:15:00, 318.14, 318.14, 318.14, 318.14, 200, 0.0
2021-05-24 14:16:00, 317.87, 318.01, 317.87, 318.01, 970, 0.0
2021-05-24 14:17:00, 318.08, 318.08, 318.08, 318.08, 128, 0.0
2021-05-24 14:18:00, 318.11, 318.11, 318.06, 318.06, 387, 0.0
2021-05-24 14:19:00, 317.91, 317.91, 317.78, 317.78, 570, 0.0
2021-05-24 14:21:00, 317.745, 317.79, 317.745, 317.75, 411, 0.0
2021-05-24 14:23:00, 317.72, 317.75, 317.72, 317.74, 507, 0.0
2021-05-24 14:24:00, 317.7, 317.71, 317.7, 317.71, 380, 0.0
2021-05-24 14:25:00, 317.98, 318.08, 317.98, 318.08, 292, 0.0
2021-05-24 14:26:00, 317.98, 318.02, 317.9, 317.93, 1344, 0.0
2021-05-24 14:27:00, 318.01, 318.01, 318.01, 318.01, 100, 0.0
2021-05-24 14:30:00, 318.06, 318.23, 318.06, 318.23, 316, 0.0
2021-05-24 14:31:00, 318.29, 318.29, 318.29, 318.29, 201, 0.0
2021-05-24 14:33:00, 317.93, 317.93, 317.89, 317.89, 233, 0.0
2021-05-24 14:35:00, 317.82, 317.84, 317.62, 317.62, 323, 0.0
2021-05-24 14:37:00, 317.86, 317.86, 317.86, 317.86, 100, 0.0
2021-05-24 14:40:00, 318.07, 318.07, 318.07, 318.07, 298, 0.0
2021-05-24 14:41:00, 318.25, 318.37, 318.25, 318.37, 463, 0.0
2021-05-24 14:42:00, 318.31, 318.31, 318.31, 318.31, 215, 0.0
2021-05-24 14:44:00, 318.47, 318.48, 318.465, 318.465, 765, 0.0
2021-05-24 14:45:00, 318.53, 318.53, 318.43, 318.48, 403, 0.0
2021-05-24 14:46:00, 318.5, 318.555, 318.5, 318.555, 336, 0.0
2021-05-24 14:47:00, 318.6, 318.6, 318.6, 318.6, 114, 0.0
2021-05-24 14:48:00, 318.62, 318.62, 318.5, 318.5, 804, 0.0
2021-05-24 14:49:00, 318.395, 318.395, 318.395, 318.395, 110, 0.0
2021-05-24 14:50:00, 317.8, 317.8, 317.53, 317.58, 409, 0.0
2021-05-24 14:51:00, 317.56, 317.56, 317.36, 317.36, 556, 0.0
2021-05-24 14:52:00, 317.295, 317.395, 317.295, 317.395, 549, 0.0
2021-05-24 14:53:00, 317.41, 317.41, 317.41, 317.41, 473, 0.0
2021-05-24 14:54:00, 317.56, 317.94, 317.5, 317.94, 1055, 0.0
2021-05-24 14:55:00, 317.55, 317.645, 317.445, 317.645, 497, 0.0
2021-05-24 14:56:00, 317.705, 317.705, 317.705, 317.705, 247, 0.0
2021-05-24 14:57:00, 317.62, 317.62, 317.62, 317.62, 494, 0.0
2021-05-24 14:58:00, 317.68, 317.7, 317.63, 317.63, 987, 0.0
2021-05-24 14:59:00, 317.48, 317.55, 317.18, 317.19, 2217, 0.0
2021-05-25 08:30:00, 320.19, 320.22, 320.19, 320.22, 410, 0.0
2021-05-25 08:31:00, 320.9, 320.9, 320.9, 320.9, 134, 0.0
2021-05-25 08:32:00, 321.96, 321.96, 321.96, 321.96, 273, 0.0
2021-05-25 08:33:00, 321.215, 321.215, 321.215, 321.215, 100, 0.0
2021-05-25 08:34:00, 320.89, 320.89, 320.89, 320.89, 101, 0.0
2021-05-25 08:35:00, 320.46, 320.67, 320.46, 320.67, 494, 0.0
2021-05-25 08:36:00, 321.17, 321.35, 321.17, 321.35, 205, 0.0
2021-05-25 08:37:00, 322.35, 322.35, 322.19, 322.19, 333, 0.0
2021-05-25 08:39:00, 322.77, 323.1, 322.77, 323.1, 451, 0.0
2021-05-25 08:40:00, 322.72, 323.12, 322.72, 323.03, 1744, 0.0
2021-05-25 08:41:00, 323.285, 323.38, 323.285, 323.38, 218, 0.0
2021-05-25 08:42:00, 323.77, 323.77, 323.61, 323.61, 468, 0.0
2021-05-25 08:44:00, 323.12, 323.12, 323.12, 323.12, 195, 0.0
2021-05-25 08:45:00, 323.44, 323.44, 323.44, 323.44, 104, 0.0
2021-05-25 08:52:00, 321.14, 321.14, 320.94, 320.94, 352, 0.0
2021-05-25 08:53:00, 320.75, 320.75, 320.43, 320.43, 356, 0.0
2021-05-25 08:54:00, 320.81, 320.98, 320.81, 320.98, 648, 0.0
2021-05-25 08:55:00, 321.505, 321.505, 321.505, 321.505, 220, 0.0
2021-05-25 08:58:00, 321, 321.25, 320.83, 320.84, 1022, 0.0
2021-05-25 08:59:00, 320.61, 320.61, 319.97, 319.97, 890, 0.0
2021-05-25 09:00:00, 320.64, 320.66, 320.46, 320.46, 325, 0.0
2021-05-25 09:01:00, 320.95, 320.95, 320.93, 320.93, 503, 0.0
2021-05-25 09:03:00, 320.27, 320.27, 320.27, 320.27, 138, 0.0
2021-05-25 09:05:00, 319.7, 319.7, 319.7, 319.7, 104, 0.0
2021-05-25 09:10:00, 319.48, 319.48, 319.48, 319.48, 117, 0.0
2021-05-25 09:14:00, 320.41, 320.41, 320.41, 320.41, 120, 0.0
2021-05-25 09:20:00, 321.05, 321.05, 321.05, 321.05, 107, 0.0
2021-05-25 09:22:00, 321.74, 321.74, 321.62, 321.62, 202, 0.0
2021-05-25 09:24:00, 322.29, 322.29, 322.29, 322.29, 102, 0.0
2021-05-25 09:28:00, 322.66, 322.66, 322.66, 322.66, 100, 0.0
2021-05-25 09:29:00, 322.5, 322.5, 322.5, 322.5, 153, 0.0
2021-05-25 09:30:00, 322.75, 322.75, 322.75, 322.75, 221, 0.0
2021-05-25 09:31:00, 322.695, 322.695, 322.49, 322.49, 317, 0.0
2021-05-25 09:32:00, 321.75, 321.75, 321.75, 321.75, 137, 0.0
2021-05-25 09:34:00, 321.885, 321.885, 321.885, 321.885, 209, 0.0
2021-05-25 09:35:00, 321.46, 321.51, 321.46, 321.51, 394, 0.0
2021-05-25 09:36:00, 321.76, 322.23, 321.76, 322.23, 518, 0.0
2021-05-25 09:37:00, 322.515, 322.515, 322.45, 322.45, 200, 0.0
2021-05-25 09:39:00, 322.88, 322.88, 322.495, 322.495, 206, 0.0
2021-05-25 09:40:00, 323.13, 323.13, 323.13, 323.13, 283, 0.0
2021-05-25 09:41:00, 322.46, 322.46, 322.46, 322.46, 155, 0.0
2021-05-25 09:42:00, 322.13, 322.19, 322.13, 322.19, 200, 0.0
2021-05-25 09:43:00, 322.475, 322.475, 322.475, 322.475, 106, 0.0
2021-05-25 09:48:00, 323, 323.22, 323, 323.22, 216, 0.0
2021-05-25 09:49:00, 323.23, 323.23, 323.1, 323.1, 341, 0.0
2021-05-25 09:54:00, 322.715, 322.715, 322.715, 322.715, 120, 0.0
2021-05-25 09:55:00, 323, 323, 323, 323, 184, 0.0
2021-05-25 09:56:00, 322.855, 322.855, 322.855, 322.855, 200, 0.0
2021-05-25 09:57:00, 322.92, 322.92, 322.79, 322.79, 264, 0.0
2021-05-25 09:59:00, 322.69, 322.69, 322.69, 322.69, 166, 0.0
2021-05-25 10:01:00, 322.09, 322.09, 321.75, 321.75, 314, 0.0
2021-05-25 10:04:00, 321.795, 321.795, 321.42, 321.42, 203, 0.0
2021-05-25 10:11:00, 320.8, 320.95, 320.8, 320.95, 339, 0.0
2021-05-25 10:13:00, 321.23, 321.23, 321.1, 321.1, 200, 0.0
2021-05-25 10:14:00, 320.935, 321.03, 320.935, 321.03, 205, 0.0
2021-05-25 10:15:00, 320.95, 320.95, 320.24, 320.24, 433, 0.0
2021-05-25 10:17:00, 320.19, 320.225, 320.01, 320.01, 333, 0.0
2021-05-25 10:18:00, 320.005, 320.005, 320.005, 320.005, 200, 0.0
2021-05-25 10:19:00, 319.65, 319.65, 319.415, 319.415, 484, 0.0
2021-05-25 10:24:00, 320.11, 320.11, 320.11, 320.11, 202, 0.0
2021-05-25 10:25:00, 320.37, 320.37, 320.26, 320.26, 200, 0.0
2021-05-25 10:28:00, 319.54, 319.54, 319.54, 319.54, 155, 0.0
2021-05-25 10:29:00, 319.915, 319.915, 319.915, 319.915, 100, 0.0
2021-05-25 10:30:00, 319.97, 320.075, 319.93, 320.07, 429, 0.0
2021-05-25 10:32:00, 319.61, 319.61, 319.61, 319.61, 115, 0.0
2021-05-25 10:33:00, 319.05, 319.05, 319.05, 319.05, 100, 0.0
2021-05-25 10:34:00, 319.46, 319.46, 319.46, 319.46, 105, 0.0
2021-05-25 10:35:00, 320.07, 320.07, 320.07, 320.07, 103, 0.0
2021-05-25 10:37:00, 319.72, 319.8, 319.72, 319.79, 320, 0.0
2021-05-25 10:40:00, 319.95, 319.95, 319.775, 319.82, 538, 0.0
2021-05-25 10:41:00, 319.775, 319.775, 319.775, 319.775, 100, 0.0
2021-05-25 10:42:00, 319.74, 319.74, 319.74, 319.74, 101, 0.0
2021-05-25 10:44:00, 320.02, 320.07, 319.94, 319.94, 309, 0.0
2021-05-25 10:46:00, 320.335, 320.335, 320.335, 320.335, 100, 0.0
2021-05-25 10:51:00, 319.77, 319.77, 319.64, 319.64, 365, 0.0
2021-05-25 10:52:00, 319.52, 319.52, 319.52, 319.52, 137, 0.0
2021-05-25 10:53:00, 319.96, 320.21, 319.96, 320.035, 439, 0.0
2021-05-25 10:55:00, 320.67, 320.67, 320.67, 320.67, 111, 0.0
2021-05-25 10:59:00, 320.89, 320.89, 320.885, 320.885, 374, 0.0
2021-05-25 11:00:00, 321.05, 321.05, 321.05, 321.05, 218, 0.0
2021-05-25 11:03:00, 320.13, 320.13, 320.13, 320.13, 100, 0.0
2021-05-25 11:04:00, 320.16, 320.16, 320.16, 320.16, 300, 0.0
2021-05-25 11:05:00, 320.25, 320.25, 320.25, 320.25, 230, 0.0
2021-05-25 11:06:00, 319.96, 319.96, 319.96, 319.96, 116, 0.0
2021-05-25 11:09:00, 320.73, 320.73, 320.73, 320.73, 203, 0.0
2021-05-25 11:10:00, 320.78, 320.78, 320.78, 320.78, 200, 0.0
2021-05-25 11:11:00, 320.66, 320.66, 320.66, 320.66, 100, 0.0
2021-05-25 11:12:00, 320.55, 320.55, 320.55, 320.55, 101, 0.0
2021-05-25 11:13:00, 320.52, 320.545, 320.52, 320.545, 400, 0.0
2021-05-25 11:16:00, 320.58, 320.58, 320.455, 320.455, 300, 0.0
2021-05-25 11:18:00, 320.315, 320.315, 320.315, 320.315, 118, 0.0
2021-05-25 11:19:00, 320.4, 320.4, 320.4, 320.4, 131, 0.0
2021-05-25 11:23:00, 320.23, 320.23, 320.23, 320.23, 445, 0.0
2021-05-25 11:24:00, 320.315, 320.315, 320.315, 320.315, 100, 0.0
2021-05-25 11:26:00, 320.15, 320.15, 320.15, 320.15, 105, 0.0
2021-05-25 11:27:00, 320.055, 320.055, 320.055, 320.055, 112, 0.0
2021-05-25 11:28:00, 320.2, 320.2, 320.2, 320.2, 100, 0.0
2021-05-25 11:30:00, 320.31, 320.31, 320.31, 320.31, 100, 0.0
2021-05-25 11:31:00, 320.45, 320.45, 320.45, 320.45, 186, 0.0
2021-05-25 11:33:00, 320.58, 320.58, 320.58, 320.58, 106, 0.0
2021-05-25 11:43:00, 319.42, 319.42, 319.42, 319.42, 102, 0.0
2021-05-25 11:48:00, 319.49, 319.49, 319.44, 319.44, 351, 0.0
2021-05-25 11:49:00, 319.405, 319.405, 319.405, 319.405, 102, 0.0
2021-05-25 11:52:00, 319.35, 319.35, 319.35, 319.35, 110, 0.0
2021-05-25 11:53:00, 319.72, 319.76, 319.72, 319.76, 234, 0.0
2021-05-25 12:00:00, 319.61, 319.61, 319.61, 319.61, 100, 0.0
2021-05-25 12:04:00, 319.37, 319.37, 319.37, 319.37, 100, 0.0
2021-05-25 12:05:00, 319.245, 319.245, 319.245, 319.245, 100, 0.0
2021-05-25 12:10:00, 319.83, 319.83, 319.83, 319.83, 352, 0.0
2021-05-25 12:15:00, 320.195, 320.195, 320.195, 320.195, 100, 0.0
2021-05-25 12:27:00, 320.69, 320.69, 320.69, 320.69, 100, 0.0
2021-05-25 12:32:00, 320.555, 320.555, 320.555, 320.555, 132, 0.0
2021-05-25 12:33:00, 320.59, 320.59, 320.51, 320.51, 238, 0.0
2021-05-25 12:37:00, 320.34, 320.395, 320.34, 320.395, 427, 0.0
2021-05-25 12:38:00, 320.25, 320.25, 320.25, 320.25, 266, 0.0
2021-05-25 12:43:00, 319.96, 319.96, 319.96, 319.96, 100, 0.0
2021-05-25 12:44:00, 319.73, 319.73, 319.73, 319.73, 100, 0.0
2021-05-25 12:49:00, 319.6, 319.6, 319.6, 319.6, 166, 0.0
2021-05-25 12:50:00, 319.54, 319.54, 319.54, 319.54, 101, 0.0
2021-05-25 12:52:00, 319.82, 319.82, 319.82, 319.82, 100, 0.0
2021-05-25 12:53:00, 319.72, 319.72, 319.59, 319.59, 201, 0.0
2021-05-25 12:55:00, 319.79, 319.79, 319.73, 319.73, 219, 0.0
2021-05-25 12:56:00, 319.83, 319.83, 319.83, 319.83, 116, 0.0
2021-05-25 13:00:00, 319.73, 319.76, 319.73, 319.76, 471, 0.0
2021-05-25 13:07:00, 319.15, 319.15, 319.15, 319.15, 100, 0.0
2021-05-25 13:08:00, 319.14, 319.14, 319.14, 319.14, 119, 0.0
2021-05-25 13:10:00, 319.37, 319.37, 319.36, 319.36, 218, 0.0
2021-05-25 13:11:00, 319.18, 319.33, 319.18, 319.33, 348, 0.0
2021-05-25 13:18:00, 320.03, 320.03, 320.03, 320.03, 161, 0.0
2021-05-25 13:22:00, 320.26, 320.26, 320.26, 320.26, 200, 0.0
2021-05-25 13:23:00, 320.14, 320.14, 320.13, 320.13, 200, 0.0
2021-05-25 13:25:00, 320.135, 320.135, 320.135, 320.135, 195, 0.0
2021-05-25 13:26:00, 320.05, 320.17, 320.05, 320.17, 201, 0.0
2021-05-25 13:27:00, 319.94, 319.94, 319.94, 319.94, 164, 0.0
2021-05-25 13:28:00, 319.735, 319.81, 319.42, 319.42, 606, 0.0
2021-05-25 13:29:00, 319.42, 319.42, 319.42, 319.42, 188, 0.0
2021-05-25 13:30:00, 319.64, 319.7, 319.64, 319.7, 271, 0.0
2021-05-25 13:35:00, 319.18, 319.18, 319.18, 319.18, 200, 0.0
2021-05-25 13:37:00, 319.365, 319.42, 319.33, 319.42, 333, 0.0
2021-05-25 13:43:00, 319.7, 319.7, 319.7, 319.7, 218, 0.0
2021-05-25 13:46:00, 319.19, 319.19, 319.19, 319.19, 201, 0.0
2021-05-25 13:53:00, 318.9, 318.95, 318.89, 318.89, 5369, 0.0
2021-05-25 13:56:00, 318.91, 318.91, 318.9, 318.9, 201, 0.0
2021-05-25 13:57:00, 318.795, 318.88, 318.795, 318.88, 503, 0.0
2021-05-25 13:59:00, 318.65, 318.65, 318.65, 318.65, 157, 0.0
2021-05-25 14:03:00, 318.58, 318.62, 318.58, 318.62, 401, 0.0
2021-05-25 14:05:00, 318.29, 318.29, 318.29, 318.29, 110, 0.0
2021-05-25 14:06:00, 318.34, 318.54, 318.34, 318.54, 304, 0.0
2021-05-25 14:08:00, 318.485, 318.58, 318.485, 318.58, 200, 0.0
2021-05-25 14:15:00, 317.8, 317.86, 317.8, 317.86, 368, 0.0
2021-05-25 14:16:00, 317.82, 317.82, 317.82, 317.82, 144, 0.0
2021-05-25 14:21:00, 317.79, 317.79, 317.79, 317.79, 202, 0.0
2021-05-25 14:25:00, 318.75, 318.75, 318.75, 318.75, 150, 0.0
2021-05-25 14:28:00, 318.41, 318.46, 318.41, 318.46, 252, 0.0
2021-05-25 14:29:00, 318.46, 318.46, 318.42, 318.42, 219, 0.0
2021-05-25 14:30:00, 318.23, 318.23, 318.23, 318.23, 107, 0.0
2021-05-25 14:32:00, 318, 318, 318, 318, 124, 0.0
2021-05-25 14:33:00, 317.71, 317.71, 317.71, 317.71, 133, 0.0
2021-05-25 14:35:00, 317.7, 317.7, 317.7, 317.7, 221, 0.0
2021-05-25 14:36:00, 318.035, 318.035, 318.035, 318.035, 100, 0.0
2021-05-25 14:37:00, 317.97, 317.97, 317.97, 317.97, 238, 0.0
2021-05-25 14:38:00, 317.99, 318.15, 317.99, 318.15, 210, 0.0
2021-05-25 14:42:00, 318.52, 318.525, 318.52, 318.525, 300, 0.0
2021-05-25 14:44:00, 318.09, 318.15, 318.09, 318.15, 257, 0.0
2021-05-25 14:47:00, 318.33, 318.35, 318.33, 318.35, 200, 0.0
2021-05-25 14:48:00, 317.9, 317.9, 317.9, 317.9, 442, 0.0
2021-05-25 14:50:00, 317.28, 317.84, 317.28, 317.29, 790, 0.0
2021-05-25 14:51:00, 317.42, 317.42, 317.33, 317.39, 357, 0.0
2021-05-25 14:52:00, 317.13, 317.13, 317.13, 317.13, 261, 0.0
2021-05-25 14:53:00, 316.93, 316.95, 316.87, 316.91, 1008, 0.0
2021-05-25 14:54:00, 316.81, 316.83, 316.58, 316.58, 1322, 0.0
2021-05-25 14:55:00, 316.67, 317.12, 316.67, 317.12, 933, 0.0
2021-05-25 14:56:00, 317, 317, 316.88, 316.88, 360, 0.0
2021-05-25 14:57:00, 317.39, 317.43, 317.31, 317.43, 701, 0.0
2021-05-25 14:58:00, 317.47, 317.61, 317.4, 317.55, 855, 0.0
2021-05-25 14:59:00, 317.965, 318.2, 317.92, 317.92, 1172, 0.0
2021-05-26 08:30:00, 320, 320, 319.6, 319.6, 268, 0.0
2021-05-26 08:32:00, 319.8, 319.8, 319.8, 319.8, 136, 0.0
2021-05-26 08:46:00, 320.75, 320.75, 320.75, 320.75, 100, 0.0
2021-05-26 08:49:00, 320.13, 320.13, 320.11, 320.11, 269, 0.0
2021-05-26 09:09:00, 318.71, 318.71, 318.71, 318.71, 103, 0.0
2021-05-26 09:10:00, 318.87, 318.87, 318.87, 318.87, 120, 0.0
2021-05-26 09:13:00, 318.85, 318.85, 318.85, 318.85, 133, 0.0
2021-05-26 09:21:00, 319.12, 319.12, 319.12, 319.12, 239, 0.0
2021-05-26 09:22:00, 318.82, 318.82, 318.82, 318.82, 138, 0.0
2021-05-26 09:25:00, 319, 319, 319, 319, 140, 0.0
2021-05-26 09:33:00, 319.05, 319.05, 319.05, 319.05, 124, 0.0
2021-05-26 09:36:00, 318.87, 318.9, 318.87, 318.9, 331, 0.0
2021-05-26 09:39:00, 318.45, 318.45, 318.45, 318.45, 130, 0.0
2021-05-26 09:49:00, 318.86, 318.86, 318.86, 318.86, 120, 0.0
2021-05-26 09:50:00, 318.69, 318.69, 318.69, 318.69, 133, 0.0
2021-05-26 09:52:00, 318.7, 318.7, 318.7, 318.7, 175, 0.0
2021-05-26 09:58:00, 318.54, 318.54, 318.54, 318.54, 141, 0.0
2021-05-26 10:08:00, 318.045, 318.045, 318.045, 318.045, 132, 0.0
2021-05-26 10:09:00, 318.19, 318.19, 318.19, 318.19, 100, 0.0
2021-05-26 10:10:00, 318.3, 318.3, 318.3, 318.3, 213, 0.0
2021-05-26 10:17:00, 318.275, 318.275, 318.275, 318.275, 200, 0.0
2021-05-26 10:19:00, 318.16, 318.16, 318.005, 318.005, 307, 0.0
2021-05-26 10:27:00, 317.09, 317.09, 317.09, 317.09, 146, 0.0
2021-05-26 10:31:00, 317.1, 317.1, 317.1, 317.1, 131, 0.0
2021-05-26 10:35:00, 316.84, 316.84, 316.84, 316.84, 220, 0.0
2021-05-26 10:42:00, 317.44, 317.44, 317.44, 317.44, 100, 0.0
2021-05-26 10:44:00, 317.32, 317.42, 317.32, 317.42, 337, 0.0
