Date, Open, High, Low, Close, Volume, Open Interest
2021-05-19 10:40:00, 93.94, 93.95, 93.85, 93.87, 1119, 0.0
2021-05-19 10:45:00, 93.81, 93.87, 93.81, 93.84, 502, 0.0
2021-05-19 10:50:00, 93.77, 93.77, 93.675, 93.675, 961, 0.0
2021-05-19 10:55:00, 93.69, 93.79, 93.69, 93.74, 1179, 0.0
2021-05-19 11:00:00, 93.735, 93.74, 93.67, 93.67, 1615, 0.0
2021-05-19 11:05:00, 93.73, 93.74, 93.71, 93.73, 1597, 0.0
2021-05-19 11:10:00, 93.72, 93.85, 93.72, 93.85, 1289, 0.0
2021-05-19 11:15:00, 93.91, 93.94, 93.91, 93.93, 1126, 0.0
2021-05-19 11:20:00, 93.9, 93.9, 93.9, 93.9, 300, 0.0
2021-05-19 11:25:00, 93.95, 93.97, 93.93, 93.93, 1013, 0.0
2021-05-19 11:30:00, 94.005, 94.02, 94.005, 94.02, 313, 0.0
2021-05-19 11:35:00, 94.08, 94.13, 94.01, 94.01, 1034, 0.0
2021-05-19 11:40:00, 94.04, 94.11, 94.01, 94.02, 960, 0.0
2021-05-19 11:45:00, 94.03, 94.085, 94.02, 94.02, 2003, 0.0
2021-05-19 11:50:00, 93.94, 94, 93.89, 94, 905, 0.0
2021-05-19 11:55:00, 94.06, 94.06, 94.06, 94.06, 300, 0.0
2021-05-19 12:00:00, 94.08, 94.19, 94.08, 94.155, 6316, 0.0
2021-05-19 12:05:00, 94.16, 94.19, 94.13, 94.19, 3029, 0.0
2021-05-19 12:10:00, 94.2, 94.24, 94.195, 94.22, 1004, 0.0
2021-05-19 12:15:00, 94.25, 94.25, 94.16, 94.16, 600, 0.0
2021-05-19 12:20:00, 94.18, 94.18, 94.15, 94.15, 612, 0.0
2021-05-19 12:25:00, 94.19, 94.2, 94.19, 94.2, 405, 0.0
2021-05-19 12:30:00, 94.22, 94.255, 94.15, 94.15, 1500, 0.0
2021-05-19 12:35:00, 94.15, 94.19, 94.12, 94.19, 1410, 0.0
2021-05-19 12:40:00, 94.18, 94.185, 94.17, 94.185, 2824, 0.0
2021-05-19 12:45:00, 94.12, 94.16, 94.01, 94.025, 2761, 0.0
2021-05-19 12:50:00, 94.025, 94.105, 94.01, 94.04, 3602, 0.0
2021-05-19 12:55:00, 94.035, 94.035, 94, 94, 384, 0.0
2021-05-19 13:00:00, 94.02, 94.07, 93.84, 93.84, 725, 0.0
2021-05-19 13:05:00, 93.75, 93.84, 93.55, 93.71, 1427, 0.0
2021-05-19 13:10:00, 93.79, 93.85, 93.65, 93.81, 930, 0.0
2021-05-19 13:15:00, 93.65, 93.75, 93.65, 93.73, 680, 0.0
2021-05-19 13:20:00, 94.09, 94.39, 94.08, 94.29, 1470, 0.0
2021-05-19 13:25:00, 94.27, 94.27, 94.2, 94.2, 408, 0.0
2021-05-19 13:30:00, 94.255, 94.27, 94.13, 94.17, 2114, 0.0
2021-05-19 13:35:00, 94.07, 94.07, 93.74, 93.74, 1389, 0.0
2021-05-19 13:40:00, 93.75, 93.82, 93.7, 93.8, 963, 0.0
2021-05-19 13:45:00, 93.74, 93.77, 93.73, 93.73, 909, 0.0
2021-05-19 13:50:00, 93.79, 93.79, 93.79, 93.79, 101, 0.0
2021-05-19 13:55:00, 93.81, 93.96, 93.77, 93.84, 1173, 0.0
2021-05-19 14:00:00, 93.77, 93.77, 93.68, 93.7, 763, 0.0
2021-05-19 14:05:00, 93.69, 93.89, 93.69, 93.89, 1005, 0.0
2021-05-19 14:10:00, 93.9, 93.9, 93.9, 93.9, 359, 0.0
2021-05-19 14:15:00, 93.92, 93.955, 93.92, 93.95, 921, 0.0
2021-05-19 14:20:00, 93.87, 94.07, 93.86, 94.06, 1377, 0.0
2021-05-19 14:25:00, 94.05, 94.13, 94.05, 94.13, 767, 0.0
2021-05-19 14:30:00, 94.12, 94.12, 93.91, 93.96, 1664, 0.0
2021-05-19 14:35:00, 93.97, 94.06, 93.97, 94.015, 1259, 0.0
2021-05-19 14:40:00, 94.01, 94.05, 93.93, 93.99, 2097, 0.0
2021-05-19 14:45:00, 93.97, 93.97, 93.775, 93.81, 1073, 0.0
2021-05-19 14:50:00, 93.8, 94.09, 93.8, 94.09, 4759, 0.0
2021-05-19 14:55:00, 94.11, 94.27, 94.07, 94.25, 8887, 0.0
2021-05-20 08:30:00, 94.75, 95.43, 94.61, 95.43, 2130, 0.0
2021-05-20 08:35:00, 95.51, 95.97, 95.51, 95.97, 2376, 0.0
2021-05-20 08:40:00, 96.16, 96.3, 96.12, 96.19, 2028, 0.0
2021-05-20 08:45:00, 96.325, 96.325, 96.325, 96.325, 283, 0.0
2021-05-20 08:50:00, 96.305, 96.365, 96.25, 96.25, 846, 0.0
2021-05-20 08:55:00, 96.22, 96.22, 96.075, 96.1, 2095, 0.0
2021-05-20 09:00:00, 96.13, 96.38, 96.06, 96.38, 6445, 0.0
2021-05-20 09:05:00, 96.41, 96.605, 96.33, 96.49, 10198, 0.0
2021-05-20 09:10:00, 96.525, 96.77, 96.525, 96.61, 3820, 0.0
2021-05-20 09:15:00, 96.67, 96.675, 96.59, 96.625, 3205, 0.0
2021-05-20 09:20:00, 96.57, 96.63, 96.495, 96.63, 4351, 0.0
2021-05-20 09:25:00, 96.61, 96.75, 96.52, 96.745, 6484, 0.0
2021-05-20 09:30:00, 96.76, 96.845, 96.74, 96.84, 3955, 0.0
2021-05-20 09:35:00, 96.805, 96.805, 96.62, 96.63, 2960, 0.0
2021-05-20 09:40:00, 96.705, 96.79, 96.665, 96.78, 4040, 0.0
2021-05-20 09:45:00, 96.825, 96.88, 96.79, 96.815, 2815, 0.0
2021-05-20 09:50:00, 96.85, 96.94, 96.85, 96.94, 1597, 0.0
2021-05-20 09:55:00, 96.88, 96.9, 96.83, 96.89, 4726, 0.0
2021-05-20 10:00:00, 96.83, 96.83, 96.65, 96.65, 1134, 0.0
2021-05-20 10:05:00, 96.625, 96.71, 96.59, 96.71, 1572, 0.0
2021-05-20 10:10:00, 96.735, 96.74, 96.72, 96.72, 1089, 0.0
2021-05-20 10:15:00, 96.69, 96.79, 96.69, 96.79, 2411, 0.0
2021-05-20 10:20:00, 96.8, 96.84, 96.785, 96.82, 859, 0.0
2021-05-20 10:25:00, 96.82, 96.99, 96.82, 96.99, 1880, 0.0
2021-05-20 10:30:00, 96.98, 96.99, 96.98, 96.99, 651, 0.0
2021-05-20 10:35:00, 97.07, 97.09, 96.98, 97.09, 2010, 0.0
2021-05-20 10:40:00, 97.095, 97.22, 97.09, 97.18, 5461, 0.0
2021-05-20 10:45:00, 97.165, 97.17, 97.015, 97.015, 3489, 0.0
2021-05-20 10:50:00, 97.07, 97.1, 96.99, 97.015, 2586, 0.0
2021-05-20 10:55:00, 96.95, 97.01, 96.92, 96.92, 7004, 0.0
2021-05-20 11:00:00, 96.94, 96.94, 96.82, 96.915, 3633, 0.0
2021-05-20 11:05:00, 96.895, 97, 96.895, 97, 2512, 0.0
2021-05-20 11:10:00, 96.97, 96.98, 96.925, 96.925, 2639, 0.0
2021-05-20 11:15:00, 96.98, 97.015, 96.95, 97.015, 4340, 0.0
2021-05-20 11:20:00, 96.98, 96.99, 96.95, 96.95, 3143, 0.0
2021-05-20 11:25:00, 96.94, 97.07, 96.94, 97.07, 1625, 0.0
2021-05-20 11:30:00, 97.145, 97.16, 97.06, 97.06, 1995, 0.0
2021-05-20 11:35:00, 97.08, 97.08, 96.92, 97, 1553, 0.0
2021-05-20 11:40:00, 97.03, 97.04, 96.985, 97.01, 1265, 0.0
2021-05-20 11:45:00, 97, 97.015, 96.99, 97, 935, 0.0
2021-05-20 11:50:00, 97, 97.025, 96.975, 96.975, 1635, 0.0
2021-05-20 11:55:00, 96.995, 97.085, 96.99, 97.085, 1726, 0.0
2021-05-20 12:00:00, 97.065, 97.08, 97.035, 97.045, 636, 0.0
2021-05-20 12:05:00, 97.04, 97.125, 97.04, 97.08, 2057, 0.0
2021-05-20 12:10:00, 97.12, 97.12, 97.03, 97.05, 2386, 0.0
2021-05-20 12:15:00, 97.075, 97.075, 96.97, 96.98, 2283, 0.0
2021-05-20 12:20:00, 96.99, 97.04, 96.97, 96.97, 1246, 0.0
2021-05-20 12:25:00, 96.98, 97.04, 96.91, 96.91, 1987, 0.0
2021-05-20 12:30:00, 96.88, 96.97, 96.87, 96.97, 1294, 0.0
2021-05-20 12:35:00, 96.94, 96.97, 96.92, 96.92, 1790, 0.0
2021-05-20 12:40:00, 96.89, 96.94, 96.89, 96.93, 2000, 0.0
2021-05-20 12:45:00, 96.82, 96.865, 96.82, 96.84, 1377, 0.0
2021-05-20 12:50:00, 96.83, 96.84, 96.66, 96.705, 2576, 0.0
2021-05-20 12:55:00, 96.7, 96.7, 96.63, 96.64, 1806, 0.0
2021-05-20 13:00:00, 96.665, 96.68, 96.6, 96.6, 1320, 0.0
2021-05-20 13:05:00, 96.58, 96.58, 96.5, 96.57, 1125, 0.0
2021-05-20 13:10:00, 96.53, 96.53, 96.43, 96.495, 4212, 0.0
2021-05-20 13:15:00, 96.505, 96.55, 96.44, 96.54, 3270, 0.0
2021-05-20 13:20:00, 96.59, 96.63, 96.59, 96.59, 1445, 0.0
2021-05-20 13:25:00, 96.59, 96.6, 96.54, 96.55, 1859, 0.0
2021-05-20 13:30:00, 96.555, 96.68, 96.555, 96.68, 2484, 0.0
2021-05-20 13:35:00, 96.67, 96.67, 96.63, 96.65, 316, 0.0
2021-05-20 13:40:00, 96.64, 96.66, 96.61, 96.61, 2166, 0.0
2021-05-20 13:45:00, 96.595, 96.6, 96.5, 96.5, 3169, 0.0
2021-05-20 13:50:00, 96.5, 96.645, 96.465, 96.645, 3680, 0.0
2021-05-20 13:55:00, 96.62, 96.66, 96.58, 96.6, 1300, 0.0
2021-05-20 14:00:00, 96.6, 96.6, 96.505, 96.57, 2145, 0.0
2021-05-20 14:05:00, 96.62, 96.65, 96.61, 96.62, 924, 0.0
2021-05-20 14:10:00, 96.66, 96.71, 96.585, 96.585, 3641, 0.0
2021-05-20 14:15:00, 96.57, 96.62, 96.55, 96.57, 2388, 0.0
2021-05-20 14:20:00, 96.605, 96.61, 96.535, 96.56, 6577, 0.0
2021-05-20 14:25:00, 96.56, 96.7, 96.54, 96.695, 3695, 0.0
2021-05-20 14:30:00, 96.73, 96.77, 96.64, 96.64, 4073, 0.0
2021-05-20 14:35:00, 96.66, 96.69, 96.6, 96.6, 3371, 0.0
2021-05-20 14:40:00, 96.625, 96.625, 96.5, 96.575, 6845, 0.0
2021-05-20 14:45:00, 96.585, 96.725, 96.585, 96.645, 4921, 0.0
2021-05-20 14:50:00, 96.66, 96.73, 96.49, 96.73, 7555, 0.0
2021-05-20 14:55:00, 96.8, 96.8, 96.48, 96.55, 14810, 0.0
2021-05-21 08:05:00, 96.03, 96.03, 96.03, 96.03, 100, 0.0
2021-05-21 08:30:00, 96.8, 97.06, 96.64, 96.95, 3394, 0.0
2021-05-21 08:35:00, 96.91, 96.91, 96.55, 96.6, 4718, 0.0
2021-05-21 08:40:00, 96.5, 96.51, 96.44, 96.45, 1545, 0.0
2021-05-21 08:45:00, 96.41, 96.51, 96.27, 96.37, 2800, 0.0
2021-05-21 08:50:00, 96.365, 96.565, 96.365, 96.565, 2709, 0.0
2021-05-21 08:55:00, 96.55, 96.9, 96.54, 96.9, 3986, 0.0
2021-05-21 09:00:00, 96.87, 96.93, 96.675, 96.675, 4026, 0.0
2021-05-21 09:05:00, 96.55, 96.55, 96.2, 96.27, 990, 0.0
2021-05-21 09:10:00, 96.26, 96.47, 96.26, 96.36, 2205, 0.0
2021-05-21 09:15:00, 96.18, 96.18, 96.02, 96.02, 848, 0.0
2021-05-21 09:20:00, 96.055, 96.18, 96.03, 96.13, 2554, 0.0
2021-05-21 09:25:00, 96.155, 96.175, 96.06, 96.15, 4073, 0.0
2021-05-21 09:30:00, 96.08, 96.22, 96.06, 96.17, 2306, 0.0
2021-05-21 09:35:00, 96.19, 96.19, 95.96, 95.97, 1564, 0.0
2021-05-21 09:40:00, 95.95, 95.95, 95.88, 95.88, 1231, 0.0
2021-05-21 09:45:00, 95.89, 95.91, 95.84, 95.85, 2924, 0.0
2021-05-21 09:50:00, 95.835, 95.91, 95.765, 95.765, 1843, 0.0
2021-05-21 09:55:00, 95.78, 95.86, 95.78, 95.85, 1530, 0.0
2021-05-21 10:00:00, 96.01, 96.025, 95.825, 95.85, 2861, 0.0
2021-05-21 10:05:00, 95.87, 95.95, 95.86, 95.94, 907, 0.0
2021-05-21 10:10:00, 95.99, 96.15, 95.99, 96.13, 2686, 0.0
2021-05-21 10:15:00, 96.06, 96.06, 96, 96.06, 1820, 0.0
2021-05-21 10:20:00, 96.06, 96.12, 96.01, 96.02, 3494, 0.0
2021-05-21 10:25:00, 96.05, 96.06, 95.83, 95.84, 4452, 0.0
2021-05-21 10:30:00, 95.85, 96.035, 95.84, 96, 6077, 0.0
2021-05-21 10:35:00, 95.985, 95.985, 95.77, 95.77, 3852, 0.0
2021-05-21 10:40:00, 95.77, 95.795, 95.715, 95.76, 3184, 0.0
2021-05-21 10:45:00, 95.79, 95.79, 95.69, 95.69, 2606, 0.0
2021-05-21 10:50:00, 95.68, 95.75, 95.615, 95.615, 1626, 0.0
2021-05-21 10:55:00, 95.6, 95.62, 95.58, 95.59, 3376, 0.0
2021-05-21 11:00:00, 95.6, 95.67, 95.6, 95.64, 1934, 0.0
2021-05-21 11:05:00, 95.62, 95.62, 95.425, 95.425, 2790, 0.0
2021-05-21 11:10:00, 95.44, 95.485, 95.43, 95.445, 1533, 0.0
2021-05-21 11:15:00, 95.43, 95.43, 95.39, 95.39, 1351, 0.0
2021-05-21 11:20:00, 95.405, 95.5, 95.405, 95.48, 1379, 0.0
2021-05-21 11:25:00, 95.48, 95.51, 95.39, 95.51, 1450, 0.0
2021-05-21 11:30:00, 95.49, 95.49, 95.44, 95.45, 1004, 0.0
2021-05-21 11:35:00, 95.47, 95.52, 95.47, 95.52, 1309, 0.0
2021-05-21 11:40:00, 95.55, 95.55, 95.47, 95.47, 1249, 0.0
2021-05-21 11:45:00, 95.505, 95.51, 95.38, 95.42, 2347, 0.0
2021-05-21 11:50:00, 95.37, 95.37, 95.28, 95.28, 1434, 0.0
2021-05-21 11:55:00, 95.32, 95.44, 95.3, 95.44, 2175, 0.0
2021-05-21 12:00:00, 95.44, 95.47, 95.44, 95.44, 1157, 0.0
2021-05-21 12:05:00, 95.44, 95.46, 95.415, 95.415, 1204, 0.0
2021-05-21 12:10:00, 95.46, 95.46, 95.44, 95.44, 1142, 0.0
2021-05-21 12:15:00, 95.41, 95.475, 95.41, 95.415, 1284, 0.0
2021-05-21 12:20:00, 95.425, 95.55, 95.425, 95.51, 1112, 0.0
2021-05-21 12:25:00, 95.47, 95.56, 95.47, 95.56, 1090, 0.0
2021-05-21 12:30:00, 95.61, 95.72, 95.61, 95.72, 2316, 0.0
2021-05-21 12:35:00, 95.715, 95.72, 95.68, 95.68, 1381, 0.0
2021-05-21 12:40:00, 95.715, 95.83, 95.715, 95.83, 2704, 0.0
2021-05-21 12:45:00, 95.83, 95.83, 95.78, 95.805, 1263, 0.0
2021-05-21 12:50:00, 95.815, 95.85, 95.815, 95.835, 1343, 0.0
2021-05-21 12:55:00, 95.78, 95.78, 95.76, 95.76, 1181, 0.0
2021-05-21 13:00:00, 95.71, 95.77, 95.71, 95.72, 2559, 0.0
2021-05-21 13:05:00, 95.69, 95.76, 95.69, 95.74, 895, 0.0
2021-05-21 13:10:00, 95.71, 95.71, 95.66, 95.66, 612, 0.0
2021-05-21 13:15:00, 95.66, 95.68, 95.61, 95.61, 1904, 0.0
2021-05-21 13:20:00, 95.6, 95.61, 95.59, 95.61, 985, 0.0
2021-05-21 13:25:00, 95.59, 95.59, 95.48, 95.53, 1289, 0.0
2021-05-21 13:30:00, 95.54, 95.59, 95.53, 95.57, 2508, 0.0
2021-05-21 13:35:00, 95.545, 95.545, 95.415, 95.415, 1102, 0.0
2021-05-21 13:40:00, 95.425, 95.5, 95.42, 95.5, 987, 0.0
2021-05-21 13:45:00, 95.49, 95.51, 95.42, 95.42, 1869, 0.0
2021-05-21 13:50:00, 95.4, 95.49, 95.4, 95.44, 807, 0.0
2021-05-21 13:55:00, 95.435, 95.435, 95.41, 95.42, 1836, 0.0
2021-05-21 14:00:00, 95.455, 95.475, 95.4, 95.4, 1674, 0.0
2021-05-21 14:05:00, 95.39, 95.39, 95.345, 95.375, 2388, 0.0
2021-05-21 14:10:00, 95.36, 95.455, 95.36, 95.395, 2479, 0.0
2021-05-21 14:15:00, 95.405, 95.45, 95.35, 95.35, 2480, 0.0
2021-05-21 14:20:00, 95.35, 95.485, 95.35, 95.475, 2395, 0.0
2021-05-21 14:25:00, 95.425, 95.45, 95.38, 95.45, 4573, 0.0
2021-05-21 14:30:00, 95.44, 95.465, 95.385, 95.41, 4988, 0.0
2021-05-21 14:35:00, 95.43, 95.59, 95.43, 95.57, 4035, 0.0
2021-05-21 14:40:00, 95.59, 95.59, 95.515, 95.54, 3342, 0.0
2021-05-21 14:45:00, 95.53, 95.53, 95.365, 95.45, 8214, 0.0
2021-05-21 14:50:00, 95.42, 95.42, 95.26, 95.26, 12808, 0.0
2021-05-21 14:55:00, 95.27, 95.405, 95.27, 95.34, 14353, 0.0
2021-05-24 08:30:00, 96.23, 96.23, 95.87, 96.06, 2860, 0.0
2021-05-24 08:35:00, 95.9, 96.43, 95.9, 96.43, 2307, 0.0
2021-05-24 08:40:00, 96.53, 96.53, 96.14, 96.14, 2271, 0.0
2021-05-24 08:45:00, 96.2, 96.34, 96.2, 96.285, 1024, 0.0
2021-05-24 08:50:00, 96.345, 96.365, 96.27, 96.29, 839, 0.0
2021-05-24 08:55:00, 96.22, 96.22, 96.09, 96.19, 1802, 0.0
2021-05-24 09:00:00, 96.23, 96.27, 96.095, 96.095, 2108, 0.0
2021-05-24 09:05:00, 96.23, 96.23, 96.11, 96.11, 620, 0.0
2021-05-24 09:10:00, 96.08, 96.265, 96.06, 96.25, 2145, 0.0
2021-05-24 09:15:00, 96.29, 96.47, 96.29, 96.32, 5462, 0.0
2021-05-24 09:20:00, 96.32, 96.43, 96.305, 96.43, 1812, 0.0
2021-05-24 09:25:00, 96.48, 96.54, 96.43, 96.54, 1102, 0.0
2021-05-24 09:30:00, 96.525, 96.64, 96.49, 96.58, 2046, 0.0
2021-05-24 09:35:00, 96.605, 96.605, 96.495, 96.505, 1942, 0.0
2021-05-24 09:40:00, 96.49, 96.49, 96.415, 96.42, 913, 0.0
2021-05-24 09:45:00, 96.55, 96.55, 96.47, 96.49, 1082, 0.0
2021-05-24 09:50:00, 96.525, 96.63, 96.525, 96.63, 1483, 0.0
2021-05-24 09:55:00, 96.62, 96.62, 96.56, 96.61, 1213, 0.0
2021-05-24 10:00:00, 96.64, 96.76, 96.64, 96.75, 1795, 0.0
2021-05-24 10:05:00, 96.7, 96.72, 96.67, 96.67, 1114, 0.0
2021-05-24 10:10:00, 96.63, 96.665, 96.62, 96.62, 765, 0.0
2021-05-24 10:15:00, 96.61, 96.68, 96.57, 96.57, 2428, 0.0
2021-05-24 10:20:00, 96.6, 96.6, 96.47, 96.47, 1185, 0.0
2021-05-24 10:25:00, 96.4, 96.435, 96.39, 96.42, 1163, 0.0
2021-05-24 10:30:00, 96.45, 96.52, 96.45, 96.505, 1074, 0.0
2021-05-24 10:35:00, 96.465, 96.505, 96.44, 96.505, 1121, 0.0
2021-05-24 10:40:00, 96.46, 96.59, 96.455, 96.59, 1955, 0.0
2021-05-24 10:45:00, 96.58, 96.6, 96.575, 96.6, 3914, 0.0
2021-05-24 10:50:00, 96.6, 96.65, 96.51, 96.56, 2204, 0.0
2021-05-24 10:55:00, 96.58, 96.585, 96.55, 96.555, 800, 0.0
2021-05-24 11:00:00, 96.54, 96.635, 96.54, 96.635, 1020, 0.0
2021-05-24 11:05:00, 96.62, 96.62, 96.51, 96.51, 768, 0.0
2021-05-24 11:10:00, 96.49, 96.49, 96.44, 96.45, 436, 0.0
2021-05-24 11:15:00, 96.52, 96.535, 96.51, 96.51, 1221, 0.0
2021-05-24 11:25:00, 96.41, 96.445, 96.35, 96.38, 2326, 0.0
2021-05-24 11:30:00, 96.39, 96.455, 96.39, 96.4, 2547, 0.0
2021-05-24 11:35:00, 96.41, 96.51, 96.4, 96.51, 743, 0.0
2021-05-24 11:40:00, 96.545, 96.55, 96.52, 96.52, 1960, 0.0
2021-05-24 11:45:00, 96.53, 96.595, 96.53, 96.58, 615, 0.0
2021-05-24 11:50:00, 96.55, 96.55, 96.54, 96.54, 301, 0.0
2021-05-24 11:55:00, 96.49, 96.51, 96.49, 96.51, 506, 0.0
2021-05-24 12:00:00, 96.49, 96.49, 96.48, 96.48, 300, 0.0
2021-05-24 12:05:00, 96.46, 96.48, 96.46, 96.48, 501, 0.0
2021-05-24 12:10:00, 96.46, 96.495, 96.46, 96.495, 503, 0.0
2021-05-24 12:15:00, 96.47, 96.58, 96.455, 96.58, 1579, 0.0
2021-05-24 12:20:00, 96.57, 96.605, 96.57, 96.59, 877, 0.0
2021-05-24 12:25:00, 96.51, 96.52, 96.51, 96.52, 1059, 0.0
2021-05-24 12:30:00, 96.52, 96.6, 96.52, 96.6, 1308, 0.0
2021-05-24 12:35:00, 96.59, 96.59, 96.56, 96.56, 600, 0.0
2021-05-24 12:40:00, 96.56, 96.59, 96.535, 96.59, 1388, 0.0
2021-05-24 12:45:00, 96.565, 96.565, 96.535, 96.535, 461, 0.0
2021-05-24 12:50:00, 96.555, 96.6, 96.555, 96.6, 936, 0.0
2021-05-24 12:55:00, 96.565, 96.565, 96.53, 96.53, 778, 0.0
2021-05-24 13:00:00, 96.54, 96.545, 96.54, 96.545, 1016, 0.0
2021-05-24 13:05:00, 96.57, 96.58, 96.54, 96.56, 1138, 0.0
2021-05-24 13:10:00, 96.575, 96.575, 96.545, 96.57, 1334, 0.0
2021-05-24 13:15:00, 96.565, 96.61, 96.565, 96.61, 404, 0.0
2021-05-24 13:20:00, 96.64, 96.64, 96.605, 96.605, 2438, 0.0
2021-05-24 13:25:00, 96.62, 96.62, 96.59, 96.59, 1040, 0.0
2021-05-24 13:30:00, 96.63, 96.63, 96.63, 96.63, 407, 0.0
2021-05-24 13:35:00, 96.63, 96.69, 96.63, 96.68, 1625, 0.0
2021-05-24 13:40:00, 96.675, 96.69, 96.66, 96.69, 1029, 0.0
2021-05-24 13:45:00, 96.72, 96.72, 96.71, 96.71, 754, 0.0
2021-05-24 13:50:00, 96.69, 96.71, 96.68, 96.7, 1287, 0.0
2021-05-24 13:55:00, 96.69, 96.7, 96.68, 96.69, 1196, 0.0
2021-05-24 14:00:00, 96.67, 96.685, 96.66, 96.66, 1309, 0.0
2021-05-24 14:05:00, 96.69, 96.7, 96.665, 96.67, 1881, 0.0
2021-05-24 14:10:00, 96.68, 96.7, 96.64, 96.67, 1415, 0.0
2021-05-24 14:15:00, 96.66, 96.675, 96.63, 96.675, 1167, 0.0
2021-05-24 14:20:00, 96.67, 96.735, 96.66, 96.735, 2004, 0.0
2021-05-24 14:25:00, 96.73, 96.745, 96.68, 96.69, 2306, 0.0
2021-05-24 14:30:00, 96.68, 96.68, 96.61, 96.64, 2484, 0.0
2021-05-24 14:35:00, 96.63, 96.645, 96.61, 96.625, 3323, 0.0
2021-05-24 14:40:00, 96.63, 96.695, 96.615, 96.66, 2331, 0.0
2021-05-24 14:45:00, 96.66, 96.725, 96.64, 96.67, 3899, 0.0
2021-05-24 14:50:00, 96.6, 96.685, 96.59, 96.615, 8524, 0.0
2021-05-24 14:55:00, 96.62, 96.625, 96.46, 96.505, 7399, 0.0
2021-05-25 08:30:00, 96.875, 97.26, 96.83, 97.22, 2131, 0.0
2021-05-25 08:35:00, 97.12, 97.12, 96.8, 96.8, 2847, 0.0
2021-05-25 08:40:00, 96.73, 96.805, 96.69, 96.71, 1623, 0.0
2021-05-25 08:45:00, 96.66, 96.7, 96.59, 96.59, 1513, 0.0
2021-05-25 08:50:00, 96.6, 96.81, 96.53, 96.81, 2111, 0.0
2021-05-25 08:55:00, 96.68, 96.69, 96.61, 96.61, 1549, 0.0
2021-05-25 09:00:00, 96.65, 96.65, 96.46, 96.58, 2368, 0.0
2021-05-25 09:05:00, 96.59, 96.76, 96.57, 96.64, 1720, 0.0
2021-05-25 09:10:00, 96.69, 96.77, 96.69, 96.73, 990, 0.0
2021-05-25 09:15:00, 96.74, 96.75, 96.71, 96.71, 1042, 0.0
2021-05-25 09:20:00, 96.65, 96.72, 96.65, 96.72, 892, 0.0
2021-05-25 09:25:00, 96.73, 96.73, 96.655, 96.655, 1958, 0.0
2021-05-25 09:30:00, 96.67, 96.67, 96.5, 96.55, 2347, 0.0
2021-05-25 09:35:00, 96.62, 96.635, 96.555, 96.555, 1494, 0.0
2021-05-25 09:40:00, 96.58, 96.71, 96.58, 96.71, 1418, 0.0
2021-05-25 09:45:00, 96.79, 96.8, 96.665, 96.68, 1365, 0.0
2021-05-25 09:50:00, 96.69, 96.69, 96.6, 96.61, 1854, 0.0
2021-05-25 09:55:00, 96.61, 96.765, 96.61, 96.7, 1742, 0.0
2021-05-25 10:00:00, 96.66, 96.68, 96.62, 96.65, 1400, 0.0
2021-05-25 10:05:00, 96.63, 96.68, 96.525, 96.585, 1930, 0.0
2021-05-25 10:10:00, 96.56, 96.65, 96.56, 96.62, 1322, 0.0
2021-05-25 10:15:00, 96.64, 96.64, 96.5, 96.54, 1768, 0.0
2021-05-25 10:20:00, 96.6, 96.685, 96.58, 96.685, 1470, 0.0
2021-05-25 10:25:00, 96.72, 96.73, 96.64, 96.64, 1495, 0.0
2021-05-25 10:30:00, 96.65, 96.65, 96.53, 96.53, 808, 0.0
2021-05-25 10:35:00, 96.53, 96.58, 96.53, 96.575, 578, 0.0
2021-05-25 10:40:00, 96.58, 96.6, 96.47, 96.54, 1523, 0.0
2021-05-25 10:45:00, 96.53, 96.53, 96.53, 96.53, 100, 0.0
2021-05-25 10:50:00, 96.64, 96.64, 96.57, 96.58, 434, 0.0
2021-05-25 10:55:00, 96.61, 96.66, 96.57, 96.595, 774, 0.0
2021-05-25 11:00:00, 96.64, 96.64, 96.58, 96.605, 1357, 0.0
2021-05-25 11:05:00, 96.58, 96.62, 96.53, 96.56, 2076, 0.0
2021-05-25 11:10:00, 96.62, 96.62, 96.62, 96.62, 201, 0.0
2021-05-25 11:15:00, 96.61, 96.61, 96.55, 96.56, 931, 0.0
2021-05-25 11:20:00, 96.55, 96.55, 96.52, 96.52, 1174, 0.0
2021-05-25 11:25:00, 96.56, 96.58, 96.555, 96.56, 1088, 0.0
2021-05-25 11:30:00, 96.53, 96.585, 96.53, 96.585, 1575, 0.0
2021-05-25 11:35:00, 96.555, 96.56, 96.53, 96.53, 1483, 0.0
2021-05-25 11:40:00, 96.54, 96.54, 96.42, 96.435, 2197, 0.0
2021-05-25 11:45:00, 96.445, 96.49, 96.43, 96.445, 1382, 0.0
2021-05-25 11:50:00, 96.485, 96.52, 96.47, 96.52, 1408, 0.0
2021-05-25 11:55:00, 96.49, 96.49, 96.37, 96.37, 2074, 0.0
2021-05-25 12:00:00, 96.35, 96.35, 96.3, 96.33, 2909, 0.0
2021-05-25 12:05:00, 96.32, 96.39, 96.32, 96.35, 1779, 0.0
2021-05-25 12:10:00, 96.3, 96.38, 96.3, 96.37, 765, 0.0
2021-05-25 12:20:00, 96.415, 96.45, 96.375, 96.45, 1818, 0.0
2021-05-25 12:25:00, 96.45, 96.475, 96.45, 96.465, 1280, 0.0
2021-05-25 12:30:00, 96.485, 96.64, 96.485, 96.64, 1762, 0.0
2021-05-25 12:35:00, 96.605, 96.7, 96.605, 96.7, 294, 0.0
2021-05-25 12:40:00, 96.65, 96.66, 96.65, 96.66, 218, 0.0
2021-05-25 12:45:00, 96.69, 96.71, 96.64, 96.69, 756, 0.0
2021-05-25 12:50:00, 96.68, 96.68, 96.62, 96.62, 1193, 0.0
2021-05-25 12:55:00, 96.59, 96.59, 96.59, 96.59, 367, 0.0
2021-05-25 13:00:00, 96.63, 96.63, 96.485, 96.485, 3290, 0.0
2021-05-25 13:05:00, 96.495, 96.56, 96.495, 96.535, 2412, 0.0
2021-05-25 13:10:00, 96.545, 96.6, 96.545, 96.6, 1010, 0.0
2021-05-25 13:15:00, 96.565, 96.61, 96.56, 96.61, 786, 0.0
2021-05-25 13:20:00, 96.65, 96.65, 96.595, 96.6, 558, 0.0
2021-05-25 13:25:00, 96.605, 96.61, 96.605, 96.605, 1320, 0.0
2021-05-25 13:30:00, 96.595, 96.68, 96.595, 96.64, 2246, 0.0
2021-05-25 13:35:00, 96.62, 96.625, 96.62, 96.625, 304, 0.0
2021-05-25 13:40:00, 96.7, 96.75, 96.7, 96.72, 615, 0.0
2021-05-25 13:45:00, 96.66, 96.67, 96.64, 96.645, 1285, 0.0
2021-05-25 13:50:00, 96.64, 96.64, 96.59, 96.62, 1215, 0.0
2021-05-25 13:55:00, 96.705, 96.705, 96.7, 96.7, 673, 0.0
2021-05-25 14:00:00, 96.66, 96.66, 96.59, 96.59, 991, 0.0
2021-05-25 14:05:00, 96.55, 96.65, 96.55, 96.645, 2073, 0.0
2021-05-25 14:10:00, 96.64, 96.7, 96.635, 96.65, 2379, 0.0
2021-05-25 14:15:00, 96.655, 96.655, 96.64, 96.64, 800, 0.0
2021-05-25 14:20:00, 96.67, 96.72, 96.67, 96.72, 1803, 0.0
2021-05-25 14:25:00, 96.77, 96.77, 96.725, 96.725, 2596, 0.0
2021-05-25 14:30:00, 96.68, 96.68, 96.6, 96.6, 1718, 0.0
2021-05-25 14:35:00, 96.61, 96.73, 96.58, 96.73, 1464, 0.0
2021-05-25 14:40:00, 96.73, 96.745, 96.68, 96.68, 2234, 0.0
2021-05-25 14:45:00, 96.665, 96.665, 96.59, 96.59, 2252, 0.0
2021-05-25 14:50:00, 96.57, 96.63, 96.52, 96.52, 6023, 0.0
2021-05-25 14:55:00, 96.5, 96.59, 96.5, 96.56, 13178, 0.0
2021-05-26 08:30:00, 97.09, 97.67, 96.95, 97.54, 8137, 0.0
2021-05-26 08:35:00, 97.56, 98.05, 97.56, 98.05, 9016, 0.0
2021-05-26 08:40:00, 98, 98.15, 97.95, 98.005, 5927, 0.0
2021-05-26 08:45:00, 97.99, 97.99, 97.88, 97.94, 1078, 0.0
2021-05-26 08:50:00, 98, 98.13, 98, 98.09, 2085, 0.0
2021-05-26 08:55:00, 98.14, 98.25, 98.01, 98.23, 2498, 0.0
2021-05-26 09:00:00, 98.27, 98.29, 97.985, 97.985, 2009, 0.0
2021-05-26 09:05:00, 97.965, 98.14, 97.95, 98.14, 2434, 0.0
2021-05-26 09:10:00, 98.19, 98.19, 97.87, 97.87, 1629, 0.0
2021-05-26 09:15:00, 97.925, 98, 97.9, 97.985, 1547, 0.0
2021-05-26 09:20:00, 97.97, 98.18, 97.97, 98.14, 2019, 0.0
2021-05-26 09:25:00, 98.13, 98.36, 98.13, 98.33, 3106, 0.0
2021-05-26 09:30:00, 98.27, 98.42, 98.27, 98.36, 2126, 0.0
2021-05-26 09:35:00, 98.375, 98.375, 98.23, 98.25, 1438, 0.0
2021-05-26 09:40:00, 98.24, 98.24, 98.2, 98.22, 554, 0.0
2021-05-26 09:45:00, 98.225, 98.32, 98.225, 98.32, 1805, 0.0
2021-05-26 09:50:00, 98.31, 98.35, 98.21, 98.35, 3538, 0.0
2021-05-26 09:55:00, 98.39, 98.46, 98.36, 98.46, 3784, 0.0
2021-05-26 10:00:00, 98.4, 98.455, 98.36, 98.43, 5313, 0.0
2021-05-26 10:05:00, 98.44, 98.48, 98.33, 98.38, 2384, 0.0
2021-05-26 10:10:00, 98.28, 98.385, 98.25, 98.385, 2142, 0.0
2021-05-26 10:15:00, 98.395, 98.395, 98.18, 98.23, 3021, 0.0
2021-05-26 10:20:00, 98.235, 98.235, 98.065, 98.2, 2038, 0.0
2021-05-26 10:25:00, 98.15, 98.22, 98.1, 98.1, 2804, 0.0
2021-05-26 10:30:00, 98.11, 98.15, 97.93, 97.93, 4038, 0.0
2021-05-26 10:35:00, 97.995, 98.05, 97.99, 97.99, 4210, 0.0
2021-05-26 10:40:00, 97.99, 97.99, 97.86, 97.89, 3095, 0.0
