Date, Open, High, Low, Close, Volume, Open Interest
2020-11-23 23:00:00, 75.93, 76.05, 74.91, 75.22, 6225436, 0.0
2020-11-24 23:00:00, 75.93, 77.14, 75.65, 76.52, 4269490, 0.0
2020-11-26 23:00:00, 77.7, 78.21, 76.66, 78.14, 2991683, 0.0
2020-11-29 23:00:00, 78.32, 79.73, 77.78, 79.48, 6991607, 0.0
2020-11-30 23:00:00, 79.94, 79.99, 78.63, 79.94, 5098104, 0.0
2020-12-01 23:00:00, 79.72, 80.01, 78.7388, 79.15, 3803353, 0.0
2020-12-02 23:00:00, 79.31, 79.81, 78.55, 78.79, 4135886, 0.0
2020-12-03 23:00:00, 78.72, 80.93, 78.635, 80.9, 5595105, 0.0
2020-12-06 23:00:00, 81.4, 82.95, 81.18, 82.27, 6106509, 0.0
2020-12-07 23:00:00, 82.48, 83.635, 81.99, 83.63, 6205065, 0.0
2020-12-08 23:00:00, 83.5, 83.68, 81.87, 82.64, 9401383, 0.0
2020-12-09 23:00:00, 82.28, 83.93, 81.68, 83.1, 7978406, 0.0
2020-12-10 23:00:00, 83.13, 84.04, 82.87, 83.67, 5211649, 0.0
2020-12-13 23:00:00, 84.27, 86.2601, 84.075, 85.93, 6978171, 0.0
2020-12-14 23:00:00, 86.25, 86.96, 85.59, 86.93, 5228194, 0.0
2020-12-15 23:00:00, 87.26, 88.29, 86.84, 88.225, 5785494, 0.0
2020-12-16 23:00:00, 88.8652, 89.35, 86.979, 88.45, 5794805, 0.0
2020-12-17 23:00:00, 89.04, 90.78, 88.29, 90.37, 8075812, 0.0
2020-12-20 23:00:00, 89.48, 90.05, 87.18, 88.81, 6222033, 0.0
2020-12-21 23:00:00, 89.44, 89.61, 88.3, 89.41, 4361829, 0.0
2020-12-22 23:00:00, 89.95, 90.49, 88.8, 90.22, 3860501, 0.0
2020-12-23 23:00:00, 90.3, 91.22, 90.28, 90.91, 2028754, 0.0
2020-12-27 23:00:00, 91.76, 92.26, 90.77, 91.43, 4022996, 0.0
2020-12-28 23:00:00, 91.63, 92.105, 90.85, 91.41, 3384953, 0.0
2020-12-29 23:00:00, 91.75, 92.6, 91.43, 91.55, 2353529, 0.0
2020-12-30 23:00:00, 91.74, 92.99, 91.53, 92.85, 3856476, 0.0
2021-01-03 23:00:00, 92.695, 92.91, 89.22, 89.9, 6341012, 0.0
2021-01-04 23:00:00, 90.32, 90.75, 89.1, 90.69, 4043693, 0.0
2021-01-05 23:00:00, 89.06, 89.9, 87.89, 87.99, 6839458, 0.0
2021-01-06 23:00:00, 88.86, 90.75, 88.27, 89.66, 5512266, 0.0
2021-01-07 23:00:00, 90.07, 91.37, 89.53, 91.3, 3807875, 0.0
2021-01-10 23:00:00, 91.3, 91.85, 90.55, 90.92, 5138424, 0.0
2021-01-11 23:00:00, 91, 91.185, 87.96, 89.25, 4938076, 0.0
2021-01-12 23:00:00, 89.64, 90.335, 88.44, 89.77, 3677098, 0.0
2021-01-13 23:00:00, 90.1638, 91.24, 89.65, 90.02, 4788900, 0.0
2021-01-14 23:00:00, 89.9856, 90.75, 88.57, 90.7, 5888911, 0.0
2021-01-18 23:00:00, 90.915, 93.37, 90.83, 93.15, 4876310, 0.0
2021-01-19 23:00:00, 93.96, 95.87, 93.57, 95.12, 4870458, 0.0
2021-01-20 23:00:00, 95.47, 95.7, 94.21, 94.59, 3572569, 0.0
2021-01-21 23:00:00, 94.68, 95.23, 93.82, 94.43, 3212422, 0.0
2021-01-24 23:00:00, 95.53, 95.76, 92.74, 93.39, 4865938, 0.0
2021-01-25 23:00:00, 93.35, 93.68, 92.14, 92.38, 5917447, 0.0
2021-01-26 23:00:00, 91, 91, 88.21, 88.66, 11195033, 0.0
2021-01-27 23:00:00, 89.57, 91.42, 89.01, 90.28, 6117259, 0.0
2021-01-28 23:00:00, 89.995, 91.33, 89.74, 91.01, 4004938, 0.0
2021-01-31 23:00:00, 91.48, 92.16, 90.86, 91.42, 3688393, 0.0
2021-02-01 23:00:00, 92.04, 94.18, 91.81, 93.98, 5286974, 0.0
2021-02-02 23:00:00, 93.89, 94.07, 92.59, 92.77, 6281364, 0.0
2021-02-03 23:00:00, 93.35, 94.42, 92.41, 92.68, 6120680, 0.0
2021-02-04 23:00:00, 100.66, 104.2299, 100, 101.61, 15677996, 0.0
2021-02-07 23:00:00, 102.05, 103.08, 100.39, 101.26, 5305437, 0.0
2021-02-08 23:00:00, 101.95, 103.77, 101.06, 102.74, 4855784, 0.0
2021-02-09 23:00:00, 103.04, 103.44, 101.245, 102.78, 3281673, 0.0
2021-02-10 23:00:00, 103.5, 104.215, 102.55, 103.23, 3016135, 0.0
2021-02-11 23:00:00, 102.78, 103.89, 102.14, 103.81, 2440302, 0.0
2021-02-15 23:00:00, 103.82, 104.53, 102.48, 102.96, 3182043, 0.0
2021-02-16 23:00:00, 102.58, 103.37, 101.81, 102.35, 3462404, 0.0
2021-02-17 23:00:00, 101.83, 102.4, 100.94, 102.29, 4545852, 0.0
2021-02-18 23:00:00, 102.95, 103.08, 100.585, 100.79, 3578868, 0.0
2021-02-21 23:00:00, 99.82, 99.82, 96.41, 96.59, 5506648, 0.0
2021-02-22 23:00:00, 95.07, 96.85, 93.55, 96.42, 5407538, 0.0
2021-02-23 23:00:00, 95.45, 96.06, 94.52, 95.69, 4361105, 0.0
2021-02-24 23:00:00, 95.32, 96.42, 93.79, 95.1, 4712568, 0.0
2021-02-25 23:00:00, 96, 97.21, 95.16, 95.58, 4976958, 0.0
2021-02-28 23:00:00, 97.09, 98.92, 96.89, 98.75, 4466278, 0.0
2021-03-01 23:00:00, 98.91, 98.99, 96.59, 96.74, 3324917, 0.0
2021-03-02 23:00:00, 96.29, 96.53, 92.88, 93.71, 4522996, 0.0
2021-03-03 23:00:00, 93.08, 94.56, 90.74, 91.511, 5332905, 0.0
2021-03-04 23:00:00, 92.2, 93.39, 90.32, 92.56, 6789133, 0.0
2021-03-07 23:00:00, 91.75, 92.83, 89.13, 89.17, 5843971, 0.0
2021-03-08 23:00:00, 91.6, 93.6925, 91.6, 92.48, 4527471, 0.0
2021-03-09 23:00:00, 93.26, 93.7, 91.09, 91.31, 3721790, 0.0
2021-03-10 23:00:00, 92.97, 93.8311, 92.43, 92.93, 3669545, 0.0
2021-03-11 23:00:00, 91.89, 93.13, 91.15, 93.04, 2587202, 0.0
2021-03-14 23:00:00, 92.8661, 93.05, 91.4, 92.58, 2659045, 0.0
2021-03-15 23:00:00, 93.56, 94.8, 92.925, 93.27, 3916181, 0.0
2021-03-16 23:00:00, 92.4, 92.93, 90.82, 92.44, 4173802, 0.0
2021-03-17 23:00:00, 90.74, 91.63, 89.165, 89.58, 5927066, 0.0
2021-03-18 23:00:00, 89.69, 91.54, 89.69, 90.48, 6170547, 0.0
2021-03-21 23:00:00, 90.63, 92.53, 90.55, 91.91, 3484594, 0.0
2021-03-22 23:00:00, 92.24, 92.6, 91.08, 91.38, 3929432, 0.0
2021-03-23 23:00:00, 91.55, 91.55, 89.67, 90.53, 3835960, 0.0
2021-03-24 23:00:00, 90.41, 91.13, 89.06, 90.86, 4159310, 0.0
2021-03-25 23:00:00, 91.24, 92.49, 90.77, 92.39, 5214759, 0.0
2021-03-28 23:00:00, 92.25, 94.92, 92.03, 94.05, 7015948, 0.0
2021-03-29 23:00:00, 92.47, 92.875, 90.79, 92.71, 5231224, 0.0
2021-03-30 23:00:00, 92.85, 94.08, 92.5, 93.01, 4158766, 0.0
2021-03-31 23:00:00, 94, 95.7, 93.7413, 95.55, 5320763, 0.0
2021-04-04 23:00:00, 96.01, 98.42, 95.52, 97.9, 4541428, 0.0
2021-04-05 23:00:00, 98.19, 98.19, 97.03, 97.31, 3024519, 0.0
2021-04-06 23:00:00, 96.46, 97.33, 96.41, 96.82, 3738987, 0.0
2021-04-07 23:00:00, 97.81, 97.87, 96.15, 96.47, 3152282, 0.0
2021-04-08 23:00:00, 96.07, 96.31, 94.545, 95.78, 3004561, 0.0
2021-04-11 23:00:00, 95.1, 96.28, 95, 96.15, 3255742, 0.0
2021-04-12 23:00:00, 96.95, 98.25, 96.49, 97.54, 3831600, 0.0
2021-04-13 23:00:00, 97.1, 97.53, 96.41, 96.71, 2845005, 0.0
2021-04-14 23:00:00, 97.05, 98.04, 96.4, 97.8, 4310181, 0.0
2021-04-15 23:00:00, 98.1, 98.1, 96.05, 96.47, 4735929, 0.0
2021-04-18 23:00:00, 96.925, 97.58, 95.33, 95.98, 2952437, 0.0
2021-04-19 23:00:00, 96.35, 96.35, 94.12, 94.48, 3978550, 0.0
2021-04-20 23:00:00, 93.54, 93.556, 91.89, 93.18, 6296160, 0.0
2021-04-21 23:00:00, 93.38, 94.4858, 92.98, 93.71, 4875784, 0.0
2021-04-22 23:00:00, 93.7, 94.04, 92.69, 93.02, 3426531, 0.0
2021-04-25 23:00:00, 92.75, 94.39, 92.51, 94.23, 3883930, 0.0
2021-04-26 23:00:00, 94.5, 94.86, 91.26, 91.6, 8113647, 0.0
2021-04-27 23:00:00, 92.29, 92.3, 91, 91.21, 5896782, 0.0
2021-04-28 23:00:00, 91.67, 92.16, 91.08, 92.09, 4150584, 0.0
2021-04-29 23:00:00, 91.13, 91.9868, 90.89, 91.2, 5334700, 0.0
2021-05-02 23:00:00, 91.68, 92.02, 90.79, 91.16, 5888640, 0.0
2021-05-03 23:00:00, 90.71, 90.97, 87.44, 88.71, 12569234, 0.0
2021-05-04 23:00:00, 93.6, 94.77, 90, 90.05, 11763303, 0.0
2021-05-05 23:00:00, 90.02, 93.52, 89.64, 93.03, 7317318, 0.0
2021-05-06 23:00:00, 93.42, 95.12, 93.035, 94.8, 5867691, 0.0
2021-05-09 23:00:00, 95, 95.74, 93.14, 93.17, 5464796, 0.0
2021-05-10 23:00:00, 93.7, 95.77, 92.94, 95.33, 5916238, 0.0
2021-05-11 23:00:00, 94.47, 94.8, 92.26, 92.68, 5472738, 0.0
2021-05-12 23:00:00, 93.47, 94.045, 92.825, 93.44, 3335714, 0.0
2021-05-13 23:00:00, 94.31, 94.4, 93.06, 93.34, 3017664, 0.0
2021-05-16 23:00:00, 92.68, 93.08, 91.53, 92.3, 4377773, 0.0
2021-05-17 23:00:00, 92.55, 95.35, 92.25, 93.66, 5398877, 0.0
2021-05-18 23:00:00, 92.33, 94.42, 92.2, 94.27, 3526163, 0.0
2021-05-19 23:00:00, 94.78, 97.23, 94.58, 96.57, 4438416, 0.0
2021-05-20 23:00:00, 96.99, 97.07, 95.25, 95.38, 3550345, 0.0
2021-05-23 23:00:00, 95.93, 96.77, 95.82, 96.52, 2697209, 0.0
2021-05-24 23:00:00, 96.88, 97.37, 96.27, 96.62, 2594251, 0.0
2021-05-25 23:00:00, 97.1192, 98.4801, 96.81, 97.88, 1250976, 0.0
