Date, Open, High, Low, Close, Volume, Open Interest
2021-05-07 12:00:00, 1482.96, 1482.96, 1481.5, 1481.5, 300, 0.0
2021-05-07 12:05:00, 1479.605, 1482.81, 1475.51, 1477.71, 4054, 0.0
2021-05-07 12:10:00, 1476.595, 1476.595, 1476.595, 1476.595, 200, 0.0
2021-05-07 12:15:00, 1475.99, 1476.81, 1475.43, 1476.74, 633, 0.0
2021-05-07 12:20:00, 1475.29, 1475.29, 1475.29, 1475.29, 202, 0.0
2021-05-07 12:25:00, 1470.75, 1471.5, 1470.75, 1471.5, 672, 0.0
2021-05-07 12:40:00, 1472.295, 1472.295, 1472.295, 1472.295, 101, 0.0
2021-05-07 12:45:00, 1470.85, 1470.85, 1470.85, 1470.85, 100, 0.0
2021-05-07 12:50:00, 1472.81, 1472.81, 1470.88, 1470.88, 392, 0.0
2021-05-07 12:55:00, 1468.01, 1468.01, 1465.01, 1465.01, 206, 0.0
2021-05-07 13:00:00, 1466.27, 1466.27, 1466.27, 1466.27, 100, 0.0
2021-05-07 13:20:00, 1470.09, 1470.09, 1470.07, 1470.07, 347, 0.0
2021-05-07 13:35:00, 1468.93, 1469.3, 1468.07, 1468.07, 662, 0.0
2021-05-07 13:55:00, 1475.99, 1475.99, 1475.99, 1475.99, 200, 0.0
2021-05-07 14:00:00, 1474.92, 1474.92, 1474.92, 1474.92, 100, 0.0
2021-05-07 14:05:00, 1476.725, 1476.725, 1476.725, 1476.725, 100, 0.0
2021-05-07 14:10:00, 1475.705, 1475.705, 1475.705, 1475.705, 176, 0.0
2021-05-07 14:15:00, 1478.5, 1478.5, 1478.5, 1478.5, 363, 0.0
2021-05-07 14:25:00, 1480.875, 1480.875, 1480.875, 1480.875, 200, 0.0
2021-05-07 14:30:00, 1477.165, 1477.685, 1477.165, 1477.685, 782, 0.0
2021-05-07 14:35:00, 1477.035, 1477.035, 1477.035, 1477.035, 200, 0.0
2021-05-07 14:40:00, 1477.36, 1477.4, 1477.36, 1477.4, 274, 0.0
2021-05-07 14:45:00, 1478.41, 1478.41, 1475.83, 1475.83, 456, 0.0
2021-05-07 14:50:00, 1479.81, 1479.81, 1478.09, 1478.42, 508, 0.0
2021-05-07 14:55:00, 1480.56, 1482.06, 1475.45, 1475.45, 2417, 0.0
2021-05-10 08:25:00, 1462.19, 1462.19, 1462.19, 1462.19, 100, 0.0
2021-05-10 08:30:00, 1458.41, 1459.865, 1448.155, 1449.105, 1453, 0.0
2021-05-10 08:35:00, 1458.825, 1458.825, 1449.675, 1449.675, 286, 0.0
2021-05-10 08:40:00, 1451.33, 1451.33, 1436.84, 1439.25, 1037, 0.0
2021-05-10 08:45:00, 1438.7, 1441.97, 1435.6, 1440.81, 686, 0.0
2021-05-10 08:50:00, 1435.045, 1435.045, 1426.15, 1426.15, 730, 0.0
2021-05-10 08:55:00, 1430.28, 1431.91, 1428.9, 1431.91, 859, 0.0
2021-05-10 09:00:00, 1426.67, 1426.67, 1417.14, 1417.14, 482, 0.0
2021-05-10 09:05:00, 1416.16, 1425.15, 1416.16, 1425.15, 631, 0.0
2021-05-10 09:10:00, 1424.26, 1428.94, 1422.59, 1428.94, 1200, 0.0
2021-05-10 09:20:00, 1438.08, 1439.61, 1437.5, 1439.61, 466, 0.0
2021-05-10 09:35:00, 1424.26, 1424.26, 1424.09, 1424.09, 501, 0.0
2021-05-10 09:50:00, 1415.61, 1415.61, 1412.88, 1415.045, 1172, 0.0
2021-05-10 09:55:00, 1411.11, 1416.245, 1411.11, 1416.245, 1362, 0.0
2021-05-10 10:00:00, 1415.84, 1416.75, 1415.27, 1415.28, 1562, 0.0
2021-05-10 10:05:00, 1416.465, 1417.63, 1416.465, 1417.63, 847, 0.0
2021-05-10 10:10:00, 1413.4, 1414.34, 1413.07, 1414.34, 498, 0.0
2021-05-10 10:15:00, 1414.07, 1414.07, 1412.37, 1412.37, 211, 0.0
2021-05-10 10:20:00, 1418.31, 1418.31, 1418.31, 1418.31, 171, 0.0
2021-05-10 10:30:00, 1414.06, 1414.06, 1411.89, 1412.45, 905, 0.0
2021-05-10 10:35:00, 1413.485, 1413.485, 1413.21, 1413.21, 430, 0.0
2021-05-10 10:40:00, 1412.445, 1412.445, 1412.445, 1412.445, 270, 0.0
2021-05-10 10:45:00, 1415.73, 1415.73, 1412.955, 1412.955, 300, 0.0
2021-05-10 10:50:00, 1412.05, 1412.11, 1411.405, 1411.405, 1697, 0.0
2021-05-10 10:55:00, 1412.53, 1414.18, 1412.53, 1414.18, 1048, 0.0
2021-05-10 11:00:00, 1411.5, 1412.695, 1411.41, 1412.695, 670, 0.0
2021-05-10 11:05:00, 1412.89, 1412.89, 1409.33, 1409.33, 588, 0.0
2021-05-10 11:10:00, 1414.43, 1414.43, 1414.43, 1414.43, 135, 0.0
2021-05-10 11:15:00, 1412.66, 1412.66, 1412.66, 1412.66, 100, 0.0
2021-05-10 11:40:00, 1403.03, 1403.03, 1402.3, 1402.3, 693, 0.0
2021-05-10 11:45:00, 1402.91, 1404, 1402.91, 1404, 279, 0.0
2021-05-10 11:50:00, 1404.15, 1404.15, 1404.15, 1404.15, 303, 0.0
2021-05-10 11:55:00, 1404.4, 1404.4, 1401.775, 1401.775, 1261, 0.0
2021-05-10 12:00:00, 1402.68, 1404.855, 1402.68, 1404.32, 1173, 0.0
2021-05-10 12:05:00, 1403.33, 1404.53, 1402.635, 1402.875, 629, 0.0
2021-05-10 12:10:00, 1403.57, 1403.58, 1403.57, 1403.58, 216, 0.0
2021-05-10 12:15:00, 1403.33, 1403.33, 1403.27, 1403.27, 332, 0.0
2021-05-10 12:20:00, 1404.62, 1404.62, 1404.62, 1404.62, 110, 0.0
2021-05-10 12:30:00, 1404.28, 1404.28, 1401.2, 1401.2, 349, 0.0
2021-05-10 12:35:00, 1401.7, 1401.7, 1398.79, 1400.1, 746, 0.0
2021-05-10 12:40:00, 1398.16, 1398.16, 1396.41, 1396.41, 220, 0.0
2021-05-10 12:45:00, 1398.12, 1398.12, 1398.12, 1398.12, 138, 0.0
2021-05-10 12:50:00, 1397.59, 1397.74, 1395.6, 1395.6, 407, 0.0
2021-05-10 12:55:00, 1395.395, 1397.185, 1394.06, 1397.185, 885, 0.0
2021-05-10 13:00:00, 1395.87, 1397.83, 1395.87, 1397.83, 661, 0.0
2021-05-10 13:05:00, 1398.39, 1398.39, 1396.71, 1396.71, 219, 0.0
2021-05-10 13:10:00, 1395.115, 1395.13, 1393.44, 1394.545, 1119, 0.0
2021-05-10 13:15:00, 1388.745, 1388.745, 1388.745, 1388.745, 202, 0.0
2021-05-10 13:20:00, 1389.985, 1389.985, 1386.58, 1387.32, 589, 0.0
2021-05-10 13:25:00, 1387.34, 1389.05, 1384.065, 1384.14, 2544, 0.0
2021-05-10 13:30:00, 1384.86, 1389.04, 1384.24, 1389.04, 1950, 0.0
2021-05-10 13:35:00, 1387, 1388.2, 1387, 1388.2, 598, 0.0
2021-05-10 13:40:00, 1386.06, 1386.06, 1382.725, 1382.725, 1101, 0.0
2021-05-10 13:50:00, 1382.07, 1382.38, 1378.795, 1378.795, 1885, 0.0
2021-05-10 13:55:00, 1379.02, 1380.775, 1379.01, 1380.21, 745, 0.0
2021-05-10 14:00:00, 1381.9, 1387.74, 1381.9, 1387.74, 967, 0.0
2021-05-10 14:05:00, 1386.82, 1387.245, 1386.82, 1387.245, 791, 0.0
2021-05-10 14:10:00, 1387.945, 1388.93, 1387.945, 1388.93, 492, 0.0
2021-05-10 14:15:00, 1387.85, 1390.42, 1387.46, 1387.46, 914, 0.0
2021-05-10 14:20:00, 1386.05, 1389.725, 1386.05, 1389.025, 3342, 0.0
2021-05-10 14:30:00, 1385.93, 1386.5, 1385.9, 1386.5, 801, 0.0
2021-05-10 14:35:00, 1386.22, 1386.915, 1385.74, 1386.915, 1476, 0.0
2021-05-10 14:40:00, 1388.79, 1389.89, 1387.85, 1387.91, 816, 0.0
2021-05-10 14:45:00, 1388.475, 1388.475, 1385.49, 1385.49, 982, 0.0
2021-05-10 14:50:00, 1388.47, 1389.2, 1385.62, 1386.35, 1997, 0.0
2021-05-10 14:55:00, 1386.94, 1387.54, 1382.45, 1383.82, 3147, 0.0
2021-05-11 08:30:00, 1303.45, 1337.06, 1302.075, 1337.06, 2262, 0.0
2021-05-11 08:35:00, 1343.6, 1359.04, 1343.6, 1358.99, 1241, 0.0
2021-05-11 08:40:00, 1363.99, 1374.805, 1359.95, 1371.71, 1043, 0.0
2021-05-11 08:45:00, 1370.05, 1379.84, 1368.96, 1374.28, 883, 0.0
2021-05-11 08:50:00, 1381.81, 1384.87, 1380.2, 1383.3, 2413, 0.0
2021-05-11 08:55:00, 1381.36, 1394.98, 1377.96, 1394.98, 1699, 0.0
2021-05-11 09:00:00, 1392.71, 1395.5, 1389.75, 1395.5, 1037, 0.0
2021-05-11 09:05:00, 1398.045, 1398.045, 1387.55, 1389.545, 2158, 0.0
2021-05-11 09:10:00, 1385.11, 1387.85, 1376.53, 1376.53, 624, 0.0
2021-05-11 09:15:00, 1377.22, 1377.22, 1367.65, 1370.37, 875, 0.0
2021-05-11 09:20:00, 1379.69, 1379.69, 1374.05, 1374.05, 822, 0.0
2021-05-11 09:25:00, 1366.29, 1367.14, 1365.73, 1365.73, 857, 0.0
2021-05-11 09:30:00, 1361.59, 1362.42, 1361.59, 1362.42, 335, 0.0
2021-05-11 09:35:00, 1368.21, 1368.21, 1363.58, 1363.58, 378, 0.0
2021-05-11 09:40:00, 1363.09, 1373.13, 1363.06, 1373.13, 877, 0.0
2021-05-11 09:45:00, 1375.44, 1375.44, 1375.44, 1375.44, 122, 0.0
2021-05-11 09:50:00, 1376.9, 1377.08, 1375.93, 1375.93, 305, 0.0
2021-05-11 09:55:00, 1375.16, 1378.96, 1373.71, 1375.91, 692, 0.0
2021-05-11 10:00:00, 1368.4, 1368.4, 1368.4, 1368.4, 137, 0.0
2021-05-11 10:05:00, 1367.57, 1367.57, 1367.24, 1367.24, 544, 0.0
2021-05-11 10:10:00, 1370.235, 1374.34, 1370.235, 1372.53, 1319, 0.0
2021-05-11 10:15:00, 1377.81, 1380.01, 1377.81, 1380.01, 233, 0.0
2021-05-11 10:20:00, 1389.57, 1389.57, 1389.57, 1389.57, 300, 0.0
2021-05-11 10:25:00, 1390, 1390.82, 1389.02, 1390.82, 677, 0.0
2021-05-11 10:35:00, 1399.53, 1399.53, 1399.53, 1399.53, 100, 0.0
2021-05-11 10:40:00, 1396.81, 1396.81, 1393.39, 1393.39, 407, 0.0
2021-05-11 10:50:00, 1394.7, 1394.7, 1390.46, 1394.495, 2652, 0.0
2021-05-11 10:55:00, 1394.345, 1394.345, 1392.64, 1393.13, 9003, 0.0
2021-05-11 11:00:00, 1392.92, 1396.495, 1391.23, 1391.98, 3641, 0.0
2021-05-11 11:05:00, 1391.53, 1393.6, 1391.18, 1393.17, 1868, 0.0
2021-05-11 11:10:00, 1393.83, 1394.66, 1393.02, 1393.2, 1365, 0.0
2021-05-11 11:15:00, 1392.14, 1394, 1391.945, 1393.105, 1637, 0.0
2021-05-11 11:20:00, 1393.31, 1394.42, 1391, 1391.02, 1779, 0.0
2021-05-11 11:25:00, 1391.45, 1391.54, 1391.45, 1391.54, 216, 0.0
2021-05-11 11:30:00, 1391.13, 1391.66, 1391.13, 1391.66, 254, 0.0
2021-05-11 11:35:00, 1389.4, 1391.06, 1387.41, 1390.375, 1893, 0.0
2021-05-11 11:40:00, 1389.49, 1391.11, 1389.49, 1391.11, 417, 0.0
2021-05-11 11:45:00, 1389.675, 1389.68, 1384.32, 1384.32, 939, 0.0
2021-05-11 11:50:00, 1383.16, 1383.55, 1380.39, 1381.11, 739, 0.0
2021-05-11 11:55:00, 1381.06, 1384.09, 1378.97, 1384.09, 1103, 0.0
2021-05-11 12:00:00, 1384.89, 1390.92, 1384.89, 1390.92, 1346, 0.0
2021-05-11 12:05:00, 1391.87, 1391.87, 1388.865, 1388.865, 1133, 0.0
2021-05-11 12:10:00, 1389.17, 1389.38, 1385.99, 1387.25, 2245, 0.0
2021-05-11 12:15:00, 1385.29, 1388.69, 1385.29, 1386.625, 1640, 0.0
2021-05-11 12:20:00, 1385.19, 1389.68, 1385.19, 1386.985, 1480, 0.0
2021-05-11 12:25:00, 1388.79, 1390, 1388.565, 1388.935, 5285, 0.0
2021-05-11 12:30:00, 1389.4, 1389.54, 1386.01, 1387.45, 4525, 0.0
2021-05-11 12:35:00, 1387.945, 1388.83, 1382.43, 1383.68, 4185, 0.0
2021-05-11 12:40:00, 1383.67, 1383.81, 1380.52, 1380.935, 2093, 0.0
2021-05-11 12:45:00, 1380.8, 1381.2, 1378.79, 1378.79, 1521, 0.0
2021-05-11 12:50:00, 1378.565, 1378.565, 1374.47, 1374.47, 654, 0.0
2021-05-11 12:55:00, 1375.7, 1375.89, 1371.945, 1372.57, 1801, 0.0
2021-05-11 13:00:00, 1372.57, 1372.57, 1370.02, 1371.71, 998, 0.0
2021-05-11 13:05:00, 1376.91, 1377.91, 1375.52, 1375.52, 545, 0.0
2021-05-11 13:10:00, 1376.03, 1376.03, 1374.69, 1375.09, 445, 0.0
2021-05-11 13:15:00, 1375.96, 1380.61, 1375.96, 1380.37, 1984, 0.0
2021-05-11 13:20:00, 1381.05, 1381.82, 1380.76, 1381.43, 1708, 0.0
2021-05-11 13:25:00, 1382.56, 1386.28, 1382.31, 1386.28, 976, 0.0
2021-05-11 13:30:00, 1388.87, 1388.87, 1384.64, 1385.325, 1422, 0.0
2021-05-11 13:35:00, 1385.67, 1385.67, 1385.67, 1385.67, 133, 0.0
2021-05-11 13:40:00, 1381.63, 1381.67, 1381.63, 1381.67, 211, 0.0
2021-05-11 13:45:00, 1384.69, 1384.69, 1383.95, 1384.665, 609, 0.0
2021-05-11 13:50:00, 1384.665, 1384.665, 1381.18, 1383.5, 892, 0.0
2021-05-11 13:55:00, 1381.18, 1384.07, 1380.5, 1381.03, 767, 0.0
2021-05-11 14:00:00, 1382.58, 1384.49, 1382.58, 1383.57, 626, 0.0
2021-05-11 14:05:00, 1382.85, 1384.54, 1382.85, 1384.54, 712, 0.0
2021-05-11 14:15:00, 1380.04, 1387.94, 1380.04, 1387.94, 1033, 0.0
2021-05-11 14:20:00, 1386.08, 1386.08, 1383.42, 1383.95, 1126, 0.0
2021-05-11 14:25:00, 1385.46, 1387.585, 1385.46, 1385.885, 1621, 0.0
2021-05-11 14:30:00, 1386.59, 1386.59, 1383.785, 1384.09, 674, 0.0
2021-05-11 14:35:00, 1382.42, 1383.56, 1378.6, 1383.56, 769, 0.0
2021-05-11 14:40:00, 1381.47, 1383.7, 1381.47, 1383.09, 825, 0.0
2021-05-11 14:45:00, 1383.52, 1386.53, 1383.24, 1383.24, 2847, 0.0
2021-05-11 14:50:00, 1379.32, 1380.8, 1379.27, 1379.27, 952, 0.0
2021-05-11 14:55:00, 1379.19, 1381.73, 1379.19, 1380.595, 2704, 0.0
2021-05-12 08:30:00, 1345.04, 1356, 1345.04, 1355.85, 1852, 0.0
2021-05-12 08:35:00, 1354.12, 1355.34, 1352, 1352, 1780, 0.0
2021-05-12 08:40:00, 1346.2, 1346.25, 1346.2, 1346.25, 682, 0.0
2021-05-12 08:45:00, 1355.05, 1356.07, 1347.91, 1348.54, 1148, 0.0
2021-05-12 08:50:00, 1343.77, 1346.17, 1340, 1346.17, 717, 0.0
2021-05-12 08:55:00, 1338.6, 1338.61, 1334.79, 1334.79, 1312, 0.0
2021-05-12 09:00:00, 1326.72, 1333.07, 1326.72, 1330, 3170, 0.0
2021-05-12 09:05:00, 1329.38, 1331.11, 1327.98, 1329.28, 3477, 0.0
2021-05-12 09:10:00, 1321.52, 1326.5, 1321.47, 1326.5, 906, 0.0
2021-05-12 09:15:00, 1327.435, 1327.435, 1324.66, 1324.66, 516, 0.0
2021-05-12 09:20:00, 1325.87, 1325.87, 1323.79, 1323.79, 834, 0.0
2021-05-12 09:25:00, 1320.28, 1322.2, 1320.28, 1320.71, 1667, 0.0
2021-05-12 09:30:00, 1320.42, 1320.42, 1319.015, 1319.015, 378, 0.0
2021-05-12 09:35:00, 1315.5, 1321.69, 1314.54, 1321.69, 1110, 0.0
2021-05-12 09:40:00, 1320.04, 1320.04, 1315.47, 1316.01, 851, 0.0
2021-05-12 09:45:00, 1316.095, 1317.165, 1315.76, 1315.76, 793, 0.0
2021-05-12 09:50:00, 1312.89, 1312.89, 1307.54, 1307.54, 1904, 0.0
2021-05-12 09:55:00, 1308.79, 1308.79, 1308.6, 1308.6, 805, 0.0
2021-05-12 10:00:00, 1306.09, 1307.25, 1304, 1306.43, 2313, 0.0
2021-05-12 10:05:00, 1311.61, 1315.955, 1311.61, 1315.955, 724, 0.0
2021-05-12 10:10:00, 1323.015, 1323.02, 1323.015, 1323.02, 406, 0.0
2021-05-12 10:15:00, 1324.085, 1324.58, 1321.25, 1323.74, 509, 0.0
2021-05-12 10:20:00, 1320.625, 1320.625, 1316.44, 1318.47, 1601, 0.0
2021-05-12 10:25:00, 1316.48, 1316.48, 1312.64, 1314.325, 991, 0.0
2021-05-12 10:30:00, 1310, 1310, 1310, 1310, 138, 0.0
2021-05-12 10:35:00, 1307.98, 1308.03, 1307.98, 1308.03, 424, 0.0
2021-05-12 10:40:00, 1308.28, 1308.885, 1308, 1308.4, 900, 0.0
2021-05-12 10:45:00, 1307.28, 1307.28, 1307.07, 1307.07, 346, 0.0
2021-05-12 10:50:00, 1304.275, 1304.37, 1304.275, 1304.37, 711, 0.0
2021-05-12 10:55:00, 1303.17, 1303.17, 1303.17, 1303.17, 207, 0.0
2021-05-12 11:00:00, 1305.57, 1306.215, 1305.57, 1306.215, 642, 0.0
2021-05-12 11:05:00, 1304.61, 1306.155, 1303.785, 1305.68, 1224, 0.0
2021-05-12 11:10:00, 1305.22, 1306.04, 1304.15, 1306.04, 1285, 0.0
2021-05-12 11:20:00, 1308.99, 1308.99, 1308.99, 1308.99, 107, 0.0
2021-05-12 11:25:00, 1308.61, 1308.61, 1308.61, 1308.61, 103, 0.0
2021-05-12 11:30:00, 1307.575, 1311.13, 1307.575, 1309.43, 2031, 0.0
2021-05-12 11:35:00, 1310.81, 1310.81, 1307.68, 1307.68, 742, 0.0
2021-05-12 11:40:00, 1307.845, 1310.67, 1306.34, 1310.67, 1966, 0.0
2021-05-12 11:45:00, 1309.25, 1310.84, 1309.245, 1309.62, 1447, 0.0
2021-05-12 11:50:00, 1313.115, 1313.115, 1311.515, 1312.22, 1397, 0.0
2021-05-12 11:55:00, 1312.775, 1313.2, 1312.21, 1312.21, 921, 0.0
2021-05-12 12:00:00, 1314.46, 1322.41, 1314.46, 1322.41, 1471, 0.0
2021-05-12 12:05:00, 1323.12, 1323.65, 1318.81, 1319.48, 1853, 0.0
2021-05-12 12:10:00, 1317.43, 1320.82, 1317.42, 1319.5, 881, 0.0
2021-05-12 12:15:00, 1315.45, 1315.45, 1315.45, 1315.45, 105, 0.0
2021-05-12 12:25:00, 1312.77, 1315.12, 1312, 1315.12, 902, 0.0
2021-05-12 12:30:00, 1314.45, 1314.45, 1314.45, 1314.45, 100, 0.0
2021-05-12 12:35:00, 1315.15, 1315.15, 1315.15, 1315.15, 318, 0.0
2021-05-12 12:40:00, 1315.06, 1318.415, 1315.06, 1318.415, 366, 0.0
2021-05-12 12:45:00, 1318.32, 1318.32, 1317.62, 1317.62, 467, 0.0
2021-05-12 12:50:00, 1320, 1320, 1320, 1320, 354, 0.0
2021-05-12 12:55:00, 1319.85, 1320.67, 1319.85, 1320.67, 204, 0.0
2021-05-12 13:00:00, 1318.72, 1319.6, 1318.22, 1318.22, 507, 0.0
2021-05-12 13:05:00, 1317.49, 1317.49, 1317.11, 1317.11, 273, 0.0
2021-05-12 13:10:00, 1317.195, 1317.195, 1315.59, 1315.59, 2753, 0.0
2021-05-12 13:15:00, 1314.71, 1315.41, 1313.5, 1313.5, 981, 0.0
2021-05-12 13:20:00, 1316.06, 1316.63, 1316.06, 1316.63, 368, 0.0
2021-05-12 13:25:00, 1314.3, 1314.99, 1311.79, 1314.99, 1028, 0.0
2021-05-12 13:30:00, 1315.62, 1315.62, 1314.355, 1314.355, 240, 0.0
2021-05-12 13:35:00, 1314.18, 1316.25, 1314.18, 1316.25, 514, 0.0
2021-05-12 13:45:00, 1315.805, 1316.45, 1315.805, 1316.45, 210, 0.0
2021-05-12 13:50:00, 1316.865, 1318.28, 1316.865, 1318.28, 1693, 0.0
2021-05-12 13:55:00, 1309.2, 1309.2, 1308.845, 1308.845, 235, 0.0
2021-05-12 14:00:00, 1305.23, 1305.23, 1305.23, 1305.23, 104, 0.0
2021-05-12 14:05:00, 1305.79, 1306.98, 1305.79, 1306.98, 207, 0.0
2021-05-12 14:10:00, 1305.2, 1307.5, 1304.31, 1304.31, 759, 0.0
2021-05-12 14:15:00, 1304.5, 1304.5, 1304.5, 1304.5, 130, 0.0
2021-05-12 14:20:00, 1305.95, 1305.95, 1305.95, 1305.95, 361, 0.0
2021-05-12 14:25:00, 1305.14, 1307.62, 1305.14, 1307.2, 403, 0.0
2021-05-12 14:30:00, 1307.5, 1309.36, 1307.5, 1309.36, 910, 0.0
2021-05-12 14:35:00, 1305.47, 1306.99, 1305.47, 1306.99, 468, 0.0
2021-05-12 14:40:00, 1305.14, 1307.585, 1305.14, 1307.585, 742, 0.0
2021-05-12 14:45:00, 1307.76, 1307.76, 1305.46, 1306.43, 1273, 0.0
2021-05-12 14:50:00, 1306.29, 1306.29, 1301.05, 1301.05, 1039, 0.0
2021-05-12 14:55:00, 1300.52, 1304.96, 1300.52, 1303.27, 3581, 0.0
2021-05-13 07:05:00, 1308, 1308, 1308, 1308, 403, 0.0
2021-05-13 08:30:00, 1308.77, 1311.95, 1295.32, 1304.32, 2805, 0.0
2021-05-13 08:35:00, 1310.92, 1312.39, 1306, 1306, 1667, 0.0
2021-05-13 08:40:00, 1309.4, 1309.4, 1303.74, 1305.05, 595, 0.0
2021-05-13 08:45:00, 1303.35, 1303.35, 1295.62, 1296.88, 1190, 0.0
2021-05-13 08:50:00, 1298.89, 1309.65, 1298.89, 1308.94, 559, 0.0
2021-05-13 08:55:00, 1310.55, 1310.55, 1307.02, 1307.02, 781, 0.0
2021-05-13 09:00:00, 1307.02, 1313.99, 1307.02, 1313.99, 2233, 0.0
2021-05-13 09:05:00, 1309.015, 1309.015, 1308.405, 1308.42, 2102, 0.0
2021-05-13 09:10:00, 1308.795, 1312.365, 1308.795, 1312.365, 834, 0.0
2021-05-13 09:15:00, 1313.1, 1313.1, 1311.525, 1311.525, 374, 0.0
2021-05-13 09:20:00, 1310.675, 1310.675, 1310.675, 1310.675, 200, 0.0
2021-05-13 09:30:00, 1307.24, 1307.24, 1307.24, 1307.24, 274, 0.0
2021-05-13 09:35:00, 1303.065, 1303.065, 1303.065, 1303.065, 314, 0.0
2021-05-13 09:40:00, 1301.62, 1301.62, 1301.62, 1301.62, 119, 0.0
2021-05-13 09:45:00, 1297.32, 1298.87, 1297.32, 1298.66, 526, 0.0
2021-05-13 09:50:00, 1298.5, 1298.5, 1298.1, 1298.1, 431, 0.0
2021-05-13 09:55:00, 1300.585, 1300.585, 1300.585, 1300.585, 105, 0.0
2021-05-13 10:00:00, 1296.01, 1296.01, 1293.26, 1293.26, 785, 0.0
2021-05-13 10:05:00, 1293.88, 1293.88, 1291.52, 1291.52, 226, 0.0
2021-05-13 10:10:00, 1289.2, 1289.2, 1288.28, 1288.28, 349, 0.0
2021-05-13 10:15:00, 1289.29, 1289.29, 1289.29, 1289.29, 164, 0.0
2021-05-13 10:25:00, 1291.38, 1291.38, 1287.37, 1287.85, 1006, 0.0
2021-05-13 10:30:00, 1287.3, 1287.775, 1287.3, 1287.775, 353, 0.0
2021-05-13 10:45:00, 1281.34, 1281.34, 1281.34, 1281.34, 285, 0.0
2021-05-13 10:50:00, 1285.51, 1285.51, 1285.36, 1285.36, 346, 0.0
2021-05-13 10:55:00, 1285.64, 1285.64, 1285.64, 1285.64, 200, 0.0
2021-05-13 11:00:00, 1287.65, 1291.165, 1284.57, 1284.57, 1713, 0.0
2021-05-13 11:10:00, 1286.595, 1288.355, 1286.5, 1288.355, 500, 0.0
2021-05-13 11:15:00, 1290.21, 1291.25, 1290.21, 1291.25, 722, 0.0
2021-05-13 11:20:00, 1291.515, 1291.515, 1286.62, 1286.62, 9281, 0.0
2021-05-13 11:25:00, 1288.18, 1291.41, 1286.87, 1290.88, 2676, 0.0
2021-05-13 11:30:00, 1291.6, 1294.37, 1291.6, 1294.37, 201, 0.0
2021-05-13 11:35:00, 1294.18, 1294.19, 1294.18, 1294.19, 249, 0.0
2021-05-13 11:40:00, 1287.84, 1287.84, 1287.56, 1287.685, 391, 0.0
2021-05-13 11:45:00, 1287.01, 1287.01, 1286, 1286.21, 307, 0.0
2021-05-13 11:50:00, 1285.765, 1286.01, 1284.75, 1285.43, 881, 0.0
2021-05-13 11:55:00, 1283.785, 1283.785, 1279.96, 1279.96, 1920, 0.0
2021-05-13 12:00:00, 1280, 1281.745, 1279.505, 1280.16, 2918, 0.0
2021-05-13 12:05:00, 1280, 1280, 1280, 1280, 105, 0.0
2021-05-13 12:10:00, 1280.64, 1280.64, 1280.64, 1280.64, 266, 0.0
2021-05-13 12:15:00, 1280.4, 1280.4, 1276.22, 1276.25, 546, 0.0
2021-05-13 12:20:00, 1276.27, 1276.27, 1273.14, 1273.155, 2030, 0.0
2021-05-13 12:25:00, 1272.38, 1272.38, 1267.5, 1267.77, 2010, 0.0
2021-05-13 12:30:00, 1269.09, 1269.09, 1266.5, 1266.81, 636, 0.0
2021-05-13 12:35:00, 1266.63, 1266.63, 1266.63, 1266.63, 175, 0.0
2021-05-13 12:40:00, 1267.22, 1267.25, 1265.03, 1265.03, 999, 0.0
2021-05-13 12:45:00, 1263.25, 1263.28, 1262.68, 1262.68, 932, 0.0
2021-05-13 12:50:00, 1265.9, 1266.04, 1265.39, 1266.04, 503, 0.0
2021-05-13 12:55:00, 1270.82, 1270.82, 1270.82, 1270.82, 142, 0.0
2021-05-13 13:00:00, 1272.98, 1272.98, 1272.98, 1272.98, 209, 0.0
2021-05-13 13:05:00, 1282.085, 1282.085, 1282.085, 1282.085, 191, 0.0
2021-05-13 13:10:00, 1292.37, 1295, 1288.08, 1288.74, 3424, 0.0
2021-05-13 13:15:00, 1287.895, 1287.995, 1287.895, 1287.995, 368, 0.0
2021-05-13 13:20:00, 1291.4, 1291.4, 1291.4, 1291.4, 112, 0.0
2021-05-13 13:25:00, 1283.67, 1286.72, 1281.19, 1286.72, 1013, 0.0
2021-05-13 13:30:00, 1284.365, 1284.365, 1284.365, 1284.365, 300, 0.0
2021-05-13 13:35:00, 1290.2, 1294.64, 1290.2, 1294.64, 305, 0.0
2021-05-13 13:40:00, 1291.34, 1296.38, 1291.34, 1296.38, 442, 0.0
2021-05-13 13:45:00, 1298.01, 1298.01, 1298.01, 1298.01, 121, 0.0
2021-05-13 13:50:00, 1296.79, 1296.79, 1296.79, 1296.79, 103, 0.0
2021-05-13 13:55:00, 1290.18, 1290.18, 1290.18, 1290.18, 100, 0.0
2021-05-13 14:05:00, 1291.16, 1291.16, 1291.16, 1291.16, 392, 0.0
2021-05-13 14:15:00, 1288.715, 1289.16, 1287.345, 1289.16, 786, 0.0
2021-05-13 14:20:00, 1284.99, 1285.455, 1283.24, 1284.94, 1590, 0.0
2021-05-13 14:25:00, 1285.63, 1285.63, 1285.63, 1285.63, 102, 0.0
2021-05-13 14:35:00, 1293.65, 1295.345, 1293.65, 1294, 633, 0.0
2021-05-13 14:40:00, 1298.56, 1299.41, 1298.56, 1299.41, 506, 0.0
2021-05-13 14:45:00, 1302.745, 1302.745, 1300.19, 1300.19, 847, 0.0
2021-05-13 14:50:00, 1301.39, 1301.72, 1299.16, 1300.33, 1453, 0.0
2021-05-13 14:55:00, 1295.6, 1296.26, 1295.6, 1296.13, 562, 0.0
2021-05-14 08:30:00, 1309.25, 1309.3, 1309.25, 1309.25, 501, 0.0
2021-05-14 08:35:00, 1317.62, 1317.62, 1314.7, 1314.7, 428, 0.0
2021-05-14 08:40:00, 1310.91, 1310.91, 1309.165, 1309.165, 213, 0.0
2021-05-14 08:45:00, 1310.1, 1310.225, 1310.1, 1310.225, 216, 0.0
2021-05-14 08:50:00, 1312.58, 1320.865, 1312.58, 1319.15, 721, 0.0
2021-05-14 08:55:00, 1320.69, 1325.86, 1320.69, 1324.195, 1929, 0.0
2021-05-14 09:00:00, 1327.91, 1329.995, 1325.325, 1329.985, 4418, 0.0
2021-05-14 09:05:00, 1326.23, 1327.85, 1324.55, 1326.455, 1179, 0.0
2021-05-14 09:10:00, 1330.295, 1331.7, 1330.295, 1330.33, 551, 0.0
2021-05-14 09:15:00, 1329.635, 1329.65, 1329, 1329.65, 607, 0.0
2021-05-14 09:20:00, 1331.49, 1331.49, 1325.53, 1325.53, 595, 0.0
2021-05-14 09:25:00, 1327.27, 1328.7, 1327.27, 1328.7, 3753, 0.0
2021-05-14 09:30:00, 1326.85, 1328.245, 1326.85, 1328.245, 514, 0.0
2021-05-14 09:35:00, 1328.71, 1328.71, 1327.92, 1327.92, 1147, 0.0
2021-05-14 09:45:00, 1324.82, 1324.82, 1324.82, 1324.82, 613, 0.0
2021-05-14 10:00:00, 1323.54, 1323.6, 1323.54, 1323.6, 500, 0.0
2021-05-14 10:05:00, 1323.43, 1323.43, 1319.38, 1319.38, 2280, 0.0
2021-05-14 10:10:00, 1322.3, 1322.3, 1322.3, 1322.3, 120, 0.0
2021-05-14 10:20:00, 1326.785, 1326.785, 1326.785, 1326.785, 470, 0.0
2021-05-14 10:30:00, 1322, 1322, 1322, 1322, 204, 0.0
2021-05-14 10:35:00, 1325.55, 1325.94, 1323.45, 1323.45, 847, 0.0
2021-05-14 10:40:00, 1322.53, 1322.53, 1318.41, 1318.41, 559, 0.0
2021-05-14 10:45:00, 1321.15, 1321.15, 1319.85, 1319.85, 1061, 0.0
2021-05-14 10:50:00, 1320.4, 1320.4, 1317.05, 1317.05, 1078, 0.0
2021-05-14 10:55:00, 1317.15, 1317.445, 1313.64, 1314.15, 2657, 0.0
2021-05-14 11:00:00, 1317.17, 1317.42, 1314.715, 1315.52, 2653, 0.0
2021-05-14 11:05:00, 1316.7, 1316.91, 1316.6, 1316.6, 1111, 0.0
2021-05-14 11:10:00, 1317.55, 1317.55, 1317.55, 1317.55, 563, 0.0
2021-05-14 11:15:00, 1316.08, 1316.08, 1312.75, 1314, 1106, 0.0
2021-05-14 11:20:00, 1315.52, 1315.52, 1311.045, 1312.35, 2293, 0.0
2021-05-14 11:25:00, 1312.755, 1314.93, 1309.85, 1309.85, 1849, 0.0
2021-05-14 11:30:00, 1311.41, 1311.41, 1308.2, 1309.51, 4635, 0.0
2021-05-14 11:35:00, 1306.53, 1307.66, 1306.53, 1307.66, 550, 0.0
2021-05-14 11:45:00, 1307.42, 1307.42, 1307.42, 1307.42, 100, 0.0
2021-05-14 11:50:00, 1306.25, 1306.25, 1305.28, 1305.28, 868, 0.0
2021-05-14 12:00:00, 1308.7, 1312.06, 1308.7, 1309.05, 1283, 0.0
2021-05-14 12:05:00, 1309.01, 1309.01, 1309.01, 1309.01, 160, 0.0
2021-05-14 12:10:00, 1311.56, 1311.56, 1311.56, 1311.56, 100, 0.0
2021-05-14 12:15:00, 1317.59, 1317.63, 1317.59, 1317.63, 343, 0.0
2021-05-14 12:20:00, 1321.29, 1321.29, 1320.94, 1320.94, 274, 0.0
2021-05-14 12:25:00, 1321.4, 1321.4, 1321.4, 1321.4, 100, 0.0
2021-05-14 12:35:00, 1318.21, 1318.21, 1318.21, 1318.21, 100, 0.0
2021-05-14 12:45:00, 1312.69, 1312.69, 1307.225, 1308.485, 2619, 0.0
2021-05-14 12:50:00, 1309.25, 1310.37, 1309.225, 1310.37, 607, 0.0
2021-05-14 13:00:00, 1312.97, 1312.97, 1312.97, 1312.97, 153, 0.0
2021-05-14 13:20:00, 1313.85, 1313.85, 1313.805, 1313.805, 203, 0.0
2021-05-14 13:35:00, 1318.2, 1318.2, 1317.47, 1317.47, 333, 0.0
2021-05-14 13:45:00, 1322.05, 1322.05, 1322.05, 1322.05, 154, 0.0
2021-05-14 13:55:00, 1321.65, 1321.65, 1321.46, 1321.46, 275, 0.0
2021-05-14 14:00:00, 1317.14, 1317.14, 1317.14, 1317.14, 100, 0.0
2021-05-14 14:05:00, 1317.1, 1317.1, 1317.1, 1317.1, 100, 0.0
2021-05-14 14:10:00, 1316.53, 1316.53, 1316.53, 1316.53, 118, 0.0
2021-05-14 14:20:00, 1316.67, 1317.43, 1316.45, 1317.195, 1333, 0.0
2021-05-14 14:25:00, 1316.05, 1316.05, 1316.05, 1316.05, 128, 0.0
2021-05-14 14:30:00, 1314.1, 1316.02, 1314.1, 1316.02, 414, 0.0
2021-05-14 14:35:00, 1316.47, 1319.93, 1316.47, 1319.93, 324, 0.0
2021-05-14 14:40:00, 1321.12, 1321.12, 1321.12, 1321.12, 169, 0.0
2021-05-14 14:45:00, 1321.32, 1324.5, 1321.32, 1324.5, 1531, 0.0
2021-05-14 14:50:00, 1324.95, 1326.005, 1323.74, 1326.005, 768, 0.0
2021-05-14 14:55:00, 1326.26, 1326.26, 1323.865, 1323.865, 1480, 0.0
2021-05-17 08:30:00, 1307.18, 1307.18, 1306.37, 1306.37, 295, 0.0
2021-05-17 08:35:00, 1315.495, 1315.495, 1315.495, 1315.495, 120, 0.0
2021-05-17 08:40:00, 1323.73, 1325.68, 1323.73, 1325.48, 540, 0.0
2021-05-17 08:45:00, 1325.24, 1333.98, 1325.24, 1333.98, 502, 0.0
2021-05-17 08:50:00, 1331, 1331, 1328.36, 1328.36, 309, 0.0
2021-05-17 08:55:00, 1327.995, 1327.995, 1322.82, 1322.82, 1033, 0.0
2021-05-17 09:00:00, 1325.84, 1325.84, 1317.27, 1317.27, 1586, 0.0
2021-05-17 09:05:00, 1322.04, 1327.99, 1322.04, 1327.99, 401, 0.0
2021-05-17 09:15:00, 1331.93, 1336.69, 1331.93, 1336.69, 592, 0.0
2021-05-17 09:20:00, 1340.09, 1340.09, 1340.09, 1340.09, 201, 0.0
2021-05-17 09:25:00, 1341.785, 1341.785, 1341.2, 1341.2, 291, 0.0
2021-05-17 09:30:00, 1334.9, 1334.9, 1334.9, 1334.9, 100, 0.0
2021-05-17 09:35:00, 1338.505, 1342.21, 1338.505, 1339.38, 3373, 0.0
2021-05-17 09:40:00, 1340.4, 1340.4, 1339.58, 1340.07, 311, 0.0
2021-05-17 09:45:00, 1339.28, 1339.28, 1339.21, 1339.21, 333, 0.0
2021-05-17 10:05:00, 1335.8, 1335.8, 1335.08, 1335.08, 668, 0.0
2021-05-17 10:10:00, 1325.12, 1329.56, 1325.12, 1329.41, 633, 0.0
2021-05-17 10:20:00, 1331.88, 1331.88, 1331.88, 1331.88, 105, 0.0
2021-05-17 10:25:00, 1334.16, 1336.51, 1334.16, 1336.51, 321, 0.0
2021-05-17 10:30:00, 1335.06, 1337.06, 1335, 1337.06, 527, 0.0
2021-05-17 10:35:00, 1337.5, 1337.5, 1337.31, 1337.31, 266, 0.0
2021-05-17 10:40:00, 1338.62, 1338.65, 1338.62, 1338.65, 221, 0.0
2021-05-17 10:50:00, 1332.81, 1332.81, 1332.09, 1332.09, 333, 0.0
2021-05-17 11:00:00, 1332.54, 1332.54, 1332.54, 1332.54, 101, 0.0
2021-05-17 11:10:00, 1328.89, 1328.89, 1328.88, 1328.88, 224, 0.0
2021-05-17 11:25:00, 1329.63, 1329.63, 1329.63, 1329.63, 100, 0.0
2021-05-17 11:45:00, 1331.59, 1331.59, 1330.84, 1330.84, 361, 0.0
2021-05-17 11:55:00, 1331.285, 1331.285, 1328.93, 1328.93, 600, 0.0
2021-05-17 12:05:00, 1329.2, 1329.2, 1329.2, 1329.2, 125, 0.0
2021-05-17 12:10:00, 1329.19, 1329.19, 1327.67, 1327.67, 295, 0.0
2021-05-17 12:25:00, 1327.55, 1327.55, 1327.55, 1327.55, 102, 0.0
2021-05-17 12:30:00, 1326.93, 1326.93, 1326.93, 1326.93, 100, 0.0
2021-05-17 12:35:00, 1328.07, 1328.67, 1328.07, 1328.67, 205, 0.0
2021-05-17 12:45:00, 1324.48, 1324.48, 1324.48, 1324.48, 240, 0.0
2021-05-17 12:50:00, 1326.46, 1326.46, 1325.83, 1326.45, 351, 0.0
2021-05-17 13:00:00, 1326.72, 1326.72, 1326.72, 1326.72, 174, 0.0
2021-05-17 13:15:00, 1327.34, 1327.34, 1327.34, 1327.34, 100, 0.0
2021-05-17 13:20:00, 1329.04, 1329.04, 1329.04, 1329.04, 103, 0.0
2021-05-17 13:30:00, 1331.54, 1331.54, 1330.93, 1330.99, 433, 0.0
2021-05-17 13:45:00, 1329.76, 1329.76, 1329.76, 1329.76, 201, 0.0
2021-05-17 13:50:00, 1333.47, 1333.47, 1333.005, 1333.005, 410, 0.0
2021-05-17 13:55:00, 1332.46, 1332.46, 1332.46, 1332.46, 4401, 0.0
2021-05-17 14:00:00, 1333.125, 1333.125, 1333.125, 1333.125, 101, 0.0
2021-05-17 14:15:00, 1333.44, 1333.44, 1333.1, 1333.1, 276, 0.0
2021-05-17 14:20:00, 1332.945, 1332.95, 1332.31, 1332.38, 1436, 0.0
2021-05-17 14:25:00, 1331.925, 1331.925, 1331.925, 1331.925, 153, 0.0
2021-05-17 14:30:00, 1333.24, 1334.38, 1333.24, 1334.38, 468, 0.0
2021-05-17 14:35:00, 1335.29, 1335.29, 1335.12, 1335.12, 310, 0.0
2021-05-17 14:40:00, 1335.87, 1335.87, 1335.87, 1335.87, 100, 0.0
2021-05-17 14:45:00, 1336.86, 1336.86, 1336.86, 1336.86, 306, 0.0
2021-05-17 14:50:00, 1337.53, 1337.61, 1336.37, 1336.37, 699, 0.0
2021-05-17 14:55:00, 1337.22, 1338.71, 1337.22, 1338.23, 1635, 0.0
2021-05-18 08:30:00, 1338, 1341.11, 1338, 1341.11, 512, 0.0
2021-05-18 08:35:00, 1342.57, 1342.57, 1342.57, 1342.57, 143, 0.0
2021-05-18 08:40:00, 1351.09, 1351.09, 1351.09, 1351.09, 136, 0.0
2021-05-18 08:50:00, 1342.96, 1344.5, 1342.9, 1342.9, 1355, 0.0
2021-05-18 08:55:00, 1355.23, 1355.23, 1355.08, 1355.08, 443, 0.0
2021-05-18 09:10:00, 1351.36, 1351.36, 1351.36, 1351.36, 112, 0.0
2021-05-18 09:15:00, 1356.86, 1357.435, 1354.66, 1354.98, 487, 0.0
2021-05-18 09:20:00, 1357.62, 1357.62, 1354.65, 1354.89, 4163, 0.0
2021-05-18 09:25:00, 1356.035, 1359.845, 1356.035, 1359.845, 1210, 0.0
2021-05-18 09:30:00, 1359.855, 1361.78, 1359.72, 1360.955, 2267, 0.0
2021-05-18 09:35:00, 1361.54, 1366.09, 1361.54, 1362.365, 1671, 0.0
2021-05-18 09:40:00, 1362.46, 1364.655, 1360.88, 1360.88, 627, 0.0
2021-05-18 09:45:00, 1363.04, 1364.81, 1360.55, 1364.76, 1100, 0.0
2021-05-18 09:50:00, 1366.5, 1367.16, 1364.01, 1364.65, 2327, 0.0
2021-05-18 09:55:00, 1365.48, 1368.61, 1365.48, 1366.675, 1757, 0.0
2021-05-18 10:00:00, 1365.445, 1365.445, 1365.16, 1365.16, 2759, 0.0
2021-05-18 10:05:00, 1365.41, 1365.41, 1364.16, 1364.16, 700, 0.0
2021-05-18 10:10:00, 1365.21, 1365.93, 1364.98, 1365.93, 406, 0.0
2021-05-18 10:15:00, 1367.14, 1367.14, 1367.14, 1367.14, 144, 0.0
2021-05-18 10:25:00, 1369.145, 1369.15, 1369.02, 1369.11, 601, 0.0
2021-05-18 10:30:00, 1361.515, 1361.515, 1361.515, 1361.515, 333, 0.0
2021-05-18 10:45:00, 1359.36, 1359.36, 1358.31, 1358.31, 468, 0.0
2021-05-18 10:50:00, 1361.66, 1361.66, 1361.57, 1361.57, 434, 0.0
2021-05-18 10:55:00, 1359.65, 1359.65, 1359.65, 1359.65, 103, 0.0
2021-05-18 11:00:00, 1360.71, 1360.71, 1359.8, 1359.8, 700, 0.0
2021-05-18 11:10:00, 1363.195, 1363.65, 1363.195, 1363.65, 1100, 0.0
2021-05-18 11:15:00, 1363.65, 1363.65, 1363.65, 1363.65, 1300, 0.0
2021-05-18 11:25:00, 1363.585, 1363.585, 1363.585, 1363.585, 502, 0.0
2021-05-18 11:30:00, 1362.18, 1362.18, 1361.68, 1361.68, 600, 0.0
2021-05-18 11:55:00, 1360.805, 1360.805, 1360.805, 1360.805, 608, 0.0
2021-05-18 12:10:00, 1360.475, 1360.475, 1360.455, 1360.455, 301, 0.0
2021-05-18 12:15:00, 1357.17, 1357.17, 1357.17, 1357.17, 339, 0.0
2021-05-18 12:25:00, 1359.85, 1364.9, 1359.85, 1364.89, 899, 0.0
2021-05-18 12:30:00, 1365.38, 1365.84, 1365.38, 1365.84, 300, 0.0
2021-05-18 12:35:00, 1364.91, 1364.91, 1361.985, 1361.985, 300, 0.0
2021-05-18 12:40:00, 1361.875, 1361.875, 1361.41, 1361.41, 436, 0.0
2021-05-18 12:45:00, 1362.635, 1364.325, 1362.635, 1364.32, 400, 0.0
2021-05-18 12:50:00, 1360, 1360, 1360, 1360, 100, 0.0
2021-05-18 12:55:00, 1359.93, 1359.93, 1359.93, 1359.93, 193, 0.0
2021-05-18 13:00:00, 1360.09, 1361.84, 1360.09, 1360.5, 521, 0.0
2021-05-18 13:10:00, 1360.375, 1361.845, 1358.8, 1358.8, 885, 0.0
2021-05-18 13:15:00, 1360.16, 1360.16, 1360.02, 1360.11, 1686, 0.0
2021-05-18 13:20:00, 1358.69, 1358.775, 1358.54, 1358.775, 632, 0.0
2021-05-18 13:25:00, 1357.81, 1358.01, 1357.81, 1358.01, 379, 0.0
2021-05-18 13:30:00, 1360.105, 1360.105, 1357.05, 1357.05, 1435, 0.0
2021-05-18 13:35:00, 1354.065, 1354.065, 1352.1, 1352.1, 479, 0.0
2021-05-18 13:40:00, 1353.13, 1353.13, 1353.13, 1353.13, 484, 0.0
2021-05-18 13:45:00, 1350.335, 1350.78, 1350.335, 1350.78, 200, 0.0
2021-05-18 13:55:00, 1353.6, 1357.69, 1352.55, 1357.69, 1314, 0.0
2021-05-18 14:00:00, 1359.94, 1359.94, 1359.94, 1359.94, 123, 0.0
2021-05-18 14:05:00, 1357.25, 1357.25, 1357.25, 1357.25, 100, 0.0
2021-05-18 14:15:00, 1357.11, 1357.11, 1355.1, 1355.1, 201, 0.0
2021-05-18 14:25:00, 1357.67, 1360.865, 1357.67, 1360.645, 5008, 0.0
2021-05-18 14:30:00, 1360.18, 1362, 1360.18, 1361.11, 1236, 0.0
2021-05-18 14:35:00, 1360.195, 1360.195, 1355.3, 1355.3, 989, 0.0
2021-05-18 14:40:00, 1355.49, 1356.12, 1355.49, 1356.12, 551, 0.0
2021-05-18 14:45:00, 1356.08, 1356.12, 1348.935, 1348.935, 1967, 0.0
2021-05-18 14:50:00, 1350.11, 1351.55, 1348.245, 1348.245, 2282, 0.0
2021-05-18 14:55:00, 1347.81, 1349.14, 1347.25, 1348.445, 2271, 0.0
2021-05-19 08:30:00, 1304.73, 1306.91, 1300.17, 1303.94, 1114, 0.0
2021-05-19 08:35:00, 1316.2, 1316.2, 1305.01, 1307.01, 300, 0.0
2021-05-19 08:40:00, 1303.6, 1303.78, 1297.97, 1297.97, 1302, 0.0
2021-05-19 08:45:00, 1320, 1320, 1317.195, 1319.005, 2587, 0.0
2021-05-19 08:50:00, 1323.505, 1324.97, 1320.07, 1321.62, 1476, 0.0
2021-05-19 08:55:00, 1311.1, 1313.5, 1311.1, 1312.775, 819, 0.0
2021-05-19 09:00:00, 1312.005, 1312.005, 1310.75, 1310.75, 365, 0.0
2021-05-19 09:05:00, 1304.86, 1310, 1304.86, 1310, 312, 0.0
2021-05-19 09:10:00, 1309.65, 1316.895, 1309.65, 1316.895, 1218, 0.0
2021-05-19 09:15:00, 1314.375, 1318.97, 1314.375, 1318.94, 612, 0.0
2021-05-19 09:20:00, 1319, 1322.405, 1317.22, 1322.3, 1230, 0.0
2021-05-19 09:35:00, 1318.365, 1318.365, 1318.365, 1318.365, 207, 0.0
2021-05-19 09:45:00, 1331.53, 1331.53, 1331.53, 1331.53, 133, 0.0
2021-05-19 09:50:00, 1332.025, 1332.025, 1332.025, 1332.025, 271, 0.0
2021-05-19 09:55:00, 1331.95, 1331.95, 1331.95, 1331.95, 201, 0.0
2021-05-19 10:05:00, 1325.66, 1325.66, 1325.66, 1325.66, 139, 0.0
2021-05-19 10:15:00, 1327.76, 1327.86, 1327.76, 1327.86, 200, 0.0
2021-05-19 10:20:00, 1325.405, 1329.615, 1325.405, 1329.615, 305, 0.0
2021-05-19 10:25:00, 1326.71, 1326.71, 1326.71, 1326.71, 202, 0.0
2021-05-19 10:30:00, 1323.89, 1325.57, 1320.905, 1325.57, 967, 0.0
2021-05-19 10:35:00, 1325.5, 1325.75, 1320.8, 1323.32, 4230, 0.0
2021-05-19 10:40:00, 1321.77, 1323.41, 1319.47, 1319.955, 10237, 0.0
2021-05-19 10:45:00, 1318.365, 1318.365, 1311.915, 1311.915, 11131, 0.0
2021-05-19 10:50:00, 1312.02, 1312.45, 1303.75, 1303.75, 12261, 0.0
2021-05-19 10:55:00, 1304.16, 1304.16, 1303.455, 1303.455, 2510, 0.0
2021-05-19 11:05:00, 1316, 1318.65, 1316, 1318, 484, 0.0
2021-05-19 11:15:00, 1322.71, 1325.7, 1322.7, 1322.7, 994, 0.0
2021-05-19 11:20:00, 1322.635, 1322.7, 1318, 1318, 2543, 0.0
2021-05-19 11:25:00, 1318.125, 1318.125, 1316.6, 1318, 1102, 0.0
2021-05-19 11:35:00, 1318.72, 1318.72, 1318.72, 1318.72, 200, 0.0
2021-05-19 11:40:00, 1316.31, 1318.06, 1316.31, 1318.06, 404, 0.0
2021-05-19 11:50:00, 1313.72, 1313.72, 1313.72, 1313.72, 300, 0.0
2021-05-19 11:55:00, 1316.86, 1316.86, 1316.06, 1316.06, 200, 0.0
2021-05-19 12:00:00, 1318.045, 1318.045, 1318.01, 1318.01, 788, 0.0
2021-05-19 12:05:00, 1319.15, 1319.15, 1318.69, 1318.69, 700, 0.0
2021-05-19 12:10:00, 1321.5, 1323.4, 1321.5, 1321.585, 1387, 0.0
2021-05-19 12:15:00, 1322.44, 1322.44, 1320.45, 1320.64, 1792, 0.0
2021-05-19 12:20:00, 1321.28, 1322.35, 1320.18, 1321, 1969, 0.0
2021-05-19 12:25:00, 1322.22, 1322.22, 1321.08, 1321.095, 1897, 0.0
2021-05-19 12:35:00, 1318.37, 1318.42, 1318.37, 1318.42, 236, 0.0
2021-05-19 12:40:00, 1321.07, 1321.07, 1321.07, 1321.07, 205, 0.0
2021-05-19 12:45:00, 1321.07, 1322.37, 1321, 1321.31, 1545, 0.0
2021-05-19 12:50:00, 1321.02, 1321.96, 1321, 1321, 2261, 0.0
2021-05-19 12:55:00, 1321.215, 1321.215, 1320.52, 1320.52, 564, 0.0
2021-05-19 13:00:00, 1322.165, 1322.835, 1317.91, 1317.95, 1000, 0.0
2021-05-19 13:05:00, 1316.06, 1316.06, 1313.32, 1313.32, 731, 0.0
2021-05-19 13:10:00, 1311.41, 1311.435, 1311.41, 1311.435, 613, 0.0
2021-05-19 13:15:00, 1310.84, 1310.84, 1310.84, 1310.84, 101, 0.0
2021-05-19 13:20:00, 1324.88, 1327.96, 1324, 1324, 3216, 0.0
2021-05-19 13:25:00, 1323.98, 1324.88, 1321.39, 1321.71, 6895, 0.0
2021-05-19 13:30:00, 1321.78, 1323.15, 1318.47, 1318.47, 6450, 0.0
2021-05-19 13:35:00, 1321.025, 1321.3, 1317.89, 1317.89, 1625, 0.0
2021-05-19 13:40:00, 1316.49, 1317.22, 1313.68, 1313.82, 696, 0.0
2021-05-19 13:50:00, 1317.775, 1317.775, 1316.01, 1316.01, 200, 0.0
2021-05-19 13:55:00, 1315.52, 1318.29, 1315.415, 1318.29, 1089, 0.0
2021-05-19 14:00:00, 1315.23, 1315.23, 1312.62, 1312.62, 835, 0.0
2021-05-19 14:05:00, 1312, 1313.01, 1311, 1311, 3535, 0.0
2021-05-19 14:15:00, 1311, 1312, 1311, 1311, 2593, 0.0
2021-05-19 14:20:00, 1311.155, 1314.665, 1310.84, 1314.665, 6949, 0.0
2021-05-19 14:25:00, 1313.265, 1315.61, 1311.3, 1315.61, 4174, 0.0
2021-05-19 14:30:00, 1316.66, 1316.805, 1316.66, 1316.805, 228, 0.0
2021-05-19 14:35:00, 1317.46, 1318.165, 1317.46, 1318.165, 238, 0.0
2021-05-19 14:40:00, 1317.07, 1317.07, 1317.07, 1317.07, 274, 0.0
2021-05-19 14:45:00, 1318.74, 1318.74, 1316.52, 1317, 1026, 0.0
2021-05-19 14:50:00, 1317.785, 1321.825, 1316.28, 1317.32, 4292, 0.0
2021-05-19 14:55:00, 1318.15, 1319.15, 1316.64, 1318.675, 11279, 0.0
2021-05-20 08:30:00, 1337.13, 1342.96, 1337.13, 1341.2, 1278, 0.0
2021-05-20 08:35:00, 1338.91, 1338.91, 1335.9, 1337.09, 1601, 0.0
2021-05-20 08:40:00, 1342.865, 1351.16, 1342, 1348.12, 799, 0.0
2021-05-20 08:45:00, 1350.915, 1359.49, 1350.915, 1359, 1035, 0.0
2021-05-20 08:50:00, 1355.15, 1355.68, 1350.74, 1350.74, 350, 0.0
2021-05-20 08:55:00, 1349.47, 1352.34, 1349.47, 1352.18, 633, 0.0
2021-05-20 09:00:00, 1356.97, 1356.97, 1353.11, 1356.52, 1517, 0.0
2021-05-20 09:05:00, 1357.26, 1357.77, 1355.65, 1355.65, 1441, 0.0
2021-05-20 09:10:00, 1355.5, 1355.5, 1355.5, 1355.5, 100, 0.0
2021-05-20 09:15:00, 1356.04, 1357.375, 1356.04, 1357.375, 233, 0.0
2021-05-20 09:20:00, 1358.5, 1358.5, 1357.39, 1358.49, 400, 0.0
2021-05-20 09:25:00, 1362.06, 1362.06, 1360.41, 1360.41, 746, 0.0
2021-05-20 09:35:00, 1358.785, 1360.31, 1358.785, 1358.925, 1012, 0.0
2021-05-20 09:40:00, 1359.2, 1359.2, 1359.2, 1359.2, 138, 0.0
2021-05-20 09:50:00, 1354.03, 1356.81, 1354.02, 1356.81, 300, 0.0
2021-05-20 10:00:00, 1356.43, 1356.43, 1355.51, 1355.51, 600, 0.0
2021-05-20 10:10:00, 1353.74, 1357.85, 1353.74, 1357.85, 625, 0.0
2021-05-20 10:15:00, 1357.68, 1357.68, 1357.68, 1357.68, 100, 0.0
2021-05-20 10:20:00, 1358.905, 1359, 1358.905, 1359, 215, 0.0
2021-05-20 10:35:00, 1359.955, 1359.955, 1359.955, 1359.955, 100, 0.0
2021-05-20 10:55:00, 1362.29, 1362.29, 1361.31, 1361.31, 1101, 0.0
2021-05-20 11:00:00, 1361.285, 1361.285, 1359.77, 1359.77, 510, 0.0
2021-05-20 11:05:00, 1360.53, 1360.53, 1359.68, 1359.68, 385, 0.0
2021-05-20 11:10:00, 1359.92, 1359.935, 1359.92, 1359.935, 472, 0.0
2021-05-20 11:20:00, 1359.895, 1359.895, 1359.52, 1359.52, 332, 0.0
2021-05-20 11:25:00, 1362.41, 1362.41, 1360, 1360, 1323, 0.0
2021-05-20 11:35:00, 1360.69, 1360.69, 1358.11, 1359, 844, 0.0
2021-05-20 11:40:00, 1360.91, 1360.91, 1360.91, 1360.91, 143, 0.0
2021-05-20 11:45:00, 1362.145, 1362.145, 1360, 1360, 2659, 0.0
2021-05-20 11:50:00, 1362.18, 1362.18, 1360.06, 1360.06, 464, 0.0
2021-05-20 11:55:00, 1360.69, 1361.98, 1360, 1361.98, 1253, 0.0
2021-05-20 12:00:00, 1360.74, 1360.85, 1360, 1360, 1863, 0.0
2021-05-20 12:20:00, 1359.46, 1360.34, 1359.41, 1360.34, 906, 0.0
2021-05-20 12:25:00, 1359.7, 1359.7, 1359.7, 1359.7, 100, 0.0
2021-05-20 12:30:00, 1360.81, 1360.81, 1360, 1360, 405, 0.0
2021-05-20 12:35:00, 1357.68, 1357.68, 1357.68, 1357.68, 237, 0.0
2021-05-20 12:45:00, 1358.88, 1361, 1358.88, 1359, 448, 0.0
2021-05-20 12:50:00, 1356.21, 1356.21, 1356.21, 1356.21, 205, 0.0
2021-05-20 12:55:00, 1358.9, 1358.9, 1358.9, 1358.9, 100, 0.0
2021-05-20 13:00:00, 1359, 1359, 1358.08, 1359, 649, 0.0
2021-05-20 13:05:00, 1359.5, 1360.24, 1359.5, 1360.11, 2507, 0.0
2021-05-20 13:10:00, 1360, 1360.1, 1359.11, 1360.1, 1033, 0.0
2021-05-20 13:15:00, 1359.965, 1360.5, 1359.95, 1360, 3418, 0.0
2021-05-20 13:20:00, 1360, 1360.005, 1360, 1360, 1143, 0.0
2021-05-20 13:25:00, 1360, 1360, 1359.81, 1360, 2473, 0.0
2021-05-20 13:30:00, 1360, 1360, 1358.765, 1358.765, 1761, 0.0
2021-05-20 13:35:00, 1359.9, 1361.62, 1359.9, 1360.1, 2289, 0.0
2021-05-20 13:40:00, 1360, 1360, 1360, 1360, 200, 0.0
2021-05-20 13:45:00, 1359.035, 1360.47, 1359.035, 1360, 3952, 0.0
2021-05-20 13:50:00, 1366.23, 1367.11, 1366.23, 1367.11, 212, 0.0
2021-05-20 13:55:00, 1367.55, 1370.1, 1367.55, 1370.1, 269, 0.0
2021-05-20 14:00:00, 1369.12, 1370.72, 1369.12, 1370.72, 618, 0.0
2021-05-20 14:05:00, 1369.27, 1369.27, 1369.27, 1369.27, 160, 0.0
2021-05-20 14:15:00, 1367.02, 1367.37, 1367.02, 1367.37, 749, 0.0
2021-05-20 14:20:00, 1369.85, 1369.85, 1369.85, 1369.85, 165, 0.0
2021-05-20 14:25:00, 1371.89, 1371.89, 1369.6, 1371.5, 594, 0.0
2021-05-20 14:30:00, 1371.72, 1371.72, 1371.72, 1371.72, 110, 0.0
2021-05-20 14:35:00, 1374, 1374.01, 1374, 1374.01, 471, 0.0
2021-05-20 14:40:00, 1373.48, 1373.49, 1372.86, 1373.49, 754, 0.0
2021-05-20 14:45:00, 1373.5, 1373.5, 1372.58, 1372.58, 695, 0.0
2021-05-20 14:50:00, 1373.51, 1374.72, 1372.8, 1373.1, 1821, 0.0
2021-05-20 14:55:00, 1375.48, 1375.48, 1374.42, 1374.78, 878, 0.0
2021-05-21 08:30:00, 1387.5, 1398.89, 1380.93, 1387.76, 2064, 0.0
2021-05-21 08:35:00, 1385.86, 1390.545, 1380.505, 1382.56, 2079, 0.0
2021-05-21 08:40:00, 1378.44, 1378.965, 1371.985, 1371.985, 1592, 0.0
2021-05-21 08:45:00, 1371.86, 1372.78, 1367.39, 1372.78, 1690, 0.0
2021-05-21 08:50:00, 1374, 1374.34, 1370.4, 1372.025, 1524, 0.0
2021-05-21 08:55:00, 1372.65, 1373.66, 1372.23, 1373.66, 302, 0.0
2021-05-21 09:00:00, 1377.58, 1378.82, 1376.65, 1378.205, 796, 0.0
2021-05-21 09:05:00, 1380, 1380, 1374, 1374, 739, 0.0
2021-05-21 09:15:00, 1374.25, 1374.25, 1366.855, 1366.855, 706, 0.0
2021-05-21 09:25:00, 1365.84, 1365.84, 1365.84, 1365.84, 120, 0.0
2021-05-21 09:35:00, 1363.06, 1363.06, 1363.06, 1363.06, 498, 0.0
2021-05-21 09:55:00, 1362.64, 1362.64, 1362.64, 1362.64, 103, 0.0
2021-05-21 10:00:00, 1364.33, 1365.25, 1364.33, 1365.25, 665, 0.0
2021-05-21 10:05:00, 1365.26, 1365.26, 1365.26, 1365.26, 100, 0.0
2021-05-21 10:10:00, 1365.355, 1370.1, 1365.355, 1370.1, 217, 0.0
2021-05-21 10:15:00, 1370.11, 1370.11, 1368.93, 1369.45, 836, 0.0
2021-05-21 10:20:00, 1369.88, 1370.9, 1369.88, 1370.9, 233, 0.0
2021-05-21 10:25:00, 1370.44, 1370.44, 1363.66, 1363.66, 871, 0.0
2021-05-21 10:30:00, 1365.175, 1366.19, 1365.175, 1366.19, 202, 0.0
2021-05-21 10:35:00, 1361.13, 1361.13, 1361.13, 1361.13, 100, 0.0
2021-05-21 10:40:00, 1362.16, 1362.16, 1361.5, 1361.5, 466, 0.0
2021-05-21 10:45:00, 1363.26, 1363.26, 1363.26, 1363.26, 183, 0.0
2021-05-21 10:50:00, 1363, 1363, 1363, 1363, 106, 0.0
2021-05-21 10:55:00, 1358.7, 1359.37, 1357.84, 1357.84, 579, 0.0
2021-05-21 11:00:00, 1358.32, 1359.06, 1358.32, 1358.79, 514, 0.0
2021-05-21 11:10:00, 1357.16, 1358.9, 1357.16, 1358.9, 204, 0.0
2021-05-21 11:20:00, 1363.59, 1363.59, 1362.1, 1362.1, 433, 0.0
2021-05-21 11:30:00, 1364.16, 1364.16, 1364.16, 1364.16, 100, 0.0
2021-05-21 11:35:00, 1368.32, 1368.32, 1368.32, 1368.32, 104, 0.0
2021-05-21 11:45:00, 1365.47, 1365.47, 1365.47, 1365.47, 143, 0.0
2021-05-21 11:50:00, 1368.13, 1368.13, 1368.13, 1368.13, 133, 0.0
2021-05-21 12:05:00, 1368.38, 1368.38, 1368.38, 1368.38, 101, 0.0
2021-05-21 12:10:00, 1366.57, 1366.57, 1365.365, 1365.365, 213, 0.0
2021-05-21 12:20:00, 1366.27, 1366.27, 1366.27, 1366.27, 143, 0.0
2021-05-21 12:25:00, 1365.91, 1365.91, 1365.91, 1365.91, 334, 0.0
2021-05-21 12:35:00, 1367.11, 1367.525, 1366.4, 1366.7, 951, 0.0
2021-05-21 12:40:00, 1366.72, 1366.72, 1366.045, 1366.5, 584, 0.0
2021-05-21 12:45:00, 1366.31, 1367.775, 1366.28, 1367.58, 1638, 0.0
2021-05-21 12:50:00, 1366.8, 1370.935, 1366.8, 1370.935, 1879, 0.0
2021-05-21 12:55:00, 1370.3, 1370.3, 1370.05, 1370.15, 749, 0.0
2021-05-21 13:00:00, 1369.05, 1369.05, 1369.05, 1369.05, 152, 0.0
2021-05-21 13:05:00, 1368.8, 1368.8, 1368.8, 1368.8, 482, 0.0
2021-05-21 13:10:00, 1368.04, 1368.04, 1368.04, 1368.04, 100, 0.0
2021-05-21 13:20:00, 1366, 1366, 1365.18, 1365.18, 201, 0.0
2021-05-21 13:25:00, 1362.06, 1362.06, 1362.06, 1362.06, 100, 0.0
2021-05-21 13:40:00, 1364.27, 1364.27, 1364.27, 1364.27, 100, 0.0
2021-05-21 13:55:00, 1365.86, 1365.86, 1365.86, 1365.86, 140, 0.0
2021-05-21 14:00:00, 1365.72, 1365.72, 1365.34, 1365.34, 206, 0.0
2021-05-21 14:05:00, 1366.02, 1367.095, 1366.02, 1367.095, 305, 0.0
2021-05-21 14:10:00, 1368.83, 1368.83, 1368.83, 1368.83, 101, 0.0
2021-05-21 14:15:00, 1370.26, 1371.94, 1370.26, 1371.94, 473, 0.0
2021-05-21 14:20:00, 1371.7, 1373.08, 1371.7, 1373.08, 542, 0.0
2021-05-21 14:25:00, 1372.71, 1375.775, 1372.06, 1375.775, 1705, 0.0
2021-05-21 14:30:00, 1370.575, 1370.575, 1370.575, 1370.575, 101, 0.0
2021-05-21 14:35:00, 1369.475, 1371.1, 1369.41, 1371.025, 1225, 0.0
2021-05-21 14:40:00, 1372.07, 1373.06, 1371.03, 1371.03, 1579, 0.0
2021-05-21 14:45:00, 1367.78, 1368.3, 1367.78, 1368.3, 311, 0.0
2021-05-21 14:50:00, 1368.4, 1370.475, 1368.4, 1370.475, 465, 0.0
2021-05-21 14:55:00, 1370.08, 1370.08, 1368.21, 1368.21, 1563, 0.0
2021-05-24 08:35:00, 1376.5, 1376.5, 1376.5, 1376.5, 116, 0.0
2021-05-24 08:40:00, 1381.77, 1382.59, 1381.77, 1381.9, 360, 0.0
2021-05-24 08:45:00, 1380.55, 1380.55, 1380.55, 1380.55, 100, 0.0
2021-05-24 08:50:00, 1379.2, 1379.2, 1379.2, 1379.2, 100, 0.0
2021-05-24 08:55:00, 1379.2, 1379.2, 1376.66, 1376.66, 359, 0.0
2021-05-24 09:05:00, 1375.18, 1377.38, 1375.18, 1377.38, 248, 0.0
2021-05-24 09:15:00, 1380.845, 1380.845, 1380.845, 1380.845, 134, 0.0
2021-05-24 09:20:00, 1380.08, 1380.08, 1380.08, 1380.08, 305, 0.0
2021-05-24 09:35:00, 1377.85, 1377.85, 1377.85, 1377.85, 111, 0.0
2021-05-24 09:40:00, 1377.65, 1377.65, 1377.21, 1377.21, 275, 0.0
2021-05-24 09:45:00, 1378.37, 1378.37, 1378.37, 1378.37, 302, 0.0
2021-05-24 09:55:00, 1376.8, 1376.8, 1376.8, 1376.8, 101, 0.0
2021-05-24 10:05:00, 1380.47, 1380.47, 1380.36, 1380.36, 204, 0.0
2021-05-24 10:10:00, 1381.25, 1382, 1381.25, 1382, 318, 0.0
2021-05-24 10:15:00, 1383.16, 1383.16, 1383.16, 1383.16, 133, 0.0
2021-05-24 11:00:00, 1378.195, 1378.24, 1378.18, 1378.24, 420, 0.0
2021-05-24 11:10:00, 1372.5, 1372.67, 1372.5, 1372.67, 280, 0.0
2021-05-24 11:15:00, 1372.5, 1372.57, 1372.5, 1372.52, 300, 0.0
2021-05-24 11:20:00, 1372.73, 1372.73, 1372.73, 1372.73, 100, 0.0
2021-05-24 11:25:00, 1370.37, 1370.37, 1370.37, 1370.37, 100, 0.0
2021-05-24 11:35:00, 1370.32, 1370.32, 1370.32, 1370.32, 134, 0.0
2021-05-24 11:40:00, 1369.1, 1369.64, 1369.1, 1369.64, 614, 0.0
2021-05-24 11:45:00, 1370.5, 1370.5, 1370.5, 1370.5, 200, 0.0
2021-05-24 12:30:00, 1374.055, 1374.055, 1374.055, 1374.055, 162, 0.0
2021-05-24 12:35:00, 1376.3, 1376.3, 1376.3, 1376.3, 204, 0.0
2021-05-24 12:45:00, 1376.97, 1376.97, 1376.97, 1376.97, 202, 0.0
2021-05-24 12:55:00, 1381.71, 1381.71, 1381.71, 1381.71, 136, 0.0
2021-05-24 13:05:00, 1380.5, 1380.5, 1380.5, 1380.5, 100, 0.0
2021-05-24 13:10:00, 1379.835, 1379.835, 1379.835, 1379.835, 100, 0.0
2021-05-24 13:15:00, 1379.54, 1379.6, 1379.435, 1379.435, 933, 0.0
2021-05-24 13:20:00, 1376.55, 1376.55, 1376.55, 1376.55, 106, 0.0
2021-05-24 13:30:00, 1373.86, 1373.86, 1373.86, 1373.86, 109, 0.0
2021-05-24 13:35:00, 1375.16, 1375.93, 1375.16, 1375.93, 408, 0.0
2021-05-24 13:40:00, 1373.38, 1373.76, 1373.38, 1373.76, 233, 0.0
2021-05-24 13:45:00, 1372.53, 1373.61, 1372.53, 1373.61, 200, 0.0
2021-05-24 13:50:00, 1372.52, 1372.735, 1372.52, 1372.735, 202, 0.0
2021-05-24 13:55:00, 1373.38, 1373.42, 1373.38, 1373.42, 201, 0.0
2021-05-24 14:05:00, 1375.59, 1375.59, 1375.59, 1375.59, 101, 0.0
2021-05-24 14:10:00, 1376.58, 1376.64, 1374.595, 1374.595, 395, 0.0
2021-05-24 14:20:00, 1376.37, 1376.37, 1375.7, 1375.7, 353, 0.0
2021-05-24 14:25:00, 1374.88, 1374.88, 1373.59, 1373.59, 301, 0.0
2021-05-24 14:40:00, 1370.93, 1372.33, 1369.43, 1369.43, 587, 0.0
2021-05-24 14:50:00, 1373.3, 1373.3, 1373.3, 1373.3, 393, 0.0
2021-05-24 14:55:00, 1371.64, 1371.64, 1368.06, 1368.06, 1220, 0.0
2021-05-25 08:30:00, 1377.04, 1386.03, 1376.98, 1386.03, 663, 0.0
2021-05-25 08:35:00, 1380.42, 1381.61, 1380.42, 1381.61, 235, 0.0
2021-05-25 08:40:00, 1388.2, 1388.2, 1387.12, 1387.12, 549, 0.0
2021-05-25 09:00:00, 1374.41, 1377.17, 1374.41, 1377.17, 261, 0.0
2021-05-25 09:10:00, 1377.11, 1377.91, 1377.11, 1377.91, 469, 0.0
2021-05-25 09:20:00, 1382.905, 1382.905, 1382.905, 1382.905, 102, 0.0
2021-05-25 09:40:00, 1386.23, 1391.5, 1386.23, 1391.5, 561, 0.0
2021-05-25 09:45:00, 1393.05, 1393.78, 1393.05, 1393.78, 306, 0.0
2021-05-25 09:50:00, 1395.55, 1395.55, 1395.55, 1395.55, 201, 0.0
2021-05-25 10:00:00, 1394.44, 1394.44, 1394.44, 1394.44, 220, 0.0
2021-05-25 10:10:00, 1385.95, 1385.95, 1385.95, 1385.95, 100, 0.0
2021-05-25 10:20:00, 1379.47, 1379.47, 1379, 1379, 205, 0.0
2021-05-25 10:30:00, 1376.66, 1376.66, 1371.9, 1373.23, 916, 0.0
2021-05-25 10:40:00, 1373.44, 1373.57, 1373.44, 1373.57, 379, 0.0
2021-05-25 11:00:00, 1377.47, 1377.47, 1377.47, 1377.47, 100, 0.0
2021-05-25 11:05:00, 1376.29, 1376.29, 1376.29, 1376.29, 101, 0.0
2021-05-25 11:10:00, 1376.47, 1376.47, 1376.47, 1376.47, 151, 0.0
2021-05-25 11:15:00, 1376.96, 1376.96, 1376.39, 1376.39, 413, 0.0
2021-05-25 11:20:00, 1375.42, 1375.42, 1375.42, 1375.42, 144, 0.0
2021-05-25 11:25:00, 1375.315, 1375.315, 1375.315, 1375.315, 146, 0.0
2021-05-25 11:35:00, 1380.975, 1380.975, 1380.975, 1380.975, 100, 0.0
2021-05-25 11:45:00, 1379.07, 1379.07, 1379.07, 1379.07, 232, 0.0
2021-05-25 11:50:00, 1378.85, 1378.85, 1378.85, 1378.85, 200, 0.0
2021-05-25 11:55:00, 1383.66, 1384.21, 1383.66, 1384.21, 327, 0.0
2021-05-25 12:10:00, 1380.55, 1380.55, 1380.55, 1380.55, 128, 0.0
2021-05-25 12:20:00, 1381.95, 1383.345, 1381.95, 1383.345, 373, 0.0
2021-05-25 12:35:00, 1383.225, 1383.96, 1383.225, 1383.96, 206, 0.0
2021-05-25 12:45:00, 1382.48, 1382.48, 1382.48, 1382.48, 100, 0.0
2021-05-25 12:50:00, 1383.1, 1383.1, 1383.1, 1383.1, 101, 0.0
2021-05-25 12:55:00, 1382.035, 1382.035, 1382.035, 1382.035, 201, 0.0
2021-05-25 13:00:00, 1382.29, 1382.29, 1381.46, 1381.46, 310, 0.0
2021-05-25 13:05:00, 1381.77, 1381.77, 1379.25, 1379.25, 850, 0.0
2021-05-25 13:10:00, 1379.355, 1379.355, 1379.355, 1379.355, 100, 0.0
2021-05-25 13:15:00, 1378.5, 1378.5, 1378.5, 1378.5, 169, 0.0
2021-05-25 13:20:00, 1379.23, 1379.23, 1379.23, 1379.23, 102, 0.0
2021-05-25 13:35:00, 1374.24, 1374.24, 1374.24, 1374.24, 185, 0.0
2021-05-25 13:45:00, 1375.06, 1375.06, 1375.06, 1375.06, 195, 0.0
2021-05-25 14:05:00, 1370.64, 1370.64, 1368.23, 1368.23, 739, 0.0
2021-05-25 14:10:00, 1370.15, 1370.15, 1370.01, 1370.01, 383, 0.0
2021-05-25 14:15:00, 1368.54, 1369, 1367.56, 1369, 689, 0.0
2021-05-25 14:25:00, 1371.94, 1371.94, 1371.94, 1371.94, 256, 0.0
2021-05-25 14:30:00, 1373.57, 1373.57, 1372.455, 1372.455, 258, 0.0
2021-05-25 14:40:00, 1373.21, 1373.21, 1373.12, 1373.12, 281, 0.0
2021-05-25 14:45:00, 1373.44, 1373.44, 1365.48, 1365.48, 4972, 0.0
2021-05-25 14:50:00, 1368, 1368.74, 1364.19, 1364.58, 6648, 0.0
2021-05-25 14:55:00, 1365.37, 1365.95, 1363.51, 1364.79, 11061, 0.0
2021-05-26 08:30:00, 1381.74, 1381.74, 1373.32, 1375.005, 1588, 0.0
2021-05-26 08:35:00, 1374.775, 1382.65, 1374.775, 1382.65, 490, 0.0
2021-05-26 08:40:00, 1382.51, 1382.94, 1379.7, 1381.5, 1884, 0.0
2021-05-26 08:45:00, 1382.885, 1382.885, 1381.545, 1381.545, 200, 0.0
2021-05-26 08:55:00, 1392.15, 1392.15, 1391.93, 1391.93, 317, 0.0
2021-05-26 09:05:00, 1382.99, 1382.99, 1381.87, 1381.87, 343, 0.0
2021-05-26 09:10:00, 1380.5, 1382.34, 1380.5, 1382.34, 259, 0.0
2021-05-26 09:15:00, 1385.59, 1385.59, 1385.59, 1385.59, 107, 0.0
2021-05-26 09:20:00, 1388.595, 1388.595, 1388.595, 1388.595, 209, 0.0
2021-05-26 09:25:00, 1385.04, 1385.04, 1385.04, 1385.04, 137, 0.0
2021-05-26 09:30:00, 1390.825, 1390.825, 1390.825, 1390.825, 123, 0.0
2021-05-26 09:40:00, 1389.04, 1389.04, 1389.04, 1389.04, 103, 0.0
2021-05-26 09:45:00, 1389.08, 1389.08, 1389.08, 1389.08, 194, 0.0
2021-05-26 09:55:00, 1388.3, 1388.3, 1387.36, 1388.22, 680, 0.0
2021-05-26 10:10:00, 1388.59, 1391.53, 1388.56, 1391.52, 1029, 0.0
2021-05-26 10:15:00, 1397.06, 1397.06, 1395.8, 1395.8, 202, 0.0
2021-05-26 10:20:00, 1394.16, 1394.16, 1394.16, 1394.16, 103, 0.0
2021-05-26 10:25:00, 1392.1, 1392.1, 1392.1, 1392.1, 159, 0.0
2021-05-26 10:30:00, 1390.12, 1390.12, 1390.12, 1390.12, 102, 0.0
2021-05-26 10:35:00, 1385, 1388.07, 1385, 1388.07, 204, 0.0
