Date, Open, High, Low, Close, Volume, Open Interest
2021-05-12 09:55:00, 43.68, 43.76, 43.68, 43.76, 1737, 0.0
2021-05-12 10:00:00, 43.82, 43.84, 43.8, 43.84, 644, 0.0
2021-05-12 10:05:00, 43.84, 43.84, 43.82, 43.82, 489, 0.0
2021-05-12 10:10:00, 43.78, 43.78, 43.75, 43.75, 924, 0.0
2021-05-12 10:15:00, 43.7, 43.71, 43.67, 43.67, 1328, 0.0
2021-05-12 10:20:00, 43.67, 43.67, 43.65, 43.65, 403, 0.0
2021-05-12 10:25:00, 43.69, 43.76, 43.69, 43.76, 582, 0.0
2021-05-12 10:30:00, 43.76, 43.76, 43.755, 43.755, 500, 0.0
2021-05-12 10:35:00, 43.725, 43.74, 43.715, 43.74, 500, 0.0
2021-05-12 10:40:00, 43.76, 43.78, 43.76, 43.78, 640, 0.0
2021-05-12 10:45:00, 43.785, 43.785, 43.785, 43.785, 100, 0.0
2021-05-12 10:50:00, 43.76, 43.76, 43.73, 43.73, 300, 0.0
2021-05-12 10:55:00, 43.71, 43.71, 43.64, 43.65, 1418, 0.0
2021-05-12 11:00:00, 43.66, 43.7, 43.66, 43.66, 1326, 0.0
2021-05-12 11:05:00, 43.665, 43.71, 43.66, 43.69, 1071, 0.0
2021-05-12 11:10:00, 43.63, 43.63, 43.585, 43.585, 956, 0.0
2021-05-12 11:15:00, 43.58, 43.585, 43.55, 43.575, 1469, 0.0
2021-05-12 11:20:00, 43.595, 43.645, 43.595, 43.645, 1116, 0.0
2021-05-12 11:25:00, 43.63, 43.63, 43.62, 43.62, 524, 0.0
2021-05-12 11:30:00, 43.61, 43.62, 43.6, 43.615, 635, 0.0
2021-05-12 11:35:00, 43.6, 43.6, 43.585, 43.585, 600, 0.0
2021-05-12 11:40:00, 43.59, 43.59, 43.53, 43.535, 1820, 0.0
2021-05-12 11:45:00, 43.555, 43.565, 43.49, 43.49, 1754, 0.0
2021-05-12 11:50:00, 43.495, 43.53, 43.495, 43.53, 584, 0.0
2021-05-12 11:55:00, 43.54, 43.54, 43.51, 43.51, 421, 0.0
2021-05-12 12:00:00, 43.52, 43.53, 43.5, 43.53, 953, 0.0
2021-05-12 12:05:00, 43.51, 43.51, 43.44, 43.44, 1273, 0.0
2021-05-12 12:10:00, 43.435, 43.46, 43.435, 43.46, 313, 0.0
2021-05-12 12:15:00, 43.455, 43.505, 43.455, 43.455, 1362, 0.0
2021-05-12 12:20:00, 43.445, 43.445, 43.42, 43.425, 432, 0.0
2021-05-12 12:25:00, 43.38, 43.38, 43.365, 43.375, 846, 0.0
2021-05-12 12:30:00, 43.385, 43.41, 43.335, 43.345, 1478, 0.0
2021-05-12 12:35:00, 43.345, 43.4, 43.345, 43.39, 1293, 0.0
2021-05-12 12:40:00, 43.39, 43.41, 43.39, 43.4, 603, 0.0
2021-05-12 12:45:00, 43.44, 43.45, 43.42, 43.425, 706, 0.0
2021-05-12 12:50:00, 43.42, 43.43, 43.42, 43.425, 401, 0.0
2021-05-12 12:55:00, 43.45, 43.45, 43.42, 43.42, 701, 0.0
2021-05-12 13:00:00, 43.42, 43.465, 43.42, 43.43, 1048, 0.0
2021-05-12 13:05:00, 43.42, 43.44, 43.415, 43.415, 352, 0.0
2021-05-12 13:10:00, 43.36, 43.36, 43.36, 43.36, 100, 0.0
2021-05-12 13:15:00, 43.36, 43.375, 43.34, 43.355, 1165, 0.0
2021-05-12 13:20:00, 43.37, 43.37, 43.355, 43.37, 665, 0.0
2021-05-12 13:25:00, 43.325, 43.33, 43.325, 43.33, 300, 0.0
2021-05-12 13:30:00, 43.3, 43.39, 43.28, 43.39, 2668, 0.0
2021-05-12 13:35:00, 43.38, 43.4, 43.37, 43.4, 309, 0.0
2021-05-12 13:40:00, 43.41, 43.42, 43.38, 43.4, 612, 0.0
2021-05-12 13:45:00, 43.41, 43.49, 43.41, 43.49, 421, 0.0
2021-05-12 13:50:00, 43.53, 43.53, 43.52, 43.525, 445, 0.0
2021-05-12 13:55:00, 43.46, 43.49, 43.46, 43.49, 801, 0.0
2021-05-12 14:00:00, 43.52, 43.52, 43.475, 43.475, 2456, 0.0
2021-05-12 14:05:00, 43.475, 43.485, 43.445, 43.475, 1605, 0.0
2021-05-12 14:10:00, 43.475, 43.475, 43.375, 43.395, 2947, 0.0
2021-05-12 14:15:00, 43.375, 43.435, 43.37, 43.395, 5266, 0.0
2021-05-12 14:20:00, 43.405, 43.415, 43.305, 43.305, 5425, 0.0
2021-05-12 14:25:00, 43.295, 43.3, 43.175, 43.19, 4868, 0.0
2021-05-12 14:30:00, 43.17, 43.23, 43.165, 43.165, 7598, 0.0
2021-05-12 14:35:00, 43.13, 43.16, 43.095, 43.11, 6243, 0.0
2021-05-12 14:40:00, 43.105, 43.25, 43.1, 43.245, 5259, 0.0
2021-05-12 14:45:00, 43.22, 43.25, 43.205, 43.24, 9408, 0.0
2021-05-12 14:50:00, 43.23, 43.23, 42.96, 42.975, 13688, 0.0
2021-05-12 14:55:00, 43, 43.175, 43, 43.09, 13925, 0.0
2021-05-13 08:30:00, 42.865, 43.23, 42.865, 43.17, 11139, 0.0
2021-05-13 08:35:00, 43.09, 43.27, 43.06, 43.19, 7541, 0.0
2021-05-13 08:40:00, 43.205, 43.335, 43.205, 43.305, 10154, 0.0
2021-05-13 08:45:00, 43.295, 43.405, 43.295, 43.365, 9756, 0.0
2021-05-13 08:50:00, 43.37, 43.48, 43.355, 43.45, 3746, 0.0
2021-05-13 08:55:00, 43.45, 43.51, 43.395, 43.42, 1741, 0.0
2021-05-13 09:00:00, 43.45, 43.57, 43.44, 43.53, 2673, 0.0
2021-05-13 09:05:00, 43.535, 43.54, 43.47, 43.48, 2886, 0.0
2021-05-13 09:10:00, 43.49, 43.625, 43.48, 43.625, 2581, 0.0
2021-05-13 09:15:00, 43.655, 43.7, 43.635, 43.7, 4149, 0.0
2021-05-13 09:20:00, 43.68, 43.725, 43.675, 43.705, 6603, 0.0
2021-05-13 09:25:00, 43.715, 43.765, 43.715, 43.725, 3919, 0.0
2021-05-13 09:30:00, 43.735, 43.775, 43.735, 43.74, 2827, 0.0
2021-05-13 09:35:00, 43.725, 43.745, 43.685, 43.685, 4706, 0.0
2021-05-13 09:40:00, 43.71, 43.73, 43.685, 43.71, 6432, 0.0
2021-05-13 09:45:00, 43.77, 43.82, 43.765, 43.79, 2590, 0.0
2021-05-13 09:50:00, 43.79, 43.79, 43.715, 43.72, 2126, 0.0
2021-05-13 09:55:00, 43.715, 43.87, 43.715, 43.86, 5044, 0.0
2021-05-13 10:00:00, 43.875, 43.88, 43.785, 43.785, 2010, 0.0
2021-05-13 10:05:00, 43.785, 43.785, 43.695, 43.735, 3516, 0.0
2021-05-13 10:10:00, 43.765, 43.8, 43.755, 43.785, 2976, 0.0
2021-05-13 10:15:00, 43.775, 43.81, 43.775, 43.785, 1773, 0.0
2021-05-13 10:20:00, 43.765, 43.815, 43.765, 43.815, 1789, 0.0
2021-05-13 10:25:00, 43.815, 43.83, 43.79, 43.83, 2300, 0.0
2021-05-13 10:30:00, 43.83, 43.835, 43.79, 43.835, 695, 0.0
2021-05-13 10:35:00, 43.835, 43.87, 43.835, 43.845, 1835, 0.0
2021-05-13 10:40:00, 43.86, 43.895, 43.81, 43.84, 2569, 0.0
2021-05-13 10:45:00, 43.83, 43.86, 43.79, 43.845, 1211, 0.0
2021-05-13 10:50:00, 43.865, 43.87, 43.86, 43.87, 1476, 0.0
2021-05-13 10:55:00, 43.875, 43.875, 43.8, 43.81, 2119, 0.0
2021-05-13 11:00:00, 43.84, 43.885, 43.82, 43.875, 2556, 0.0
2021-05-13 11:05:00, 43.875, 43.925, 43.87, 43.925, 1489, 0.0
2021-05-13 11:10:00, 43.94, 43.94, 43.865, 43.865, 2240, 0.0
2021-05-13 11:15:00, 43.88, 43.905, 43.88, 43.905, 8622, 0.0
2021-05-13 11:20:00, 43.895, 43.92, 43.885, 43.91, 2406, 0.0
2021-05-13 11:25:00, 43.93, 43.965, 43.93, 43.965, 3544, 0.0
2021-05-13 11:30:00, 43.965, 43.995, 43.965, 43.98, 5374, 0.0
2021-05-13 11:35:00, 43.985, 44.06, 43.985, 44.05, 1218, 0.0
2021-05-13 11:40:00, 44.05, 44.095, 44.02, 44.095, 2000, 0.0
2021-05-13 11:45:00, 44.095, 44.13, 44.07, 44.125, 1214, 0.0
2021-05-13 11:50:00, 44.1, 44.14, 44.075, 44.14, 1078, 0.0
2021-05-13 11:55:00, 44.16, 44.175, 44.11, 44.11, 860, 0.0
2021-05-13 12:00:00, 44.095, 44.095, 44.04, 44.05, 1325, 0.0
2021-05-13 12:05:00, 44.06, 44.06, 44.01, 44.02, 839, 0.0
2021-05-13 12:10:00, 44.065, 44.07, 44.065, 44.07, 818, 0.0
2021-05-13 12:15:00, 44.085, 44.13, 44.055, 44.055, 1168, 0.0
2021-05-13 12:20:00, 44.105, 44.105, 44.08, 44.09, 1308, 0.0
2021-05-13 12:25:00, 44.03, 44.09, 44.03, 44.09, 654, 0.0
2021-05-13 12:30:00, 44.1, 44.1, 44.035, 44.035, 913, 0.0
2021-05-13 12:35:00, 44.03, 44.07, 44.01, 44.07, 814, 0.0
2021-05-13 12:40:00, 44.04, 44.08, 44.04, 44.08, 675, 0.0
2021-05-13 12:45:00, 44.085, 44.085, 44.06, 44.06, 411, 0.0
2021-05-13 12:50:00, 44.08, 44.08, 44.075, 44.075, 437, 0.0
2021-05-13 12:55:00, 44.06, 44.11, 44.06, 44.11, 1101, 0.0
2021-05-13 13:00:00, 44.12, 44.2, 44.12, 44.2, 823, 0.0
2021-05-13 13:05:00, 44.2, 44.24, 44.185, 44.24, 1291, 0.0
2021-05-13 13:10:00, 44.25, 44.34, 44.245, 44.31, 1030, 0.0
2021-05-13 13:15:00, 44.31, 44.32, 44.29, 44.32, 608, 0.0
2021-05-13 13:20:00, 44.34, 44.38, 44.34, 44.38, 1494, 0.0
2021-05-13 13:25:00, 44.385, 44.42, 44.375, 44.42, 2473, 0.0
2021-05-13 13:30:00, 44.45, 44.455, 44.435, 44.44, 2208, 0.0
2021-05-13 13:35:00, 44.44, 44.46, 44.34, 44.37, 2433, 0.0
2021-05-13 13:40:00, 44.37, 44.39, 44.36, 44.39, 977, 0.0
2021-05-13 13:45:00, 44.38, 44.38, 44.34, 44.36, 1239, 0.0
2021-05-13 13:50:00, 44.365, 44.425, 44.365, 44.425, 4218, 0.0
2021-05-13 13:55:00, 44.4, 44.46, 44.4, 44.46, 2120, 0.0
2021-05-13 14:00:00, 44.46, 44.47, 44.435, 44.435, 1907, 0.0
2021-05-13 14:05:00, 44.43, 44.47, 44.43, 44.45, 1116, 0.0
2021-05-13 14:10:00, 44.49, 44.505, 44.41, 44.435, 852, 0.0
2021-05-13 14:15:00, 44.455, 44.485, 44.45, 44.45, 1875, 0.0
2021-05-13 14:20:00, 44.46, 44.465, 44.42, 44.455, 615, 0.0
2021-05-13 14:25:00, 44.47, 44.505, 44.43, 44.49, 2771, 0.0
2021-05-13 14:30:00, 44.49, 44.51, 44.475, 44.495, 6200, 0.0
2021-05-13 14:35:00, 44.49, 44.49, 44.44, 44.465, 5787, 0.0
2021-05-13 14:40:00, 44.465, 44.49, 44.44, 44.45, 4580, 0.0
2021-05-13 14:45:00, 44.46, 44.47, 44.42, 44.46, 5292, 0.0
2021-05-13 14:50:00, 44.47, 44.47, 44.35, 44.355, 7850, 0.0
2021-05-13 14:55:00, 44.325, 44.445, 44.31, 44.42, 21334, 0.0
2021-05-14 08:30:00, 44.545, 44.815, 44.545, 44.765, 5984, 0.0
2021-05-14 08:35:00, 44.69, 44.69, 44.45, 44.53, 3118, 0.0
2021-05-14 08:40:00, 44.485, 44.78, 44.485, 44.78, 3069, 0.0
2021-05-14 08:45:00, 44.79, 44.87, 44.785, 44.79, 4009, 0.0
2021-05-14 08:50:00, 44.845, 44.855, 44.69, 44.71, 9619, 0.0
2021-05-14 08:55:00, 44.685, 44.77, 44.685, 44.77, 2765, 0.0
2021-05-14 09:00:00, 44.775, 44.775, 44.64, 44.705, 6836, 0.0
2021-05-14 09:05:00, 44.725, 44.745, 44.625, 44.645, 6367, 0.0
2021-05-14 09:10:00, 44.675, 44.755, 44.675, 44.7, 5082, 0.0
2021-05-14 09:15:00, 44.71, 44.805, 44.705, 44.795, 4637, 0.0
2021-05-14 09:20:00, 44.795, 44.905, 44.795, 44.855, 6521, 0.0
2021-05-14 09:25:00, 44.86, 44.86, 44.785, 44.805, 4982, 0.0
2021-05-14 09:30:00, 44.785, 44.785, 44.715, 44.785, 4536, 0.0
2021-05-14 09:35:00, 44.745, 44.775, 44.7, 44.7, 4164, 0.0
2021-05-14 09:40:00, 44.685, 44.745, 44.67, 44.675, 3470, 0.0
2021-05-14 09:45:00, 44.69, 44.73, 44.635, 44.73, 2230, 0.0
2021-05-14 09:50:00, 44.7, 44.82, 44.7, 44.8, 4114, 0.0
2021-05-14 09:55:00, 44.82, 44.885, 44.82, 44.855, 7534, 0.0
2021-05-14 10:00:00, 44.825, 44.845, 44.785, 44.795, 4254, 0.0
2021-05-14 10:05:00, 44.805, 44.84, 44.805, 44.835, 2503, 0.0
2021-05-14 10:10:00, 44.855, 44.885, 44.84, 44.885, 4031, 0.0
2021-05-14 10:15:00, 44.895, 44.915, 44.88, 44.88, 4226, 0.0
2021-05-14 10:20:00, 44.885, 44.905, 44.855, 44.905, 6051, 0.0
2021-05-14 10:25:00, 44.895, 44.895, 44.87, 44.89, 3324, 0.0
2021-05-14 10:30:00, 44.88, 44.91, 44.805, 44.91, 2539, 0.0
2021-05-14 10:35:00, 44.91, 44.93, 44.9, 44.9, 2193, 0.0
2021-05-14 10:40:00, 44.915, 44.97, 44.915, 44.92, 1615, 0.0
2021-05-14 10:45:00, 44.905, 44.925, 44.9, 44.925, 1135, 0.0
2021-05-14 10:50:00, 44.895, 44.915, 44.89, 44.91, 2209, 0.0
2021-05-14 10:55:00, 44.92, 44.955, 44.92, 44.955, 1210, 0.0
2021-05-14 11:00:00, 44.955, 44.98, 44.945, 44.945, 1714, 0.0
2021-05-14 11:05:00, 44.935, 44.965, 44.935, 44.96, 1301, 0.0
2021-05-14 11:10:00, 44.96, 45, 44.945, 45, 675, 0.0
2021-05-14 11:15:00, 45.005, 45.005, 44.975, 44.995, 1162, 0.0
2021-05-14 11:20:00, 44.99, 44.995, 44.96, 44.985, 2114, 0.0
2021-05-14 11:25:00, 45, 45.015, 45, 45.015, 2109, 0.0
2021-05-14 11:30:00, 45.015, 45.025, 45.015, 45.025, 260, 0.0
2021-05-14 11:35:00, 45.02, 45.03, 44.995, 45.005, 2242, 0.0
2021-05-14 11:40:00, 45.015, 45.035, 44.995, 44.995, 1417, 0.0
2021-05-14 11:45:00, 45.005, 45.005, 44.985, 44.985, 2261, 0.0
2021-05-14 11:50:00, 44.985, 45.01, 44.985, 45.01, 1567, 0.0
2021-05-14 11:55:00, 45.025, 45.035, 45.005, 45.03, 1582, 0.0
2021-05-14 12:00:00, 45.035, 45.085, 45.035, 45.085, 634, 0.0
2021-05-14 12:05:00, 45.1, 45.13, 45.1, 45.13, 991, 0.0
2021-05-14 12:10:00, 45.085, 45.085, 45.07, 45.07, 420, 0.0
2021-05-14 12:15:00, 45.07, 45.08, 45.055, 45.055, 1059, 0.0
2021-05-14 12:20:00, 45.075, 45.085, 45.065, 45.065, 550, 0.0
2021-05-14 12:25:00, 45.055, 45.065, 45.045, 45.045, 1017, 0.0
2021-05-14 12:30:00, 45.07, 45.075, 45.07, 45.075, 1218, 0.0
2021-05-14 12:35:00, 45.09, 45.11, 45.08, 45.085, 1102, 0.0
2021-05-14 12:40:00, 45.105, 45.115, 45.085, 45.115, 1481, 0.0
2021-05-14 12:45:00, 45.07, 45.08, 45.07, 45.08, 668, 0.0
2021-05-14 12:50:00, 45.065, 45.065, 45.05, 45.05, 830, 0.0
2021-05-14 12:55:00, 45.04, 45.04, 45.005, 45.005, 1959, 0.0
2021-05-14 13:00:00, 45.02, 45.04, 45.02, 45.025, 1970, 0.0
2021-05-14 13:05:00, 45.025, 45.025, 44.995, 45.015, 859, 0.0
2021-05-14 13:10:00, 45.02, 45.035, 45.01, 45.025, 1902, 0.0
2021-05-14 13:15:00, 45.035, 45.035, 45.02, 45.02, 1200, 0.0
2021-05-14 13:20:00, 45.015, 45.015, 44.99, 44.99, 501, 0.0
2021-05-14 13:25:00, 45, 45.02, 45, 45.01, 957, 0.0
2021-05-14 13:30:00, 45.03, 45.045, 45.03, 45.04, 1277, 0.0
2021-05-14 13:35:00, 45.03, 45.06, 45.03, 45.04, 905, 0.0
2021-05-14 13:40:00, 45.02, 45.04, 45, 45.015, 2121, 0.0
2021-05-14 13:45:00, 45.035, 45.09, 45.03, 45.05, 1907, 0.0
2021-05-14 13:50:00, 45.05, 45.07, 45.03, 45.05, 1644, 0.0
2021-05-14 13:55:00, 45.055, 45.055, 45.015, 45.015, 1107, 0.0
2021-05-14 14:00:00, 45.03, 45.04, 44.995, 44.995, 1176, 0.0
2021-05-14 14:05:00, 45, 45.015, 45, 45.015, 1169, 0.0
2021-05-14 14:10:00, 45.015, 45.02, 44.985, 45.01, 1927, 0.0
2021-05-14 14:15:00, 45.01, 45.015, 45, 45, 1160, 0.0
2021-05-14 14:20:00, 44.995, 45.055, 44.99, 45.03, 4315, 0.0
2021-05-14 14:25:00, 45.025, 45.03, 45.005, 45.005, 2658, 0.0
2021-05-14 14:30:00, 44.99, 45.015, 44.98, 45.015, 8546, 0.0
2021-05-14 14:35:00, 45.035, 45.045, 44.99, 44.99, 6319, 0.0
2021-05-14 14:40:00, 44.96, 45.005, 44.96, 45.005, 4078, 0.0
2021-05-14 14:45:00, 44.99, 45.035, 44.97, 45.035, 5441, 0.0
2021-05-14 14:50:00, 45.01, 45.135, 44.985, 45.13, 8033, 0.0
2021-05-14 14:55:00, 45.12, 45.12, 45.06, 45.09, 16956, 0.0
2021-05-17 08:30:00, 44.98, 45.04, 44.87, 45.03, 3952, 0.0
2021-05-17 08:35:00, 45.06, 45.125, 45, 45.125, 6095, 0.0
2021-05-17 08:40:00, 45.1, 45.1, 44.93, 44.93, 1724, 0.0
2021-05-17 08:45:00, 44.96, 45.185, 44.895, 45.185, 4157, 0.0
2021-05-17 08:50:00, 45.16, 45.2, 45.15, 45.19, 2138, 0.0
2021-05-17 08:55:00, 45.15, 45.24, 45.15, 45.24, 772, 0.0
2021-05-17 09:00:00, 45.19, 45.19, 45.16, 45.16, 726, 0.0
2021-05-17 09:05:00, 45.11, 45.11, 45.07, 45.075, 1447, 0.0
2021-05-17 09:10:00, 45.02, 45.02, 44.97, 44.975, 510, 0.0
2021-05-17 09:15:00, 44.97, 44.98, 44.97, 44.97, 807, 0.0
2021-05-17 09:20:00, 44.945, 44.995, 44.945, 44.945, 1810, 0.0
2021-05-17 09:25:00, 44.94, 44.985, 44.89, 44.895, 3281, 0.0
2021-05-17 09:30:00, 44.905, 44.945, 44.87, 44.885, 4418, 0.0
2021-05-17 09:35:00, 44.83, 44.94, 44.83, 44.93, 6507, 0.0
2021-05-17 09:40:00, 44.91, 44.91, 44.795, 44.805, 2419, 0.0
2021-05-17 09:45:00, 44.815, 44.835, 44.805, 44.82, 2684, 0.0
2021-05-17 09:50:00, 44.835, 44.835, 44.8, 44.8, 1111, 0.0
2021-05-17 09:55:00, 44.8, 44.845, 44.785, 44.795, 3020, 0.0
2021-05-17 10:00:00, 44.815, 44.825, 44.78, 44.795, 3806, 0.0
2021-05-17 10:05:00, 44.835, 44.835, 44.75, 44.76, 4442, 0.0
2021-05-17 10:10:00, 44.76, 44.825, 44.73, 44.81, 8549, 0.0
2021-05-17 10:15:00, 44.805, 44.815, 44.78, 44.785, 5654, 0.0
2021-05-17 10:20:00, 44.805, 44.88, 44.805, 44.865, 1337, 0.0
2021-05-17 10:25:00, 44.84, 44.845, 44.8, 44.8, 2148, 0.0
2021-05-17 10:30:00, 44.79, 44.81, 44.71, 44.71, 1159, 0.0
2021-05-17 10:35:00, 44.75, 44.79, 44.75, 44.79, 436, 0.0
2021-05-17 10:40:00, 44.81, 44.835, 44.7, 44.7, 1927, 0.0
2021-05-17 10:45:00, 44.74, 44.74, 44.73, 44.73, 1212, 0.0
2021-05-17 10:50:00, 44.735, 44.81, 44.735, 44.81, 1697, 0.0
2021-05-17 10:55:00, 44.8, 44.8, 44.8, 44.8, 100, 0.0
2021-05-17 11:00:00, 44.805, 44.805, 44.805, 44.805, 149, 0.0
2021-05-17 11:05:00, 44.8, 44.815, 44.795, 44.815, 756, 0.0
2021-05-17 11:10:00, 44.845, 44.885, 44.84, 44.885, 1225, 0.0
2021-05-17 11:15:00, 44.87, 44.87, 44.82, 44.845, 1348, 0.0
2021-05-17 11:20:00, 44.865, 44.885, 44.865, 44.885, 217, 0.0
2021-05-17 11:30:00, 44.9, 44.9, 44.9, 44.9, 100, 0.0
2021-05-17 11:35:00, 44.91, 44.91, 44.9, 44.9, 218, 0.0
2021-05-17 11:40:00, 44.92, 44.92, 44.92, 44.92, 100, 0.0
2021-05-17 11:45:00, 44.91, 44.91, 44.91, 44.91, 208, 0.0
2021-05-17 11:50:00, 44.92, 44.93, 44.91, 44.91, 507, 0.0
2021-05-17 11:55:00, 44.93, 44.93, 44.93, 44.93, 400, 0.0
2021-05-17 12:00:00, 44.915, 44.915, 44.89, 44.89, 320, 0.0
2021-05-17 12:05:00, 44.89, 44.9, 44.89, 44.9, 933, 0.0
2021-05-17 12:10:00, 44.915, 44.935, 44.915, 44.935, 396, 0.0
2021-05-17 12:15:00, 44.95, 44.95, 44.94, 44.94, 1040, 0.0
2021-05-17 12:20:00, 44.93, 44.95, 44.93, 44.95, 278, 0.0
2021-05-17 12:25:00, 44.955, 44.96, 44.93, 44.93, 3266, 0.0
2021-05-17 12:30:00, 44.915, 44.92, 44.91, 44.92, 804, 0.0
2021-05-17 12:35:00, 44.935, 44.935, 44.92, 44.925, 323, 0.0
2021-05-17 12:40:00, 44.885, 44.93, 44.88, 44.93, 4233, 0.0
2021-05-17 12:45:00, 44.945, 44.95, 44.94, 44.94, 467, 0.0
2021-05-17 12:50:00, 44.95, 44.95, 44.91, 44.91, 509, 0.0
2021-05-17 12:55:00, 44.905, 44.915, 44.9, 44.915, 301, 0.0
2021-05-17 13:00:00, 44.88, 44.905, 44.865, 44.9, 2253, 0.0
2021-05-17 13:05:00, 44.905, 44.905, 44.89, 44.895, 333, 0.0
2021-05-17 13:10:00, 44.905, 44.905, 44.905, 44.905, 235, 0.0
2021-05-17 13:15:00, 44.915, 44.915, 44.915, 44.915, 100, 0.0
2021-05-17 13:20:00, 44.94, 44.995, 44.94, 44.995, 921, 0.0
2021-05-17 13:25:00, 44.99, 45.045, 44.99, 45.045, 1343, 0.0
2021-05-17 13:30:00, 45.06, 45.105, 45.05, 45.09, 2698, 0.0
2021-05-17 13:35:00, 45.08, 45.115, 45.08, 45.085, 3895, 0.0
2021-05-17 13:40:00, 45.105, 45.115, 45.105, 45.115, 500, 0.0
2021-05-17 13:45:00, 45.115, 45.145, 45.115, 45.145, 1587, 0.0
2021-05-17 13:50:00, 45.145, 45.175, 45.13, 45.135, 1512, 0.0
2021-05-17 13:55:00, 45.165, 45.175, 45.1, 45.105, 1636, 0.0
2021-05-17 14:00:00, 45.105, 45.155, 45.105, 45.145, 3009, 0.0
2021-05-17 14:05:00, 45.15, 45.17, 45.14, 45.17, 1534, 0.0
2021-05-17 14:10:00, 45.13, 45.145, 45.13, 45.14, 303, 0.0
2021-05-17 14:15:00, 45.12, 45.125, 45.105, 45.115, 5323, 0.0
2021-05-17 14:20:00, 45.105, 45.105, 45.1, 45.105, 4249, 0.0
2021-05-17 14:25:00, 45.105, 45.115, 45.085, 45.11, 5657, 0.0
2021-05-17 14:30:00, 45.115, 45.125, 45.04, 45.055, 3317, 0.0
2021-05-17 14:35:00, 45.03, 45.06, 45.02, 45.04, 3033, 0.0
2021-05-17 14:40:00, 45.06, 45.1, 45.05, 45.06, 4261, 0.0
2021-05-17 14:45:00, 45.065, 45.1, 45.065, 45.09, 2950, 0.0
2021-05-17 14:50:00, 45.09, 45.09, 45, 45, 19800, 0.0
2021-05-17 14:55:00, 44.995, 45.095, 44.945, 45.09, 38490, 0.0
2021-05-18 08:30:00, 44.97, 45.19, 44.915, 45.19, 3560, 0.0
2021-05-18 08:35:00, 45.13, 45.13, 45.08, 45.1, 706, 0.0
2021-05-18 08:40:00, 45.08, 45.13, 45.08, 45.11, 785, 0.0
2021-05-18 08:45:00, 45.12, 45.12, 45.04, 45.04, 1067, 0.0
2021-05-18 08:50:00, 45.04, 45.1, 45.03, 45.1, 3246, 0.0
2021-05-18 08:55:00, 45.11, 45.11, 45.04, 45.055, 4282, 0.0
2021-05-18 09:00:00, 45.06, 45.1, 45.035, 45.1, 4223, 0.0
2021-05-18 09:05:00, 45.09, 45.14, 45.06, 45.085, 2796, 0.0
2021-05-18 09:10:00, 45.095, 45.095, 45.04, 45.065, 2073, 0.0
2021-05-18 09:15:00, 45.12, 45.14, 45.12, 45.12, 1170, 0.0
2021-05-18 09:20:00, 45.09, 45.14, 45.09, 45.14, 1454, 0.0
2021-05-18 09:25:00, 45.155, 45.16, 45.125, 45.13, 1811, 0.0
2021-05-18 09:30:00, 45.16, 45.2, 45.15, 45.2, 2590, 0.0
2021-05-18 09:35:00, 45.165, 45.18, 45.165, 45.18, 803, 0.0
2021-05-18 09:40:00, 45.195, 45.28, 45.18, 45.28, 1217, 0.0
2021-05-18 09:45:00, 45.28, 45.31, 45.28, 45.3, 700, 0.0
2021-05-18 09:50:00, 45.33, 45.4, 45.33, 45.4, 1160, 0.0
2021-05-18 09:55:00, 45.38, 45.395, 45.38, 45.385, 1488, 0.0
2021-05-18 10:00:00, 45.405, 45.41, 45.375, 45.41, 7716, 0.0
2021-05-18 10:05:00, 45.385, 45.39, 45.34, 45.35, 2538, 0.0
2021-05-18 10:10:00, 45.365, 45.365, 45.325, 45.325, 693, 0.0
2021-05-18 10:15:00, 45.355, 45.375, 45.325, 45.345, 2806, 0.0
2021-05-18 10:20:00, 45.315, 45.335, 45.315, 45.33, 1941, 0.0
2021-05-18 10:25:00, 45.345, 45.38, 45.345, 45.38, 2481, 0.0
2021-05-18 10:30:00, 45.36, 45.39, 45.345, 45.385, 2037, 0.0
2021-05-18 10:35:00, 45.39, 45.41, 45.38, 45.39, 2420, 0.0
2021-05-18 10:40:00, 45.375, 45.375, 45.33, 45.34, 4287, 0.0
2021-05-18 10:45:00, 45.34, 45.365, 45.32, 45.34, 1459, 0.0
2021-05-18 10:50:00, 45.32, 45.335, 45.31, 45.31, 4270, 0.0
2021-05-18 10:55:00, 45.29, 45.31, 45.265, 45.31, 5136, 0.0
2021-05-18 11:00:00, 45.305, 45.325, 45.285, 45.315, 2198, 0.0
2021-05-18 11:05:00, 45.35, 45.37, 45.345, 45.345, 1174, 0.0
2021-05-18 11:10:00, 45.33, 45.34, 45.315, 45.325, 2028, 0.0
2021-05-18 11:15:00, 45.32, 45.355, 45.315, 45.345, 2053, 0.0
2021-05-18 11:20:00, 45.36, 45.37, 45.33, 45.36, 3897, 0.0
2021-05-18 11:25:00, 45.35, 45.38, 45.33, 45.375, 4111, 0.0
2021-05-18 11:30:00, 45.375, 45.385, 45.375, 45.385, 1231, 0.0
2021-05-18 11:35:00, 45.375, 45.39, 45.37, 45.37, 1748, 0.0
2021-05-18 11:40:00, 45.365, 45.395, 45.365, 45.395, 3597, 0.0
2021-05-18 11:45:00, 45.39, 45.41, 45.39, 45.39, 1472, 0.0
2021-05-18 11:50:00, 45.39, 45.39, 45.355, 45.39, 3176, 0.0
2021-05-18 11:55:00, 45.36, 45.385, 45.36, 45.375, 1508, 0.0
2021-05-18 12:00:00, 45.41, 45.41, 45.405, 45.405, 503, 0.0
2021-05-18 12:05:00, 45.395, 45.4, 45.385, 45.39, 2397, 0.0
2021-05-18 12:10:00, 45.395, 45.415, 45.385, 45.415, 3406, 0.0
2021-05-18 12:15:00, 45.42, 45.42, 45.385, 45.41, 4171, 0.0
2021-05-18 12:20:00, 45.43, 45.435, 45.425, 45.435, 995, 0.0
2021-05-18 12:25:00, 45.435, 45.45, 45.425, 45.425, 2342, 0.0
2021-05-18 12:30:00, 45.395, 45.4, 45.39, 45.4, 1422, 0.0
2021-05-18 12:35:00, 45.405, 45.45, 45.405, 45.44, 4881, 0.0
2021-05-18 12:40:00, 45.46, 45.51, 45.46, 45.51, 2355, 0.0
2021-05-18 12:45:00, 45.5, 45.55, 45.5, 45.545, 1302, 0.0
2021-05-18 12:50:00, 45.545, 45.57, 45.54, 45.555, 1581, 0.0
2021-05-18 12:55:00, 45.53, 45.53, 45.52, 45.52, 3409, 0.0
2021-05-18 13:00:00, 45.52, 45.565, 45.52, 45.52, 1666, 0.0
2021-05-18 13:05:00, 45.515, 45.56, 45.515, 45.55, 1292, 0.0
2021-05-18 13:10:00, 45.55, 45.55, 45.52, 45.54, 1555, 0.0
2021-05-18 13:15:00, 45.535, 45.565, 45.525, 45.565, 5502, 0.0
2021-05-18 13:20:00, 45.565, 45.565, 45.515, 45.545, 5618, 0.0
2021-05-18 13:25:00, 45.545, 45.605, 45.545, 45.605, 12560, 0.0
2021-05-18 13:30:00, 45.605, 45.63, 45.605, 45.62, 2376, 0.0
2021-05-18 13:35:00, 45.605, 45.645, 45.605, 45.645, 1363, 0.0
2021-05-18 13:40:00, 45.61, 45.635, 45.61, 45.625, 2712, 0.0
2021-05-18 13:45:00, 45.635, 45.635, 45.605, 45.625, 2881, 0.0
2021-05-18 13:50:00, 45.635, 45.635, 45.61, 45.615, 1878, 0.0
2021-05-18 13:55:00, 45.615, 45.675, 45.61, 45.675, 3391, 0.0
2021-05-18 14:00:00, 45.67, 45.685, 45.635, 45.645, 6110, 0.0
2021-05-18 14:05:00, 45.64, 45.645, 45.61, 45.64, 2106, 0.0
2021-05-18 14:10:00, 45.63, 45.635, 45.58, 45.585, 2502, 0.0
2021-05-18 14:15:00, 45.595, 45.625, 45.59, 45.625, 2170, 0.0
2021-05-18 14:20:00, 45.65, 45.65, 45.615, 45.63, 1967, 0.0
2021-05-18 14:25:00, 45.635, 45.65, 45.615, 45.65, 2883, 0.0
2021-05-18 14:30:00, 45.645, 45.695, 45.61, 45.695, 7050, 0.0
2021-05-18 14:35:00, 45.685, 45.695, 45.64, 45.655, 2730, 0.0
2021-05-18 14:40:00, 45.675, 45.7, 45.645, 45.68, 3704, 0.0
2021-05-18 14:45:00, 45.685, 45.705, 45.67, 45.7, 4524, 0.0
2021-05-18 14:50:00, 45.68, 45.71, 45.635, 45.67, 17694, 0.0
2021-05-18 14:55:00, 45.675, 45.72, 45.64, 45.65, 28134, 0.0
2021-05-19 08:30:00, 45.4, 45.5, 45.23, 45.435, 15231, 0.0
2021-05-19 08:35:00, 45.56, 45.56, 45.425, 45.49, 6468, 0.0
2021-05-19 08:40:00, 45.5, 45.63, 45.485, 45.63, 4978, 0.0
2021-05-19 08:45:00, 45.625, 45.655, 45.53, 45.655, 2289, 0.0
2021-05-19 08:50:00, 45.64, 45.665, 45.615, 45.64, 5347, 0.0
2021-05-19 08:55:00, 45.62, 45.63, 45.515, 45.6, 14708, 0.0
2021-05-19 09:00:00, 45.605, 45.63, 45.43, 45.435, 3779, 0.0
2021-05-19 09:05:00, 45.445, 45.445, 45.145, 45.145, 1076, 0.0
2021-05-19 09:10:00, 45.15, 45.215, 45.15, 45.2, 57740, 0.0
2021-05-19 09:15:00, 45.2, 45.2, 45.07, 45.165, 16744, 0.0
2021-05-19 09:20:00, 45.23, 45.28, 45.195, 45.28, 2724, 0.0
2021-05-19 09:25:00, 45.28, 45.405, 45.28, 45.405, 21699, 0.0
2021-05-19 09:30:00, 45.37, 45.51, 45.37, 45.505, 29629, 0.0
2021-05-19 09:35:00, 45.51, 45.55, 45.365, 45.38, 22346, 0.0
2021-05-19 09:40:00, 45.4, 45.4, 45.31, 45.4, 1918, 0.0
2021-05-19 09:45:00, 45.38, 45.45, 45.38, 45.39, 1771, 0.0
2021-05-19 09:50:00, 45.4, 45.51, 45.4, 45.47, 6804, 0.0
2021-05-19 09:55:00, 45.48, 45.495, 45.4, 45.4, 2005, 0.0
2021-05-19 10:00:00, 45.35, 45.495, 45.35, 45.48, 8114, 0.0
2021-05-19 10:05:00, 45.45, 45.66, 45.45, 45.655, 1312, 0.0
2021-05-19 10:10:00, 45.655, 45.89, 45.655, 45.69, 4716, 0.0
2021-05-19 10:15:00, 45.66, 45.7, 45.58, 45.7, 1669, 0.0
2021-05-19 10:20:00, 45.75, 45.8, 45.72, 45.8, 7553, 0.0
2021-05-19 10:25:00, 45.775, 46, 45.755, 45.945, 4892, 0.0
2021-05-19 10:30:00, 45.945, 45.99, 45.87, 45.94, 6019, 0.0
2021-05-19 10:35:00, 45.98, 46.01, 45.915, 45.955, 34901, 0.0
2021-05-19 10:40:00, 45.96, 45.96, 45.905, 45.96, 2487, 0.0
2021-05-19 10:45:00, 46, 46.01, 45.95, 45.98, 4123, 0.0
2021-05-19 10:50:00, 46.03, 46.095, 46.03, 46.04, 1731, 0.0
2021-05-19 10:55:00, 46.08, 46.09, 45.995, 46.02, 2382, 0.0
2021-05-19 11:00:00, 46.035, 46.05, 46.035, 46.04, 1236, 0.0
2021-05-19 11:05:00, 46.04, 46.06, 46.025, 46.05, 3050, 0.0
2021-05-19 11:10:00, 46.065, 46.065, 45.91, 45.91, 1807, 0.0
2021-05-19 11:15:00, 45.9, 45.93, 45.845, 45.88, 10231, 0.0
2021-05-19 11:20:00, 45.88, 45.88, 45.86, 45.88, 4366, 0.0
2021-05-19 11:25:00, 45.885, 45.915, 45.885, 45.91, 1729, 0.0
2021-05-19 11:30:00, 45.92, 45.945, 45.91, 45.945, 2052, 0.0
2021-05-19 11:35:00, 45.945, 45.97, 45.91, 45.965, 5232, 0.0
2021-05-19 11:40:00, 45.99, 45.995, 45.955, 45.975, 3153, 0.0
2021-05-19 11:45:00, 45.97, 46, 45.97, 45.98, 1780, 0.0
2021-05-19 11:50:00, 45.995, 46, 45.99, 45.995, 1931, 0.0
2021-05-19 11:55:00, 45.995, 46, 45.965, 45.98, 3289, 0.0
2021-05-19 12:00:00, 45.99, 46.01, 45.96, 45.965, 4214, 0.0
2021-05-19 12:05:00, 45.975, 46.015, 45.955, 45.955, 2644, 0.0
2021-05-19 12:10:00, 45.96, 46.01, 45.945, 46.01, 2854, 0.0
2021-05-19 12:15:00, 45.96, 46, 45.95, 46, 2709, 0.0
2021-05-19 12:20:00, 45.99, 46, 45.99, 46, 701, 0.0
2021-05-19 12:25:00, 46.01, 46.01, 45.96, 45.96, 2250, 0.0
2021-05-19 12:30:00, 45.995, 46, 45.98, 45.99, 4715, 0.0
2021-05-19 12:35:00, 45.99, 46, 45.91, 45.955, 2032, 0.0
2021-05-19 12:40:00, 45.97, 46, 45.97, 45.995, 813, 0.0
2021-05-19 12:45:00, 46, 46, 45.985, 46, 1400, 0.0
2021-05-19 12:50:00, 46.005, 46.015, 45.995, 46.005, 1647, 0.0
2021-05-19 12:55:00, 46.015, 46.02, 45.99, 46, 2667, 0.0
2021-05-19 13:00:00, 45.995, 46.02, 45.91, 45.91, 4454, 0.0
2021-05-19 13:05:00, 45.92, 45.99, 45.86, 45.86, 4349, 0.0
2021-05-19 13:10:00, 45.85, 45.86, 45.76, 45.8, 4456, 0.0
2021-05-19 13:15:00, 45.82, 45.945, 45.82, 45.945, 59385, 0.0
2021-05-19 13:20:00, 45.96, 46.1, 45.96, 46.08, 3124, 0.0
2021-05-19 13:25:00, 46.03, 46.03, 46, 46, 1043, 0.0
2021-05-19 13:30:00, 46, 46.07, 45.96, 45.96, 3162, 0.0
2021-05-19 13:35:00, 45.94, 45.96, 45.88, 45.88, 1404, 0.0
2021-05-19 13:40:00, 45.88, 45.94, 45.88, 45.94, 3464, 0.0
2021-05-19 13:45:00, 45.9, 45.91, 45.88, 45.88, 408, 0.0
2021-05-19 13:50:00, 45.85, 45.865, 45.83, 45.865, 1637, 0.0
2021-05-19 13:55:00, 45.87, 45.91, 45.865, 45.87, 1793, 0.0
2021-05-19 14:00:00, 45.87, 45.87, 45.74, 45.76, 3470, 0.0
2021-05-19 14:05:00, 45.765, 45.785, 45.745, 45.785, 1658, 0.0
2021-05-19 14:10:00, 45.79, 45.855, 45.78, 45.825, 2700, 0.0
2021-05-19 14:15:00, 45.82, 45.885, 45.82, 45.875, 1854, 0.0
2021-05-19 14:20:00, 45.845, 45.88, 45.81, 45.88, 2843, 0.0
2021-05-19 14:25:00, 45.87, 45.925, 45.83, 45.88, 4302, 0.0
2021-05-19 14:30:00, 45.89, 45.89, 45.71, 45.74, 10830, 0.0
2021-05-19 14:35:00, 45.74, 45.75, 45.595, 45.625, 10245, 0.0
2021-05-19 14:40:00, 45.62, 45.645, 45.58, 45.58, 8921, 0.0
2021-05-19 14:45:00, 45.58, 45.61, 45.53, 45.575, 9047, 0.0
2021-05-19 14:50:00, 45.58, 45.66, 45.555, 45.555, 23155, 0.0
2021-05-19 14:55:00, 45.555, 45.635, 45.49, 45.52, 77363, 0.0
2021-05-20 08:30:00, 45.51, 45.68, 45.455, 45.61, 6809, 0.0
2021-05-20 08:35:00, 45.67, 45.82, 45.67, 45.75, 1743, 0.0
2021-05-20 08:40:00, 45.76, 45.815, 45.7, 45.8, 1065, 0.0
2021-05-20 08:45:00, 45.9, 45.93, 45.895, 45.93, 1079, 0.0
2021-05-20 08:50:00, 45.96, 45.96, 45.94, 45.945, 988, 0.0
2021-05-20 08:55:00, 45.96, 45.96, 45.9, 45.91, 1172, 0.0
2021-05-20 09:00:00, 45.89, 45.89, 45.875, 45.875, 209, 0.0
2021-05-20 09:05:00, 45.79, 45.79, 45.71, 45.725, 1609, 0.0
2021-05-20 09:10:00, 45.7, 45.715, 45.65, 45.66, 3275, 0.0
2021-05-20 09:15:00, 45.655, 45.78, 45.65, 45.78, 1021, 0.0
2021-05-20 09:20:00, 45.73, 45.73, 45.7, 45.73, 566, 0.0
2021-05-20 09:25:00, 45.75, 45.75, 45.69, 45.69, 869, 0.0
2021-05-20 09:30:00, 45.74, 45.74, 45.73, 45.73, 224, 0.0
2021-05-20 09:35:00, 45.725, 45.725, 45.69, 45.71, 1533, 0.0
2021-05-20 09:45:00, 45.7, 45.72, 45.7, 45.705, 1010, 0.0
2021-05-20 09:50:00, 45.7, 45.73, 45.685, 45.705, 3909, 0.0
2021-05-20 09:55:00, 45.73, 45.74, 45.7, 45.74, 1088, 0.0
2021-05-20 10:00:00, 45.76, 45.76, 45.7, 45.7, 501, 0.0
2021-05-20 10:05:00, 45.665, 45.665, 45.665, 45.665, 500, 0.0
2021-05-20 10:10:00, 45.705, 45.705, 45.63, 45.63, 1159, 0.0
2021-05-20 10:15:00, 45.65, 45.675, 45.65, 45.675, 422, 0.0
2021-05-20 10:20:00, 45.665, 45.665, 45.665, 45.665, 100, 0.0
2021-05-20 10:25:00, 45.655, 45.7, 45.655, 45.7, 900, 0.0
2021-05-20 10:30:00, 45.74, 45.74, 45.74, 45.74, 927, 0.0
2021-05-20 10:35:00, 45.77, 45.795, 45.77, 45.78, 1626, 0.0
2021-05-20 10:40:00, 45.81, 45.88, 45.81, 45.87, 918, 0.0
2021-05-20 10:45:00, 45.885, 45.95, 45.885, 45.95, 1694, 0.0
2021-05-20 10:50:00, 45.98, 45.98, 45.94, 45.94, 210, 0.0
2021-05-20 10:55:00, 45.97, 45.975, 45.97, 45.975, 342, 0.0
2021-05-20 11:00:00, 45.955, 45.98, 45.955, 45.98, 520, 0.0
2021-05-20 11:05:00, 45.93, 45.93, 45.91, 45.91, 557, 0.0
2021-05-20 11:10:00, 45.96, 45.96, 45.96, 45.96, 101, 0.0
2021-05-20 11:15:00, 45.9, 45.91, 45.9, 45.91, 500, 0.0
2021-05-20 11:20:00, 45.94, 45.945, 45.865, 45.91, 3920, 0.0
2021-05-20 11:25:00, 45.905, 45.94, 45.905, 45.94, 352, 0.0
2021-05-20 11:30:00, 45.97, 45.97, 45.97, 45.97, 210, 0.0
2021-05-20 11:35:00, 45.96, 45.96, 45.96, 45.96, 103, 0.0
2021-05-20 11:40:00, 45.99, 46, 45.97, 45.97, 713, 0.0
2021-05-20 11:45:00, 45.99, 46, 45.99, 45.995, 423, 0.0
2021-05-20 11:50:00, 45.96, 45.96, 45.96, 45.96, 411, 0.0
2021-05-20 12:00:00, 46, 46, 46, 46, 240, 0.0
2021-05-20 12:05:00, 45.98, 45.99, 45.98, 45.99, 802, 0.0
2021-05-20 12:10:00, 45.99, 46, 45.99, 46, 600, 0.0
2021-05-20 12:15:00, 46.01, 46.01, 46.005, 46.005, 515, 0.0
2021-05-20 12:20:00, 46.015, 46.03, 46, 46, 1274, 0.0
2021-05-20 12:25:00, 46, 46, 45.975, 45.98, 1273, 0.0
2021-05-20 12:35:00, 45.945, 45.97, 45.945, 45.96, 673, 0.0
2021-05-20 12:40:00, 45.955, 45.975, 45.955, 45.97, 900, 0.0
2021-05-20 12:45:00, 45.97, 45.98, 45.97, 45.98, 468, 0.0
2021-05-20 12:50:00, 46, 46.01, 45.94, 45.94, 2076, 0.0
2021-05-20 12:55:00, 45.94, 45.94, 45.915, 45.915, 550, 0.0
2021-05-20 13:00:00, 45.91, 45.92, 45.9, 45.92, 610, 0.0
2021-05-20 13:05:00, 45.915, 45.92, 45.87, 45.89, 1520, 0.0
2021-05-20 13:10:00, 45.9, 45.91, 45.9, 45.9, 512, 0.0
2021-05-20 13:15:00, 45.87, 45.87, 45.86, 45.86, 1564, 0.0
2021-05-20 13:20:00, 45.86, 45.86, 45.85, 45.85, 1456, 0.0
2021-05-20 13:25:00, 45.855, 45.87, 45.85, 45.87, 684, 0.0
2021-05-20 13:30:00, 45.88, 45.88, 45.85, 45.85, 1131, 0.0
2021-05-20 13:35:00, 45.85, 45.86, 45.85, 45.86, 343, 0.0
2021-05-20 13:40:00, 45.85, 45.85, 45.85, 45.85, 200, 0.0
2021-05-20 13:45:00, 45.83, 45.835, 45.81, 45.82, 1418, 0.0
2021-05-20 13:50:00, 45.84, 45.84, 45.82, 45.83, 900, 0.0
2021-05-20 13:55:00, 45.83, 45.83, 45.795, 45.81, 2405, 0.0
2021-05-20 14:00:00, 45.795, 45.8, 45.75, 45.75, 5012, 0.0
2021-05-20 14:05:00, 45.75, 45.78, 45.75, 45.78, 2187, 0.0
2021-05-20 14:10:00, 45.82, 45.86, 45.82, 45.85, 1400, 0.0
2021-05-20 14:15:00, 45.85, 45.89, 45.85, 45.87, 1360, 0.0
2021-05-20 14:20:00, 45.87, 45.94, 45.87, 45.94, 2801, 0.0
2021-05-20 14:25:00, 45.95, 45.95, 45.93, 45.93, 1514, 0.0
2021-05-20 14:30:00, 45.915, 45.965, 45.915, 45.93, 1804, 0.0
2021-05-20 14:35:00, 45.93, 45.965, 45.93, 45.93, 1809, 0.0
2021-05-20 14:40:00, 45.95, 45.95, 45.9, 45.91, 2644, 0.0
2021-05-20 14:45:00, 45.92, 45.92, 45.855, 45.86, 2226, 0.0
2021-05-20 14:50:00, 45.815, 45.82, 45.74, 45.8, 5897, 0.0
2021-05-20 14:55:00, 45.79, 45.79, 45.71, 45.73, 9076, 0.0
2021-05-21 08:30:00, 45.875, 46.03, 45.875, 46.03, 4269, 0.0
2021-05-21 08:35:00, 45.96, 46.1, 45.95, 46.1, 1571, 0.0
2021-05-21 08:40:00, 46.03, 46.07, 46.02, 46.02, 1083, 0.0
2021-05-21 08:45:00, 46.06, 46.06, 45.93, 45.93, 1209, 0.0
2021-05-21 08:50:00, 45.87, 45.87, 45.85, 45.85, 214, 0.0
2021-05-21 08:55:00, 45.78, 45.83, 45.78, 45.81, 1350, 0.0
2021-05-21 09:00:00, 45.77, 45.775, 45.69, 45.71, 1356, 0.0
2021-05-21 09:05:00, 45.73, 45.735, 45.71, 45.735, 914, 0.0
2021-05-21 09:10:00, 45.71, 45.74, 45.71, 45.74, 1313, 0.0
2021-05-21 09:15:00, 45.77, 45.77, 45.75, 45.75, 705, 0.0
2021-05-21 09:20:00, 45.74, 45.74, 45.7, 45.71, 2133, 0.0
2021-05-21 09:25:00, 45.68, 45.71, 45.675, 45.71, 2357, 0.0
2021-05-21 09:30:00, 45.71, 45.71, 45.71, 45.71, 602, 0.0
2021-05-21 09:35:00, 45.65, 45.65, 45.615, 45.645, 2850, 0.0
2021-05-21 09:40:00, 45.73, 45.73, 45.7, 45.7, 418, 0.0
2021-05-21 09:45:00, 45.68, 45.7, 45.68, 45.69, 758, 0.0
2021-05-21 09:50:00, 45.71, 45.71, 45.65, 45.65, 1137, 0.0
2021-05-21 09:55:00, 45.65, 45.68, 45.65, 45.68, 857, 0.0
2021-05-21 10:00:00, 45.73, 45.76, 45.7, 45.76, 1506, 0.0
2021-05-21 10:10:00, 45.77, 45.81, 45.77, 45.8, 1298, 0.0
2021-05-21 10:15:00, 45.82, 45.82, 45.82, 45.82, 202, 0.0
2021-05-21 10:20:00, 45.82, 45.82, 45.82, 45.82, 559, 0.0
2021-05-21 10:25:00, 45.815, 45.815, 45.755, 45.755, 1074, 0.0
2021-05-21 10:35:00, 45.765, 45.765, 45.72, 45.73, 2268, 0.0
2021-05-21 10:40:00, 45.74, 45.74, 45.63, 45.66, 1038, 0.0
2021-05-21 10:45:00, 45.66, 45.72, 45.66, 45.68, 1011, 0.0
2021-05-21 10:50:00, 45.69, 45.69, 45.65, 45.65, 2704, 0.0
2021-05-21 10:55:00, 45.65, 45.67, 45.615, 45.64, 948, 0.0
2021-05-21 11:00:00, 45.62, 45.64, 45.6, 45.61, 5086, 0.0
2021-05-21 11:05:00, 45.6, 45.6, 45.53, 45.53, 1813, 0.0
2021-05-21 11:10:00, 45.49, 45.61, 45.49, 45.61, 1308, 0.0
2021-05-21 11:15:00, 45.63, 45.63, 45.63, 45.63, 111, 0.0
2021-05-21 11:20:00, 45.64, 45.64, 45.64, 45.64, 100, 0.0
2021-05-21 11:25:00, 45.64, 45.64, 45.6, 45.61, 1704, 0.0
2021-05-21 11:30:00, 45.61, 45.61, 45.6, 45.6, 201, 0.0
2021-05-21 11:35:00, 45.59, 45.59, 45.545, 45.55, 2273, 0.0
2021-05-21 11:40:00, 45.55, 45.55, 45.52, 45.53, 819, 0.0
2021-05-21 11:45:00, 45.52, 45.52, 45.5, 45.51, 509, 0.0
2021-05-21 11:50:00, 45.52, 45.55, 45.5, 45.5, 2205, 0.0
2021-05-21 11:55:00, 45.49, 45.51, 45.49, 45.51, 1104, 0.0
2021-05-21 12:00:00, 45.53, 45.53, 45.53, 45.53, 303, 0.0
2021-05-21 12:05:00, 45.54, 45.56, 45.54, 45.56, 551, 0.0
2021-05-21 12:10:00, 45.53, 45.53, 45.525, 45.53, 413, 0.0
2021-05-21 12:15:00, 45.53, 45.53, 45.53, 45.53, 780, 0.0
2021-05-21 12:20:00, 45.54, 45.63, 45.54, 45.6, 1911, 0.0
2021-05-21 12:25:00, 45.64, 45.64, 45.64, 45.64, 205, 0.0
2021-05-21 12:30:00, 45.63, 45.63, 45.63, 45.63, 207, 0.0
2021-05-21 12:35:00, 45.64, 45.64, 45.64, 45.64, 200, 0.0
2021-05-21 12:40:00, 45.64, 45.65, 45.63, 45.63, 1910, 0.0
2021-05-21 12:45:00, 45.65, 45.65, 45.64, 45.64, 515, 0.0
2021-05-21 12:50:00, 45.64, 45.65, 45.64, 45.65, 386, 0.0
2021-05-21 12:55:00, 45.64, 45.67, 45.64, 45.67, 909, 0.0
2021-05-21 13:00:00, 45.655, 45.68, 45.65, 45.66, 3822, 0.0
2021-05-21 13:05:00, 45.66, 45.665, 45.64, 45.655, 5429, 0.0
2021-05-21 13:10:00, 45.65, 45.66, 45.65, 45.65, 3640, 0.0
2021-05-21 13:15:00, 45.64, 45.66, 45.64, 45.66, 2164, 0.0
2021-05-21 13:20:00, 45.65, 45.65, 45.635, 45.65, 655, 0.0
2021-05-21 13:25:00, 45.64, 45.64, 45.62, 45.62, 847, 0.0
2021-05-21 13:30:00, 45.63, 45.715, 45.63, 45.71, 1495, 0.0
2021-05-21 13:35:00, 45.73, 45.73, 45.68, 45.68, 1486, 0.0
2021-05-21 13:40:00, 45.68, 45.7, 45.68, 45.7, 1755, 0.0
2021-05-21 13:45:00, 45.74, 45.75, 45.735, 45.735, 701, 0.0
2021-05-21 13:50:00, 45.77, 45.8, 45.77, 45.8, 1488, 0.0
2021-05-21 13:55:00, 45.825, 45.825, 45.8, 45.805, 1801, 0.0
2021-05-21 14:00:00, 45.79, 45.795, 45.775, 45.795, 1435, 0.0
2021-05-21 14:05:00, 45.79, 45.79, 45.79, 45.79, 304, 0.0
2021-05-21 14:10:00, 45.81, 45.87, 45.81, 45.87, 951, 0.0
2021-05-21 14:15:00, 45.86, 45.885, 45.86, 45.885, 1340, 0.0
2021-05-21 14:20:00, 45.88, 45.895, 45.865, 45.87, 1737, 0.0
2021-05-21 14:25:00, 45.86, 45.91, 45.86, 45.91, 1112, 0.0
2021-05-21 14:30:00, 45.89, 45.9, 45.87, 45.89, 970, 0.0
2021-05-21 14:35:00, 45.905, 45.925, 45.9, 45.9, 1104, 0.0
2021-05-21 14:40:00, 45.87, 45.87, 45.83, 45.83, 1912, 0.0
2021-05-21 14:45:00, 45.81, 45.87, 45.79, 45.87, 878, 0.0
2021-05-21 14:50:00, 45.86, 45.92, 45.845, 45.89, 7543, 0.0
2021-05-21 14:55:00, 45.89, 45.9, 45.825, 45.825, 11625, 0.0
2021-05-24 08:30:00, 45.97, 46.27, 45.97, 46.13, 2269, 0.0
2021-05-24 08:35:00, 46.13, 46.13, 46.08, 46.09, 708, 0.0
2021-05-24 08:40:00, 46.04, 46.04, 45.85, 45.87, 1990, 0.0
2021-05-24 08:45:00, 45.87, 45.9, 45.835, 45.9, 2127, 0.0
2021-05-24 08:50:00, 45.835, 45.86, 45.835, 45.85, 775, 0.0
2021-05-24 08:55:00, 45.78, 45.79, 45.78, 45.79, 263, 0.0
2021-05-24 09:00:00, 45.81, 45.82, 45.775, 45.8, 3544, 0.0
2021-05-24 09:05:00, 45.81, 45.81, 45.77, 45.77, 825, 0.0
2021-05-24 09:10:00, 45.725, 45.8, 45.725, 45.8, 1540, 0.0
2021-05-24 09:15:00, 45.8, 45.835, 45.79, 45.82, 7844, 0.0
2021-05-24 09:20:00, 45.805, 45.86, 45.805, 45.86, 3033, 0.0
2021-05-24 09:25:00, 45.84, 45.84, 45.79, 45.84, 995, 0.0
2021-05-24 09:30:00, 45.815, 45.87, 45.81, 45.86, 3453, 0.0
2021-05-24 09:35:00, 45.87, 45.87, 45.83, 45.83, 665, 0.0
2021-05-24 09:40:00, 45.87, 45.91, 45.87, 45.91, 267, 0.0
2021-05-24 09:45:00, 45.91, 45.92, 45.9, 45.91, 759, 0.0
2021-05-24 09:50:00, 45.93, 45.93, 45.93, 45.93, 335, 0.0
2021-05-24 09:55:00, 45.93, 45.94, 45.92, 45.92, 845, 0.0
2021-05-24 10:00:00, 45.91, 45.93, 45.895, 45.9, 1071, 0.0
2021-05-24 10:05:00, 45.9, 45.94, 45.9, 45.91, 829, 0.0
2021-05-24 10:10:00, 45.9, 45.9, 45.9, 45.9, 1142, 0.0
2021-05-24 10:15:00, 45.89, 45.94, 45.89, 45.925, 714, 0.0
2021-05-24 10:20:00, 45.85, 45.85, 45.85, 45.85, 107, 0.0
2021-05-24 10:25:00, 45.86, 45.865, 45.84, 45.86, 2719, 0.0
2021-05-24 10:30:00, 45.855, 45.855, 45.81, 45.825, 2501, 0.0
2021-05-24 10:35:00, 45.805, 45.805, 45.79, 45.805, 904, 0.0
2021-05-24 10:40:00, 45.8, 45.85, 45.79, 45.82, 2583, 0.0
2021-05-24 10:45:00, 45.815, 45.83, 45.79, 45.79, 2246, 0.0
2021-05-24 10:50:00, 45.795, 45.795, 45.775, 45.775, 1452, 0.0
2021-05-24 10:55:00, 45.76, 45.77, 45.73, 45.77, 1268, 0.0
2021-05-24 11:00:00, 45.75, 45.75, 45.72, 45.72, 793, 0.0
2021-05-24 11:05:00, 45.75, 45.76, 45.725, 45.735, 2956, 0.0
2021-05-24 11:10:00, 45.795, 45.795, 45.77, 45.77, 695, 0.0
2021-05-24 11:20:00, 45.765, 45.78, 45.755, 45.76, 951, 0.0
2021-05-24 11:25:00, 45.795, 45.795, 45.78, 45.78, 510, 0.0
2021-05-24 11:30:00, 45.78, 45.79, 45.77, 45.78, 1550, 0.0
2021-05-24 11:35:00, 45.8, 45.8, 45.785, 45.79, 1207, 0.0
2021-05-24 11:40:00, 45.8, 45.875, 45.795, 45.86, 2312, 0.0
2021-05-24 11:45:00, 45.87, 45.89, 45.87, 45.875, 1716, 0.0
2021-05-24 11:50:00, 45.86, 45.88, 45.86, 45.88, 1336, 0.0
2021-05-24 11:55:00, 45.87, 45.89, 45.87, 45.88, 1068, 0.0
2021-05-24 12:00:00, 45.865, 45.87, 45.86, 45.87, 1027, 0.0
2021-05-24 12:05:00, 45.86, 45.875, 45.8, 45.82, 3700, 0.0
2021-05-24 12:10:00, 45.82, 45.82, 45.77, 45.8, 677, 0.0
2021-05-24 12:15:00, 45.81, 45.845, 45.81, 45.84, 1020, 0.0
2021-05-24 12:20:00, 45.835, 45.835, 45.835, 45.835, 100, 0.0
2021-05-24 12:25:00, 45.84, 45.85, 45.835, 45.845, 602, 0.0
2021-05-24 12:30:00, 45.86, 45.86, 45.85, 45.85, 536, 0.0
2021-05-24 12:35:00, 45.86, 45.86, 45.85, 45.85, 756, 0.0
2021-05-24 12:40:00, 45.845, 45.845, 45.845, 45.845, 124, 0.0
2021-05-24 12:45:00, 45.85, 45.85, 45.84, 45.84, 300, 0.0
2021-05-24 13:00:00, 45.89, 45.89, 45.89, 45.89, 227, 0.0
2021-05-24 13:05:00, 45.9, 45.9, 45.89, 45.9, 1255, 0.0
2021-05-24 13:10:00, 45.9, 45.9, 45.9, 45.9, 129, 0.0
2021-05-24 13:15:00, 45.93, 45.93, 45.93, 45.93, 410, 0.0
2021-05-24 13:20:00, 45.93, 45.93, 45.93, 45.93, 200, 0.0
2021-05-24 13:25:00, 45.94, 45.94, 45.94, 45.94, 330, 0.0
2021-05-24 13:30:00, 45.95, 45.97, 45.95, 45.965, 1454, 0.0
2021-05-24 13:35:00, 45.96, 45.96, 45.93, 45.935, 2024, 0.0
2021-05-24 13:40:00, 45.935, 45.985, 45.935, 45.975, 1569, 0.0
2021-05-24 13:45:00, 45.98, 46.03, 45.98, 46.03, 2501, 0.0
2021-05-24 13:50:00, 46.015, 46.015, 45.98, 45.98, 1152, 0.0
2021-05-24 13:55:00, 45.97, 45.97, 45.97, 45.97, 112, 0.0
2021-05-24 14:05:00, 45.94, 45.96, 45.94, 45.94, 754, 0.0
2021-05-24 14:10:00, 45.965, 46, 45.965, 46, 1444, 0.0
2021-05-24 14:15:00, 46, 46.06, 46, 46.05, 2449, 0.0
2021-05-24 14:20:00, 46.045, 46.055, 46.045, 46.055, 335, 0.0
2021-05-24 14:25:00, 46.055, 46.055, 46.04, 46.05, 444, 0.0
2021-05-24 14:30:00, 46.1, 46.155, 46.1, 46.155, 2666, 0.0
2021-05-24 14:35:00, 46.165, 46.175, 46.155, 46.17, 4457, 0.0
2021-05-24 14:40:00, 46.155, 46.16, 46.14, 46.16, 3588, 0.0
2021-05-24 14:45:00, 46.18, 46.18, 46.13, 46.17, 5738, 0.0
2021-05-24 14:50:00, 46.19, 46.21, 46.085, 46.11, 12194, 0.0
2021-05-24 14:55:00, 46.1, 46.1, 45.995, 46.03, 15409, 0.0
2021-05-25 08:30:00, 46.05, 46.05, 45.67, 45.67, 5807, 0.0
2021-05-25 08:35:00, 45.61, 45.63, 45.45, 45.48, 2845, 0.0
2021-05-25 08:40:00, 45.43, 45.43, 45.27, 45.27, 2250, 0.0
2021-05-25 08:45:00, 45.3, 45.32, 45.26, 45.265, 1365, 0.0
2021-05-25 08:50:00, 45.28, 45.375, 45.28, 45.375, 1805, 0.0
2021-05-25 08:55:00, 45.37, 45.445, 45.37, 45.405, 2093, 0.0
2021-05-25 09:00:00, 45.37, 45.37, 45.25, 45.25, 1590, 0.0
2021-05-25 09:05:00, 45.225, 45.225, 45.18, 45.18, 961, 0.0
2021-05-25 09:10:00, 45.185, 45.185, 45.09, 45.11, 803, 0.0
2021-05-25 09:15:00, 45.1, 45.105, 45.08, 45.095, 897, 0.0
2021-05-25 09:20:00, 45.04, 45.04, 45.01, 45.01, 412, 0.0
2021-05-25 09:25:00, 44.98, 44.99, 44.98, 44.99, 204, 0.0
2021-05-25 09:30:00, 44.95, 45.04, 44.95, 45.04, 2578, 0.0
2021-05-25 09:35:00, 45.01, 45.03, 44.97, 44.99, 1803, 0.0
2021-05-25 09:40:00, 44.98, 44.98, 44.975, 44.98, 603, 0.0
2021-05-25 09:45:00, 44.995, 45.025, 44.995, 45.025, 671, 0.0
2021-05-25 09:50:00, 45.07, 45.07, 45.06, 45.07, 954, 0.0
2021-05-25 09:55:00, 45.015, 45.03, 45.01, 45.025, 1016, 0.0
2021-05-25 10:00:00, 45.02, 45.075, 45.02, 45.07, 1408, 0.0
2021-05-25 10:05:00, 45.075, 45.145, 45.07, 45.14, 2727, 0.0
2021-05-25 10:10:00, 45.195, 45.21, 45.16, 45.16, 704, 0.0
2021-05-25 10:15:00, 45.16, 45.17, 45.16, 45.16, 1646, 0.0
2021-05-25 10:20:00, 45.16, 45.2, 45.15, 45.15, 3135, 0.0
2021-05-25 10:25:00, 45.19, 45.19, 45.16, 45.18, 1357, 0.0
2021-05-25 10:30:00, 45.17, 45.17, 45.045, 45.045, 1960, 0.0
2021-05-25 10:35:00, 45.03, 45.05, 45.02, 45.05, 905, 0.0
2021-05-25 10:40:00, 45.07, 45.08, 45.025, 45.025, 1019, 0.0
2021-05-25 10:45:00, 45.05, 45.05, 45.04, 45.05, 829, 0.0
2021-05-25 10:50:00, 45.04, 45.04, 45, 45, 705, 0.0
2021-05-25 10:55:00, 44.99, 45.01, 44.99, 45.005, 557, 0.0
2021-05-25 11:00:00, 45.03, 45.03, 45.03, 45.03, 229, 0.0
2021-05-25 11:05:00, 45.025, 45.08, 45.025, 45.065, 1348, 0.0
2021-05-25 11:10:00, 45.075, 45.095, 45.07, 45.095, 1758, 0.0
2021-05-25 11:15:00, 45.115, 45.14, 45.115, 45.135, 815, 0.0
2021-05-25 11:20:00, 45.145, 45.165, 45.13, 45.13, 1360, 0.0
2021-05-25 11:25:00, 45.125, 45.145, 45.11, 45.11, 382, 0.0
2021-05-25 11:30:00, 45.115, 45.14, 45.115, 45.12, 448, 0.0
2021-05-25 11:35:00, 45.13, 45.13, 45.13, 45.13, 120, 0.0
2021-05-25 11:40:00, 45.115, 45.16, 45.115, 45.15, 1129, 0.0
2021-05-25 11:45:00, 45.165, 45.165, 45.12, 45.12, 500, 0.0
2021-05-25 11:50:00, 45.11, 45.11, 45.09, 45.1, 661, 0.0
2021-05-25 11:55:00, 45.13, 45.16, 45.13, 45.145, 660, 0.0
2021-05-25 12:00:00, 45.125, 45.13, 45.1, 45.115, 1651, 0.0
2021-05-25 12:05:00, 45.11, 45.11, 45.07, 45.07, 400, 0.0
2021-05-25 12:10:00, 45.08, 45.09, 45.065, 45.065, 832, 0.0
2021-05-25 12:15:00, 45.095, 45.105, 45.095, 45.095, 328, 0.0
2021-05-25 12:20:00, 45.095, 45.11, 45.095, 45.11, 588, 0.0
2021-05-25 12:25:00, 45.12, 45.12, 45.12, 45.12, 100, 0.0
2021-05-25 12:30:00, 45.12, 45.12, 45.085, 45.085, 516, 0.0
2021-05-25 12:35:00, 45.03, 45.05, 45.02, 45.02, 1045, 0.0
2021-05-25 12:40:00, 45.02, 45.02, 45.02, 45.02, 203, 0.0
2021-05-25 12:45:00, 45.025, 45.025, 45.005, 45.005, 228, 0.0
2021-05-25 12:50:00, 44.99, 44.99, 44.98, 44.98, 416, 0.0
2021-05-25 12:55:00, 44.98, 44.99, 44.975, 44.975, 770, 0.0
2021-05-25 13:00:00, 44.995, 45.02, 44.995, 45.015, 1116, 0.0
2021-05-25 13:05:00, 44.97, 45, 44.97, 44.985, 1049, 0.0
2021-05-25 13:10:00, 44.955, 44.96, 44.925, 44.945, 1341, 0.0
2021-05-25 13:15:00, 44.915, 44.93, 44.875, 44.885, 1267, 0.0
2021-05-25 13:20:00, 44.86, 44.86, 44.855, 44.86, 912, 0.0
2021-05-25 13:25:00, 44.865, 44.9, 44.865, 44.9, 703, 0.0
2021-05-25 13:30:00, 44.91, 44.915, 44.905, 44.915, 734, 0.0
2021-05-25 13:35:00, 44.915, 44.915, 44.87, 44.87, 330, 0.0
2021-05-25 13:40:00, 44.875, 44.875, 44.875, 44.875, 361, 0.0
2021-05-25 13:45:00, 44.87, 44.87, 44.855, 44.855, 610, 0.0
2021-05-25 13:50:00, 44.88, 44.885, 44.88, 44.885, 267, 0.0
2021-05-25 13:55:00, 44.89, 44.9, 44.88, 44.9, 597, 0.0
2021-05-25 14:00:00, 44.895, 44.895, 44.865, 44.87, 413, 0.0
2021-05-25 14:05:00, 44.875, 44.885, 44.875, 44.885, 353, 0.0
2021-05-25 14:10:00, 44.85, 44.85, 44.815, 44.815, 1176, 0.0
2021-05-25 14:15:00, 44.82, 44.845, 44.82, 44.83, 2125, 0.0
2021-05-25 14:20:00, 44.85, 44.92, 44.845, 44.92, 1593, 0.0
2021-05-25 14:25:00, 44.93, 44.945, 44.92, 44.92, 1631, 0.0
2021-05-25 14:30:00, 44.915, 44.925, 44.89, 44.89, 3073, 0.0
2021-05-25 14:35:00, 44.925, 44.95, 44.91, 44.95, 2452, 0.0
2021-05-25 14:40:00, 44.95, 44.995, 44.945, 44.995, 4148, 0.0
2021-05-25 14:45:00, 44.99, 44.995, 44.92, 44.92, 3367, 0.0
2021-05-25 14:50:00, 44.91, 44.915, 44.86, 44.88, 6810, 0.0
2021-05-25 14:55:00, 44.9, 44.985, 44.9, 44.905, 19803, 0.0
2021-05-26 08:30:00, 44.905, 45.05, 44.875, 44.94, 12225, 0.0
2021-05-26 08:35:00, 44.955, 45.025, 44.915, 45.025, 6299, 0.0
2021-05-26 08:40:00, 45.015, 45.04, 45, 45, 1829, 0.0
2021-05-26 08:45:00, 45, 45, 44.9, 44.93, 3708, 0.0
2021-05-26 08:50:00, 44.905, 45.01, 44.9, 45.01, 5887, 0.0
2021-05-26 08:55:00, 45.02, 45.05, 45.01, 45.015, 906, 0.0
2021-05-26 09:00:00, 45.035, 45.105, 45.035, 45.1, 2186, 0.0
2021-05-26 09:05:00, 45.095, 45.115, 45.07, 45.115, 4872, 0.0
2021-05-26 09:10:00, 45.13, 45.165, 45.12, 45.16, 8410, 0.0
2021-05-26 09:15:00, 45.165, 45.225, 45.165, 45.2, 7846, 0.0
2021-05-26 09:20:00, 45.245, 45.245, 45.155, 45.165, 3969, 0.0
2021-05-26 09:25:00, 45.19, 45.19, 45.15, 45.15, 4312, 0.0
2021-05-26 09:30:00, 45.165, 45.28, 45.165, 45.28, 4859, 0.0
2021-05-26 09:35:00, 45.3, 45.37, 45.295, 45.355, 5304, 0.0
2021-05-26 09:40:00, 45.37, 45.385, 45.335, 45.365, 6455, 0.0
2021-05-26 09:45:00, 45.34, 45.345, 45.325, 45.33, 3622, 0.0
2021-05-26 09:50:00, 45.325, 45.335, 45.255, 45.26, 5871, 0.0
2021-05-26 09:55:00, 45.275, 45.28, 45.215, 45.245, 4013, 0.0
2021-05-26 10:00:00, 45.255, 45.32, 45.255, 45.315, 1525, 0.0
2021-05-26 10:05:00, 45.32, 45.345, 45.3, 45.325, 2386, 0.0
2021-05-26 10:10:00, 45.325, 45.325, 45.305, 45.315, 1702, 0.0
2021-05-26 10:15:00, 45.3, 45.3, 45.265, 45.265, 3947, 0.0
2021-05-26 10:20:00, 45.265, 45.27, 45.25, 45.25, 924, 0.0
2021-05-26 10:25:00, 45.25, 45.28, 45.25, 45.27, 1715, 0.0
2021-05-26 10:30:00, 45.25, 45.25, 45.25, 45.25, 317, 0.0
2021-05-26 10:35:00, 45.28, 45.285, 45.26, 45.28, 2279, 0.0
2021-05-26 10:40:00, 45.28, 45.295, 45.28, 45.295, 1700, 0.0
