Date, Open, High, Low, Close, Volume, Open Interest
2021-05-19 13:37:00, 93.9, 93.9, 93.86, 93.86, 200, 0.0
2021-05-19 13:41:00, 93.82, 93.82, 93.82, 93.82, 133, 0.0
2021-05-19 13:43:00, 93.84, 93.84, 93.84, 93.84, 100, 0.0
2021-05-19 13:45:00, 93.76, 93.76, 93.76, 93.76, 135, 0.0
2021-05-19 13:46:00, 93.74, 93.74, 93.73, 93.73, 472, 0.0
2021-05-19 13:48:00, 93.67, 93.67, 93.67, 93.67, 100, 0.0
2021-05-19 13:58:00, 94.13, 94.13, 94.13, 94.13, 326, 0.0
2021-05-19 13:59:00, 94.03, 94.04, 93.93, 93.93, 600, 0.0
2021-05-19 14:00:00, 93.88, 93.94, 93.88, 93.94, 200, 0.0
2021-05-19 14:02:00, 93.83, 93.83, 93.83, 93.83, 100, 0.0
2021-05-19 14:05:00, 93.99, 94.02, 93.99, 94.02, 212, 0.0
2021-05-19 14:06:00, 94.04, 94.04, 94.04, 94.04, 300, 0.0
2021-05-19 14:07:00, 94.02, 94.1, 94.02, 94.085, 604, 0.0
2021-05-19 14:08:00, 94.07, 94.07, 94.07, 94.07, 133, 0.0
2021-05-19 14:10:00, 94.01, 94.01, 94.01, 94.01, 100, 0.0
2021-05-19 14:11:00, 94.09, 94.09, 94, 94.05, 433, 0.0
2021-05-19 14:12:00, 94.075, 94.1, 94.025, 94.025, 2166, 0.0
2021-05-19 14:13:00, 94.02, 94.02, 93.99, 93.995, 666, 0.0
2021-05-19 14:14:00, 93.975, 93.98, 93.835, 93.85, 16073, 0.0
2021-05-19 14:15:00, 93.86, 93.905, 93.82, 93.865, 16296, 0.0
2021-05-19 14:16:00, 93.85, 93.865, 93.775, 93.775, 9450, 0.0
2021-05-19 14:17:00, 93.745, 93.805, 93.745, 93.8, 8654, 0.0
2021-05-19 14:18:00, 93.74, 93.77, 93.735, 93.735, 6083, 0.0
2021-05-19 14:19:00, 93.71, 93.85, 93.695, 93.85, 3234, 0.0
2021-05-19 14:20:00, 93.84, 93.84, 93.76, 93.76, 699, 0.0
2021-05-19 14:21:00, 93.815, 93.815, 93.8, 93.81, 333, 0.0
2021-05-19 14:22:00, 93.79, 93.885, 93.79, 93.885, 878, 0.0
2021-05-19 14:23:00, 94.01, 94.01, 94.01, 94.01, 141, 0.0
2021-05-19 14:24:00, 94.09, 94.09, 94.09, 94.09, 199, 0.0
2021-05-19 14:25:00, 94.12, 94.12, 94.11, 94.11, 300, 0.0
2021-05-19 14:30:00, 94.12, 94.12, 94.075, 94.075, 201, 0.0
2021-05-19 14:32:00, 94.06, 94.06, 94.05, 94.05, 253, 0.0
2021-05-19 14:35:00, 94.16, 94.18, 94.15, 94.18, 400, 0.0
2021-05-19 14:37:00, 94.13, 94.13, 94.13, 94.13, 200, 0.0
2021-05-19 14:38:00, 94.07, 94.07, 94.07, 94.07, 100, 0.0
2021-05-19 14:40:00, 94.03, 94.04, 93.98, 93.98, 500, 0.0
2021-05-19 14:42:00, 93.98, 94.02, 93.98, 94.02, 300, 0.0
2021-05-19 14:44:00, 93.82, 93.82, 93.82, 93.82, 110, 0.0
2021-05-19 14:48:00, 93.59, 93.59, 93.59, 93.59, 100, 0.0
2021-05-19 14:50:00, 93.5, 93.69, 93.445, 93.69, 1581, 0.0
2021-05-19 14:51:00, 93.65, 93.77, 93.64, 93.77, 509, 0.0
2021-05-19 14:52:00, 93.84, 93.87, 93.83, 93.85, 862, 0.0
2021-05-19 14:53:00, 93.85, 93.9, 93.84, 93.9, 677, 0.0
2021-05-19 14:54:00, 93.97, 94.05, 93.91, 93.91, 1396, 0.0
2021-05-19 14:55:00, 94.03, 94.09, 94.03, 94.09, 654, 0.0
2021-05-19 14:56:00, 94.14, 94.25, 94.14, 94.25, 498, 0.0
2021-05-19 14:57:00, 94.16, 94.16, 94.13, 94.13, 1110, 0.0
2021-05-19 14:58:00, 94.15, 94.24, 94.15, 94.24, 435, 0.0
2021-05-19 14:59:00, 94.28, 94.38, 94.28, 94.38, 1324, 0.0
2021-05-20 08:30:00, 95.69, 95.95, 95.68, 95.88, 1325, 0.0
2021-05-20 08:31:00, 96.69, 96.69, 96.69, 96.69, 258, 0.0
2021-05-20 08:32:00, 96.75, 96.84, 96.75, 96.84, 304, 0.0
2021-05-20 08:33:00, 96.99, 97.05, 96.99, 97.05, 302, 0.0
2021-05-20 08:34:00, 97.18, 97.31, 97.14, 97.31, 733, 0.0
2021-05-20 08:35:00, 97.425, 97.62, 97.425, 97.58, 926, 0.0
2021-05-20 08:36:00, 97.58, 97.6, 97.54, 97.54, 525, 0.0
2021-05-20 08:37:00, 97.55, 97.575, 97.55, 97.56, 568, 0.0
2021-05-20 08:38:00, 97.55, 97.55, 97.43, 97.43, 200, 0.0
2021-05-20 08:40:00, 97.39, 97.39, 97.39, 97.39, 111, 0.0
2021-05-20 08:42:00, 97.92, 98.12, 97.9, 98.12, 445, 0.0
2021-05-20 08:43:00, 97.9, 97.9, 97.9, 97.9, 100, 0.0
2021-05-20 08:46:00, 97.81, 97.81, 97.81, 97.81, 101, 0.0
2021-05-20 08:47:00, 97.94, 97.97, 97.94, 97.97, 200, 0.0
2021-05-20 08:49:00, 98.08, 98.08, 98.08, 98.08, 100, 0.0
2021-05-20 08:50:00, 98.14, 98.14, 98.14, 98.14, 102, 0.0
2021-05-20 08:52:00, 98.03, 98.03, 98, 98.02, 400, 0.0
2021-05-20 08:55:00, 98.405, 98.405, 98.365, 98.365, 240, 0.0
2021-05-20 08:57:00, 98.61, 98.61, 98.61, 98.61, 126, 0.0
2021-05-20 08:59:00, 98.25, 98.34, 98.25, 98.34, 300, 0.0
2021-05-20 09:00:00, 98.5, 98.5, 98.5, 98.5, 200, 0.0
2021-05-20 09:01:00, 98.41, 98.41, 98.41, 98.41, 127, 0.0
2021-05-20 09:03:00, 98.385, 98.56, 98.385, 98.56, 400, 0.0
2021-05-20 09:08:00, 98.33, 98.35, 98.33, 98.35, 200, 0.0
2021-05-20 09:12:00, 98.17, 98.17, 98.17, 98.17, 100, 0.0
2021-05-20 09:13:00, 98.2, 98.34, 98.2, 98.32, 368, 0.0
2021-05-20 09:16:00, 98.24, 98.35, 98.24, 98.35, 492, 0.0
2021-05-20 09:17:00, 98.38, 98.38, 98.38, 98.38, 255, 0.0
2021-05-20 09:18:00, 98.22, 98.22, 98.22, 98.22, 100, 0.0
2021-05-20 09:22:00, 98.19, 98.19, 98.11, 98.11, 325, 0.0
2021-05-20 09:23:00, 98.11, 98.11, 98.11, 98.11, 192, 0.0
2021-05-20 09:24:00, 98.09, 98.14, 98.09, 98.14, 455, 0.0
2021-05-20 09:25:00, 98.17, 98.31, 98.17, 98.31, 385, 0.0
2021-05-20 09:26:00, 98.29, 98.29, 98.29, 98.29, 300, 0.0
2021-05-20 09:28:00, 98.25, 98.26, 98.24, 98.26, 533, 0.0
2021-05-20 09:29:00, 98.22, 98.25, 98.22, 98.25, 200, 0.0
2021-05-20 09:30:00, 98.31, 98.33, 98.31, 98.33, 267, 0.0
2021-05-20 09:31:00, 98.16, 98.17, 98.15, 98.15, 491, 0.0
2021-05-20 09:32:00, 98.2, 98.2, 98.15, 98.15, 645, 0.0
2021-05-20 09:33:00, 98.23, 98.25, 98.22, 98.25, 571, 0.0
2021-05-20 09:34:00, 98.29, 98.36, 98.29, 98.34, 302, 0.0
2021-05-20 09:35:00, 98.32, 98.36, 98.32, 98.35, 500, 0.0
2021-05-20 09:36:00, 98.44, 98.5, 98.44, 98.5, 502, 0.0
2021-05-20 09:37:00, 98.56, 98.61, 98.56, 98.59, 433, 0.0
2021-05-20 09:41:00, 98.58, 98.63, 98.58, 98.63, 320, 0.0
2021-05-20 09:42:00, 98.68, 98.68, 98.68, 98.68, 100, 0.0
2021-05-20 09:44:00, 98.71, 98.71, 98.71, 98.71, 115, 0.0
2021-05-20 09:45:00, 98.74, 98.74, 98.74, 98.74, 200, 0.0
2021-05-20 09:48:00, 98.73, 98.73, 98.73, 98.73, 100, 0.0
2021-05-20 09:49:00, 98.76, 98.78, 98.76, 98.78, 200, 0.0
2021-05-20 09:50:00, 98.86, 98.88, 98.81, 98.88, 800, 0.0
2021-05-20 09:51:00, 98.99, 99.04, 98.99, 99.04, 664, 0.0
2021-05-20 09:52:00, 99.1, 99.1, 99.1, 99.1, 194, 0.0
2021-05-20 09:53:00, 99.02, 99.02, 99.02, 99.02, 100, 0.0
2021-05-20 09:55:00, 98.95, 98.95, 98.95, 98.95, 101, 0.0
2021-05-20 09:57:00, 99.01, 99.01, 99.01, 99.01, 153, 0.0
2021-05-20 09:58:00, 99.03, 99.03, 99.03, 99.03, 205, 0.0
2021-05-20 09:59:00, 98.87, 98.87, 98.87, 98.87, 118, 0.0
2021-05-20 10:01:00, 99.02, 99.02, 99.02, 99.02, 160, 0.0
2021-05-20 10:03:00, 99.06, 99.06, 99.06, 99.06, 257, 0.0
2021-05-20 10:04:00, 99.13, 99.13, 99.13, 99.13, 366, 0.0
2021-05-20 10:06:00, 99.19, 99.19, 99.19, 99.19, 324, 0.0
2021-05-20 10:07:00, 99.25, 99.25, 99.25, 99.25, 232, 0.0
2021-05-20 10:08:00, 99.3, 99.3, 99.28, 99.28, 200, 0.0
2021-05-20 10:10:00, 99.28, 99.28, 99.19, 99.19, 201, 0.0
2021-05-20 10:14:00, 99.3, 99.35, 99.3, 99.35, 600, 0.0
2021-05-20 10:15:00, 99.34, 99.34, 99.34, 99.34, 130, 0.0
2021-05-20 10:17:00, 99.42, 99.42, 99.42, 99.42, 132, 0.0
2021-05-20 10:26:00, 99.31, 99.31, 99.31, 99.31, 100, 0.0
2021-05-20 10:27:00, 99.36, 99.36, 99.36, 99.36, 100, 0.0
2021-05-20 10:29:00, 99.35, 99.35, 99.35, 99.35, 100, 0.0
2021-05-20 10:30:00, 99.37, 99.39, 99.37, 99.39, 200, 0.0
2021-05-20 10:33:00, 99.43, 99.47, 99.43, 99.47, 200, 0.0
2021-05-20 10:34:00, 99.49, 99.49, 99.49, 99.49, 294, 0.0
2021-05-20 10:36:00, 99.4, 99.4, 99.35, 99.35, 297, 0.0
2021-05-20 10:39:00, 99.39, 99.39, 99.39, 99.39, 360, 0.0
2021-05-20 10:40:00, 99.385, 99.385, 99.335, 99.335, 1497, 0.0
2021-05-20 10:41:00, 99.385, 99.385, 99.29, 99.295, 2165, 0.0
2021-05-20 10:42:00, 99.28, 99.33, 99.28, 99.33, 200, 0.0
2021-05-20 10:43:00, 99.31, 99.325, 99.165, 99.165, 974, 0.0
2021-05-20 10:44:00, 99.155, 99.155, 99.155, 99.155, 101, 0.0
2021-05-20 10:45:00, 99.24, 99.24, 99.24, 99.24, 140, 0.0
2021-05-20 10:46:00, 99.185, 99.215, 99.185, 99.215, 800, 0.0
2021-05-20 10:49:00, 99.06, 99.06, 99.06, 99.06, 246, 0.0
2021-05-20 10:51:00, 99.04, 99.04, 99.04, 99.04, 186, 0.0
2021-05-20 10:52:00, 99.01, 99.01, 99.01, 99.01, 200, 0.0
2021-05-20 10:55:00, 98.94, 98.94, 98.94, 98.94, 147, 0.0
2021-05-20 10:56:00, 98.91, 98.91, 98.91, 98.91, 181, 0.0
2021-05-20 10:57:00, 98.93, 98.93, 98.93, 98.93, 153, 0.0
2021-05-20 10:58:00, 98.89, 98.89, 98.89, 98.89, 147, 0.0
2021-05-20 10:59:00, 98.93, 98.93, 98.93, 98.93, 138, 0.0
2021-05-20 11:03:00, 98.81, 98.82, 98.81, 98.82, 266, 0.0
2021-05-20 11:04:00, 98.86, 98.86, 98.86, 98.86, 440, 0.0
2021-05-20 11:07:00, 98.86, 98.86, 98.86, 98.86, 100, 0.0
2021-05-20 11:09:00, 98.75, 98.77, 98.73, 98.73, 433, 0.0
2021-05-20 11:10:00, 98.75, 98.75, 98.73, 98.73, 358, 0.0
2021-05-20 11:13:00, 98.86, 98.86, 98.82, 98.82, 285, 0.0
2021-05-20 11:15:00, 98.76, 98.81, 98.76, 98.81, 351, 0.0
2021-05-20 11:16:00, 98.89, 98.9, 98.89, 98.9, 205, 0.0
2021-05-20 11:17:00, 98.88, 98.88, 98.88, 98.88, 100, 0.0
2021-05-20 11:18:00, 98.97, 99.04, 98.97, 99.02, 631, 0.0
2021-05-20 11:19:00, 99.05, 99.05, 99, 99, 534, 0.0
2021-05-20 11:20:00, 99.015, 99.04, 99, 99, 2226, 0.0
2021-05-20 11:21:00, 98.9, 98.9, 98.88, 98.88, 266, 0.0
2021-05-20 11:22:00, 98.86, 98.86, 98.82, 98.82, 404, 0.0
2021-05-20 11:23:00, 98.8, 98.8, 98.8, 98.8, 250, 0.0
2021-05-20 11:24:00, 98.86, 98.86, 98.86, 98.86, 158, 0.0
2021-05-20 11:25:00, 98.88, 98.91, 98.88, 98.91, 300, 0.0
2021-05-20 11:27:00, 98.84, 98.86, 98.83, 98.86, 533, 0.0
2021-05-20 11:28:00, 98.87, 98.87, 98.83, 98.84, 1082, 0.0
2021-05-20 11:29:00, 98.93, 98.93, 98.93, 98.93, 234, 0.0
2021-05-20 11:30:00, 98.99, 98.99, 98.98, 98.98, 585, 0.0
2021-05-20 11:32:00, 99, 99, 99, 99, 233, 0.0
2021-05-20 11:33:00, 99.02, 99.02, 99.02, 99.02, 353, 0.0
2021-05-20 11:34:00, 99.02, 99.02, 98.98, 98.98, 200, 0.0
2021-05-20 11:38:00, 98.75, 98.75, 98.75, 98.75, 100, 0.0
2021-05-20 11:41:00, 98.84, 98.84, 98.84, 98.84, 100, 0.0
2021-05-20 11:44:00, 98.76, 98.76, 98.76, 98.76, 100, 0.0
2021-05-20 11:45:00, 98.79, 98.88, 98.79, 98.88, 315, 0.0
2021-05-20 11:47:00, 98.89, 98.89, 98.89, 98.89, 159, 0.0
2021-05-20 11:48:00, 98.9, 98.91, 98.89, 98.91, 383, 0.0
2021-05-20 11:50:00, 99, 99, 99, 99, 149, 0.0
2021-05-20 11:51:00, 98.98, 98.98, 98.98, 98.98, 129, 0.0
2021-05-20 11:54:00, 99.005, 99.005, 99.005, 99.005, 133, 0.0
2021-05-20 11:56:00, 98.87, 98.87, 98.87, 98.87, 100, 0.0
2021-05-20 11:57:00, 98.89, 98.89, 98.88, 98.88, 277, 0.0
2021-05-20 11:58:00, 98.93, 98.93, 98.93, 98.93, 100, 0.0
2021-05-20 12:01:00, 99.035, 99.035, 99.01, 99.015, 869, 0.0
2021-05-20 12:03:00, 98.94, 98.94, 98.94, 98.94, 133, 0.0
2021-05-20 12:04:00, 99, 99, 99, 99, 386, 0.0
2021-05-20 12:05:00, 98.99, 98.99, 98.99, 98.99, 100, 0.0
2021-05-20 12:08:00, 98.95, 98.96, 98.95, 98.96, 233, 0.0
2021-05-20 12:10:00, 99, 99.01, 98.99, 99.01, 398, 0.0
2021-05-20 12:11:00, 99.04, 99.04, 99.025, 99.025, 528, 0.0
2021-05-20 12:12:00, 99.02, 99.03, 99.02, 99.03, 300, 0.0
2021-05-20 12:14:00, 99.01, 99.01, 99.01, 99.01, 383, 0.0
2021-05-20 12:17:00, 98.98, 98.98, 98.98, 98.98, 233, 0.0
2021-05-20 12:18:00, 98.95, 98.95, 98.95, 98.95, 201, 0.0
2021-05-20 12:19:00, 98.99, 98.99, 98.99, 98.99, 100, 0.0
2021-05-20 12:20:00, 99.04, 99.05, 99.04, 99.05, 200, 0.0
2021-05-20 12:21:00, 99.07, 99.08, 99.07, 99.08, 300, 0.0
2021-05-20 12:24:00, 99.12, 99.12, 99.12, 99.12, 200, 0.0
2021-05-20 12:25:00, 99.13, 99.13, 99.13, 99.13, 200, 0.0
2021-05-20 12:29:00, 99.04, 99.04, 99.04, 99.04, 150, 0.0
2021-05-20 12:34:00, 99.09, 99.09, 99.09, 99.09, 196, 0.0
2021-05-20 12:36:00, 99.11, 99.11, 99.11, 99.11, 100, 0.0
2021-05-20 12:38:00, 99.1, 99.1, 99.1, 99.1, 133, 0.0
2021-05-20 12:43:00, 99.05, 99.05, 99.05, 99.05, 193, 0.0
2021-05-20 12:44:00, 99.02, 99.02, 99.02, 99.02, 100, 0.0
2021-05-20 12:45:00, 99.07, 99.1, 99.07, 99.1, 298, 0.0
2021-05-20 12:46:00, 99.085, 99.085, 99.085, 99.085, 100, 0.0
2021-05-20 12:52:00, 99.06, 99.06, 99.06, 99.06, 167, 0.0
2021-05-20 12:53:00, 98.99, 98.99, 98.87, 98.87, 200, 0.0
2021-05-20 12:54:00, 98.79, 98.79, 98.77, 98.79, 333, 0.0
2021-05-20 12:56:00, 98.73, 98.73, 98.73, 98.73, 100, 0.0
2021-05-20 12:58:00, 98.79, 98.79, 98.79, 98.79, 262, 0.0
2021-05-20 12:59:00, 98.84, 98.84, 98.84, 98.84, 100, 0.0
2021-05-20 13:01:00, 98.78, 98.78, 98.78, 98.78, 194, 0.0
2021-05-20 13:03:00, 98.74, 98.74, 98.74, 98.74, 200, 0.0
2021-05-20 13:07:00, 98.78, 98.78, 98.78, 98.78, 200, 0.0
2021-05-20 13:12:00, 98.71, 98.74, 98.71, 98.74, 302, 0.0
2021-05-20 13:17:00, 98.86, 98.86, 98.86, 98.86, 243, 0.0
2021-05-20 13:18:00, 98.88, 98.88, 98.88, 98.88, 101, 0.0
2021-05-20 13:21:00, 98.92, 98.92, 98.92, 98.92, 100, 0.0
2021-05-20 13:26:00, 98.98, 98.98, 98.98, 98.98, 100, 0.0
2021-05-20 13:27:00, 98.91, 98.91, 98.91, 98.91, 241, 0.0
2021-05-20 13:28:00, 98.97, 98.97, 98.97, 98.97, 238, 0.0
2021-05-20 13:29:00, 98.99, 98.99, 98.99, 98.99, 111, 0.0
2021-05-20 13:32:00, 98.99, 99, 98.99, 99, 295, 0.0
2021-05-20 13:33:00, 98.97, 98.97, 98.96, 98.96, 200, 0.0
2021-05-20 13:34:00, 98.96, 98.96, 98.96, 98.96, 100, 0.0
2021-05-20 13:39:00, 99.03, 99.03, 98.95, 98.95, 501, 0.0
2021-05-20 13:42:00, 99, 99, 98.96, 98.96, 233, 0.0
2021-05-20 13:44:00, 98.98, 98.98, 98.98, 98.98, 101, 0.0
2021-05-20 13:45:00, 98.97, 98.97, 98.97, 98.97, 233, 0.0
2021-05-20 13:46:00, 99, 99, 98.99, 98.99, 333, 0.0
2021-05-20 13:47:00, 98.94, 98.94, 98.94, 98.94, 100, 0.0
2021-05-20 13:49:00, 99.01, 99.01, 99.01, 99.01, 100, 0.0
2021-05-20 13:51:00, 99.02, 99.03, 99.02, 99.03, 1167, 0.0
2021-05-20 13:52:00, 99.11, 99.11, 99.11, 99.11, 200, 0.0
2021-05-20 13:53:00, 99.12, 99.12, 99.12, 99.12, 100, 0.0
2021-05-20 13:54:00, 99.21, 99.21, 99.21, 99.21, 100, 0.0
2021-05-20 13:55:00, 99.235, 99.235, 99.19, 99.19, 502, 0.0
2021-05-20 13:56:00, 99.16, 99.16, 99.14, 99.14, 266, 0.0
2021-05-20 13:57:00, 99.16, 99.16, 99.16, 99.16, 139, 0.0
2021-05-20 13:58:00, 99.21, 99.21, 99.21, 99.21, 162, 0.0
2021-05-20 13:59:00, 99.11, 99.11, 99.11, 99.11, 102, 0.0
2021-05-20 14:00:00, 99.08, 99.08, 99.08, 99.08, 235, 0.0
2021-05-20 14:02:00, 99.1, 99.145, 99.1, 99.145, 401, 0.0
2021-05-20 14:04:00, 99.14, 99.17, 99.14, 99.17, 211, 0.0
2021-05-20 14:05:00, 99.155, 99.155, 99.13, 99.13, 200, 0.0
2021-05-20 14:06:00, 99.105, 99.105, 99.05, 99.05, 234, 0.0
2021-05-20 14:07:00, 99.05, 99.05, 99.05, 99.05, 100, 0.0
2021-05-20 14:11:00, 99.09, 99.12, 99.09, 99.12, 368, 0.0
2021-05-20 14:12:00, 99.12, 99.17, 99.12, 99.16, 1090, 0.0
2021-05-20 14:13:00, 99.14, 99.14, 99.14, 99.14, 134, 0.0
2021-05-20 14:15:00, 99.08, 99.08, 99.03, 99.03, 733, 0.0
2021-05-20 14:16:00, 99.08, 99.08, 99.08, 99.08, 102, 0.0
2021-05-20 14:17:00, 99.08, 99.08, 99.08, 99.08, 235, 0.0
2021-05-20 14:19:00, 99.09, 99.12, 99.09, 99.12, 302, 0.0
2021-05-20 14:22:00, 99.14, 99.16, 99.11, 99.11, 340, 0.0
2021-05-20 14:24:00, 99.095, 99.155, 99.095, 99.155, 505, 0.0
2021-05-20 14:27:00, 99.09, 99.09, 99.09, 99.09, 103, 0.0
2021-05-20 14:29:00, 99.06, 99.1, 99.06, 99.1, 782, 0.0
2021-05-20 14:30:00, 99.1, 99.1, 99.1, 99.1, 166, 0.0
2021-05-20 14:31:00, 99.1, 99.1, 99.1, 99.1, 233, 0.0
2021-05-20 14:32:00, 99.13, 99.13, 99.13, 99.13, 334, 0.0
2021-05-20 14:34:00, 98.99, 98.99, 98.99, 98.99, 100, 0.0
2021-05-20 14:35:00, 99.01, 99.01, 99.01, 99.01, 179, 0.0
2021-05-20 14:36:00, 98.98, 99.01, 98.98, 99, 435, 0.0
2021-05-20 14:38:00, 98.91, 98.91, 98.91, 98.91, 190, 0.0
2021-05-20 14:39:00, 98.86, 98.86, 98.86, 98.86, 203, 0.0
2021-05-20 14:40:00, 98.83, 98.83, 98.79, 98.79, 333, 0.0
2021-05-20 14:43:00, 98.68, 98.71, 98.64, 98.64, 871, 0.0
2021-05-20 14:44:00, 98.68, 98.68, 98.68, 98.68, 100, 0.0
2021-05-20 14:45:00, 98.72, 98.77, 98.72, 98.77, 556, 0.0
2021-05-20 14:46:00, 98.73, 98.73, 98.73, 98.73, 214, 0.0
2021-05-20 14:47:00, 98.69, 98.72, 98.69, 98.72, 498, 0.0
2021-05-20 14:48:00, 98.69, 98.69, 98.62, 98.66, 673, 0.0
2021-05-20 14:49:00, 98.69, 98.69, 98.69, 98.69, 234, 0.0
2021-05-20 14:50:00, 98.54, 98.55, 98.43, 98.43, 1025, 0.0
2021-05-20 14:51:00, 98.45, 98.46, 98.4, 98.4, 799, 0.0
2021-05-20 14:52:00, 98.38, 98.46, 98.38, 98.41, 907, 0.0
2021-05-20 14:53:00, 98.46, 98.63, 98.46, 98.63, 1393, 0.0
2021-05-20 14:54:00, 98.67, 98.81, 98.66, 98.78, 1709, 0.0
2021-05-20 14:55:00, 98.63, 98.63, 98.53, 98.53, 821, 0.0
2021-05-20 14:56:00, 98.46, 98.47, 98.43, 98.43, 1191, 0.0
2021-05-20 14:57:00, 98.43, 98.48, 98.43, 98.47, 2495, 0.0
2021-05-20 14:58:00, 98.43, 98.58, 98.43, 98.58, 1782, 0.0
2021-05-20 14:59:00, 98.58, 98.74, 98.58, 98.68, 1393, 0.0
2021-05-21 08:30:00, 98.74, 98.74, 98.66, 98.66, 418, 0.0
2021-05-21 08:31:00, 98.71, 98.71, 98.55, 98.55, 624, 0.0
2021-05-21 08:32:00, 98.655, 98.69, 98.62, 98.665, 949, 0.0
2021-05-21 08:33:00, 98.76, 98.76, 98.41, 98.41, 225, 0.0
2021-05-21 08:34:00, 98.73, 98.73, 98.71, 98.725, 321, 0.0
2021-05-21 08:35:00, 98.535, 98.535, 98.535, 98.535, 100, 0.0
2021-05-21 08:36:00, 98.5, 98.56, 98.5, 98.54, 400, 0.0
2021-05-21 08:37:00, 98.56, 98.62, 98.56, 98.62, 752, 0.0
2021-05-21 08:38:00, 98.515, 98.71, 98.48, 98.71, 601, 0.0
2021-05-21 08:39:00, 98.695, 98.855, 98.695, 98.855, 274, 0.0
2021-05-21 08:40:00, 98.96, 98.96, 98.86, 98.86, 333, 0.0
2021-05-21 08:41:00, 98.85, 98.85, 98.85, 98.85, 100, 0.0
2021-05-21 08:42:00, 99.24, 99.24, 99.24, 99.24, 200, 0.0
2021-05-21 08:43:00, 99.21, 99.21, 99.21, 99.21, 133, 0.0
2021-05-21 08:44:00, 98.93, 98.93, 98.89, 98.89, 235, 0.0
2021-05-21 08:45:00, 98.86, 98.86, 98.785, 98.785, 600, 0.0
2021-05-21 08:46:00, 98.76, 98.845, 98.74, 98.845, 332, 0.0
2021-05-21 08:47:00, 98.87, 98.97, 98.87, 98.97, 647, 0.0
2021-05-21 08:49:00, 99.01, 99.01, 99.01, 99.01, 201, 0.0
2021-05-21 08:51:00, 99.08, 99.08, 99.08, 99.08, 133, 0.0
2021-05-21 08:52:00, 99.07, 99.07, 98.93, 98.93, 300, 0.0
2021-05-21 08:54:00, 98.95, 98.95, 98.95, 98.95, 133, 0.0
2021-05-21 08:55:00, 99.09, 99.09, 99.02, 99.02, 498, 0.0
2021-05-21 08:56:00, 98.98, 99.03, 98.98, 99.03, 201, 0.0
2021-05-21 08:57:00, 99.19, 99.19, 99.14, 99.14, 222, 0.0
2021-05-21 09:00:00, 99.26, 99.26, 99.26, 99.26, 267, 0.0
2021-05-21 09:03:00, 99.29, 99.29, 99.26, 99.26, 367, 0.0
2021-05-21 09:04:00, 99.25, 99.25, 99.24, 99.24, 266, 0.0
2021-05-21 09:05:00, 99.14, 99.14, 99.14, 99.14, 100, 0.0
2021-05-21 09:07:00, 98.8, 98.8, 98.8, 98.8, 133, 0.0
2021-05-21 09:08:00, 98.87, 98.95, 98.87, 98.93, 757, 0.0
2021-05-21 09:09:00, 98.85, 99.06, 98.85, 99.06, 766, 0.0
2021-05-21 09:10:00, 98.93, 98.93, 98.93, 98.93, 100, 0.0
2021-05-21 09:11:00, 99.12, 99.12, 99.12, 99.12, 100, 0.0
2021-05-21 09:12:00, 99.13, 99.2, 99.13, 99.2, 432, 0.0
2021-05-21 09:14:00, 99.18, 99.34, 99.18, 99.34, 434, 0.0
2021-05-21 09:15:00, 99.27, 99.28, 99.21, 99.21, 302, 0.0
2021-05-21 09:17:00, 99.22, 99.22, 99.22, 99.22, 167, 0.0
2021-05-21 09:18:00, 99.1, 99.1, 98.96, 98.96, 300, 0.0
2021-05-21 09:19:00, 98.9, 98.98, 98.9, 98.98, 500, 0.0
2021-05-21 09:20:00, 98.91, 98.92, 98.82, 98.82, 499, 0.0
2021-05-21 09:21:00, 98.89, 98.91, 98.89, 98.91, 466, 0.0
2021-05-21 09:22:00, 98.97, 99.12, 98.97, 99.12, 268, 0.0
2021-05-21 09:23:00, 99.16, 99.22, 99.16, 99.22, 590, 0.0
2021-05-21 09:24:00, 99.18, 99.18, 99.07, 99.07, 305, 0.0
2021-05-21 09:25:00, 99.05, 99.05, 99.05, 99.05, 116, 0.0
2021-05-21 09:26:00, 99.005, 99.005, 99.005, 99.005, 111, 0.0
2021-05-21 09:27:00, 99, 99, 98.97, 98.97, 221, 0.0
2021-05-21 09:29:00, 98.92, 98.92, 98.92, 98.92, 100, 0.0
2021-05-21 09:30:00, 98.9, 98.9, 98.9, 98.9, 100, 0.0
2021-05-21 09:31:00, 98.95, 98.95, 98.94, 98.94, 229, 0.0
2021-05-21 09:32:00, 98.96, 99.03, 98.96, 99.03, 200, 0.0
2021-05-21 09:33:00, 98.99, 98.99, 98.99, 98.99, 101, 0.0
2021-05-21 09:34:00, 99, 99.03, 99, 99.03, 233, 0.0
2021-05-21 09:36:00, 98.87, 98.87, 98.87, 98.87, 100, 0.0
2021-05-21 09:38:00, 98.71, 98.71, 98.71, 98.71, 104, 0.0
2021-05-21 09:39:00, 98.74, 98.74, 98.74, 98.74, 133, 0.0
2021-05-21 09:40:00, 98.79, 98.79, 98.75, 98.75, 333, 0.0
2021-05-21 09:41:00, 98.71, 98.71, 98.71, 98.71, 106, 0.0
2021-05-21 09:45:00, 98.66, 98.66, 98.65, 98.65, 200, 0.0
2021-05-21 09:47:00, 98.62, 98.62, 98.62, 98.62, 100, 0.0
2021-05-21 09:48:00, 98.515, 98.515, 98.515, 98.515, 200, 0.0
2021-05-21 09:49:00, 98.58, 98.58, 98.58, 98.58, 207, 0.0
2021-05-21 09:52:00, 98.44, 98.5, 98.44, 98.5, 266, 0.0
2021-05-21 09:56:00, 98.52, 98.54, 98.52, 98.54, 214, 0.0
2021-05-21 09:58:00, 98.68, 98.68, 98.68, 98.68, 100, 0.0
2021-05-21 10:00:00, 98.73, 98.73, 98.73, 98.73, 160, 0.0
2021-05-21 10:02:00, 98.78, 98.79, 98.78, 98.79, 200, 0.0
2021-05-21 10:03:00, 98.69, 98.69, 98.69, 98.69, 128, 0.0
2021-05-21 10:04:00, 98.665, 98.665, 98.665, 98.665, 100, 0.0
2021-05-21 10:06:00, 98.78, 98.78, 98.78, 98.78, 100, 0.0
2021-05-21 10:08:00, 98.78, 98.78, 98.78, 98.78, 250, 0.0
2021-05-21 10:13:00, 98.73, 98.73, 98.73, 98.73, 100, 0.0
2021-05-21 10:18:00, 98.74, 98.74, 98.74, 98.74, 400, 0.0
2021-05-21 10:19:00, 98.76, 98.76, 98.76, 98.76, 100, 0.0
2021-05-21 10:27:00, 98.57, 98.57, 98.57, 98.57, 100, 0.0
2021-05-21 10:30:00, 98.36, 98.36, 98.36, 98.36, 210, 0.0
2021-05-21 10:31:00, 98.35, 98.35, 98.35, 98.35, 239, 0.0
2021-05-21 10:34:00, 98.49, 98.49, 98.49, 98.49, 100, 0.0
2021-05-21 10:37:00, 98.43, 98.43, 98.43, 98.43, 134, 0.0
2021-05-21 10:41:00, 98.45, 98.45, 98.42, 98.42, 200, 0.0
2021-05-21 10:43:00, 98.42, 98.42, 98.42, 98.42, 233, 0.0
2021-05-21 10:45:00, 98.5, 98.5, 98.5, 98.5, 160, 0.0
2021-05-21 10:47:00, 98.58, 98.59, 98.58, 98.59, 234, 0.0
2021-05-21 10:51:00, 98.61, 98.61, 98.61, 98.61, 101, 0.0
2021-05-21 10:52:00, 98.545, 98.545, 98.545, 98.545, 100, 0.0
2021-05-21 10:58:00, 98.43, 98.43, 98.43, 98.43, 133, 0.0
2021-05-21 11:00:00, 98.41, 98.41, 98.41, 98.41, 100, 0.0
2021-05-21 11:04:00, 98.59, 98.59, 98.59, 98.59, 133, 0.0
2021-05-21 11:05:00, 98.52, 98.52, 98.52, 98.52, 133, 0.0
2021-05-21 11:07:00, 98.68, 98.68, 98.68, 98.68, 167, 0.0
2021-05-21 11:09:00, 98.47, 98.47, 98.4, 98.42, 1596, 0.0
2021-05-21 11:10:00, 98.455, 98.455, 98.455, 98.455, 100, 0.0
2021-05-21 11:11:00, 98.48, 98.48, 98.48, 98.48, 133, 0.0
2021-05-21 11:14:00, 98.51, 98.51, 98.46, 98.46, 427, 0.0
2021-05-21 11:15:00, 98.56, 98.56, 98.56, 98.56, 174, 0.0
2021-05-21 11:28:00, 98.59, 98.59, 98.59, 98.59, 343, 0.0
2021-05-21 11:32:00, 98.71, 98.71, 98.71, 98.71, 100, 0.0
2021-05-21 11:43:00, 98.7, 98.7, 98.7, 98.7, 140, 0.0
2021-05-21 11:45:00, 98.74, 98.74, 98.74, 98.74, 100, 0.0
2021-05-21 11:46:00, 98.64, 98.645, 98.64, 98.645, 200, 0.0
2021-05-21 11:47:00, 98.6, 98.6, 98.6, 98.6, 130, 0.0
2021-05-21 11:48:00, 98.63, 98.63, 98.63, 98.63, 100, 0.0
2021-05-21 11:53:00, 98.52, 98.52, 98.52, 98.52, 102, 0.0
2021-05-21 11:55:00, 98.45, 98.47, 98.45, 98.47, 233, 0.0
2021-05-21 12:15:00, 98.66, 98.66, 98.65, 98.65, 200, 0.0
2021-05-21 12:18:00, 98.58, 98.58, 98.58, 98.58, 117, 0.0
2021-05-21 12:21:00, 98.68, 98.68, 98.68, 98.68, 100, 0.0
2021-05-21 12:25:00, 98.68, 98.68, 98.68, 98.68, 162, 0.0
2021-05-21 12:31:00, 98.77, 98.8, 98.77, 98.8, 200, 0.0
2021-05-21 12:40:00, 98.87, 98.87, 98.87, 98.87, 166, 0.0
2021-05-21 12:56:00, 98.86, 98.86, 98.86, 98.86, 133, 0.0
2021-05-21 13:00:00, 98.82, 98.82, 98.82, 98.82, 100, 0.0
2021-05-21 13:04:00, 98.8, 98.8, 98.79, 98.79, 400, 0.0
2021-05-21 13:05:00, 98.84, 98.84, 98.84, 98.84, 200, 0.0
2021-05-21 13:15:00, 98.97, 98.97, 98.97, 98.97, 107, 0.0
2021-05-21 13:19:00, 98.88, 98.88, 98.88, 98.88, 100, 0.0
2021-05-21 13:28:00, 98.84, 98.87, 98.84, 98.87, 202, 0.0
2021-05-21 13:30:00, 98.94, 98.94, 98.94, 98.94, 133, 0.0
2021-05-21 13:38:00, 98.9, 98.9, 98.815, 98.815, 333, 0.0
2021-05-21 13:43:00, 98.85, 98.85, 98.85, 98.85, 217, 0.0
2021-05-21 13:44:00, 98.84, 98.84, 98.78, 98.78, 539, 0.0
2021-05-21 13:45:00, 98.76, 98.76, 98.76, 98.76, 200, 0.0
2021-05-21 13:46:00, 98.79, 98.88, 98.79, 98.88, 284, 0.0
2021-05-21 13:47:00, 98.87, 98.87, 98.84, 98.84, 233, 0.0
2021-05-21 13:49:00, 98.835, 98.835, 98.835, 98.835, 101, 0.0
2021-05-21 13:53:00, 98.88, 98.88, 98.86, 98.86, 223, 0.0
2021-05-21 13:54:00, 98.875, 98.875, 98.875, 98.875, 220, 0.0
2021-05-21 13:55:00, 98.92, 98.92, 98.92, 98.92, 200, 0.0
2021-05-21 13:56:00, 98.92, 98.92, 98.92, 98.92, 100, 0.0
2021-05-21 13:57:00, 98.865, 98.88, 98.865, 98.87, 514, 0.0
2021-05-21 13:58:00, 98.82, 98.86, 98.82, 98.86, 231, 0.0
2021-05-21 13:59:00, 98.875, 98.875, 98.875, 98.875, 100, 0.0
2021-05-21 14:00:00, 98.88, 98.88, 98.88, 98.88, 100, 0.0
2021-05-21 14:04:00, 98.82, 98.86, 98.78, 98.85, 636, 0.0
2021-05-21 14:05:00, 98.89, 98.89, 98.89, 98.89, 180, 0.0
2021-05-21 14:06:00, 98.89, 98.89, 98.89, 98.89, 185, 0.0
2021-05-21 14:07:00, 98.885, 98.91, 98.885, 98.91, 504, 0.0
2021-05-21 14:08:00, 98.88, 98.89, 98.88, 98.89, 383, 0.0
2021-05-21 14:09:00, 98.94, 98.94, 98.94, 98.94, 299, 0.0
2021-05-21 14:10:00, 98.94, 98.98, 98.94, 98.98, 450, 0.0
2021-05-21 14:11:00, 98.96, 98.98, 98.96, 98.98, 402, 0.0
2021-05-21 14:12:00, 99.04, 99.04, 99.04, 99.04, 250, 0.0
2021-05-21 14:13:00, 99.08, 99.08, 99.07, 99.07, 360, 0.0
2021-05-21 14:14:00, 99.04, 99.05, 99.04, 99.05, 400, 0.0
2021-05-21 14:18:00, 99.07, 99.07, 99.07, 99.07, 111, 0.0
2021-05-21 14:19:00, 99.07, 99.07, 99.07, 99.07, 136, 0.0
2021-05-21 14:22:00, 99.06, 99.06, 99.05, 99.05, 200, 0.0
2021-05-21 14:25:00, 99.07, 99.07, 99.07, 99.07, 169, 0.0
2021-05-21 14:27:00, 99.08, 99.08, 99.08, 99.08, 199, 0.0
2021-05-21 14:29:00, 99.06, 99.1, 99.06, 99.1, 433, 0.0
2021-05-21 14:30:00, 99.1, 99.125, 99.07, 99.07, 438, 0.0
2021-05-21 14:31:00, 98.99, 99, 98.99, 99, 436, 0.0
2021-05-21 14:32:00, 99.02, 99.02, 99.01, 99.01, 200, 0.0
2021-05-21 14:33:00, 99.01, 99.01, 98.96, 98.96, 235, 0.0
2021-05-21 14:34:00, 98.95, 98.95, 98.93, 98.93, 396, 0.0
2021-05-21 14:36:00, 99, 99, 99, 99, 292, 0.0
2021-05-21 14:37:00, 98.93, 98.93, 98.93, 98.93, 195, 0.0
2021-05-21 14:39:00, 98.9, 98.96, 98.9, 98.95, 456, 0.0
2021-05-21 14:40:00, 98.93, 98.99, 98.93, 98.99, 1141, 0.0
2021-05-21 14:43:00, 98.9, 98.9, 98.82, 98.82, 428, 0.0
2021-05-21 14:44:00, 98.79, 98.79, 98.79, 98.79, 100, 0.0
2021-05-21 14:46:00, 98.73, 98.73, 98.73, 98.73, 107, 0.0
2021-05-21 14:47:00, 98.74, 98.74, 98.74, 98.74, 133, 0.0
2021-05-21 14:48:00, 98.71, 98.71, 98.71, 98.71, 271, 0.0
2021-05-21 14:49:00, 98.72, 98.75, 98.72, 98.75, 470, 0.0
2021-05-21 14:50:00, 98.82, 98.82, 98.75, 98.82, 1049, 0.0
2021-05-21 14:51:00, 98.795, 98.8, 98.76, 98.78, 434, 0.0
2021-05-21 14:52:00, 98.82, 98.87, 98.82, 98.87, 504, 0.0
2021-05-21 14:53:00, 98.88, 98.92, 98.88, 98.92, 632, 0.0
2021-05-21 14:54:00, 98.89, 98.89, 98.82, 98.87, 784, 0.0
2021-05-21 14:55:00, 98.83, 98.85, 98.82, 98.85, 1214, 0.0
2021-05-21 14:56:00, 98.86, 98.87, 98.78, 98.78, 460, 0.0
2021-05-21 14:57:00, 98.85, 98.85, 98.85, 98.85, 459, 0.0
2021-05-21 14:58:00, 98.82, 98.88, 98.82, 98.83, 1853, 0.0
2021-05-21 14:59:00, 98.75, 98.87, 98.75, 98.87, 619, 0.0
2021-05-24 08:30:00, 99.99, 99.99, 99.82, 99.82, 347, 0.0
2021-05-24 08:35:00, 99.865, 99.865, 99.83, 99.85, 2627, 0.0
2021-05-24 08:36:00, 99.85, 99.92, 99.85, 99.85, 1755, 0.0
2021-05-24 08:37:00, 100.04, 100.04, 100.01, 100.02, 301, 0.0
2021-05-24 08:38:00, 100.09, 100.09, 100.07, 100.07, 200, 0.0
2021-05-24 08:40:00, 100.27, 100.35, 100.27, 100.35, 233, 0.0
2021-05-24 08:41:00, 100.19, 100.19, 100.19, 100.19, 100, 0.0
2021-05-24 08:43:00, 100.26, 100.26, 100.25, 100.25, 1148, 0.0
2021-05-24 08:44:00, 100.31, 100.31, 100.31, 100.31, 100, 0.0
2021-05-24 08:45:00, 100.28, 100.34, 100.28, 100.34, 383, 0.0
2021-05-24 08:46:00, 100.43, 100.43, 100.43, 100.43, 201, 0.0
2021-05-24 08:48:00, 100.48, 100.5, 100.46, 100.5, 300, 0.0
2021-05-24 08:51:00, 100.27, 100.27, 100.27, 100.27, 133, 0.0
2021-05-24 08:52:00, 100.3, 100.3, 100.3, 100.3, 200, 0.0
2021-05-24 08:53:00, 100.25, 100.25, 100.24, 100.24, 333, 0.0
2021-05-24 08:54:00, 100.38, 100.41, 100.32, 100.37, 1301, 0.0
2021-05-24 08:55:00, 100.38, 100.41, 100.38, 100.41, 350, 0.0
2021-05-24 08:56:00, 100.34, 100.34, 100.34, 100.34, 266, 0.0
2021-05-24 08:57:00, 100.31, 100.33, 100.3, 100.31, 544, 0.0
2021-05-24 08:58:00, 100.28, 100.355, 100.28, 100.35, 733, 0.0
2021-05-24 08:59:00, 100.36, 100.41, 100.34, 100.41, 533, 0.0
2021-05-24 09:00:00, 100.42, 100.46, 100.42, 100.46, 757, 0.0
2021-05-24 09:01:00, 100.44, 100.44, 100.38, 100.38, 400, 0.0
2021-05-24 09:02:00, 100.44, 100.44, 100.41, 100.42, 833, 0.0
2021-05-24 09:04:00, 100.29, 100.29, 100.29, 100.29, 133, 0.0
2021-05-24 09:06:00, 100.33, 100.33, 100.33, 100.33, 133, 0.0
2021-05-24 09:08:00, 100.395, 100.395, 100.395, 100.395, 210, 0.0
2021-05-24 09:11:00, 100.48, 100.48, 100.48, 100.48, 101, 0.0
2021-05-24 09:12:00, 100.42, 100.42, 100.385, 100.385, 200, 0.0
2021-05-24 09:15:00, 100.54, 100.55, 100.54, 100.54, 506, 0.0
2021-05-24 09:16:00, 100.53, 100.53, 100.53, 100.53, 103, 0.0
2021-05-24 09:18:00, 100.43, 100.43, 100.43, 100.43, 150, 0.0
2021-05-24 09:19:00, 100.49, 100.49, 100.49, 100.49, 151, 0.0
2021-05-24 09:20:00, 100.43, 100.43, 100.42, 100.42, 200, 0.0
2021-05-24 09:21:00, 100.52, 100.52, 100.52, 100.52, 143, 0.0
2021-05-24 09:22:00, 100.53, 100.55, 100.51, 100.55, 333, 0.0
2021-05-24 09:23:00, 100.555, 100.56, 100.5, 100.56, 336, 0.0
2021-05-24 09:24:00, 100.52, 100.52, 100.52, 100.52, 200, 0.0
2021-05-24 09:26:00, 100.47, 100.47, 100.47, 100.47, 104, 0.0
2021-05-24 09:27:00, 100.41, 100.41, 100.41, 100.41, 102, 0.0
2021-05-24 09:28:00, 100.41, 100.41, 100.41, 100.41, 133, 0.0
2021-05-24 09:29:00, 100.46, 100.46, 100.43, 100.43, 333, 0.0
2021-05-24 09:30:00, 100.51, 100.51, 100.51, 100.51, 336, 0.0
2021-05-24 09:31:00, 100.44, 100.44, 100.44, 100.44, 102, 0.0
2021-05-24 09:32:00, 100.46, 100.46, 100.46, 100.46, 100, 0.0
2021-05-24 09:37:00, 100.56, 100.56, 100.56, 100.56, 106, 0.0
2021-05-24 09:39:00, 100.6, 100.6, 100.6, 100.6, 133, 0.0
2021-05-24 09:41:00, 100.53, 100.53, 100.51, 100.51, 255, 0.0
2021-05-24 09:44:00, 100.64, 100.66, 100.63, 100.66, 342, 0.0
2021-05-24 09:45:00, 100.7, 100.7, 100.7, 100.7, 141, 0.0
2021-05-24 09:48:00, 100.545, 100.545, 100.545, 100.545, 183, 0.0
2021-05-24 09:50:00, 100.52, 100.52, 100.52, 100.52, 199, 0.0
2021-05-24 09:51:00, 100.54, 100.54, 100.52, 100.52, 201, 0.0
2021-05-24 09:56:00, 100.59, 100.59, 100.59, 100.59, 100, 0.0
2021-05-24 09:58:00, 100.52, 100.52, 100.52, 100.52, 100, 0.0
2021-05-24 09:59:00, 100.42, 100.42, 100.4, 100.4, 381, 0.0
2021-05-24 10:00:00, 100.43, 100.43, 100.36, 100.36, 285, 0.0
2021-05-24 10:01:00, 100.39, 100.39, 100.39, 100.39, 100, 0.0
2021-05-24 10:03:00, 100.46, 100.46, 100.46, 100.46, 200, 0.0
2021-05-24 10:04:00, 100.44, 100.44, 100.44, 100.44, 333, 0.0
2021-05-24 10:06:00, 100.45, 100.45, 100.45, 100.45, 200, 0.0
2021-05-24 10:08:00, 100.42, 100.42, 100.42, 100.42, 121, 0.0
2021-05-24 10:10:00, 100.395, 100.4, 100.395, 100.4, 200, 0.0
2021-05-24 10:12:00, 100.4, 100.4, 100.4, 100.4, 109, 0.0
2021-05-24 10:13:00, 100.45, 100.45, 100.45, 100.45, 200, 0.0
2021-05-24 10:14:00, 100.49, 100.49, 100.49, 100.49, 100, 0.0
2021-05-24 10:15:00, 100.52, 100.52, 100.52, 100.52, 132, 0.0
2021-05-24 10:16:00, 100.53, 100.53, 100.53, 100.53, 111, 0.0
2021-05-24 10:17:00, 100.59, 100.59, 100.59, 100.59, 236, 0.0
2021-05-24 10:18:00, 100.64, 100.64, 100.64, 100.64, 130, 0.0
2021-05-24 10:19:00, 100.61, 100.62, 100.6, 100.6, 335, 0.0
2021-05-24 10:23:00, 100.54, 100.54, 100.54, 100.54, 113, 0.0
2021-05-24 10:26:00, 100.66, 100.66, 100.66, 100.66, 100, 0.0
2021-05-24 10:27:00, 100.64, 100.64, 100.62, 100.62, 234, 0.0
2021-05-24 10:33:00, 100.6, 100.61, 100.6, 100.61, 314, 0.0
2021-05-24 10:36:00, 100.535, 100.535, 100.5, 100.5, 333, 0.0
2021-05-24 10:37:00, 100.54, 100.54, 100.54, 100.54, 100, 0.0
2021-05-24 10:38:00, 100.53, 100.53, 100.53, 100.53, 100, 0.0
2021-05-24 10:42:00, 100.57, 100.57, 100.57, 100.57, 100, 0.0
2021-05-24 10:43:00, 100.63, 100.63, 100.63, 100.63, 221, 0.0
2021-05-24 10:44:00, 100.6, 100.64, 100.6, 100.64, 277, 0.0
2021-05-24 10:45:00, 100.66, 100.66, 100.66, 100.66, 633, 0.0
2021-05-24 10:46:00, 100.65, 100.65, 100.65, 100.65, 133, 0.0
2021-05-24 10:47:00, 100.66, 100.69, 100.66, 100.66, 500, 0.0
2021-05-24 10:53:00, 100.56, 100.56, 100.56, 100.56, 100, 0.0
2021-05-24 10:58:00, 100.52, 100.52, 100.52, 100.52, 133, 0.0
2021-05-24 11:17:00, 100.5, 100.5, 100.5, 100.5, 100, 0.0
2021-05-24 11:20:00, 100.51, 100.54, 100.51, 100.54, 233, 0.0
2021-05-24 11:21:00, 100.54, 100.58, 100.54, 100.58, 400, 0.0
2021-05-24 11:22:00, 100.63, 100.63, 100.63, 100.63, 109, 0.0
2021-05-24 11:24:00, 100.57, 100.57, 100.57, 100.57, 113, 0.0
2021-05-24 11:25:00, 100.52, 100.52, 100.52, 100.52, 141, 0.0
2021-05-24 11:27:00, 100.43, 100.43, 100.43, 100.43, 148, 0.0
2021-05-24 11:28:00, 100.46, 100.46, 100.46, 100.46, 100, 0.0
2021-05-24 11:30:00, 100.495, 100.495, 100.495, 100.495, 131, 0.0
2021-05-24 11:31:00, 100.53, 100.53, 100.53, 100.53, 129, 0.0
2021-05-24 11:33:00, 100.51, 100.51, 100.51, 100.51, 100, 0.0
2021-05-24 11:34:00, 100.51, 100.54, 100.51, 100.54, 200, 0.0
2021-05-24 11:36:00, 100.52, 100.53, 100.52, 100.53, 233, 0.0
2021-05-24 11:40:00, 100.55, 100.55, 100.55, 100.55, 100, 0.0
2021-05-24 11:41:00, 100.53, 100.58, 100.53, 100.58, 233, 0.0
2021-05-24 11:42:00, 100.57, 100.57, 100.57, 100.57, 110, 0.0
2021-05-24 11:43:00, 100.62, 100.62, 100.62, 100.62, 100, 0.0
2021-05-24 11:45:00, 100.57, 100.65, 100.57, 100.65, 301, 0.0
2021-05-24 11:46:00, 100.62, 100.64, 100.62, 100.64, 301, 0.0
2021-05-24 11:47:00, 100.66, 100.68, 100.66, 100.68, 200, 0.0
2021-05-24 11:53:00, 100.68, 100.68, 100.68, 100.68, 100, 0.0
2021-05-24 11:54:00, 100.7, 100.7, 100.7, 100.7, 100, 0.0
2021-05-24 11:57:00, 100.74, 100.76, 100.74, 100.76, 330, 0.0
2021-05-24 12:01:00, 100.8, 100.82, 100.79, 100.82, 433, 0.0
2021-05-24 12:02:00, 100.82, 100.82, 100.82, 100.82, 104, 0.0
2021-05-24 12:03:00, 100.84, 100.85, 100.84, 100.85, 200, 0.0
2021-05-24 12:05:00, 100.87, 100.87, 100.87, 100.87, 100, 0.0
2021-05-24 12:10:00, 100.83, 100.83, 100.83, 100.83, 100, 0.0
2021-05-24 12:12:00, 100.82, 100.82, 100.82, 100.82, 219, 0.0
2021-05-24 12:14:00, 100.8, 100.8, 100.8, 100.8, 112, 0.0
2021-05-24 12:16:00, 100.81, 100.81, 100.81, 100.81, 100, 0.0
2021-05-24 12:17:00, 100.86, 100.86, 100.86, 100.86, 200, 0.0
2021-05-24 12:18:00, 100.86, 100.86, 100.85, 100.85, 299, 0.0
2021-05-24 12:19:00, 100.86, 100.88, 100.86, 100.88, 303, 0.0
2021-05-24 12:22:00, 100.8, 100.8, 100.8, 100.8, 100, 0.0
2021-05-24 12:30:00, 100.78, 100.8, 100.78, 100.8, 233, 0.0
2021-05-24 12:35:00, 100.85, 100.85, 100.85, 100.85, 100, 0.0
2021-05-24 12:36:00, 100.84, 100.84, 100.84, 100.84, 163, 0.0
2021-05-24 12:37:00, 100.81, 100.81, 100.81, 100.81, 153, 0.0
2021-05-24 12:39:00, 100.77, 100.77, 100.77, 100.77, 100, 0.0
2021-05-24 12:41:00, 100.8, 100.8, 100.8, 100.8, 272, 0.0
2021-05-24 12:43:00, 100.8, 100.8, 100.8, 100.8, 133, 0.0
2021-05-24 12:45:00, 100.77, 100.77, 100.77, 100.77, 133, 0.0
2021-05-24 12:50:00, 100.78, 100.78, 100.78, 100.78, 200, 0.0
2021-05-24 12:51:00, 100.75, 100.75, 100.75, 100.75, 323, 0.0
2021-05-24 12:54:00, 100.74, 100.74, 100.74, 100.74, 267, 0.0
2021-05-24 13:00:00, 100.72, 100.73, 100.72, 100.73, 235, 0.0
2021-05-24 13:05:00, 100.68, 100.68, 100.68, 100.68, 133, 0.0
2021-05-24 13:06:00, 100.7, 100.7, 100.7, 100.7, 100, 0.0
2021-05-24 13:08:00, 100.74, 100.75, 100.74, 100.74, 305, 0.0
2021-05-24 13:09:00, 100.76, 100.76, 100.76, 100.76, 137, 0.0
2021-05-24 13:10:00, 100.78, 100.78, 100.77, 100.77, 371, 0.0
2021-05-24 13:11:00, 100.76, 100.76, 100.76, 100.76, 100, 0.0
2021-05-24 13:12:00, 100.79, 100.79, 100.79, 100.79, 101, 0.0
2021-05-24 13:13:00, 100.8, 100.8, 100.78, 100.78, 266, 0.0
2021-05-24 13:14:00, 100.8, 100.8, 100.8, 100.8, 366, 0.0
2021-05-24 13:16:00, 100.86, 100.87, 100.83, 100.84, 533, 0.0
2021-05-24 13:18:00, 100.83, 100.83, 100.82, 100.82, 200, 0.0
2021-05-24 13:20:00, 100.81, 100.81, 100.81, 100.81, 135, 0.0
2021-05-24 13:23:00, 100.85, 100.85, 100.85, 100.85, 113, 0.0
2021-05-24 13:24:00, 100.85, 100.85, 100.85, 100.85, 100, 0.0
2021-05-24 13:26:00, 100.875, 100.89, 100.875, 100.89, 323, 0.0
2021-05-24 13:27:00, 100.845, 100.845, 100.845, 100.845, 100, 0.0
2021-05-24 13:29:00, 100.89, 100.89, 100.88, 100.88, 333, 0.0
2021-05-24 13:31:00, 100.96, 100.96, 100.96, 100.96, 101, 0.0
2021-05-24 13:32:00, 100.96, 100.96, 100.96, 100.96, 102, 0.0
2021-05-24 13:33:00, 100.98, 100.98, 100.98, 100.98, 102, 0.0
2021-05-24 13:34:00, 100.96, 100.96, 100.96, 100.96, 113, 0.0
2021-05-24 13:36:00, 101.02, 101.02, 101.02, 101.02, 103, 0.0
2021-05-24 13:44:00, 101.03, 101.03, 101.03, 101.03, 133, 0.0
2021-05-24 13:46:00, 101.06, 101.07, 101.06, 101.07, 204, 0.0
2021-05-24 13:48:00, 101.05, 101.05, 101.05, 101.05, 133, 0.0
2021-05-24 13:50:00, 101.06, 101.06, 101.01, 101.01, 201, 0.0
2021-05-24 13:51:00, 101.02, 101.02, 101.02, 101.02, 234, 0.0
2021-05-24 13:58:00, 101.02, 101.02, 101.02, 101.02, 200, 0.0
2021-05-24 14:00:00, 100.97, 100.97, 100.95, 100.95, 201, 0.0
2021-05-24 14:02:00, 100.95, 100.95, 100.95, 100.95, 133, 0.0
2021-05-24 14:05:00, 100.98, 101.01, 100.98, 101.01, 333, 0.0
2021-05-24 14:09:00, 100.97, 100.97, 100.96, 100.96, 204, 0.0
2021-05-24 14:10:00, 100.95, 100.985, 100.95, 100.985, 249, 0.0
2021-05-24 14:11:00, 100.995, 101.03, 100.995, 101, 400, 0.0
2021-05-24 14:13:00, 101, 101.04, 100.995, 101.04, 902, 0.0
2021-05-24 14:14:00, 101, 101, 100.995, 100.995, 400, 0.0
2021-05-24 14:16:00, 100.985, 101.01, 100.985, 101.01, 1506, 0.0
2021-05-24 14:17:00, 100.99, 100.99, 100.99, 100.99, 102, 0.0
2021-05-24 14:18:00, 100.95, 100.95, 100.95, 100.95, 100, 0.0
2021-05-24 14:19:00, 100.94, 100.96, 100.92, 100.92, 566, 0.0
2021-05-24 14:20:00, 100.92, 100.92, 100.9, 100.9, 200, 0.0
2021-05-24 14:21:00, 100.905, 100.905, 100.81, 100.81, 599, 0.0
2021-05-24 14:22:00, 100.825, 100.825, 100.78, 100.79, 1205, 0.0
2021-05-24 14:23:00, 100.81, 100.81, 100.81, 100.81, 140, 0.0
2021-05-24 14:24:00, 100.81, 100.81, 100.755, 100.755, 345, 0.0
2021-05-24 14:25:00, 100.78, 100.78, 100.78, 100.78, 262, 0.0
2021-05-24 14:27:00, 100.795, 100.815, 100.795, 100.815, 833, 0.0
2021-05-24 14:28:00, 100.805, 100.81, 100.805, 100.81, 206, 0.0
2021-05-24 14:30:00, 100.81, 100.81, 100.81, 100.81, 233, 0.0
2021-05-24 14:31:00, 100.835, 100.835, 100.835, 100.835, 200, 0.0
2021-05-24 14:33:00, 100.89, 100.89, 100.89, 100.89, 105, 0.0
2021-05-24 14:34:00, 100.905, 100.905, 100.905, 100.905, 206, 0.0
2021-05-24 14:35:00, 100.93, 100.93, 100.93, 100.93, 103, 0.0
2021-05-24 14:37:00, 100.91, 100.91, 100.89, 100.9, 366, 0.0
2021-05-24 14:38:00, 100.88, 100.885, 100.855, 100.86, 1801, 0.0
2021-05-24 14:39:00, 100.86, 100.92, 100.86, 100.92, 537, 0.0
2021-05-24 14:40:00, 100.93, 100.97, 100.93, 100.97, 484, 0.0
2021-05-24 14:41:00, 100.96, 100.96, 100.96, 100.96, 205, 0.0
2021-05-24 14:43:00, 100.93, 100.93, 100.93, 100.93, 100, 0.0
2021-05-24 14:44:00, 100.92, 100.93, 100.92, 100.93, 452, 0.0
2021-05-24 14:46:00, 100.95, 100.95, 100.95, 100.95, 200, 0.0
2021-05-24 14:47:00, 100.94, 100.95, 100.94, 100.95, 243, 0.0
2021-05-24 14:49:00, 100.97, 100.97, 100.96, 100.96, 300, 0.0
2021-05-24 14:50:00, 100.84, 100.84, 100.74, 100.74, 481, 0.0
2021-05-24 14:51:00, 100.74, 100.74, 100.73, 100.73, 312, 0.0
2021-05-24 14:52:00, 100.74, 100.74, 100.74, 100.74, 242, 0.0
2021-05-24 14:53:00, 100.73, 100.73, 100.73, 100.73, 233, 0.0
2021-05-24 14:54:00, 100.73, 100.73, 100.7, 100.7, 437, 0.0
2021-05-24 14:55:00, 100.7, 100.77, 100.7, 100.77, 1324, 0.0
2021-05-24 14:56:00, 100.745, 100.77, 100.74, 100.77, 862, 0.0
2021-05-24 14:57:00, 100.74, 100.74, 100.73, 100.73, 551, 0.0
2021-05-24 14:58:00, 100.69, 100.72, 100.68, 100.71, 534, 0.0
2021-05-24 14:59:00, 100.73, 100.73, 100.72, 100.72, 414, 0.0
2021-05-25 08:30:00, 101.6, 101.6, 101.6, 101.6, 137, 0.0
2021-05-25 08:36:00, 102.15, 102.16, 102.15, 102.16, 234, 0.0
2021-05-25 08:41:00, 102.205, 102.205, 102.205, 102.205, 110, 0.0
2021-05-25 08:42:00, 102.245, 102.245, 102.2, 102.2, 321, 0.0
2021-05-25 08:43:00, 102.16, 102.16, 102.16, 102.16, 119, 0.0
2021-05-25 08:46:00, 102.18, 102.18, 102.18, 102.18, 164, 0.0
2021-05-25 08:48:00, 102.17, 102.17, 102.17, 102.17, 189, 0.0
2021-05-25 08:52:00, 101.765, 101.765, 101.685, 101.685, 200, 0.0
2021-05-25 08:53:00, 101.63, 101.63, 101.57, 101.57, 319, 0.0
2021-05-25 09:01:00, 101.23, 101.23, 101.23, 101.23, 126, 0.0
2021-05-25 09:03:00, 101.25, 101.25, 101.25, 101.25, 200, 0.0
2021-05-25 09:04:00, 101.17, 101.17, 101.17, 101.17, 101, 0.0
2021-05-25 09:07:00, 101.26, 101.27, 101.26, 101.27, 200, 0.0
2021-05-25 09:08:00, 101.34, 101.34, 101.34, 101.34, 200, 0.0
2021-05-25 09:09:00, 101.19, 101.2, 101.19, 101.2, 301, 0.0
2021-05-25 09:10:00, 101.2, 101.2, 101.11, 101.11, 320, 0.0
2021-05-25 09:13:00, 101.15, 101.15, 101.12, 101.12, 218, 0.0
2021-05-25 09:15:00, 101.08, 101.08, 101.08, 101.08, 100, 0.0
2021-05-25 09:16:00, 101.1, 101.1, 101.1, 101.1, 100, 0.0
2021-05-25 09:18:00, 101.09, 101.09, 101.08, 101.08, 200, 0.0
2021-05-25 09:19:00, 101.14, 101.14, 101.14, 101.14, 104, 0.0
2021-05-25 09:27:00, 101.44, 101.44, 101.44, 101.44, 100, 0.0
2021-05-25 09:28:00, 101.4, 101.47, 101.4, 101.47, 300, 0.0
2021-05-25 09:30:00, 101.71, 101.71, 101.69, 101.69, 242, 0.0
2021-05-25 09:33:00, 101.52, 101.52, 101.51, 101.51, 200, 0.0
2021-05-25 09:35:00, 101.45, 101.45, 101.45, 101.45, 100, 0.0
2021-05-25 09:38:00, 101.74, 101.74, 101.74, 101.74, 100, 0.0
2021-05-25 09:43:00, 101.78, 101.78, 101.73, 101.73, 286, 0.0
2021-05-25 09:45:00, 101.86, 101.86, 101.83, 101.83, 274, 0.0
2021-05-25 09:48:00, 101.89, 101.89, 101.89, 101.89, 191, 0.0
2021-05-25 09:49:00, 101.83, 101.83, 101.83, 101.83, 133, 0.0
2021-05-25 09:50:00, 101.88, 101.88, 101.88, 101.88, 432, 0.0
2021-05-25 09:52:00, 101.74, 101.74, 101.74, 101.74, 133, 0.0
2021-05-25 09:55:00, 101.69, 101.69, 101.69, 101.69, 250, 0.0
2021-05-25 09:56:00, 101.74, 101.74, 101.74, 101.74, 175, 0.0
2021-05-25 09:57:00, 101.77, 101.82, 101.77, 101.82, 236, 0.0
2021-05-25 09:58:00, 101.77, 101.77, 101.77, 101.77, 100, 0.0
2021-05-25 09:59:00, 101.72, 101.77, 101.72, 101.77, 336, 0.0
2021-05-25 10:00:00, 101.62, 101.62, 101.62, 101.62, 333, 0.0
2021-05-25 10:02:00, 101.67, 101.67, 101.67, 101.67, 109, 0.0
2021-05-25 10:03:00, 101.7, 101.7, 101.58, 101.58, 324, 0.0
2021-05-25 10:06:00, 101.35, 101.35, 101.25, 101.25, 300, 0.0
2021-05-25 10:08:00, 101.315, 101.315, 101.315, 101.315, 200, 0.0
2021-05-25 10:10:00, 101.19, 101.19, 101.19, 101.19, 100, 0.0
2021-05-25 10:12:00, 101.15, 101.15, 101.15, 101.15, 102, 0.0
2021-05-25 10:13:00, 101.26, 101.26, 101.26, 101.26, 150, 0.0
2021-05-25 10:14:00, 101.27, 101.27, 101.27, 101.27, 115, 0.0
2021-05-25 10:15:00, 101.27, 101.27, 101.27, 101.27, 117, 0.0
2021-05-25 10:17:00, 100.96, 100.96, 100.96, 100.96, 200, 0.0
2021-05-25 10:19:00, 100.88, 100.88, 100.88, 100.88, 100, 0.0
2021-05-25 10:20:00, 100.83, 100.83, 100.83, 100.83, 210, 0.0
2021-05-25 10:22:00, 100.9, 100.9, 100.9, 100.9, 100, 0.0
2021-05-25 10:24:00, 100.96, 100.96, 100.96, 100.96, 361, 0.0
2021-05-25 10:27:00, 100.85, 100.88, 100.85, 100.88, 300, 0.0
2021-05-25 10:29:00, 100.84, 100.87, 100.84, 100.87, 300, 0.0
2021-05-25 10:30:00, 100.9, 100.9, 100.9, 100.9, 117, 0.0
2021-05-25 10:32:00, 100.83, 100.89, 100.83, 100.89, 421, 0.0
2021-05-25 10:34:00, 100.79, 100.86, 100.79, 100.86, 322, 0.0
2021-05-25 10:35:00, 100.86, 100.86, 100.86, 100.86, 105, 0.0
2021-05-25 10:38:00, 101.03, 101.05, 101.03, 101.05, 300, 0.0
2021-05-25 10:42:00, 101.12, 101.12, 101.11, 101.11, 300, 0.0
2021-05-25 10:43:00, 101.09, 101.09, 101.09, 101.09, 146, 0.0
2021-05-25 10:46:00, 101.24, 101.24, 101.24, 101.24, 333, 0.0
2021-05-25 10:48:00, 101.31, 101.31, 101.31, 101.31, 200, 0.0
2021-05-25 10:49:00, 101.35, 101.35, 101.32, 101.35, 302, 0.0
2021-05-25 10:50:00, 101.33, 101.34, 101.33, 101.34, 234, 0.0
2021-05-25 10:52:00, 101.1, 101.15, 101.1, 101.15, 200, 0.0
2021-05-25 10:53:00, 101.2, 101.205, 101.2, 101.205, 400, 0.0
2021-05-25 10:56:00, 101.175, 101.19, 101.175, 101.19, 358, 0.0
2021-05-25 10:57:00, 101.21, 101.3, 101.21, 101.3, 1140, 0.0
2021-05-25 10:58:00, 101.29, 101.29, 101.29, 101.29, 334, 0.0
2021-05-25 10:59:00, 101.29, 101.29, 101.29, 101.29, 200, 0.0
2021-05-25 11:00:00, 101.33, 101.33, 101.31, 101.31, 409, 0.0
2021-05-25 11:04:00, 101.16, 101.16, 101.16, 101.16, 181, 0.0
2021-05-25 11:05:00, 101.17, 101.17, 101.17, 101.17, 100, 0.0
2021-05-25 11:06:00, 101.11, 101.11, 101.11, 101.11, 136, 0.0
2021-05-25 11:07:00, 101.165, 101.17, 101.165, 101.17, 360, 0.0
2021-05-25 11:09:00, 101.21, 101.21, 101.21, 101.21, 102, 0.0
2021-05-25 11:10:00, 101.28, 101.28, 101.28, 101.28, 397, 0.0
2021-05-25 11:11:00, 101.3, 101.3, 101.3, 101.3, 100, 0.0
2021-05-25 11:12:00, 101.28, 101.28, 101.26, 101.26, 267, 0.0
2021-05-25 11:13:00, 101.35, 101.35, 101.34, 101.34, 333, 0.0
2021-05-25 11:17:00, 101.2, 101.2, 101.14, 101.14, 266, 0.0
2021-05-25 11:19:00, 101.11, 101.12, 101.1, 101.12, 401, 0.0
2021-05-25 11:20:00, 101.16, 101.16, 101.16, 101.16, 100, 0.0
2021-05-25 11:21:00, 101.2, 101.2, 101.2, 101.2, 100, 0.0
2021-05-25 11:22:00, 101.16, 101.16, 101.16, 101.16, 100, 0.0
2021-05-25 11:23:00, 101.14, 101.14, 101.14, 101.14, 100, 0.0
2021-05-25 11:24:00, 101.14, 101.14, 101.14, 101.14, 100, 0.0
2021-05-25 11:25:00, 101.15, 101.15, 101.15, 101.15, 200, 0.0
2021-05-25 11:26:00, 101.16, 101.16, 101.16, 101.16, 233, 0.0
2021-05-25 11:28:00, 101.18, 101.18, 101.18, 101.18, 323, 0.0
2021-05-25 11:29:00, 101.16, 101.16, 101.16, 101.16, 170, 0.0
2021-05-25 11:30:00, 101.17, 101.17, 101.17, 101.17, 102, 0.0
2021-05-25 11:31:00, 101.21, 101.21, 101.21, 101.21, 194, 0.0
2021-05-25 11:32:00, 101.23, 101.24, 101.23, 101.24, 200, 0.0
2021-05-25 11:33:00, 101.24, 101.24, 101.24, 101.24, 100, 0.0
2021-05-25 11:36:00, 101.24, 101.24, 101.24, 101.24, 284, 0.0
2021-05-25 11:40:00, 101.21, 101.21, 101.21, 101.21, 100, 0.0
2021-05-25 11:43:00, 101.08, 101.08, 101.08, 101.08, 100, 0.0
2021-05-25 11:44:00, 101.09, 101.09, 101.09, 101.09, 263, 0.0
2021-05-25 11:47:00, 101.06, 101.06, 101.06, 101.06, 200, 0.0
2021-05-25 11:50:00, 101.02, 101.05, 101.02, 101.05, 433, 0.0
2021-05-25 11:51:00, 101.07, 101.08, 101.07, 101.08, 300, 0.0
2021-05-25 11:52:00, 101.07, 101.07, 101.07, 101.07, 200, 0.0
2021-05-25 11:53:00, 101.12, 101.15, 101.12, 101.15, 200, 0.0
2021-05-25 12:01:00, 101, 101, 100.96, 100.97, 443, 0.0
2021-05-25 12:04:00, 100.9, 100.92, 100.9, 100.92, 334, 0.0
2021-05-25 12:06:00, 100.89, 100.89, 100.89, 100.89, 193, 0.0
2021-05-25 12:08:00, 101, 101, 101, 101, 132, 0.0
2021-05-25 12:11:00, 101.08, 101.08, 101.08, 101.08, 224, 0.0
2021-05-25 12:12:00, 101.07, 101.07, 101.07, 101.07, 194, 0.0
2021-05-25 12:13:00, 101.09, 101.09, 101.09, 101.09, 100, 0.0
2021-05-25 12:14:00, 101.09, 101.09, 101.09, 101.09, 200, 0.0
2021-05-25 12:16:00, 101.16, 101.17, 101.16, 101.17, 333, 0.0
2021-05-25 12:17:00, 101.19, 101.19, 101.19, 101.19, 100, 0.0
2021-05-25 12:18:00, 101.24, 101.29, 101.24, 101.29, 589, 0.0
2021-05-25 12:19:00, 101.21, 101.21, 101.21, 101.21, 133, 0.0
2021-05-25 12:22:00, 101.28, 101.3, 101.28, 101.3, 402, 0.0
2021-05-25 12:25:00, 101.31, 101.31, 101.31, 101.31, 133, 0.0
2021-05-25 12:26:00, 101.25, 101.25, 101.25, 101.25, 204, 0.0
2021-05-25 12:27:00, 101.27, 101.27, 101.27, 101.27, 237, 0.0
2021-05-25 12:28:00, 101.28, 101.28, 101.28, 101.28, 198, 0.0
2021-05-25 12:29:00, 101.34, 101.34, 101.34, 101.34, 136, 0.0
2021-05-25 12:32:00, 101.37, 101.37, 101.37, 101.37, 138, 0.0
2021-05-25 12:33:00, 101.43, 101.48, 101.42, 101.46, 3878, 0.0
2021-05-25 12:34:00, 101.435, 101.45, 101.34, 101.34, 1428, 0.0
2021-05-25 12:35:00, 101.36, 101.36, 101.36, 101.36, 208, 0.0
2021-05-25 12:36:00, 101.38, 101.38, 101.38, 101.38, 214, 0.0
2021-05-25 12:37:00, 101.36, 101.4, 101.36, 101.4, 466, 0.0
2021-05-25 12:39:00, 101.35, 101.35, 101.35, 101.35, 100, 0.0
2021-05-25 12:41:00, 101.34, 101.34, 101.27, 101.27, 352, 0.0
2021-05-25 12:42:00, 101.3, 101.3, 101.27, 101.27, 537, 0.0
2021-05-25 12:43:00, 101.31, 101.32, 101.31, 101.32, 300, 0.0
2021-05-25 12:44:00, 101.365, 101.365, 101.365, 101.365, 100, 0.0
2021-05-25 12:45:00, 101.37, 101.37, 101.37, 101.37, 433, 0.0
2021-05-25 12:46:00, 101.41, 101.41, 101.41, 101.41, 234, 0.0
2021-05-25 12:47:00, 101.43, 101.43, 101.43, 101.43, 160, 0.0
2021-05-25 12:49:00, 101.4, 101.4, 101.36, 101.36, 233, 0.0
2021-05-25 12:50:00, 101.4, 101.47, 101.4, 101.47, 721, 0.0
2021-05-25 12:51:00, 101.44, 101.44, 101.44, 101.44, 287, 0.0
2021-05-25 12:52:00, 101.4, 101.4, 101.4, 101.4, 127, 0.0
2021-05-25 12:54:00, 101.45, 101.47, 101.45, 101.47, 519, 0.0
2021-05-25 12:57:00, 101.46, 101.47, 101.44, 101.44, 400, 0.0
2021-05-25 12:58:00, 101.5, 101.5, 101.5, 101.5, 333, 0.0
2021-05-25 12:59:00, 101.46, 101.49, 101.46, 101.49, 827, 0.0
2021-05-25 13:00:00, 101.51, 101.51, 101.48, 101.48, 242, 0.0
2021-05-25 13:01:00, 101.49, 101.49, 101.49, 101.49, 183, 0.0
2021-05-25 13:03:00, 101.33, 101.33, 101.33, 101.33, 135, 0.0
2021-05-25 13:04:00, 101.26, 101.3, 101.26, 101.3, 301, 0.0
2021-05-25 13:08:00, 101.26, 101.27, 101.26, 101.27, 433, 0.0
2021-05-25 13:11:00, 101.31, 101.31, 101.31, 101.31, 100, 0.0
2021-05-25 13:12:00, 101.29, 101.3, 101.28, 101.3, 333, 0.0
2021-05-25 13:13:00, 101.36, 101.36, 101.36, 101.36, 241, 0.0
2021-05-25 13:14:00, 101.39, 101.39, 101.39, 101.39, 203, 0.0
2021-05-25 13:15:00, 101.4, 101.4, 101.4, 101.4, 149, 0.0
2021-05-25 13:17:00, 101.38, 101.39, 101.32, 101.32, 435, 0.0
2021-05-25 13:18:00, 101.32, 101.38, 101.32, 101.38, 606, 0.0
2021-05-25 13:19:00, 101.38, 101.38, 101.33, 101.33, 200, 0.0
2021-05-25 13:20:00, 101.36, 101.36, 101.36, 101.36, 101, 0.0
2021-05-25 13:23:00, 101.39, 101.39, 101.36, 101.36, 428, 0.0
2021-05-25 13:24:00, 101.34, 101.34, 101.34, 101.34, 200, 0.0
2021-05-25 13:25:00, 101.31, 101.32, 101.31, 101.32, 265, 0.0
2021-05-25 13:26:00, 101.33, 101.35, 101.33, 101.35, 1082, 0.0
2021-05-25 13:27:00, 101.345, 101.36, 101.31, 101.34, 963, 0.0
2021-05-25 13:28:00, 101.36, 101.36, 101.24, 101.28, 912, 0.0
2021-05-25 13:29:00, 101.265, 101.31, 101.265, 101.29, 937, 0.0
2021-05-25 13:30:00, 101.24, 101.36, 101.24, 101.36, 1144, 0.0
2021-05-25 13:31:00, 101.31, 101.31, 101.29, 101.29, 362, 0.0
2021-05-25 13:32:00, 101.3, 101.3, 101.3, 101.3, 134, 0.0
2021-05-25 13:34:00, 101.17, 101.17, 101.17, 101.17, 302, 0.0
2021-05-25 13:35:00, 101.1, 101.1, 101.1, 101.1, 305, 0.0
2021-05-25 13:36:00, 101.12, 101.17, 101.12, 101.14, 1665, 0.0
2021-05-25 13:37:00, 101.15, 101.2, 101.15, 101.2, 441, 0.0
2021-05-25 13:38:00, 101.22, 101.22, 101.22, 101.22, 101, 0.0
2021-05-25 13:39:00, 101.23, 101.23, 101.23, 101.23, 104, 0.0
2021-05-25 13:40:00, 101.255, 101.28, 101.25, 101.28, 451, 0.0
2021-05-25 13:43:00, 101.33, 101.35, 101.33, 101.35, 235, 0.0
2021-05-25 13:44:00, 101.34, 101.34, 101.34, 101.34, 231, 0.0
2021-05-25 13:46:00, 101.32, 101.32, 101.32, 101.32, 128, 0.0
2021-05-25 13:47:00, 101.3, 101.3, 101.26, 101.28, 406, 0.0
2021-05-25 13:49:00, 101.31, 101.31, 101.31, 101.31, 102, 0.0
2021-05-25 13:50:00, 101.37, 101.37, 101.35, 101.35, 201, 0.0
2021-05-25 13:51:00, 101.32, 101.32, 101.26, 101.26, 545, 0.0
2021-05-25 13:52:00, 101.33, 101.33, 101.33, 101.33, 150, 0.0
2021-05-25 13:53:00, 101.28, 101.28, 101.27, 101.27, 300, 0.0
2021-05-25 13:54:00, 101.31, 101.32, 101.29, 101.29, 569, 0.0
2021-05-25 13:55:00, 101.32, 101.33, 101.32, 101.33, 200, 0.0
2021-05-25 13:56:00, 101.37, 101.37, 101.37, 101.37, 102, 0.0
2021-05-25 13:58:00, 101.35, 101.355, 101.35, 101.355, 200, 0.0
2021-05-25 13:59:00, 101.3, 101.32, 101.3, 101.32, 200, 0.0
2021-05-25 14:00:00, 101.26, 101.29, 101.26, 101.26, 400, 0.0
2021-05-25 14:02:00, 101.09, 101.09, 101.08, 101.09, 1622, 0.0
2021-05-25 14:03:00, 101.07, 101.08, 101.05, 101.08, 481, 0.0
2021-05-25 14:04:00, 101.05, 101.06, 101.05, 101.06, 300, 0.0
2021-05-25 14:05:00, 101.06, 101.1, 101.06, 101.08, 600, 0.0
2021-05-25 14:06:00, 101.1, 101.1, 101.1, 101.1, 103, 0.0
2021-05-25 14:07:00, 101.11, 101.11, 101.11, 101.11, 106, 0.0
2021-05-25 14:08:00, 101.1, 101.1, 101.1, 101.1, 299, 0.0
2021-05-25 14:10:00, 101.02, 101.02, 101.02, 101.02, 116, 0.0
2021-05-25 14:11:00, 101, 101, 101, 101, 300, 0.0
2021-05-25 14:12:00, 100.97, 100.99, 100.97, 100.99, 334, 0.0
2021-05-25 14:13:00, 101.01, 101.01, 101.01, 101.01, 360, 0.0
2021-05-25 14:14:00, 101.02, 101.02, 101.02, 101.02, 110, 0.0
2021-05-25 14:15:00, 100.93, 101, 100.93, 101, 500, 0.0
2021-05-25 14:16:00, 101.04, 101.04, 101, 101, 414, 0.0
2021-05-25 14:17:00, 100.97, 100.97, 100.97, 100.97, 433, 0.0
2021-05-25 14:18:00, 100.97, 100.97, 100.97, 100.97, 232, 0.0
2021-05-25 14:19:00, 100.96, 101.05, 100.96, 101.05, 415, 0.0
2021-05-25 14:20:00, 101.15, 101.15, 101.09, 101.09, 519, 0.0
2021-05-25 14:21:00, 101.01, 101.01, 101.01, 101.01, 103, 0.0
2021-05-25 14:23:00, 101.105, 101.105, 101.105, 101.105, 104, 0.0
2021-05-25 14:24:00, 101.12, 101.12, 101.06, 101.06, 333, 0.0
2021-05-25 14:25:00, 101.12, 101.13, 101.12, 101.13, 392, 0.0
2021-05-25 14:26:00, 101.08, 101.08, 101.08, 101.08, 101, 0.0
2021-05-25 14:27:00, 101.08, 101.08, 101.05, 101.05, 330, 0.0
2021-05-25 14:28:00, 101.02, 101.02, 101.02, 101.02, 133, 0.0
2021-05-25 14:29:00, 101.03, 101.03, 101.03, 101.03, 200, 0.0
2021-05-25 14:30:00, 100.97, 100.99, 100.97, 100.99, 208, 0.0
2021-05-25 14:31:00, 100.99, 100.99, 100.99, 100.99, 400, 0.0
2021-05-25 14:32:00, 100.98, 100.98, 100.98, 100.98, 364, 0.0
2021-05-25 14:34:00, 100.89, 100.94, 100.89, 100.94, 318, 0.0
2021-05-25 14:35:00, 100.98, 101, 100.98, 101, 693, 0.0
2021-05-25 14:37:00, 100.99, 100.99, 100.98, 100.99, 503, 0.0
2021-05-25 14:38:00, 100.99, 101.01, 100.99, 101.01, 300, 0.0
2021-05-25 14:39:00, 101.04, 101.04, 101.04, 101.04, 334, 0.0
2021-05-25 14:40:00, 101.11, 101.11, 101.09, 101.09, 367, 0.0
2021-05-25 14:41:00, 101.01, 101.01, 101.01, 101.01, 200, 0.0
2021-05-25 14:42:00, 101.06, 101.08, 101.06, 101.08, 233, 0.0
2021-05-25 14:43:00, 101.03, 101.04, 101.03, 101.04, 334, 0.0
2021-05-25 14:44:00, 101.04, 101.08, 101.04, 101.05, 594, 0.0
2021-05-25 14:45:00, 101.12, 101.12, 101.1, 101.11, 733, 0.0
2021-05-25 14:46:00, 101.12, 101.12, 101.1, 101.11, 317, 0.0
2021-05-25 14:47:00, 101.11, 101.11, 101.11, 101.11, 289, 0.0
2021-05-25 14:48:00, 101.1, 101.11, 101.1, 101.11, 312, 0.0
2021-05-25 14:49:00, 101, 101, 101, 101, 267, 0.0
2021-05-25 14:50:00, 100.89, 101.04, 100.89, 101.04, 753, 0.0
2021-05-25 14:51:00, 100.9, 100.9, 100.87, 100.87, 450, 0.0
2021-05-25 14:52:00, 100.92, 100.94, 100.92, 100.94, 975, 0.0
2021-05-25 14:53:00, 100.91, 100.94, 100.91, 100.92, 533, 0.0
2021-05-25 14:54:00, 100.92, 101.02, 100.92, 101.02, 668, 0.0
2021-05-25 14:55:00, 101.025, 101.12, 101.025, 101.12, 926, 0.0
2021-05-25 14:56:00, 101.09, 101.13, 101.07, 101.13, 1294, 0.0
2021-05-25 14:57:00, 101.17, 101.2, 101.15, 101.15, 1464, 0.0
2021-05-25 14:58:00, 101.15, 101.22, 101.15, 101.17, 836, 0.0
2021-05-25 14:59:00, 101.23, 101.27, 101.23, 101.27, 1458, 0.0
2021-05-26 08:30:00, 101.415, 101.415, 101.415, 101.415, 102, 0.0
2021-05-26 08:35:00, 102.13, 102.13, 102.05, 102.05, 258, 0.0
2021-05-26 08:36:00, 101.92, 101.92, 101.92, 101.92, 100, 0.0
2021-05-26 08:37:00, 102.03, 102.03, 102.03, 102.03, 135, 0.0
2021-05-26 08:38:00, 102.04, 102.04, 102.04, 102.04, 166, 0.0
2021-05-26 08:40:00, 101.94, 102.03, 101.94, 102.03, 932, 0.0
2021-05-26 08:41:00, 101.93, 101.94, 101.93, 101.94, 300, 0.0
2021-05-26 08:42:00, 101.89, 101.89, 101.89, 101.89, 101, 0.0
2021-05-26 08:43:00, 101.77, 101.77, 101.77, 101.77, 256, 0.0
2021-05-26 08:47:00, 101.8, 101.8, 101.8, 101.8, 200, 0.0
2021-05-26 08:52:00, 101.33, 101.33, 101.33, 101.33, 100, 0.0
2021-05-26 08:53:00, 101.36, 101.36, 101.36, 101.36, 100, 0.0
2021-05-26 08:54:00, 101.32, 101.32, 101.24, 101.24, 644, 0.0
2021-05-26 08:55:00, 101.29, 101.29, 101.24, 101.24, 200, 0.0
2021-05-26 08:58:00, 100.93, 100.94, 100.93, 100.94, 220, 0.0
2021-05-26 08:59:00, 101.03, 101.075, 101.03, 101.075, 334, 0.0
2021-05-26 09:00:00, 101.04, 101.04, 101.04, 101.04, 100, 0.0
2021-05-26 09:02:00, 100.86, 100.86, 100.86, 100.86, 100, 0.0
2021-05-26 09:05:00, 101.13, 101.13, 101.13, 101.13, 142, 0.0
2021-05-26 09:08:00, 100.98, 100.98, 100.98, 100.98, 100, 0.0
2021-05-26 09:11:00, 101.03, 101.03, 101.03, 101.03, 294, 0.0
2021-05-26 09:13:00, 100.95, 100.95, 100.94, 100.94, 333, 0.0
2021-05-26 09:14:00, 100.93, 100.93, 100.92, 100.92, 400, 0.0
2021-05-26 09:15:00, 100.93, 100.93, 100.93, 100.93, 133, 0.0
2021-05-26 09:16:00, 100.99, 100.99, 100.99, 100.99, 101, 0.0
2021-05-26 09:17:00, 101.09, 101.09, 101.09, 101.09, 271, 0.0
2021-05-26 09:18:00, 101.06, 101.06, 101.06, 101.06, 100, 0.0
2021-05-26 09:22:00, 100.96, 100.96, 100.96, 100.96, 100, 0.0
2021-05-26 09:23:00, 100.98, 100.98, 100.98, 100.98, 244, 0.0
2021-05-26 09:25:00, 100.93, 100.93, 100.93, 100.93, 100, 0.0
2021-05-26 09:32:00, 100.9, 100.9, 100.87, 100.87, 200, 0.0
2021-05-26 09:34:00, 100.94, 100.975, 100.94, 100.975, 269, 0.0
2021-05-26 09:35:00, 101.02, 101.02, 101.02, 101.02, 100, 0.0
2021-05-26 09:37:00, 100.825, 100.825, 100.825, 100.825, 233, 0.0
2021-05-26 09:38:00, 100.86, 100.86, 100.86, 100.86, 297, 0.0
2021-05-26 09:40:00, 100.9, 100.94, 100.9, 100.94, 200, 0.0
2021-05-26 09:41:00, 100.95, 100.95, 100.95, 100.95, 100, 0.0
2021-05-26 09:42:00, 100.91, 100.915, 100.91, 100.915, 569, 0.0
2021-05-26 09:43:00, 100.91, 100.925, 100.91, 100.925, 1023, 0.0
2021-05-26 09:44:00, 100.84, 100.86, 100.84, 100.86, 410, 0.0
2021-05-26 09:45:00, 100.875, 100.915, 100.875, 100.9, 700, 0.0
2021-05-26 09:46:00, 100.9, 100.93, 100.895, 100.93, 458, 0.0
2021-05-26 09:47:00, 100.89, 100.915, 100.89, 100.915, 343, 0.0
2021-05-26 09:48:00, 100.82, 100.86, 100.82, 100.86, 698, 0.0
2021-05-26 09:49:00, 100.86, 100.865, 100.86, 100.86, 833, 0.0
2021-05-26 09:50:00, 100.86, 100.865, 100.86, 100.86, 300, 0.0
2021-05-26 09:51:00, 100.87, 100.925, 100.84, 100.925, 1104, 0.0
2021-05-26 09:52:00, 101.07, 101.07, 101.07, 101.07, 335, 0.0
2021-05-26 09:53:00, 101.03, 101.035, 100.93, 100.94, 860, 0.0
2021-05-26 09:55:00, 100.985, 100.995, 100.94, 100.94, 499, 0.0
2021-05-26 09:56:00, 100.93, 100.93, 100.93, 100.93, 105, 0.0
2021-05-26 09:57:00, 100.95, 100.975, 100.95, 100.97, 360, 0.0
2021-05-26 09:58:00, 100.96, 100.96, 100.96, 100.96, 344, 0.0
2021-05-26 09:59:00, 100.965, 100.965, 100.965, 100.965, 257, 0.0
2021-05-26 10:01:00, 100.85, 100.85, 100.84, 100.85, 333, 0.0
2021-05-26 10:02:00, 100.85, 100.85, 100.85, 100.85, 101, 0.0
2021-05-26 10:03:00, 100.9, 100.955, 100.9, 100.955, 410, 0.0
2021-05-26 10:04:00, 100.985, 100.985, 100.965, 100.97, 1855, 0.0
2021-05-26 10:05:00, 100.92, 100.92, 100.81, 100.9, 2265, 0.0
2021-05-26 10:06:00, 100.83, 100.905, 100.83, 100.905, 458, 0.0
2021-05-26 10:07:00, 100.91, 100.91, 100.87, 100.87, 1737, 0.0
2021-05-26 10:08:00, 100.9, 100.9, 100.82, 100.82, 1051, 0.0
2021-05-26 10:09:00, 100.8, 100.8, 100.79, 100.79, 300, 0.0
2021-05-26 10:10:00, 100.8, 100.825, 100.8, 100.825, 375, 0.0
2021-05-26 10:11:00, 100.83, 100.87, 100.83, 100.87, 797, 0.0
2021-05-26 10:13:00, 100.885, 100.895, 100.885, 100.895, 1239, 0.0
2021-05-26 10:14:00, 100.92, 100.97, 100.92, 100.93, 483, 0.0
2021-05-26 10:16:00, 100.85, 100.9, 100.85, 100.88, 912, 0.0
2021-05-26 10:17:00, 100.86, 100.87, 100.78, 100.8, 1210, 0.0
2021-05-26 10:18:00, 100.79, 100.8, 100.78, 100.8, 900, 0.0
2021-05-26 10:19:00, 100.76, 100.76, 100.76, 100.76, 1533, 0.0
2021-05-26 10:20:00, 100.75, 100.75, 100.75, 100.75, 455, 0.0
2021-05-26 10:21:00, 100.745, 100.745, 100.725, 100.725, 731, 0.0
2021-05-26 10:22:00, 100.655, 100.655, 100.65, 100.65, 882, 0.0
2021-05-26 10:23:00, 100.62, 100.65, 100.61, 100.65, 970, 0.0
2021-05-26 10:24:00, 100.62, 100.62, 100.51, 100.52, 3785, 0.0
2021-05-26 10:25:00, 100.51, 100.51, 100.445, 100.445, 799, 0.0
2021-05-26 10:26:00, 100.39, 100.44, 100.39, 100.4, 600, 0.0
2021-05-26 10:27:00, 100.36, 100.415, 100.36, 100.41, 1505, 0.0
2021-05-26 10:28:00, 100.48, 100.49, 100.48, 100.49, 402, 0.0
2021-05-26 10:29:00, 100.49, 100.5, 100.49, 100.5, 200, 0.0
2021-05-26 10:30:00, 100.52, 100.52, 100.465, 100.47, 300, 0.0
2021-05-26 10:31:00, 100.42, 100.45, 100.42, 100.45, 434, 0.0
2021-05-26 10:32:00, 100.4, 100.4, 100.4, 100.4, 214, 0.0
2021-05-26 10:33:00, 100.39, 100.39, 100.39, 100.39, 496, 0.0
2021-05-26 10:35:00, 100.47, 100.48, 100.47, 100.48, 202, 0.0
2021-05-26 10:36:00, 100.48, 100.48, 100.46, 100.46, 353, 0.0
2021-05-26 10:37:00, 100.45, 100.45, 100.45, 100.45, 136, 0.0
2021-05-26 10:38:00, 100.4, 100.56, 100.4, 100.56, 1402, 0.0
2021-05-26 10:39:00, 100.54, 100.54, 100.54, 100.54, 181, 0.0
2021-05-26 10:41:00, 100.51, 100.53, 100.51, 100.53, 516, 0.0
2021-05-26 10:42:00, 100.48, 100.48, 100.48, 100.48, 100, 0.0
2021-05-26 10:44:00, 100.5, 100.5, 100.5, 100.5, 301, 0.0
