Date, Open, High, Low, Close, Volume, Open Interest
2021-05-19 09:00:00, 90.68, 90.695, 90.25, 90.35, 3405, 0.0
2021-05-19 09:05:00, 90.44, 90.76, 90.44, 90.76, 507, 0.0
2021-05-19 09:10:00, 90.92, 90.92, 90.56, 90.86, 1108, 0.0
2021-05-19 09:15:00, 90.595, 91.1, 90.595, 91.1, 1313, 0.0
2021-05-19 09:20:00, 91.06, 91.41, 91.06, 91.38, 14236, 0.0
2021-05-19 09:25:00, 91.62, 92.085, 91.62, 92.085, 2317, 0.0
2021-05-19 09:30:00, 92.1, 92.13, 91.78, 91.85, 1158, 0.0
2021-05-19 09:35:00, 91.8, 92.06, 91.755, 92.04, 2314, 0.0
2021-05-19 09:40:00, 92.11, 92.28, 92.09, 92.28, 1627, 0.0
2021-05-19 09:45:00, 92.51, 92.65, 92.395, 92.6, 2581, 0.0
2021-05-19 09:50:00, 92.6, 92.79, 92.6, 92.7, 2376, 0.0
2021-05-19 09:55:00, 92.58, 92.96, 92.58, 92.96, 13862, 0.0
2021-05-19 10:00:00, 92.94, 92.94, 92.67, 92.845, 1326, 0.0
2021-05-19 10:05:00, 92.84, 93.12, 92.62, 93.12, 610, 0.0
2021-05-19 10:10:00, 93.16, 93.6, 93.16, 93.6, 445, 0.0
2021-05-19 10:15:00, 93.71, 93.72, 93.5, 93.57, 1489, 0.0
2021-05-19 10:20:00, 93.64, 93.64, 93.63, 93.64, 320, 0.0
2021-05-19 10:25:00, 93.63, 93.68, 93.59, 93.68, 618, 0.0
2021-05-19 10:30:00, 93.75, 93.75, 93.19, 93.19, 778, 0.0
2021-05-19 10:35:00, 93.135, 93.34, 93.08, 93.34, 2329, 0.0
2021-05-19 10:40:00, 93.42, 93.42, 93.33, 93.38, 685, 0.0
2021-05-19 10:45:00, 93.32, 93.32, 93.25, 93.26, 884, 0.0
2021-05-19 10:50:00, 93.24, 93.24, 93.06, 93.06, 629, 0.0
2021-05-19 10:55:00, 93.04, 93.17, 93.04, 93.075, 693, 0.0
2021-05-19 11:00:00, 93.06, 93.06, 93.01, 93.01, 441, 0.0
2021-05-19 11:05:00, 93.02, 93.14, 93.015, 93.14, 1462, 0.0
2021-05-19 11:10:00, 93.27, 93.29, 93.27, 93.29, 200, 0.0
2021-05-19 11:15:00, 93.245, 93.3, 93.245, 93.3, 300, 0.0
2021-05-19 11:20:00, 93.26, 93.47, 93.25, 93.47, 462, 0.0
2021-05-19 11:25:00, 93.4, 93.4, 93.31, 93.33, 562, 0.0
2021-05-19 11:30:00, 93.48, 93.48, 93.33, 93.35, 445, 0.0
2021-05-19 11:35:00, 93.26, 93.27, 93.26, 93.27, 200, 0.0
2021-05-19 11:40:00, 93.22, 93.4, 93.22, 93.32, 686, 0.0
2021-05-19 11:45:00, 93.135, 93.35, 93.135, 93.35, 1953, 0.0
2021-05-19 11:50:00, 93.22, 93.25, 93.17, 93.21, 784, 0.0
2021-05-19 11:55:00, 93.32, 93.385, 93.31, 93.31, 851, 0.0
2021-05-19 12:00:00, 93.36, 93.45, 93.36, 93.44, 850, 0.0
2021-05-19 12:05:00, 93.49, 93.62, 93.49, 93.62, 821, 0.0
2021-05-19 12:10:00, 93.47, 93.63, 93.465, 93.61, 1758, 0.0
2021-05-19 12:15:00, 93.645, 93.68, 93.54, 93.58, 804, 0.0
2021-05-19 12:20:00, 93.59, 93.59, 93.46, 93.46, 2135, 0.0
2021-05-19 12:25:00, 93.37, 93.37, 93.24, 93.245, 1801, 0.0
2021-05-19 12:30:00, 93.3, 93.3, 93.27, 93.27, 254, 0.0
2021-05-19 12:35:00, 93.275, 93.36, 93.18, 93.33, 2556, 0.0
2021-05-19 12:40:00, 93.31, 93.31, 93.18, 93.22, 2849, 0.0
2021-05-19 12:45:00, 93.23, 93.29, 93.21, 93.28, 3579, 0.0
2021-05-19 12:50:00, 93.28, 93.305, 93.15, 93.26, 29351, 0.0
2021-05-19 12:55:00, 93.26, 93.455, 93.26, 93.45, 1304, 0.0
2021-05-19 13:00:00, 93.78, 93.78, 93.38, 93.38, 433, 0.0
2021-05-19 13:05:00, 93.33, 93.68, 93.09, 93.68, 5360, 0.0
2021-05-19 13:10:00, 93.765, 93.765, 93.405, 93.48, 13121, 0.0
2021-05-19 13:15:00, 93.46, 93.46, 93.195, 93.295, 21876, 0.0
2021-05-19 13:20:00, 93.34, 93.99, 93.34, 93.92, 10075, 0.0
2021-05-19 13:25:00, 93.88, 93.955, 93.6, 93.875, 46054, 0.0
2021-05-19 13:30:00, 93.875, 94.24, 93.875, 93.97, 16524, 0.0
2021-05-19 13:35:00, 94.01, 94.04, 93.86, 93.86, 666, 0.0
2021-05-19 13:40:00, 93.82, 93.84, 93.82, 93.84, 233, 0.0
2021-05-19 13:45:00, 93.76, 93.76, 93.67, 93.67, 707, 0.0
2021-05-19 13:55:00, 94.13, 94.13, 93.93, 93.93, 926, 0.0
2021-05-19 14:00:00, 93.88, 93.94, 93.83, 93.83, 300, 0.0
2021-05-19 14:05:00, 93.99, 94.1, 93.99, 94.07, 1249, 0.0
2021-05-19 14:10:00, 94.01, 94.1, 93.835, 93.85, 19438, 0.0
2021-05-19 14:15:00, 93.86, 93.905, 93.695, 93.85, 43717, 0.0
2021-05-19 14:20:00, 93.84, 94.09, 93.76, 94.09, 2250, 0.0
2021-05-19 14:25:00, 94.12, 94.12, 94.11, 94.11, 300, 0.0
2021-05-19 14:30:00, 94.12, 94.12, 94.05, 94.05, 454, 0.0
2021-05-19 14:35:00, 94.16, 94.18, 94.07, 94.07, 700, 0.0
2021-05-19 14:40:00, 94.03, 94.04, 93.82, 93.82, 910, 0.0
2021-05-19 14:45:00, 93.59, 93.59, 93.59, 93.59, 100, 0.0
2021-05-19 14:50:00, 93.5, 94.05, 93.445, 93.91, 5025, 0.0
2021-05-19 14:55:00, 94.03, 94.38, 94.03, 94.38, 4021, 0.0
2021-05-20 08:30:00, 95.69, 97.31, 95.68, 97.31, 2922, 0.0
2021-05-20 08:35:00, 97.425, 97.62, 97.425, 97.43, 2219, 0.0
2021-05-20 08:40:00, 97.39, 98.12, 97.39, 97.9, 656, 0.0
2021-05-20 08:45:00, 97.81, 98.08, 97.81, 98.08, 401, 0.0
2021-05-20 08:50:00, 98.14, 98.14, 98, 98.02, 502, 0.0
2021-05-20 08:55:00, 98.405, 98.61, 98.25, 98.34, 666, 0.0
2021-05-20 09:00:00, 98.5, 98.56, 98.385, 98.56, 727, 0.0
2021-05-20 09:05:00, 98.33, 98.35, 98.33, 98.35, 200, 0.0
2021-05-20 09:10:00, 98.17, 98.34, 98.17, 98.32, 468, 0.0
2021-05-20 09:15:00, 98.24, 98.38, 98.22, 98.22, 847, 0.0
2021-05-20 09:20:00, 98.19, 98.19, 98.09, 98.14, 972, 0.0
2021-05-20 09:25:00, 98.17, 98.31, 98.17, 98.25, 1418, 0.0
2021-05-20 09:30:00, 98.31, 98.36, 98.15, 98.34, 2276, 0.0
2021-05-20 09:35:00, 98.32, 98.61, 98.32, 98.59, 1435, 0.0
2021-05-20 09:40:00, 98.58, 98.71, 98.58, 98.71, 535, 0.0
2021-05-20 09:45:00, 98.74, 98.78, 98.73, 98.78, 500, 0.0
2021-05-20 09:50:00, 98.86, 99.1, 98.81, 99.02, 1758, 0.0
2021-05-20 09:55:00, 98.95, 99.03, 98.87, 98.87, 577, 0.0
2021-05-20 10:00:00, 99.02, 99.13, 99.02, 99.13, 783, 0.0
2021-05-20 10:05:00, 99.19, 99.3, 99.19, 99.28, 756, 0.0
2021-05-20 10:10:00, 99.28, 99.35, 99.19, 99.35, 801, 0.0
2021-05-20 10:15:00, 99.34, 99.42, 99.34, 99.42, 262, 0.0
2021-05-20 10:25:00, 99.31, 99.36, 99.31, 99.35, 300, 0.0
2021-05-20 10:30:00, 99.37, 99.49, 99.37, 99.49, 694, 0.0
2021-05-20 10:35:00, 99.4, 99.4, 99.35, 99.39, 657, 0.0
2021-05-20 10:40:00, 99.385, 99.385, 99.155, 99.155, 4937, 0.0
2021-05-20 10:45:00, 99.24, 99.24, 99.06, 99.06, 1186, 0.0
2021-05-20 10:50:00, 99.04, 99.04, 99.01, 99.01, 386, 0.0
2021-05-20 10:55:00, 98.94, 98.94, 98.89, 98.93, 766, 0.0
2021-05-20 11:00:00, 98.81, 98.86, 98.81, 98.86, 706, 0.0
2021-05-20 11:05:00, 98.86, 98.86, 98.73, 98.73, 533, 0.0
2021-05-20 11:10:00, 98.75, 98.86, 98.73, 98.82, 643, 0.0
2021-05-20 11:15:00, 98.76, 99.05, 98.76, 99, 1821, 0.0
2021-05-20 11:20:00, 99.015, 99.04, 98.8, 98.86, 3304, 0.0
2021-05-20 11:25:00, 98.88, 98.93, 98.83, 98.93, 2149, 0.0
2021-05-20 11:30:00, 98.99, 99.02, 98.98, 98.98, 1371, 0.0
2021-05-20 11:35:00, 98.75, 98.75, 98.75, 98.75, 100, 0.0
2021-05-20 11:40:00, 98.84, 98.84, 98.76, 98.76, 200, 0.0
2021-05-20 11:45:00, 98.79, 98.91, 98.79, 98.91, 857, 0.0
2021-05-20 11:50:00, 99, 99.005, 98.98, 99.005, 411, 0.0
2021-05-20 11:55:00, 98.87, 98.93, 98.87, 98.93, 477, 0.0
2021-05-20 12:00:00, 99.035, 99.035, 98.94, 99, 1388, 0.0
2021-05-20 12:05:00, 98.99, 98.99, 98.95, 98.96, 333, 0.0
2021-05-20 12:10:00, 99, 99.04, 98.99, 99.01, 1609, 0.0
2021-05-20 12:15:00, 98.98, 98.99, 98.95, 98.99, 534, 0.0
2021-05-20 12:20:00, 99.04, 99.12, 99.04, 99.12, 700, 0.0
2021-05-20 12:25:00, 99.13, 99.13, 99.04, 99.04, 350, 0.0
2021-05-20 12:30:00, 99.09, 99.09, 99.09, 99.09, 196, 0.0
2021-05-20 12:35:00, 99.11, 99.11, 99.1, 99.1, 233, 0.0
2021-05-20 12:40:00, 99.05, 99.05, 99.02, 99.02, 293, 0.0
2021-05-20 12:45:00, 99.07, 99.1, 99.07, 99.085, 398, 0.0
2021-05-20 12:50:00, 99.06, 99.06, 98.77, 98.79, 700, 0.0
2021-05-20 12:55:00, 98.73, 98.84, 98.73, 98.84, 462, 0.0
2021-05-20 13:00:00, 98.78, 98.78, 98.74, 98.74, 394, 0.0
2021-05-20 13:05:00, 98.78, 98.78, 98.78, 98.78, 200, 0.0
2021-05-20 13:10:00, 98.71, 98.74, 98.71, 98.74, 302, 0.0
2021-05-20 13:15:00, 98.86, 98.88, 98.86, 98.88, 344, 0.0
2021-05-20 13:20:00, 98.92, 98.92, 98.92, 98.92, 100, 0.0
2021-05-20 13:25:00, 98.98, 98.99, 98.91, 98.99, 690, 0.0
2021-05-20 13:30:00, 98.99, 99, 98.96, 98.96, 595, 0.0
2021-05-20 13:35:00, 99.03, 99.03, 98.95, 98.95, 501, 0.0
2021-05-20 13:40:00, 99, 99, 98.96, 98.98, 334, 0.0
2021-05-20 13:45:00, 98.97, 99.01, 98.94, 99.01, 766, 0.0
2021-05-20 13:50:00, 99.02, 99.21, 99.02, 99.21, 1567, 0.0
2021-05-20 13:55:00, 99.235, 99.235, 99.11, 99.11, 1171, 0.0
2021-05-20 14:00:00, 99.08, 99.17, 99.08, 99.17, 847, 0.0
2021-05-20 14:05:00, 99.155, 99.155, 99.05, 99.05, 534, 0.0
2021-05-20 14:10:00, 99.09, 99.17, 99.09, 99.14, 1592, 0.0
2021-05-20 14:15:00, 99.08, 99.12, 99.03, 99.12, 1372, 0.0
2021-05-20 14:20:00, 99.14, 99.16, 99.095, 99.155, 845, 0.0
2021-05-20 14:25:00, 99.09, 99.1, 99.06, 99.1, 885, 0.0
2021-05-20 14:30:00, 99.1, 99.13, 98.99, 98.99, 833, 0.0
2021-05-20 14:35:00, 99.01, 99.01, 98.86, 98.86, 1007, 0.0
2021-05-20 14:40:00, 98.83, 98.83, 98.64, 98.68, 1304, 0.0
2021-05-20 14:45:00, 98.72, 98.77, 98.62, 98.69, 2175, 0.0
2021-05-20 14:50:00, 98.54, 98.81, 98.38, 98.78, 5833, 0.0
2021-05-20 14:55:00, 98.63, 98.74, 98.43, 98.68, 7682, 0.0
2021-05-21 08:30:00, 98.74, 98.76, 98.41, 98.725, 2537, 0.0
2021-05-21 08:35:00, 98.535, 98.855, 98.48, 98.855, 2127, 0.0
2021-05-21 08:40:00, 98.96, 99.24, 98.85, 98.89, 1001, 0.0
2021-05-21 08:45:00, 98.86, 99.01, 98.74, 99.01, 1780, 0.0
2021-05-21 08:50:00, 99.08, 99.08, 98.93, 98.95, 566, 0.0
2021-05-21 08:55:00, 99.09, 99.19, 98.98, 99.14, 921, 0.0
2021-05-21 09:00:00, 99.26, 99.29, 99.24, 99.24, 900, 0.0
2021-05-21 09:05:00, 99.14, 99.14, 98.8, 99.06, 1756, 0.0
2021-05-21 09:10:00, 98.93, 99.34, 98.93, 99.34, 1066, 0.0
2021-05-21 09:15:00, 99.27, 99.28, 98.9, 98.98, 1269, 0.0
2021-05-21 09:20:00, 98.91, 99.22, 98.82, 99.07, 2128, 0.0
2021-05-21 09:25:00, 99.05, 99.05, 98.92, 98.92, 548, 0.0
2021-05-21 09:30:00, 98.9, 99.03, 98.9, 99.03, 863, 0.0
2021-05-21 09:35:00, 98.87, 98.87, 98.71, 98.74, 337, 0.0
2021-05-21 09:40:00, 98.79, 98.79, 98.71, 98.71, 439, 0.0
2021-05-21 09:45:00, 98.66, 98.66, 98.515, 98.58, 707, 0.0
2021-05-21 09:50:00, 98.44, 98.5, 98.44, 98.5, 266, 0.0
2021-05-21 09:55:00, 98.52, 98.68, 98.52, 98.68, 314, 0.0
2021-05-21 10:00:00, 98.73, 98.79, 98.665, 98.665, 588, 0.0
2021-05-21 10:05:00, 98.78, 98.78, 98.78, 98.78, 350, 0.0
2021-05-21 10:10:00, 98.73, 98.73, 98.73, 98.73, 100, 0.0
2021-05-21 10:15:00, 98.74, 98.76, 98.74, 98.76, 500, 0.0
2021-05-21 10:25:00, 98.57, 98.57, 98.57, 98.57, 100, 0.0
2021-05-21 10:30:00, 98.36, 98.49, 98.35, 98.49, 549, 0.0
2021-05-21 10:35:00, 98.43, 98.43, 98.43, 98.43, 134, 0.0
2021-05-21 10:40:00, 98.45, 98.45, 98.42, 98.42, 433, 0.0
2021-05-21 10:45:00, 98.5, 98.59, 98.5, 98.59, 394, 0.0
2021-05-21 10:50:00, 98.61, 98.61, 98.545, 98.545, 201, 0.0
2021-05-21 10:55:00, 98.43, 98.43, 98.43, 98.43, 133, 0.0
2021-05-21 11:00:00, 98.41, 98.59, 98.41, 98.59, 233, 0.0
2021-05-21 11:05:00, 98.52, 98.68, 98.4, 98.42, 1896, 0.0
2021-05-21 11:10:00, 98.455, 98.51, 98.455, 98.46, 660, 0.0
2021-05-21 11:15:00, 98.56, 98.56, 98.56, 98.56, 174, 0.0
2021-05-21 11:25:00, 98.59, 98.59, 98.59, 98.59, 343, 0.0
2021-05-21 11:30:00, 98.71, 98.71, 98.71, 98.71, 100, 0.0
2021-05-21 11:40:00, 98.7, 98.7, 98.7, 98.7, 140, 0.0
2021-05-21 11:45:00, 98.74, 98.74, 98.6, 98.63, 530, 0.0
2021-05-21 11:50:00, 98.52, 98.52, 98.52, 98.52, 102, 0.0
2021-05-21 11:55:00, 98.45, 98.47, 98.45, 98.47, 233, 0.0
2021-05-21 12:15:00, 98.66, 98.66, 98.58, 98.58, 317, 0.0
2021-05-21 12:20:00, 98.68, 98.68, 98.68, 98.68, 100, 0.0
2021-05-21 12:25:00, 98.68, 98.68, 98.68, 98.68, 162, 0.0
2021-05-21 12:30:00, 98.77, 98.8, 98.77, 98.8, 200, 0.0
2021-05-21 12:40:00, 98.87, 98.87, 98.87, 98.87, 166, 0.0
2021-05-21 12:55:00, 98.86, 98.86, 98.86, 98.86, 133, 0.0
2021-05-21 13:00:00, 98.82, 98.82, 98.79, 98.79, 500, 0.0
2021-05-21 13:05:00, 98.84, 98.84, 98.84, 98.84, 200, 0.0
2021-05-21 13:15:00, 98.97, 98.97, 98.88, 98.88, 207, 0.0
2021-05-21 13:25:00, 98.84, 98.87, 98.84, 98.87, 202, 0.0
2021-05-21 13:30:00, 98.94, 98.94, 98.94, 98.94, 133, 0.0
2021-05-21 13:35:00, 98.9, 98.9, 98.815, 98.815, 333, 0.0
2021-05-21 13:40:00, 98.85, 98.85, 98.78, 98.78, 756, 0.0
2021-05-21 13:45:00, 98.76, 98.88, 98.76, 98.835, 818, 0.0
2021-05-21 13:50:00, 98.88, 98.88, 98.86, 98.875, 443, 0.0
2021-05-21 13:55:00, 98.92, 98.92, 98.82, 98.875, 1145, 0.0
2021-05-21 14:00:00, 98.88, 98.88, 98.78, 98.85, 736, 0.0
2021-05-21 14:05:00, 98.89, 98.94, 98.88, 98.94, 1551, 0.0
2021-05-21 14:10:00, 98.94, 99.08, 98.94, 99.05, 1862, 0.0
2021-05-21 14:15:00, 99.07, 99.07, 99.07, 99.07, 247, 0.0
2021-05-21 14:20:00, 99.06, 99.06, 99.05, 99.05, 200, 0.0
2021-05-21 14:25:00, 99.07, 99.1, 99.06, 99.1, 801, 0.0
2021-05-21 14:30:00, 99.1, 99.125, 98.93, 98.93, 1705, 0.0
2021-05-21 14:35:00, 99, 99, 98.9, 98.95, 943, 0.0
2021-05-21 14:40:00, 98.93, 98.99, 98.79, 98.79, 1669, 0.0
2021-05-21 14:45:00, 98.73, 98.75, 98.71, 98.75, 981, 0.0
2021-05-21 14:50:00, 98.82, 98.92, 98.75, 98.87, 3403, 0.0
2021-05-21 14:55:00, 98.83, 98.88, 98.75, 98.87, 4605, 0.0
2021-05-24 08:30:00, 99.99, 99.99, 99.82, 99.82, 347, 0.0
2021-05-24 08:35:00, 99.865, 100.09, 99.83, 100.07, 4883, 0.0
2021-05-24 08:40:00, 100.27, 100.35, 100.19, 100.31, 1581, 0.0
2021-05-24 08:45:00, 100.28, 100.5, 100.28, 100.5, 884, 0.0
2021-05-24 08:50:00, 100.27, 100.41, 100.24, 100.37, 1967, 0.0
2021-05-24 08:55:00, 100.38, 100.41, 100.28, 100.41, 2426, 0.0
2021-05-24 09:00:00, 100.42, 100.46, 100.29, 100.29, 2123, 0.0
2021-05-24 09:05:00, 100.33, 100.395, 100.33, 100.395, 343, 0.0
2021-05-24 09:10:00, 100.48, 100.48, 100.385, 100.385, 301, 0.0
2021-05-24 09:15:00, 100.54, 100.55, 100.43, 100.49, 910, 0.0
2021-05-24 09:20:00, 100.43, 100.56, 100.42, 100.52, 1212, 0.0
2021-05-24 09:25:00, 100.47, 100.47, 100.41, 100.43, 672, 0.0
2021-05-24 09:30:00, 100.51, 100.51, 100.44, 100.46, 538, 0.0
2021-05-24 09:35:00, 100.56, 100.6, 100.56, 100.6, 239, 0.0
2021-05-24 09:40:00, 100.53, 100.66, 100.51, 100.66, 597, 0.0
2021-05-24 09:45:00, 100.7, 100.7, 100.545, 100.545, 324, 0.0
2021-05-24 09:50:00, 100.52, 100.54, 100.52, 100.52, 400, 0.0
2021-05-24 09:55:00, 100.59, 100.59, 100.4, 100.4, 581, 0.0
2021-05-24 10:00:00, 100.43, 100.46, 100.36, 100.44, 918, 0.0
2021-05-24 10:05:00, 100.45, 100.45, 100.42, 100.42, 321, 0.0
2021-05-24 10:10:00, 100.395, 100.49, 100.395, 100.49, 609, 0.0
2021-05-24 10:15:00, 100.52, 100.64, 100.52, 100.6, 944, 0.0
2021-05-24 10:20:00, 100.54, 100.54, 100.54, 100.54, 113, 0.0
2021-05-24 10:25:00, 100.66, 100.66, 100.62, 100.62, 334, 0.0
2021-05-24 10:30:00, 100.6, 100.61, 100.6, 100.61, 314, 0.0
2021-05-24 10:35:00, 100.535, 100.54, 100.5, 100.53, 533, 0.0
2021-05-24 10:40:00, 100.57, 100.64, 100.57, 100.64, 598, 0.0
2021-05-24 10:45:00, 100.66, 100.69, 100.65, 100.66, 1266, 0.0
2021-05-24 10:50:00, 100.56, 100.56, 100.56, 100.56, 100, 0.0
2021-05-24 10:55:00, 100.52, 100.52, 100.52, 100.52, 133, 0.0
2021-05-24 11:15:00, 100.5, 100.5, 100.5, 100.5, 100, 0.0
2021-05-24 11:20:00, 100.51, 100.63, 100.51, 100.57, 855, 0.0
2021-05-24 11:25:00, 100.52, 100.52, 100.43, 100.46, 389, 0.0
2021-05-24 11:30:00, 100.495, 100.54, 100.495, 100.54, 560, 0.0
2021-05-24 11:35:00, 100.52, 100.53, 100.52, 100.53, 233, 0.0
2021-05-24 11:40:00, 100.55, 100.62, 100.53, 100.62, 543, 0.0
2021-05-24 11:45:00, 100.57, 100.68, 100.57, 100.68, 802, 0.0
2021-05-24 11:50:00, 100.68, 100.7, 100.68, 100.7, 200, 0.0
2021-05-24 11:55:00, 100.74, 100.76, 100.74, 100.76, 330, 0.0
2021-05-24 12:00:00, 100.8, 100.85, 100.79, 100.85, 737, 0.0
2021-05-24 12:05:00, 100.87, 100.87, 100.87, 100.87, 100, 0.0
2021-05-24 12:10:00, 100.83, 100.83, 100.8, 100.8, 431, 0.0
2021-05-24 12:15:00, 100.81, 100.88, 100.81, 100.88, 902, 0.0
2021-05-24 12:20:00, 100.8, 100.8, 100.8, 100.8, 100, 0.0
2021-05-24 12:30:00, 100.78, 100.8, 100.78, 100.8, 233, 0.0
2021-05-24 12:35:00, 100.85, 100.85, 100.77, 100.77, 516, 0.0
2021-05-24 12:40:00, 100.8, 100.8, 100.8, 100.8, 405, 0.0
2021-05-24 12:45:00, 100.77, 100.77, 100.77, 100.77, 133, 0.0
2021-05-24 12:50:00, 100.78, 100.78, 100.74, 100.74, 790, 0.0
2021-05-24 13:00:00, 100.72, 100.73, 100.72, 100.73, 235, 0.0
2021-05-24 13:05:00, 100.68, 100.76, 100.68, 100.76, 675, 0.0
2021-05-24 13:10:00, 100.78, 100.8, 100.76, 100.8, 1204, 0.0
2021-05-24 13:15:00, 100.86, 100.87, 100.82, 100.82, 733, 0.0
2021-05-24 13:20:00, 100.81, 100.85, 100.81, 100.85, 348, 0.0
2021-05-24 13:25:00, 100.875, 100.89, 100.845, 100.88, 756, 0.0
2021-05-24 13:30:00, 100.96, 100.98, 100.96, 100.96, 418, 0.0
2021-05-24 13:35:00, 101.02, 101.02, 101.02, 101.02, 103, 0.0
2021-05-24 13:40:00, 101.03, 101.03, 101.03, 101.03, 133, 0.0
2021-05-24 13:45:00, 101.06, 101.07, 101.05, 101.05, 337, 0.0
2021-05-24 13:50:00, 101.06, 101.06, 101.01, 101.02, 435, 0.0
2021-05-24 13:55:00, 101.02, 101.02, 101.02, 101.02, 200, 0.0
2021-05-24 14:00:00, 100.97, 100.97, 100.95, 100.95, 334, 0.0
2021-05-24 14:05:00, 100.98, 101.01, 100.96, 100.96, 537, 0.0
2021-05-24 14:10:00, 100.95, 101.04, 100.95, 100.995, 1951, 0.0
2021-05-24 14:15:00, 100.985, 101.01, 100.92, 100.92, 2274, 0.0
2021-05-24 14:20:00, 100.92, 100.92, 100.755, 100.755, 2489, 0.0
2021-05-24 14:25:00, 100.78, 100.815, 100.78, 100.81, 1301, 0.0
2021-05-24 14:30:00, 100.81, 100.905, 100.81, 100.905, 744, 0.0
2021-05-24 14:35:00, 100.93, 100.93, 100.855, 100.92, 2807, 0.0
2021-05-24 14:40:00, 100.93, 100.97, 100.92, 100.93, 1241, 0.0
2021-05-24 14:45:00, 100.95, 100.97, 100.94, 100.96, 743, 0.0
2021-05-24 14:50:00, 100.84, 100.84, 100.7, 100.7, 1705, 0.0
2021-05-24 14:55:00, 100.7, 100.77, 100.68, 100.72, 3283, 0.0
2021-05-25 08:30:00, 101.6, 101.6, 101.6, 101.6, 137, 0.0
2021-05-25 08:35:00, 102.15, 102.16, 102.15, 102.16, 234, 0.0
2021-05-25 08:40:00, 102.205, 102.245, 102.16, 102.16, 550, 0.0
2021-05-25 08:45:00, 102.18, 102.18, 102.17, 102.17, 353, 0.0
2021-05-25 08:50:00, 101.765, 101.765, 101.57, 101.57, 519, 0.0
2021-05-25 09:00:00, 101.23, 101.25, 101.17, 101.17, 427, 0.0
2021-05-25 09:05:00, 101.26, 101.34, 101.19, 101.2, 701, 0.0
2021-05-25 09:10:00, 101.2, 101.2, 101.11, 101.12, 538, 0.0
2021-05-25 09:15:00, 101.08, 101.14, 101.08, 101.14, 504, 0.0
2021-05-25 09:25:00, 101.44, 101.47, 101.4, 101.47, 400, 0.0
2021-05-25 09:30:00, 101.71, 101.71, 101.51, 101.51, 442, 0.0
2021-05-25 09:35:00, 101.45, 101.74, 101.45, 101.74, 200, 0.0
2021-05-25 09:40:00, 101.78, 101.78, 101.73, 101.73, 286, 0.0
2021-05-25 09:45:00, 101.86, 101.89, 101.83, 101.83, 598, 0.0
2021-05-25 09:50:00, 101.88, 101.88, 101.74, 101.74, 565, 0.0
2021-05-25 09:55:00, 101.69, 101.82, 101.69, 101.77, 1097, 0.0
2021-05-25 10:00:00, 101.62, 101.7, 101.58, 101.58, 766, 0.0
2021-05-25 10:05:00, 101.35, 101.35, 101.25, 101.315, 500, 0.0
2021-05-25 10:10:00, 101.19, 101.27, 101.15, 101.27, 467, 0.0
2021-05-25 10:15:00, 101.27, 101.27, 100.88, 100.88, 417, 0.0
2021-05-25 10:20:00, 100.83, 100.96, 100.83, 100.96, 671, 0.0
2021-05-25 10:25:00, 100.85, 100.88, 100.84, 100.87, 600, 0.0
2021-05-25 10:30:00, 100.9, 100.9, 100.79, 100.86, 860, 0.0
2021-05-25 10:35:00, 100.86, 101.05, 100.86, 101.05, 405, 0.0
2021-05-25 10:40:00, 101.12, 101.12, 101.09, 101.09, 446, 0.0
2021-05-25 10:45:00, 101.24, 101.35, 101.24, 101.35, 835, 0.0
2021-05-25 10:50:00, 101.33, 101.34, 101.1, 101.205, 834, 0.0
2021-05-25 10:55:00, 101.175, 101.3, 101.175, 101.29, 2032, 0.0
2021-05-25 11:00:00, 101.33, 101.33, 101.16, 101.16, 590, 0.0
2021-05-25 11:05:00, 101.17, 101.21, 101.11, 101.21, 698, 0.0
2021-05-25 11:10:00, 101.28, 101.35, 101.26, 101.34, 1097, 0.0
2021-05-25 11:15:00, 101.2, 101.2, 101.1, 101.12, 667, 0.0
2021-05-25 11:20:00, 101.16, 101.2, 101.14, 101.14, 500, 0.0
2021-05-25 11:25:00, 101.15, 101.18, 101.15, 101.16, 926, 0.0
2021-05-25 11:30:00, 101.17, 101.24, 101.17, 101.24, 596, 0.0
2021-05-25 11:35:00, 101.24, 101.24, 101.24, 101.24, 284, 0.0
2021-05-25 11:40:00, 101.21, 101.21, 101.08, 101.09, 463, 0.0
2021-05-25 11:45:00, 101.06, 101.06, 101.06, 101.06, 200, 0.0
2021-05-25 11:50:00, 101.02, 101.15, 101.02, 101.15, 1133, 0.0
2021-05-25 12:00:00, 101, 101, 100.9, 100.92, 777, 0.0
2021-05-25 12:05:00, 100.89, 101, 100.89, 101, 325, 0.0
2021-05-25 12:10:00, 101.08, 101.09, 101.07, 101.09, 718, 0.0
2021-05-25 12:15:00, 101.16, 101.29, 101.16, 101.21, 1155, 0.0
2021-05-25 12:20:00, 101.28, 101.3, 101.28, 101.3, 402, 0.0
2021-05-25 12:25:00, 101.31, 101.34, 101.25, 101.34, 908, 0.0
2021-05-25 12:30:00, 101.37, 101.48, 101.34, 101.34, 5444, 0.0
2021-05-25 12:35:00, 101.36, 101.4, 101.35, 101.35, 988, 0.0
2021-05-25 12:40:00, 101.34, 101.365, 101.27, 101.365, 1289, 0.0
2021-05-25 12:45:00, 101.37, 101.43, 101.36, 101.36, 1060, 0.0
2021-05-25 12:50:00, 101.4, 101.47, 101.4, 101.47, 1654, 0.0
2021-05-25 12:55:00, 101.46, 101.5, 101.44, 101.49, 1560, 0.0
2021-05-25 13:00:00, 101.51, 101.51, 101.26, 101.3, 861, 0.0
2021-05-25 13:05:00, 101.26, 101.27, 101.26, 101.27, 433, 0.0
2021-05-25 13:10:00, 101.31, 101.39, 101.28, 101.39, 877, 0.0
2021-05-25 13:15:00, 101.4, 101.4, 101.32, 101.33, 1390, 0.0
2021-05-25 13:20:00, 101.36, 101.39, 101.34, 101.34, 729, 0.0
2021-05-25 13:25:00, 101.31, 101.36, 101.24, 101.29, 4159, 0.0
2021-05-25 13:30:00, 101.24, 101.36, 101.17, 101.17, 1942, 0.0
2021-05-25 13:35:00, 101.1, 101.23, 101.1, 101.23, 2616, 0.0
2021-05-25 13:40:00, 101.255, 101.35, 101.25, 101.34, 917, 0.0
2021-05-25 13:45:00, 101.32, 101.32, 101.26, 101.31, 636, 0.0
2021-05-25 13:50:00, 101.37, 101.37, 101.26, 101.29, 1765, 0.0
2021-05-25 13:55:00, 101.32, 101.37, 101.3, 101.32, 702, 0.0
2021-05-25 14:00:00, 101.26, 101.29, 101.05, 101.06, 2803, 0.0
2021-05-25 14:05:00, 101.06, 101.11, 101.06, 101.1, 1108, 0.0
2021-05-25 14:10:00, 101.02, 101.02, 100.97, 101.02, 1220, 0.0
2021-05-25 14:15:00, 100.93, 101.05, 100.93, 101.05, 1994, 0.0
2021-05-25 14:20:00, 101.15, 101.15, 101.01, 101.06, 1059, 0.0
2021-05-25 14:25:00, 101.12, 101.13, 101.02, 101.03, 1156, 0.0
2021-05-25 14:30:00, 100.97, 100.99, 100.89, 100.94, 1290, 0.0
2021-05-25 14:35:00, 100.98, 101.04, 100.98, 101.04, 1830, 0.0
2021-05-25 14:40:00, 101.11, 101.11, 101.01, 101.05, 1728, 0.0
2021-05-25 14:45:00, 101.12, 101.12, 101, 101, 1918, 0.0
2021-05-25 14:50:00, 100.89, 101.04, 100.87, 101.02, 3379, 0.0
2021-05-25 14:55:00, 101.025, 101.27, 101.025, 101.27, 5978, 0.0
2021-05-26 08:30:00, 101.415, 101.415, 101.415, 101.415, 102, 0.0
2021-05-26 08:35:00, 102.13, 102.13, 101.92, 102.04, 659, 0.0
2021-05-26 08:40:00, 101.94, 102.03, 101.77, 101.77, 1589, 0.0
2021-05-26 08:45:00, 101.8, 101.8, 101.8, 101.8, 200, 0.0
2021-05-26 08:50:00, 101.33, 101.36, 101.24, 101.24, 844, 0.0
2021-05-26 08:55:00, 101.29, 101.29, 100.93, 101.075, 754, 0.0
2021-05-26 09:00:00, 101.04, 101.04, 100.86, 100.86, 200, 0.0
2021-05-26 09:05:00, 101.13, 101.13, 100.98, 100.98, 242, 0.0
2021-05-26 09:10:00, 101.03, 101.03, 100.92, 100.92, 1027, 0.0
2021-05-26 09:15:00, 100.93, 101.09, 100.93, 101.06, 605, 0.0
2021-05-26 09:20:00, 100.96, 100.98, 100.96, 100.98, 344, 0.0
2021-05-26 09:25:00, 100.93, 100.93, 100.93, 100.93, 100, 0.0
2021-05-26 09:30:00, 100.9, 100.975, 100.87, 100.975, 469, 0.0
2021-05-26 09:35:00, 101.02, 101.02, 100.825, 100.86, 630, 0.0
2021-05-26 09:40:00, 100.9, 100.95, 100.84, 100.86, 2302, 0.0
2021-05-26 09:45:00, 100.875, 100.93, 100.82, 100.86, 3032, 0.0
2021-05-26 09:50:00, 100.86, 101.07, 100.84, 100.94, 2599, 0.0
2021-05-26 09:55:00, 100.985, 100.995, 100.93, 100.965, 1565, 0.0
2021-05-26 10:00:00, 100.85, 100.985, 100.84, 100.97, 2699, 0.0
2021-05-26 10:05:00, 100.92, 100.92, 100.79, 100.79, 5811, 0.0
2021-05-26 10:10:00, 100.8, 100.97, 100.8, 100.93, 2894, 0.0
2021-05-26 10:15:00, 100.85, 100.9, 100.76, 100.76, 4555, 0.0
2021-05-26 10:20:00, 100.75, 100.75, 100.51, 100.52, 6823, 0.0
2021-05-26 10:25:00, 100.51, 100.51, 100.36, 100.5, 3506, 0.0
2021-05-26 10:30:00, 100.52, 100.52, 100.39, 100.39, 1444, 0.0
2021-05-26 10:35:00, 100.47, 100.56, 100.4, 100.54, 2274, 0.0
2021-05-26 10:40:00, 100.51, 100.53, 100.48, 100.5, 917, 0.0
