Date, Open, High, Low, Close, Volume, Open Interest
2021-05-11 09:10:00, 321.715, 322.05, 321.305, 321.305, 385, 0.0
2021-05-11 09:15:00, 321.615, 322.13, 321.445, 322.13, 2474, 0.0
2021-05-11 09:20:00, 321.67, 322.41, 321.67, 322.075, 2274, 0.0
2021-05-11 09:25:00, 320.77, 320.77, 319.705, 319.705, 995, 0.0
2021-05-11 09:30:00, 319.24, 319.24, 318.74, 318.8, 1569, 0.0
2021-05-11 09:35:00, 318.055, 318.51, 317.7, 318.51, 1604, 0.0
2021-05-11 09:40:00, 318.73, 318.73, 318.37, 318.37, 605, 0.0
2021-05-11 09:45:00, 318.62, 318.62, 317.51, 318.12, 1377, 0.0
2021-05-11 09:50:00, 318.035, 318.26, 318.035, 318.25, 615, 0.0
2021-05-11 10:05:00, 318.84, 318.84, 318.565, 318.565, 403, 0.0
2021-05-11 10:10:00, 318.61, 320.465, 318.61, 320.465, 1335, 0.0
2021-05-11 10:15:00, 320.765, 322.43, 320.765, 322.43, 754, 0.0
2021-05-11 10:20:00, 322.83, 322.83, 322.83, 322.83, 333, 0.0
2021-05-11 10:25:00, 322.76, 323.165, 322.65, 323.165, 1171, 0.0
2021-05-11 10:30:00, 322.92, 322.92, 322.92, 322.92, 100, 0.0
2021-05-11 10:35:00, 323.12, 323.64, 323.12, 323.64, 542, 0.0
2021-05-11 10:40:00, 323.43, 323.43, 322.835, 322.835, 329, 0.0
2021-05-11 10:45:00, 322.11, 322.14, 322.03, 322.03, 401, 0.0
2021-05-11 10:50:00, 322.46, 322.76, 322.46, 322.76, 259, 0.0
2021-05-11 10:55:00, 323.06, 323.06, 323.06, 323.06, 2005, 0.0
2021-05-11 11:00:00, 322.73, 322.73, 322.73, 322.73, 205, 0.0
2021-05-11 11:05:00, 322.645, 322.805, 322.645, 322.805, 407, 0.0
2021-05-11 11:10:00, 322.39, 322.76, 322.39, 322.76, 833, 0.0
2021-05-11 11:15:00, 322.605, 322.605, 322.605, 322.605, 209, 0.0
2021-05-11 11:20:00, 322.73, 322.73, 322.33, 322.64, 632, 0.0
2021-05-11 11:25:00, 322.245, 322.245, 322.1, 322.1, 426, 0.0
2021-05-11 11:30:00, 321.615, 321.615, 321.615, 321.615, 204, 0.0
2021-05-11 11:35:00, 322.09, 322.09, 322.02, 322.02, 772, 0.0
2021-05-11 11:40:00, 321.995, 322.03, 321.66, 321.66, 1347, 0.0
2021-05-11 11:45:00, 321.75, 321.75, 321.59, 321.6, 619, 0.0
2021-05-11 11:50:00, 321.57, 321.57, 321.25, 321.31, 682, 0.0
2021-05-11 11:55:00, 320.8, 320.9, 320.8, 320.9, 2517, 0.0
2021-05-11 12:05:00, 321.23, 321.27, 321.13, 321.15, 1106, 0.0
2021-05-11 12:10:00, 321.1, 321.11, 321.09, 321.09, 400, 0.0
2021-05-11 12:15:00, 320.92, 320.99, 320.62, 320.62, 638, 0.0
2021-05-11 12:20:00, 321.01, 321.09, 321.01, 321.09, 245, 0.0
2021-05-11 12:25:00, 321.27, 321.28, 321.27, 321.28, 804, 0.0
2021-05-11 12:35:00, 322.13, 322.345, 322.13, 322.345, 1305, 0.0
2021-05-11 12:40:00, 322.68, 322.68, 322.13, 322.13, 1051, 0.0
2021-05-11 12:45:00, 322.11, 322.11, 321.96, 321.96, 720, 0.0
2021-05-11 12:50:00, 321.495, 321.495, 320.865, 320.865, 456, 0.0
2021-05-11 12:55:00, 320.86, 321.07, 320.49, 321.045, 1128, 0.0
2021-05-11 13:00:00, 321.28, 321.53, 321.005, 321.005, 1724, 0.0
2021-05-11 13:05:00, 321.09, 321.09, 321.09, 321.09, 200, 0.0
2021-05-11 13:10:00, 320.545, 320.68, 319.185, 320.155, 17312, 0.0
2021-05-11 13:15:00, 320.25, 320.25, 319.85, 319.85, 2592, 0.0
2021-05-11 13:20:00, 320.025, 320.1, 319.96, 320, 6346, 0.0
2021-05-11 13:25:00, 320.06, 321.92, 319.94, 321.23, 15010, 0.0
2021-05-11 13:30:00, 320.635, 320.91, 320.55, 320.55, 701, 0.0
2021-05-11 13:35:00, 320.62, 320.62, 319.66, 319.66, 1357, 0.0
2021-05-11 13:40:00, 319.71, 319.71, 319.71, 319.71, 135, 0.0
2021-05-11 13:45:00, 320.09, 320.355, 320.09, 320.355, 350, 0.0
2021-05-11 13:50:00, 320.23, 320.875, 320.23, 320.875, 371, 0.0
2021-05-11 13:55:00, 320.065, 320.065, 320.065, 320.065, 206, 0.0
2021-05-11 14:00:00, 320.01, 320.545, 320.01, 320.465, 488, 0.0
2021-05-11 14:15:00, 320.65, 321.9, 320.65, 321.9, 314, 0.0
2021-05-11 14:20:00, 322.02, 322.3, 322.02, 322.15, 676, 0.0
2021-05-11 14:25:00, 322.34, 322.43, 322.25, 322.25, 826, 0.0
2021-05-11 14:30:00, 322.56, 322.785, 321.8, 321.965, 2023, 0.0
2021-05-11 14:35:00, 321.62, 321.62, 321, 321.57, 934, 0.0
2021-05-11 14:40:00, 321.55, 321.81, 321.38, 321.81, 1427, 0.0
2021-05-11 14:45:00, 321.76, 322.555, 321.76, 322.36, 1408, 0.0
2021-05-11 14:50:00, 322.18, 322.26, 321.62, 321.91, 4027, 0.0
2021-05-11 14:55:00, 321.87, 322.62, 321.65, 322.36, 4310, 0.0
2021-05-12 08:30:00, 320.96, 320.96, 320.68, 320.92, 700, 0.0
2021-05-12 08:35:00, 320.76, 320.76, 318.17, 318.17, 1394, 0.0
2021-05-12 08:40:00, 317.4, 317.61, 317.13, 317.13, 779, 0.0
2021-05-12 08:45:00, 318.09, 318.09, 317.37, 317.37, 495, 0.0
2021-05-12 08:50:00, 316.81, 318.15, 316.81, 317.84, 1240, 0.0
2021-05-12 08:55:00, 317.02, 318.12, 316.19, 316.22, 2002, 0.0
2021-05-12 09:00:00, 316.185, 316.375, 315.15, 315.15, 2346, 0.0
2021-05-12 09:05:00, 315.3, 316.25, 315.3, 315.96, 1631, 0.0
2021-05-12 09:10:00, 315.95, 315.95, 314.88, 315.425, 1397, 0.0
2021-05-12 09:15:00, 315.6, 315.65, 315.5, 315.615, 906, 0.0
2021-05-12 09:20:00, 315.37, 315.7, 315.09, 315.09, 1630, 0.0
2021-05-12 09:25:00, 314.9, 314.97, 314.06, 314.06, 1097, 0.0
2021-05-12 09:30:00, 313.84, 313.87, 312.48, 312.48, 1417, 0.0
2021-05-12 09:35:00, 312.66, 312.735, 311.62, 312.5, 2660, 0.0
2021-05-12 09:40:00, 312.62, 312.62, 310.365, 310.54, 1486, 0.0
2021-05-12 09:45:00, 311.205, 311.205, 310.38, 310.38, 1173, 0.0
2021-05-12 09:50:00, 310.34, 310.73, 310.34, 310.73, 456, 0.0
2021-05-12 09:55:00, 310.56, 310.56, 309.53, 309.77, 682, 0.0
2021-05-12 10:00:00, 310.14, 310.49, 310.14, 310.24, 345, 0.0
2021-05-12 10:05:00, 309.93, 310.23, 309.45, 310.23, 776, 0.0
2021-05-12 10:10:00, 311.11, 311.22, 311.11, 311.21, 577, 0.0
2021-05-12 10:15:00, 311.23, 311.25, 310.77, 311.185, 636, 0.0
2021-05-12 10:20:00, 310.68, 310.68, 310.14, 310.14, 459, 0.0
2021-05-12 10:25:00, 309.94, 310.08, 309.94, 310.08, 202, 0.0
2021-05-12 10:30:00, 310.28, 310.28, 309.63, 309.69, 440, 0.0
2021-05-12 10:35:00, 309.45, 309.45, 308.795, 309.43, 494, 0.0
2021-05-12 10:40:00, 308.83, 309.31, 308.81, 309.31, 1328, 0.0
2021-05-12 10:45:00, 309.445, 309.445, 308.14, 308.14, 433, 0.0
2021-05-12 10:50:00, 307.97, 307.97, 307.11, 307.11, 913, 0.0
2021-05-12 10:55:00, 307.01, 307.15, 306.86, 307.13, 1021, 0.0
2021-05-12 11:00:00, 307.15, 307.46, 307.02, 307.46, 918, 0.0
2021-05-12 11:05:00, 307.185, 307.56, 307.065, 307.27, 991, 0.0
2021-05-12 11:10:00, 307, 307.065, 307, 307.065, 326, 0.0
2021-05-12 11:15:00, 306.67, 306.67, 306.23, 306.615, 434, 0.0
2021-05-12 11:20:00, 307.1, 307.65, 307.1, 307.65, 1433, 0.0
2021-05-12 11:25:00, 307.76, 307.77, 307.76, 307.77, 207, 0.0
2021-05-12 11:30:00, 307.625, 308.5, 307.625, 308.08, 1653, 0.0
2021-05-12 11:35:00, 307.52, 307.52, 306.77, 306.915, 1366, 0.0
2021-05-12 11:40:00, 306.365, 306.73, 306.345, 306.52, 2303, 0.0
2021-05-12 11:45:00, 307.305, 307.67, 307.05, 307.565, 1594, 0.0
2021-05-12 11:50:00, 307.845, 308.25, 307.845, 308.21, 876, 0.0
2021-05-12 11:55:00, 307.67, 308.12, 307.59, 308.12, 1933, 0.0
2021-05-12 12:00:00, 308.825, 309.07, 308.815, 309.07, 591, 0.0
2021-05-12 12:05:00, 309.55, 309.6, 309.55, 309.6, 301, 0.0
2021-05-12 12:10:00, 309.42, 309.515, 309.33, 309.33, 734, 0.0
2021-05-12 12:15:00, 309.23, 309.44, 308.46, 308.46, 917, 0.0
2021-05-12 12:20:00, 308.4, 308.695, 308.39, 308.695, 903, 0.0
2021-05-12 12:25:00, 308.95, 309.2, 308.62, 308.62, 894, 0.0
2021-05-12 12:30:00, 308.82, 308.99, 308.595, 308.69, 1853, 0.0
2021-05-12 12:35:00, 308.985, 308.985, 308.74, 308.74, 402, 0.0
2021-05-12 12:40:00, 308.6, 308.6, 308.6, 308.6, 100, 0.0
2021-05-12 12:45:00, 308.365, 308.365, 307.78, 307.91, 545, 0.0
2021-05-12 12:50:00, 308.5, 308.67, 308.18, 308.67, 479, 0.0
2021-05-12 12:55:00, 308.59, 308.59, 308.32, 308.32, 396, 0.0
2021-05-12 13:00:00, 307.935, 307.935, 307.935, 307.935, 146, 0.0
2021-05-12 13:05:00, 308.28, 308.28, 308.28, 308.28, 100, 0.0
2021-05-12 13:10:00, 307.81, 307.81, 307.81, 307.81, 204, 0.0
2021-05-12 13:15:00, 307.415, 307.415, 307.135, 307.135, 672, 0.0
2021-05-12 13:30:00, 307.54, 308.25, 307.54, 308.06, 1606, 0.0
2021-05-12 13:35:00, 307.86, 308.33, 307.86, 308.33, 620, 0.0
2021-05-12 13:40:00, 308.07, 308.1, 307.85, 307.85, 667, 0.0
2021-05-12 13:45:00, 307.98, 308.04, 307.98, 308.04, 701, 0.0
2021-05-12 13:50:00, 308.28, 308.53, 308.28, 308.53, 578, 0.0
2021-05-12 13:55:00, 307.94, 307.94, 307.94, 307.94, 177, 0.0
2021-05-12 14:00:00, 307.36, 307.36, 306.76, 306.76, 545, 0.0
2021-05-12 14:05:00, 306.46, 306.46, 306.25, 306.26, 964, 0.0
2021-05-12 14:10:00, 306.01, 306.15, 305.71, 305.81, 1361, 0.0
2021-05-12 14:15:00, 305.5, 305.5, 305.5, 305.5, 100, 0.0
2021-05-12 14:20:00, 305.14, 305.275, 305.06, 305.26, 1247, 0.0
2021-05-12 14:25:00, 304.56, 304.97, 304.56, 304.97, 467, 0.0
2021-05-12 14:30:00, 305.53, 305.73, 305.27, 305.73, 3161, 0.0
2021-05-12 14:35:00, 305.63, 305.63, 305.15, 305.56, 2474, 0.0
2021-05-12 14:40:00, 305.43, 305.43, 304.62, 304.935, 1995, 0.0
2021-05-12 14:45:00, 305.22, 306.09, 305.22, 305.3, 4234, 0.0
2021-05-12 14:50:00, 304.81, 305.08, 304.42, 304.56, 3507, 0.0
2021-05-12 14:55:00, 304.51, 305.18, 304.51, 305.18, 4215, 0.0
2021-05-13 08:30:00, 309.13, 309.13, 308.8, 308.8, 500, 0.0
2021-05-13 08:35:00, 307.81, 307.81, 306.87, 307.02, 615, 0.0
2021-05-13 08:40:00, 306.4, 306.73, 306.12, 306.12, 669, 0.0
2021-05-13 08:45:00, 305.54, 305.54, 305.54, 305.54, 270, 0.0
2021-05-13 08:55:00, 306.35, 306.4, 306.11, 306.4, 523, 0.0
2021-05-13 09:00:00, 307.16, 307.6, 307.16, 307.6, 500, 0.0
2021-05-13 09:10:00, 307.07, 307.99, 307.07, 307.99, 344, 0.0
2021-05-13 09:20:00, 307.81, 307.81, 307.81, 307.81, 137, 0.0
2021-05-13 09:25:00, 308.2, 308.38, 308.1, 308.38, 430, 0.0
2021-05-13 09:30:00, 309.24, 309.24, 309.22, 309.22, 604, 0.0
2021-05-13 09:35:00, 308.87, 308.87, 308.6, 308.6, 301, 0.0
2021-05-13 09:40:00, 308.27, 308.88, 308.27, 308.78, 1395, 0.0
2021-05-13 09:45:00, 308.73, 309.48, 308.73, 309.48, 376, 0.0
2021-05-13 09:50:00, 309.57, 309.57, 309.14, 309.14, 393, 0.0
2021-05-13 09:55:00, 310.05, 310.27, 310.05, 310.27, 397, 0.0
2021-05-13 10:00:00, 309.36, 309.47, 309.36, 309.47, 234, 0.0
2021-05-13 10:05:00, 309.32, 309.35, 309.26, 309.27, 492, 0.0
2021-05-13 10:10:00, 309.03, 309.36, 308.99, 309.34, 776, 0.0
2021-05-13 10:15:00, 309.18, 309.41, 309.11, 309.11, 1039, 0.0
2021-05-13 10:20:00, 308.845, 308.845, 308.45, 308.48, 619, 0.0
2021-05-13 10:25:00, 308.2, 308.2, 307.83, 307.83, 201, 0.0
2021-05-13 10:30:00, 307.76, 307.87, 307.76, 307.87, 400, 0.0
2021-05-13 10:35:00, 308.18, 308.18, 308.1, 308.105, 400, 0.0
2021-05-13 10:40:00, 308.1, 308.145, 307.4, 307.51, 1320, 0.0
2021-05-13 10:45:00, 307.2, 307.29, 307.2, 307.29, 577, 0.0
2021-05-13 10:50:00, 308.16, 308.375, 308.055, 308.175, 2109, 0.0
2021-05-13 10:55:00, 308.555, 308.555, 307.77, 307.77, 1474, 0.0
2021-05-13 11:00:00, 308.02, 308.4, 308.02, 308.4, 314, 0.0
2021-05-13 11:05:00, 308.25, 308.96, 308.25, 308.82, 957, 0.0
2021-05-13 11:10:00, 308.82, 308.875, 308.81, 308.875, 403, 0.0
2021-05-13 11:15:00, 309.215, 309.215, 308.52, 308.52, 217, 0.0
2021-05-13 11:20:00, 308.87, 308.87, 308.46, 308.48, 632, 0.0
2021-05-13 11:25:00, 308.625, 308.625, 308.625, 308.625, 100, 0.0
2021-05-13 11:30:00, 308.65, 308.65, 308.65, 308.65, 105, 0.0
2021-05-13 11:35:00, 309.07, 309.07, 308.755, 308.755, 632, 0.0
2021-05-13 11:40:00, 308.175, 308.175, 308.09, 308.09, 200, 0.0
2021-05-13 11:45:00, 307.94, 307.94, 307.94, 307.94, 147, 0.0
2021-05-13 11:50:00, 307.96, 307.96, 307.305, 307.305, 1490, 0.0
2021-05-13 11:55:00, 307.36, 307.36, 306.48, 306.48, 470, 0.0
2021-05-13 12:00:00, 306.29, 306.47, 306.145, 306.205, 1252, 0.0
2021-05-13 12:05:00, 306.395, 306.67, 306.29, 306.67, 700, 0.0
2021-05-13 12:10:00, 306.91, 306.91, 306.91, 306.91, 101, 0.0
2021-05-13 12:15:00, 306.69, 306.69, 306.01, 306.01, 1012, 0.0
2021-05-13 12:20:00, 306.03, 306.03, 305.65, 305.65, 1242, 0.0
2021-05-13 12:25:00, 305.46, 305.875, 305.46, 305.825, 1135, 0.0
2021-05-13 12:30:00, 305.1, 305.18, 305.06, 305.18, 300, 0.0
2021-05-13 12:35:00, 305.225, 305.36, 304.985, 305.36, 1123, 0.0
2021-05-13 12:40:00, 305.505, 305.705, 305.38, 305.705, 1922, 0.0
2021-05-13 12:45:00, 305.8, 305.8, 305.08, 305.125, 1383, 0.0
2021-05-13 12:50:00, 305.24, 306.14, 305.24, 306.14, 636, 0.0
2021-05-13 12:55:00, 306.61, 306.63, 306.28, 306.28, 1238, 0.0
2021-05-13 13:00:00, 307.055, 307.3, 307.055, 307.3, 276, 0.0
2021-05-13 13:05:00, 307.45, 308.61, 307.45, 308.61, 733, 0.0
2021-05-13 13:10:00, 308.88, 308.88, 308.88, 308.88, 215, 0.0
2021-05-13 13:15:00, 308.83, 308.87, 308.555, 308.555, 2118, 0.0
2021-05-13 13:20:00, 308.79, 308.79, 308.27, 308.27, 214, 0.0
2021-05-13 13:25:00, 308.515, 308.99, 308.515, 308.99, 718, 0.0
2021-05-13 13:30:00, 309.2, 309.2, 309.15, 309.15, 402, 0.0
2021-05-13 13:50:00, 310.34, 310.34, 310.34, 310.34, 200, 0.0
2021-05-13 14:00:00, 309.98, 310.07, 309.82, 309.82, 718, 0.0
2021-05-13 14:05:00, 309.77, 309.77, 309.77, 309.77, 110, 0.0
2021-05-13 14:10:00, 309.36, 309.36, 308.8, 308.8, 587, 0.0
2021-05-13 14:15:00, 308.93, 308.93, 308.93, 308.93, 241, 0.0
2021-05-13 14:20:00, 308.67, 308.67, 308.635, 308.635, 438, 0.0
2021-05-13 14:25:00, 309.42, 309.42, 309.42, 309.42, 105, 0.0
2021-05-13 14:30:00, 309.97, 309.97, 309.82, 309.82, 254, 0.0
2021-05-13 14:40:00, 309.63, 309.67, 309.605, 309.605, 520, 0.0
2021-05-13 14:45:00, 309.67, 309.67, 309.67, 309.67, 270, 0.0
2021-05-13 14:50:00, 308.94, 309.07, 308.81, 308.9, 1762, 0.0
2021-05-13 14:55:00, 308.445, 308.445, 307.86, 307.86, 5287, 0.0
2021-05-14 08:30:00, 311.03, 311.37, 311.03, 311.37, 400, 0.0
2021-05-14 08:35:00, 311.03, 311.28, 310.785, 311.28, 1436, 0.0
2021-05-14 08:40:00, 311.28, 311.78, 310.56, 310.84, 675, 0.0
2021-05-14 08:45:00, 310.145, 310.96, 310.145, 310.84, 606, 0.0
2021-05-14 08:50:00, 310.38, 312.08, 310.35, 311.79, 789, 0.0
2021-05-14 08:55:00, 312.07, 312.92, 311.91, 312.86, 1325, 0.0
2021-05-14 09:00:00, 313.65, 314.13, 313.65, 314.13, 1001, 0.0
2021-05-14 09:05:00, 314.08, 314.08, 314.08, 314.08, 250, 0.0
2021-05-14 09:10:00, 313.55, 314.56, 313.55, 314.56, 493, 0.0
2021-05-14 09:15:00, 314.53, 314.53, 314.3, 314.3, 655, 0.0
2021-05-14 09:20:00, 314.09, 314.14, 314.09, 314.14, 200, 0.0
2021-05-14 09:25:00, 314, 314.1, 313.9, 314.02, 606, 0.0
2021-05-14 09:30:00, 314.05, 314.31, 313.925, 314.31, 1213, 0.0
2021-05-14 09:35:00, 314.23, 314.44, 314.23, 314.44, 366, 0.0
2021-05-14 09:40:00, 314.53, 314.59, 314.19, 314.19, 831, 0.0
2021-05-14 09:45:00, 314.17, 314.17, 314.17, 314.17, 105, 0.0
2021-05-14 09:50:00, 314.43, 314.43, 314.11, 314.11, 208, 0.0
2021-05-14 09:55:00, 314.63, 314.63, 314.48, 314.48, 227, 0.0
2021-05-14 10:00:00, 314.39, 314.39, 314.39, 314.39, 133, 0.0
2021-05-14 10:05:00, 314.51, 314.58, 314.51, 314.58, 216, 0.0
2021-05-14 10:10:00, 315.06, 315.08, 315.06, 315.08, 233, 0.0
2021-05-14 10:15:00, 315.33, 315.35, 315.19, 315.19, 602, 0.0
2021-05-14 10:20:00, 315.4, 315.4, 315.4, 315.4, 105, 0.0
2021-05-14 10:25:00, 314.985, 315.1, 314.985, 315.035, 505, 0.0
2021-05-14 10:30:00, 315.03, 315.06, 314.82, 314.82, 1065, 0.0
2021-05-14 10:35:00, 315.4, 315.4, 315.4, 315.4, 102, 0.0
2021-05-14 10:40:00, 315.74, 315.82, 315.74, 315.82, 233, 0.0
2021-05-14 10:45:00, 315.44, 315.44, 315.44, 315.44, 137, 0.0
2021-05-14 10:55:00, 315.49, 315.49, 315.49, 315.49, 210, 0.0
2021-05-14 11:00:00, 315.56, 315.56, 315.56, 315.56, 100, 0.0
2021-05-14 11:05:00, 315.91, 315.91, 315.91, 315.91, 239, 0.0
2021-05-14 11:15:00, 315.87, 315.87, 315.87, 315.87, 104, 0.0
2021-05-14 11:20:00, 315.59, 315.59, 315.59, 315.59, 104, 0.0
2021-05-14 11:30:00, 316.35, 316.37, 316.35, 316.37, 689, 0.0
2021-05-14 11:35:00, 316.26, 316.31, 316.26, 316.31, 254, 0.0
2021-05-14 11:55:00, 316.17, 316.17, 316.01, 316.01, 297, 0.0
2021-05-14 12:00:00, 315.88, 315.88, 315.88, 315.88, 167, 0.0
2021-05-14 12:10:00, 315.55, 315.72, 315.55, 315.72, 217, 0.0
2021-05-14 12:15:00, 315.61, 315.71, 315.61, 315.71, 298, 0.0
2021-05-14 12:20:00, 315.755, 315.755, 315.755, 315.755, 104, 0.0
2021-05-14 12:25:00, 315.34, 315.35, 315.34, 315.35, 233, 0.0
2021-05-14 12:30:00, 314.96, 314.96, 314.955, 314.955, 204, 0.0
2021-05-14 13:00:00, 315.23, 315.23, 315.23, 315.23, 158, 0.0
2021-05-14 13:05:00, 315.34, 315.34, 315.34, 315.34, 106, 0.0
2021-05-14 13:10:00, 314.99, 314.99, 314.98, 314.98, 213, 0.0
2021-05-14 13:15:00, 314.88, 314.895, 314.88, 314.895, 300, 0.0
2021-05-14 13:25:00, 315.045, 315.045, 315.045, 315.045, 107, 0.0
2021-05-14 13:30:00, 315.2, 315.24, 315.145, 315.145, 706, 0.0
2021-05-14 13:35:00, 315.665, 315.665, 315.61, 315.61, 236, 0.0
2021-05-14 13:45:00, 315.85, 315.85, 315.85, 315.85, 235, 0.0
2021-05-14 13:50:00, 316.2, 316.6, 316.2, 316.6, 327, 0.0
2021-05-14 13:55:00, 316.66, 316.695, 316.36, 316.36, 578, 0.0
2021-05-14 14:10:00, 315.8, 315.81, 315.455, 315.455, 452, 0.0
2021-05-14 14:15:00, 315.75, 316.02, 315.7, 316.02, 476, 0.0
2021-05-14 14:20:00, 315.79, 315.79, 315.69, 315.69, 217, 0.0
2021-05-14 14:25:00, 315.45, 315.45, 315.19, 315.19, 300, 0.0
2021-05-14 14:35:00, 315.15, 315.15, 315.06, 315.1, 633, 0.0
2021-05-14 14:40:00, 315.16, 315.27, 315.09, 315.09, 843, 0.0
2021-05-14 14:45:00, 315.3, 315.61, 315.3, 315.61, 461, 0.0
2021-05-14 14:50:00, 315.63, 315.63, 315.38, 315.45, 915, 0.0
2021-05-14 14:55:00, 315.205, 315.205, 314.65, 314.74, 3539, 0.0
2021-05-17 08:30:00, 311.5, 311.75, 310.85, 311.535, 1244, 0.0
2021-05-17 08:35:00, 313.385, 313.39, 313.03, 313.39, 604, 0.0
2021-05-17 08:40:00, 313.55, 313.78, 312.39, 312.75, 916, 0.0
2021-05-17 08:45:00, 312.6, 313.51, 312.6, 313.51, 980, 0.0
2021-05-17 08:50:00, 311.37, 311.94, 311.37, 311.94, 656, 0.0
2021-05-17 09:00:00, 310.47, 310.47, 309.19, 309.73, 1160, 0.0
2021-05-17 09:05:00, 310.73, 310.73, 310.365, 310.365, 1037, 0.0
2021-05-17 09:10:00, 310.525, 311.73, 310.525, 311.73, 743, 0.0
2021-05-17 09:15:00, 311.56, 311.97, 311.56, 311.97, 703, 0.0
2021-05-17 09:20:00, 312.54, 313.305, 312.54, 312.87, 1088, 0.0
2021-05-17 09:25:00, 312.81, 313.01, 312.2, 312.2, 572, 0.0
2021-05-17 09:30:00, 310.84, 310.96, 310.84, 310.96, 502, 0.0
2021-05-17 09:35:00, 311.92, 311.92, 311.92, 311.92, 215, 0.0
2021-05-17 09:40:00, 311.96, 311.96, 311.93, 311.93, 300, 0.0
2021-05-17 09:50:00, 312.34, 312.34, 312.205, 312.205, 734, 0.0
2021-05-17 09:55:00, 312.08, 312.9, 312.05, 312.41, 3648, 0.0
2021-05-17 10:00:00, 312.305, 312.305, 312.01, 312.12, 612, 0.0
2021-05-17 10:05:00, 312.44, 312.44, 311.3, 311.3, 1204, 0.0
2021-05-17 10:10:00, 311.24, 311.24, 310.65, 310.67, 640, 0.0
2021-05-17 10:15:00, 311.575, 311.785, 311.575, 311.775, 620, 0.0
2021-05-17 10:20:00, 311.995, 312.585, 311.995, 312.585, 446, 0.0
2021-05-17 10:25:00, 312.72, 312.72, 312.72, 312.72, 105, 0.0
2021-05-17 10:30:00, 312.22, 312.29, 312.22, 312.29, 322, 0.0
2021-05-17 10:35:00, 312.415, 312.63, 312.415, 312.63, 204, 0.0
2021-05-17 10:40:00, 312.075, 312.25, 312.075, 312.215, 772, 0.0
2021-05-17 10:45:00, 311.89, 311.89, 311.89, 311.89, 105, 0.0
2021-05-17 10:50:00, 311.07, 311.07, 310.75, 310.75, 1135, 0.0
2021-05-17 10:55:00, 311.03, 311.03, 310.97, 311.01, 491, 0.0
2021-05-17 11:00:00, 310.79, 310.79, 310.25, 310.475, 630, 0.0
2021-05-17 11:05:00, 310.82, 311.17, 310.75, 311.17, 1060, 0.0
2021-05-17 11:10:00, 311.435, 311.445, 311.17, 311.17, 454, 0.0
2021-05-17 11:15:00, 311.075, 312.32, 311.075, 312.32, 607, 0.0
2021-05-17 11:20:00, 312.335, 313.005, 312.335, 313.005, 881, 0.0
2021-05-17 11:25:00, 313.045, 313.15, 312.94, 313.13, 954, 0.0
2021-05-17 11:30:00, 313.045, 313.045, 312.48, 312.48, 657, 0.0
2021-05-17 11:35:00, 313.23, 313.23, 313.23, 313.23, 224, 0.0
2021-05-17 11:40:00, 313.28, 313.55, 313.28, 313.55, 592, 0.0
2021-05-17 11:45:00, 313.56, 313.56, 313.28, 313.51, 775, 0.0
2021-05-17 11:50:00, 313.21, 313.21, 313.005, 313.005, 512, 0.0
2021-05-17 11:55:00, 312.685, 312.685, 312.55, 312.55, 434, 0.0
2021-05-17 12:00:00, 312.6, 312.705, 312.6, 312.705, 244, 0.0
2021-05-17 12:05:00, 312.43, 312.43, 312.43, 312.43, 198, 0.0
2021-05-17 12:10:00, 312.26, 312.26, 312.26, 312.26, 278, 0.0
2021-05-17 12:15:00, 311.625, 311.69, 311.51, 311.51, 885, 0.0
2021-05-17 12:20:00, 311.54, 311.83, 311.54, 311.545, 893, 0.0
2021-05-17 12:25:00, 311.46, 311.55, 311.46, 311.55, 484, 0.0
2021-05-17 12:30:00, 311.205, 311.205, 311.205, 311.205, 102, 0.0
2021-05-17 12:35:00, 311.49, 311.75, 311.49, 311.535, 545, 0.0
2021-05-17 12:40:00, 310.785, 311.23, 310.785, 311.23, 298, 0.0
2021-05-17 12:45:00, 310.97, 311.64, 310.965, 311.64, 570, 0.0
2021-05-17 12:50:00, 311.46, 311.48, 311.175, 311.175, 920, 0.0
2021-05-17 13:00:00, 311.27, 311.6, 311.27, 311.505, 706, 0.0
2021-05-17 13:05:00, 311.61, 311.61, 311.34, 311.34, 217, 0.0
2021-05-17 13:10:00, 311.595, 311.7, 311.535, 311.61, 814, 0.0
2021-05-17 13:15:00, 311.665, 311.665, 311.38, 311.38, 202, 0.0
2021-05-17 13:20:00, 311.725, 311.755, 311.725, 311.755, 200, 0.0
2021-05-17 13:25:00, 311.3, 311.3, 311.145, 311.26, 439, 0.0
2021-05-17 13:30:00, 311.365, 311.82, 311.365, 311.82, 235, 0.0
2021-05-17 13:35:00, 311.525, 311.97, 311.38, 311.38, 1002, 0.0
2021-05-17 13:45:00, 311.405, 311.63, 311.405, 311.51, 723, 0.0
2021-05-17 13:50:00, 311.83, 311.83, 311.83, 311.83, 101, 0.0
2021-05-17 13:55:00, 312.08, 312.48, 312.08, 312.48, 883, 0.0
2021-05-17 14:00:00, 312.36, 312.565, 312.36, 312.45, 435, 0.0
2021-05-17 14:05:00, 312.37, 312.705, 312.37, 312.705, 526, 0.0
2021-05-17 14:10:00, 313.265, 313.7, 313.255, 313.7, 635, 0.0
2021-05-17 14:15:00, 313.41, 313.58, 313.41, 313.58, 219, 0.0
2021-05-17 14:20:00, 313.375, 313.375, 313.11, 313.17, 2551, 0.0
2021-05-17 14:25:00, 313.23, 313.65, 312.96, 313.58, 1028, 0.0
2021-05-17 14:30:00, 313.73, 313.925, 313.67, 313.925, 1101, 0.0
2021-05-17 14:35:00, 313.88, 313.88, 313.64, 313.8, 966, 0.0
2021-05-17 14:40:00, 314.29, 314.29, 313.94, 314.15, 1142, 0.0
2021-05-17 14:45:00, 314.075, 314.35, 313.98, 314.17, 1706, 0.0
2021-05-17 14:50:00, 314.35, 314.42, 314.06, 314.32, 725, 0.0
2021-05-17 14:55:00, 314.45, 314.61, 314.06, 314.38, 2974, 0.0
2021-05-18 08:30:00, 312.58, 312.58, 311.68, 311.78, 720, 0.0
2021-05-18 08:35:00, 312.305, 313.33, 310.96, 313.33, 2408, 0.0
2021-05-18 08:40:00, 314.94, 314.94, 313.77, 313.77, 350, 0.0
2021-05-18 08:45:00, 313.72, 314.39, 313.72, 314.39, 444, 0.0
2021-05-18 08:50:00, 314.07, 314.195, 314.07, 314.195, 345, 0.0
2021-05-18 08:55:00, 314.17, 314.17, 313.75, 313.75, 201, 0.0
2021-05-18 09:00:00, 313.96, 314.15, 312.97, 313.29, 1681, 0.0
2021-05-18 09:05:00, 312.81, 313.13, 312.395, 313.13, 963, 0.0
2021-05-18 09:10:00, 313.23, 313.33, 312.87, 313.33, 1009, 0.0
2021-05-18 09:15:00, 314.25, 314.43, 314.18, 314.18, 489, 0.0
2021-05-18 09:20:00, 314.08, 314.08, 313.28, 313.47, 1476, 0.0
2021-05-18 09:25:00, 313.28, 313.825, 313.28, 313.825, 380, 0.0
2021-05-18 09:30:00, 314.12, 314.645, 314.065, 314.53, 1724, 0.0
2021-05-18 09:35:00, 314.5, 314.57, 313.93, 313.93, 634, 0.0
2021-05-18 09:40:00, 314.03, 314.03, 313.54, 313.54, 335, 0.0
2021-05-18 09:45:00, 313.18, 313.85, 312.975, 313.85, 1443, 0.0
2021-05-18 09:50:00, 314.3, 314.3, 314.3, 314.3, 151, 0.0
2021-05-18 09:55:00, 314.755, 314.755, 314.66, 314.72, 1106, 0.0
2021-05-18 10:00:00, 314.735, 314.8, 314.735, 314.8, 400, 0.0
2021-05-18 10:05:00, 314.57, 314.57, 314.57, 314.57, 425, 0.0
2021-05-18 10:10:00, 314.55, 314.95, 314.55, 314.68, 1855, 0.0
2021-05-18 10:15:00, 314.48, 315.59, 314.48, 315.59, 363, 0.0
2021-05-18 10:20:00, 316.105, 316.105, 316.105, 316.105, 145, 0.0
2021-05-18 10:25:00, 315.675, 315.675, 315.675, 315.675, 265, 0.0
2021-05-18 10:30:00, 314.75, 314.75, 314.06, 314.06, 583, 0.0
2021-05-18 10:45:00, 314.75, 314.75, 314.69, 314.69, 291, 0.0
2021-05-18 10:50:00, 315.03, 315.255, 315.03, 315.21, 498, 0.0
2021-05-18 10:55:00, 315.66, 315.66, 315.66, 315.66, 100, 0.0
2021-05-18 11:00:00, 316.27, 316.57, 316.27, 316.47, 1427, 0.0
2021-05-18 11:05:00, 316.12, 316.12, 315.57, 315.57, 486, 0.0
2021-05-18 11:10:00, 315.53, 315.53, 315.2, 315.2, 347, 0.0
2021-05-18 11:15:00, 315.21, 315.215, 315.055, 315.055, 1054, 0.0
2021-05-18 11:20:00, 314.6, 314.76, 314.49, 314.76, 1343, 0.0
2021-05-18 11:25:00, 314.96, 314.96, 314.73, 314.73, 861, 0.0
2021-05-18 11:30:00, 315.23, 315.23, 315.23, 315.23, 100, 0.0
2021-05-18 11:35:00, 315.42, 315.77, 315.42, 315.77, 708, 0.0
2021-05-18 11:40:00, 315.7, 315.7, 315.36, 315.36, 1000, 0.0
2021-05-18 11:45:00, 315.23, 315.23, 314.82, 314.92, 1544, 0.0
2021-05-18 11:50:00, 315.67, 315.67, 315.67, 315.67, 170, 0.0
2021-05-18 11:55:00, 315.6, 315.6, 315.19, 315.19, 574, 0.0
2021-05-18 12:05:00, 315.025, 315.025, 315.025, 315.025, 205, 0.0
2021-05-18 12:10:00, 315.18, 315.54, 315.18, 315.54, 480, 0.0
2021-05-18 12:15:00, 315.235, 315.235, 315.235, 315.235, 241, 0.0
2021-05-18 12:20:00, 315.365, 315.365, 315.285, 315.285, 351, 0.0
2021-05-18 12:25:00, 315.385, 316, 315.385, 315.86, 508, 0.0
2021-05-18 12:30:00, 315.75, 315.92, 315.75, 315.92, 454, 0.0
2021-05-18 12:35:00, 315.87, 315.87, 315.87, 315.87, 100, 0.0
2021-05-18 12:45:00, 316.01, 316.06, 315.815, 315.815, 966, 0.0
2021-05-18 12:55:00, 315.15, 315.535, 315.15, 315.46, 631, 0.0
2021-05-18 13:05:00, 315.89, 315.89, 315.655, 315.655, 564, 0.0
2021-05-18 13:10:00, 315.39, 315.39, 315.03, 315.03, 298, 0.0
2021-05-18 13:15:00, 314.96, 315.24, 314.96, 315.24, 901, 0.0
2021-05-18 13:20:00, 314.91, 314.91, 314.68, 314.75, 569, 0.0
2021-05-18 13:25:00, 314.2, 314.2, 313.53, 313.555, 547, 0.0
2021-05-18 13:30:00, 313.65, 313.94, 313.57, 313.57, 2049, 0.0
2021-05-18 13:35:00, 313.24, 313.42, 313.19, 313.42, 1058, 0.0
2021-05-18 13:40:00, 313.16, 313.32, 313.16, 313.32, 630, 0.0
2021-05-18 13:45:00, 312.33, 312.51, 312.33, 312.48, 864, 0.0
2021-05-18 13:55:00, 313.57, 313.57, 313.56, 313.56, 300, 0.0
2021-05-18 14:00:00, 313.84, 313.84, 313.805, 313.805, 235, 0.0
2021-05-18 14:05:00, 313.94, 313.94, 313.89, 313.89, 319, 0.0
2021-05-18 14:10:00, 314.29, 314.29, 314.145, 314.145, 409, 0.0
2021-05-18 14:15:00, 313.98, 313.98, 313.85, 313.86, 454, 0.0
2021-05-18 14:20:00, 313.87, 314.07, 313.87, 314.07, 258, 0.0
2021-05-18 14:25:00, 314.79, 314.79, 314.6, 314.6, 400, 0.0
2021-05-18 14:30:00, 314.61, 314.67, 314.555, 314.555, 1285, 0.0
2021-05-18 14:35:00, 314.76, 314.76, 314.34, 314.34, 1115, 0.0
2021-05-18 14:40:00, 314.42, 314.42, 314.21, 314.38, 1916, 0.0
2021-05-18 14:45:00, 314.13, 314.13, 313.29, 313.29, 2631, 0.0
2021-05-18 14:50:00, 312.77, 312.89, 312.22, 312.37, 1732, 0.0
2021-05-18 14:55:00, 312.26, 312.46, 312.07, 312.07, 4287, 0.0
2021-05-19 08:30:00, 306.845, 306.845, 306.61, 306.61, 210, 0.0
2021-05-19 08:35:00, 307.23, 307.51, 305.76, 305.76, 776, 0.0
2021-05-19 08:40:00, 305.15, 307.94, 305.12, 307.86, 2080, 0.0
2021-05-19 08:45:00, 307.61, 307.93, 307.61, 307.86, 523, 0.0
2021-05-19 08:50:00, 307.78, 307.78, 307, 307.04, 586, 0.0
2021-05-19 08:55:00, 306.16, 306.16, 305.96, 305.96, 437, 0.0
2021-05-19 09:00:00, 305.27, 305.27, 304.59, 304.59, 866, 0.0
2021-05-19 09:05:00, 304.58, 304.58, 304.38, 304.38, 325, 0.0
2021-05-19 09:10:00, 304.74, 305.25, 304.74, 305.25, 383, 0.0
2021-05-19 09:15:00, 305.815, 306.31, 305.46, 306.31, 928, 0.0
2021-05-19 09:20:00, 306.26, 306.26, 306.11, 306.11, 254, 0.0
2021-05-19 09:25:00, 307.47, 308.01, 307.47, 308.01, 1039, 0.0
2021-05-19 09:30:00, 307.58, 307.58, 307.58, 307.58, 127, 0.0
2021-05-19 09:40:00, 307.09, 307.17, 307.09, 307.17, 246, 0.0
2021-05-19 09:45:00, 307.99, 308.12, 307.99, 308.12, 333, 0.0
2021-05-19 09:55:00, 309.64, 310.6, 309.46, 310.6, 1753, 0.0
2021-05-19 10:00:00, 309.59, 309.59, 309.41, 309.41, 341, 0.0
2021-05-19 10:05:00, 308.73, 308.84, 308.485, 308.51, 843, 0.0
2021-05-19 10:10:00, 310.26, 310.26, 309.93, 309.93, 371, 0.0
2021-05-19 10:15:00, 309.2, 309.42, 309.2, 309.42, 351, 0.0
2021-05-19 10:20:00, 309.355, 309.355, 309.355, 309.355, 100, 0.0
2021-05-19 10:25:00, 309.56, 309.77, 309.56, 309.77, 384, 0.0
2021-05-19 10:30:00, 308.82, 308.9, 308.82, 308.9, 200, 0.0
2021-05-19 10:35:00, 309.01, 309.01, 308.87, 308.87, 234, 0.0
2021-05-19 10:40:00, 309.59, 309.59, 309.26, 309.26, 432, 0.0
2021-05-19 10:45:00, 309.39, 309.39, 309.3, 309.3, 277, 0.0
2021-05-19 10:50:00, 308.95, 308.95, 308.95, 308.95, 119, 0.0
2021-05-19 11:05:00, 310.11, 310.11, 310.11, 310.11, 101, 0.0
2021-05-19 11:10:00, 310.13, 310.13, 310.13, 310.13, 242, 0.0
2021-05-19 11:15:00, 310.76, 310.76, 310.12, 310.58, 1481, 0.0
2021-05-19 11:25:00, 310.19, 310.19, 310.035, 310.035, 300, 0.0
2021-05-19 11:30:00, 310.205, 310.28, 310.205, 310.28, 672, 0.0
2021-05-19 11:35:00, 310.22, 310.22, 309.75, 309.75, 610, 0.0
2021-05-19 11:40:00, 309.8, 309.96, 309.79, 309.96, 810, 0.0
2021-05-19 11:50:00, 309.65, 309.65, 309.245, 309.245, 505, 0.0
2021-05-19 12:00:00, 309.355, 309.355, 309.355, 309.355, 156, 0.0
2021-05-19 12:05:00, 309.715, 310.11, 309.715, 310.11, 451, 0.0
2021-05-19 12:10:00, 309.99, 310.18, 309.99, 310.18, 267, 0.0
2021-05-19 12:15:00, 310.1, 310.1, 309.895, 309.93, 400, 0.0
2021-05-19 12:20:00, 309.905, 309.99, 309.58, 309.58, 713, 0.0
2021-05-19 12:25:00, 309.49, 309.49, 309.07, 309.07, 540, 0.0
2021-05-19 12:30:00, 308.875, 309.17, 308.875, 309.17, 857, 0.0
2021-05-19 12:35:00, 308.94, 308.94, 308.94, 308.94, 110, 0.0
2021-05-19 12:40:00, 309.01, 309.06, 308.96, 309.05, 504, 0.0
2021-05-19 12:45:00, 309.14, 309.28, 309.1, 309.28, 707, 0.0
2021-05-19 12:50:00, 309.38, 309.405, 309.22, 309.405, 688, 0.0
2021-05-19 12:55:00, 309.31, 309.31, 309.31, 309.31, 106, 0.0
2021-05-19 13:00:00, 309.05, 310.035, 309.05, 310.035, 730, 0.0
2021-05-19 13:05:00, 308.485, 309.095, 308.36, 308.935, 1210, 0.0
2021-05-19 13:10:00, 308.435, 308.47, 308.07, 308.47, 530, 0.0
2021-05-19 13:15:00, 307.695, 308.2, 307.695, 308.2, 385, 0.0
2021-05-19 13:20:00, 308.345, 310.23, 308.19, 310.23, 500, 0.0
2021-05-19 13:25:00, 310.245, 310.36, 310.1, 310.24, 1046, 0.0
2021-05-19 13:30:00, 310.23, 310.24, 309.47, 309.47, 646, 0.0
2021-05-19 13:35:00, 309.735, 309.735, 308.275, 308.275, 373, 0.0
2021-05-19 13:40:00, 308.29, 308.56, 308.29, 308.48, 534, 0.0
2021-05-19 13:45:00, 308.385, 308.385, 308.37, 308.37, 275, 0.0
2021-05-19 13:50:00, 308.425, 308.425, 308.28, 308.42, 440, 0.0
2021-05-19 13:55:00, 308.4, 309.13, 308.4, 309.13, 560, 0.0
2021-05-19 14:00:00, 308.16, 308.3, 308.16, 308.3, 503, 0.0
2021-05-19 14:05:00, 308.135, 308.51, 308.135, 308.51, 453, 0.0
2021-05-19 14:20:00, 309.085, 309.63, 309.085, 309.63, 249, 0.0
2021-05-19 14:25:00, 309.435, 309.625, 309.36, 309.625, 355, 0.0
2021-05-19 14:30:00, 309.04, 309.04, 309.04, 309.04, 100, 0.0
2021-05-19 14:40:00, 309.345, 309.78, 309.25, 309.78, 1259, 0.0
2021-05-19 14:45:00, 309.705, 309.705, 309, 309, 433, 0.0
2021-05-19 14:50:00, 309.16, 310.28, 309.16, 310.28, 2355, 0.0
2021-05-19 14:55:00, 310.5, 310.86, 310.08, 310.16, 4486, 0.0
2021-05-20 08:30:00, 310.72, 312.44, 310.72, 312.44, 203, 0.0
2021-05-20 08:35:00, 312.7, 313.08, 312.7, 312.94, 410, 0.0
2021-05-20 08:40:00, 312.545, 312.65, 312.35, 312.65, 1146, 0.0
2021-05-20 08:45:00, 312.2, 312.5, 311.97, 312.5, 718, 0.0
2021-05-20 08:50:00, 312.64, 313.27, 312.64, 313.19, 1306, 0.0
2021-05-20 08:55:00, 313.1, 313.16, 312.44, 312.44, 833, 0.0
2021-05-20 09:00:00, 312.7, 312.7, 312.53, 312.59, 724, 0.0
2021-05-20 09:05:00, 313.39, 313.39, 312.71, 312.71, 495, 0.0
2021-05-20 09:10:00, 313.07, 313.16, 313.03, 313.1, 709, 0.0
2021-05-20 09:15:00, 313.09, 314.325, 313, 314.21, 1203, 0.0
2021-05-20 09:20:00, 314.17, 314.17, 313.17, 313.17, 631, 0.0
2021-05-20 09:25:00, 313.37, 313.425, 313.355, 313.355, 610, 0.0
2021-05-20 09:30:00, 312.97, 313.65, 312.97, 313.63, 913, 0.0
2021-05-20 09:35:00, 313.62, 313.77, 313.39, 313.39, 555, 0.0
2021-05-20 09:40:00, 313.34, 313.6, 313.19, 313.19, 790, 0.0
2021-05-20 09:45:00, 313.39, 313.885, 313.39, 313.885, 776, 0.0
2021-05-20 09:50:00, 313.54, 313.54, 313.54, 313.54, 133, 0.0
2021-05-20 09:55:00, 313.775, 313.775, 313.51, 313.64, 685, 0.0
2021-05-20 10:00:00, 313.49, 314.22, 313.49, 314.22, 657, 0.0
2021-05-20 10:10:00, 313.685, 314.61, 313.685, 314.61, 681, 0.0
2021-05-20 10:20:00, 313.84, 314.1, 313.735, 314.1, 989, 0.0
2021-05-20 10:25:00, 314.42, 314.42, 314.085, 314.085, 715, 0.0
2021-05-20 10:30:00, 314, 315.1, 314, 315.1, 549, 0.0
2021-05-20 10:35:00, 315.43, 315.43, 315.04, 315.06, 811, 0.0
2021-05-20 10:40:00, 315.065, 315.065, 315.065, 315.065, 106, 0.0
2021-05-20 10:45:00, 315.27, 315.85, 315.12, 315.85, 1454, 0.0
2021-05-20 10:50:00, 316.26, 316.26, 316.055, 316.055, 939, 0.0
2021-05-20 10:55:00, 315.85, 315.905, 315.83, 315.905, 448, 0.0
2021-05-20 11:00:00, 315.595, 315.66, 315.02, 315.66, 892, 0.0
2021-05-20 11:05:00, 315.74, 315.74, 315.63, 315.63, 429, 0.0
2021-05-20 11:15:00, 315.525, 315.525, 315.525, 315.525, 125, 0.0
2021-05-20 11:20:00, 315.42, 315.42, 315.42, 315.42, 104, 0.0
2021-05-20 11:25:00, 315.52, 315.52, 314.95, 314.95, 944, 0.0
2021-05-20 11:30:00, 314.69, 314.72, 314.69, 314.72, 840, 0.0
2021-05-20 11:35:00, 315.16, 315.44, 315.1, 315.44, 668, 0.0
2021-05-20 11:45:00, 315.9, 316.35, 315.9, 316.35, 346, 0.0
2021-05-20 12:00:00, 316.91, 317.03, 316.91, 317.03, 215, 0.0
2021-05-20 12:05:00, 317.33, 317.33, 317.33, 317.33, 139, 0.0
2021-05-20 12:10:00, 317.415, 317.59, 317.415, 317.59, 277, 0.0
2021-05-20 12:15:00, 317.31, 317.31, 317.23, 317.23, 340, 0.0
2021-05-20 12:20:00, 317.4, 317.4, 317.4, 317.4, 105, 0.0
2021-05-20 12:25:00, 317.48, 317.495, 317.48, 317.495, 295, 0.0
2021-05-20 12:30:00, 317.56, 317.97, 317.56, 317.95, 440, 0.0
2021-05-20 12:35:00, 318.01, 318.28, 318.01, 318.27, 559, 0.0
2021-05-20 12:40:00, 318.315, 318.475, 318.28, 318.475, 1419, 0.0
2021-05-20 12:45:00, 318.55, 318.625, 318.475, 318.5, 696, 0.0
2021-05-20 12:50:00, 318.68, 318.68, 317.61, 317.7, 1067, 0.0
2021-05-20 12:55:00, 317.26, 317.38, 316.94, 317.38, 1288, 0.0
2021-05-20 13:00:00, 317.49, 317.77, 317.49, 317.77, 211, 0.0
2021-05-20 13:05:00, 318.09, 318.135, 317.95, 318.05, 691, 0.0
2021-05-20 13:10:00, 317.84, 317.84, 317.84, 317.84, 243, 0.0
2021-05-20 13:15:00, 318.585, 318.585, 318.38, 318.42, 656, 0.0
2021-05-20 13:20:00, 318.68, 318.68, 318.59, 318.59, 347, 0.0
2021-05-20 13:25:00, 318.59, 318.7, 318.59, 318.64, 511, 0.0
2021-05-20 13:30:00, 318.92, 318.95, 318.795, 318.795, 528, 0.0
2021-05-20 13:35:00, 318.65, 318.65, 318.17, 318.17, 551, 0.0
2021-05-20 13:40:00, 318.39, 318.39, 318.39, 318.39, 116, 0.0
2021-05-20 13:45:00, 317.84, 317.91, 317.84, 317.91, 258, 0.0
2021-05-20 13:50:00, 318.4, 318.58, 318.4, 318.58, 270, 0.0
2021-05-20 13:55:00, 319.09, 319.09, 318.89, 318.89, 379, 0.0
2021-05-20 14:00:00, 318.78, 318.78, 318.78, 318.78, 100, 0.0
2021-05-20 14:05:00, 318.5, 318.61, 318.5, 318.61, 259, 0.0
2021-05-20 14:10:00, 318.52, 318.59, 318.33, 318.51, 901, 0.0
2021-05-20 14:15:00, 318.54, 318.95, 318.54, 318.95, 403, 0.0
2021-05-20 14:20:00, 319.24, 319.49, 319.19, 319.49, 517, 0.0
2021-05-20 14:25:00, 319.465, 319.56, 319.465, 319.56, 375, 0.0
2021-05-20 14:30:00, 319.77, 319.83, 319.41, 319.41, 988, 0.0
2021-05-20 14:35:00, 319.41, 319.725, 319.375, 319.725, 457, 0.0
2021-05-20 14:40:00, 319.47, 319.47, 319.36, 319.36, 753, 0.0
2021-05-20 14:45:00, 319.41, 319.56, 319.02, 319.02, 1332, 0.0
2021-05-20 14:50:00, 319.28, 320, 319.28, 320, 2076, 0.0
2021-05-20 14:55:00, 319.9, 319.9, 319.135, 319.135, 3313, 0.0
2021-05-21 08:30:00, 321.98, 322.19, 320.8, 321.185, 716, 0.0
2021-05-21 08:35:00, 321.43, 321.43, 320.28, 320.28, 796, 0.0
2021-05-21 08:40:00, 320.34, 320.34, 320.34, 320.34, 169, 0.0
2021-05-21 08:45:00, 319.42, 319.85, 319.28, 319.36, 1047, 0.0
2021-05-21 08:50:00, 318.85, 319.04, 318.85, 319.04, 268, 0.0
2021-05-21 08:55:00, 319.13, 319.13, 318.93, 318.99, 300, 0.0
2021-05-21 09:00:00, 318.72, 318.72, 317.805, 318.22, 966, 0.0
2021-05-21 09:05:00, 317.465, 317.465, 317.07, 317.36, 886, 0.0
2021-05-21 09:15:00, 316.585, 316.74, 315.93, 315.93, 774, 0.0
2021-05-21 09:20:00, 315.5, 316.09, 315.5, 315.86, 805, 0.0
2021-05-21 09:25:00, 315.51, 315.51, 315.51, 315.51, 162, 0.0
2021-05-21 09:30:00, 315.88, 316.08, 315.88, 316.08, 287, 0.0
2021-05-21 09:35:00, 316.44, 316.44, 316.44, 316.44, 288, 0.0
2021-05-21 09:45:00, 314.57, 314.57, 314.18, 314.18, 2138, 0.0
2021-05-21 09:50:00, 314.14, 314.36, 314.02, 314.36, 2441, 0.0
2021-05-21 09:55:00, 314.495, 314.56, 314.495, 314.56, 510, 0.0
2021-05-21 10:00:00, 315.2, 315.2, 315.2, 315.2, 105, 0.0
2021-05-21 10:10:00, 314.3, 314.58, 314.25, 314.58, 543, 0.0
2021-05-21 10:20:00, 314.74, 314.79, 314.74, 314.79, 377, 0.0
2021-05-21 10:25:00, 314.12, 314.12, 313.38, 313.38, 606, 0.0
2021-05-21 10:30:00, 313.69, 314.27, 313.625, 314.15, 745, 0.0
2021-05-21 10:35:00, 313.855, 313.855, 313.78, 313.79, 410, 0.0
2021-05-21 10:40:00, 313.9, 314.31, 313.9, 314.18, 769, 0.0
2021-05-21 10:45:00, 314.26, 314.26, 313.97, 313.97, 933, 0.0
2021-05-21 10:50:00, 313.66, 313.66, 312.78, 312.78, 912, 0.0
2021-05-21 10:55:00, 312.96, 313.02, 312.535, 312.66, 1186, 0.0
2021-05-21 11:00:00, 312.76, 312.76, 312.57, 312.695, 773, 0.0
2021-05-21 11:05:00, 312.52, 312.56, 312.4, 312.56, 439, 0.0
2021-05-21 11:10:00, 312.78, 312.905, 312.78, 312.905, 308, 0.0
2021-05-21 11:15:00, 312.71, 312.73, 312.5, 312.72, 550, 0.0
2021-05-21 11:35:00, 312.5, 312.5, 311.85, 311.85, 1210, 0.0
2021-05-21 11:40:00, 312.16, 312.31, 312.16, 312.3, 424, 0.0
2021-05-21 11:45:00, 311.95, 312.49, 311.95, 312.49, 1058, 0.0
2021-05-21 11:50:00, 311.07, 311.07, 311.07, 311.07, 213, 0.0
2021-05-21 11:55:00, 311.37, 311.46, 311.37, 311.46, 433, 0.0
2021-05-21 12:05:00, 311.63, 312.12, 311.63, 312.12, 991, 0.0
2021-05-21 12:10:00, 312.36, 312.36, 310.875, 310.875, 1658, 0.0
2021-05-21 12:15:00, 310.99, 311, 310.47, 310.64, 1232, 0.0
2021-05-21 12:20:00, 310.81, 310.98, 310.81, 310.94, 396, 0.0
2021-05-21 12:25:00, 311.06, 311.07, 311.06, 311.07, 473, 0.0
2021-05-21 12:30:00, 310.91, 310.91, 310.91, 310.91, 102, 0.0
2021-05-21 12:35:00, 310.88, 311.33, 310.42, 311.32, 1486, 0.0
2021-05-21 12:40:00, 311.3, 311.3, 311.1, 311.1, 232, 0.0
2021-05-21 12:45:00, 311.46, 311.53, 311.46, 311.505, 400, 0.0
2021-05-21 12:50:00, 311.19, 311.19, 311.19, 311.19, 238, 0.0
2021-05-21 12:55:00, 311.45, 311.91, 311.45, 311.91, 686, 0.0
2021-05-21 13:00:00, 312.21, 312.28, 312.19, 312.28, 337, 0.0
2021-05-21 13:05:00, 312.32, 313.43, 312.27, 313.43, 1216, 0.0
2021-05-21 13:10:00, 313.48, 313.72, 313.48, 313.72, 702, 0.0
2021-05-21 13:15:00, 313.79, 314.04, 313.79, 314.04, 400, 0.0
2021-05-21 13:20:00, 313.63, 313.92, 313.52, 313.92, 714, 0.0
2021-05-21 13:25:00, 314.19, 314.19, 313.885, 313.885, 1598, 0.0
2021-05-21 13:30:00, 313.905, 314.26, 313.905, 314.04, 807, 0.0
2021-05-21 13:35:00, 313.86, 313.9, 313.535, 313.535, 2532, 0.0
2021-05-21 13:40:00, 313.53, 313.89, 313.49, 313.89, 1224, 0.0
2021-05-21 13:45:00, 313.89, 313.89, 313.23, 313.29, 1604, 0.0
2021-05-21 13:50:00, 312.86, 312.93, 312.705, 312.705, 1288, 0.0
2021-05-21 13:55:00, 312.66, 312.89, 312.66, 312.89, 1043, 0.0
2021-05-21 14:00:00, 313.24, 313.385, 313.11, 313.11, 612, 0.0
2021-05-21 14:05:00, 313.15, 313.37, 313.08, 313.37, 753, 0.0
2021-05-21 14:10:00, 313.33, 313.64, 313.29, 313.64, 1164, 0.0
2021-05-21 14:15:00, 313.635, 313.67, 313.51, 313.625, 1680, 0.0
2021-05-21 14:20:00, 313.79, 313.85, 313.695, 313.85, 877, 0.0
2021-05-21 14:25:00, 313.85, 314.14, 313.7, 314.12, 2483, 0.0
2021-05-21 14:30:00, 314.06, 314.06, 313.33, 313.33, 1946, 0.0
2021-05-21 14:35:00, 313.39, 313.72, 313.35, 313.72, 2790, 0.0
2021-05-21 14:40:00, 313.86, 314.07, 313.86, 314.07, 2308, 0.0
2021-05-21 14:45:00, 313.995, 314.08, 313.18, 313.34, 3200, 0.0
2021-05-21 14:50:00, 313.47, 313.55, 312.9, 313.03, 4143, 0.0
2021-05-21 14:55:00, 313.11, 313.21, 312.82, 313.21, 3716, 0.0
2021-05-24 08:30:00, 314.635, 314.635, 313.495, 314.45, 1057, 0.0
2021-05-24 08:35:00, 314.75, 316.12, 314.75, 315.89, 649, 0.0
2021-05-24 08:40:00, 316.22, 316.7, 316.21, 316.33, 1301, 0.0
2021-05-24 08:45:00, 316.13, 316.13, 316.13, 316.13, 100, 0.0
2021-05-24 08:50:00, 316.43, 316.52, 316.01, 316.01, 670, 0.0
2021-05-24 08:55:00, 315.28, 315.69, 315.28, 315.62, 300, 0.0
2021-05-24 09:00:00, 316.28, 316.51, 316.28, 316.51, 442, 0.0
2021-05-24 09:05:00, 316.57, 316.89, 316.4, 316.89, 654, 0.0
2021-05-24 09:10:00, 316.815, 317.8, 316.815, 317.8, 510, 0.0
2021-05-24 09:15:00, 318.13, 318.13, 317.665, 317.665, 609, 0.0
2021-05-24 09:20:00, 317.76, 317.76, 317.76, 317.76, 104, 0.0
2021-05-24 09:25:00, 317.65, 317.65, 317.57, 317.57, 205, 0.0
2021-05-24 09:30:00, 317.81, 317.81, 317.63, 317.73, 351, 0.0
2021-05-24 09:35:00, 318.35, 319.05, 318.35, 318.64, 1404, 0.0
2021-05-24 09:40:00, 318.38, 318.4, 318.38, 318.4, 253, 0.0
2021-05-24 09:45:00, 318.83, 318.83, 318.39, 318.39, 682, 0.0
2021-05-24 09:50:00, 318.385, 318.385, 318.37, 318.37, 355, 0.0
2021-05-24 10:00:00, 317.14, 317.84, 317.14, 317.84, 639, 0.0
2021-05-24 10:05:00, 317.98, 318.82, 317.98, 318.82, 892, 0.0
2021-05-24 10:10:00, 319.24, 319.29, 319.24, 319.29, 333, 0.0
2021-05-24 10:15:00, 319.7, 319.7, 319.7, 319.7, 138, 0.0
2021-05-24 10:20:00, 319.11, 319.11, 319.06, 319.06, 212, 0.0
2021-05-24 10:25:00, 319.54, 319.72, 319.54, 319.72, 267, 0.0
2021-05-24 10:30:00, 319.36, 319.52, 319.36, 319.52, 464, 0.0
2021-05-24 10:35:00, 319.77, 319.97, 319.77, 319.97, 548, 0.0
2021-05-24 10:50:00, 320.2, 320.2, 319.865, 319.865, 1065, 0.0
2021-05-24 10:55:00, 319.425, 319.52, 319.385, 319.385, 691, 0.0
2021-05-24 11:00:00, 319.53, 319.61, 319.5, 319.61, 558, 0.0
2021-05-24 11:05:00, 319.22, 319.22, 319.22, 319.22, 204, 0.0
2021-05-24 11:10:00, 318.42, 318.42, 318.42, 318.42, 196, 0.0
2021-05-24 11:15:00, 318.96, 318.98, 318.72, 318.72, 663, 0.0
2021-05-24 11:30:00, 318.46, 318.46, 318.46, 318.46, 168, 0.0
2021-05-24 11:35:00, 318.25, 318.45, 318.25, 318.45, 204, 0.0
2021-05-24 11:40:00, 317.89, 317.93, 317.89, 317.93, 200, 0.0
2021-05-24 11:45:00, 317.88, 318.125, 317.88, 318.125, 233, 0.0
2021-05-24 11:55:00, 317.22, 317.22, 317.07, 317.15, 502, 0.0
2021-05-24 12:05:00, 317.65, 317.75, 317.63, 317.75, 609, 0.0
2021-05-24 12:15:00, 317.94, 317.94, 317.82, 317.82, 216, 0.0
2021-05-24 12:20:00, 317.805, 317.805, 317.805, 317.805, 113, 0.0
2021-05-24 12:25:00, 317.76, 317.76, 317.76, 317.76, 270, 0.0
2021-05-24 12:30:00, 318.27, 318.59, 318.27, 318.51, 424, 0.0
2021-05-24 12:40:00, 318.56, 318.56, 318.35, 318.35, 373, 0.0
2021-05-24 12:45:00, 319.13, 319.28, 319.13, 319.17, 433, 0.0
2021-05-24 13:05:00, 319.01, 319.23, 318.94, 319.23, 722, 0.0
2021-05-24 13:10:00, 319.14, 319.14, 319.02, 319.02, 266, 0.0
2021-05-24 13:15:00, 318.87, 318.91, 318.87, 318.91, 312, 0.0
2021-05-24 13:20:00, 319.01, 319.01, 319.01, 319.01, 100, 0.0
2021-05-24 13:25:00, 319.13, 319.13, 319.13, 319.13, 105, 0.0
2021-05-24 13:30:00, 318.98, 318.98, 318.98, 318.98, 347, 0.0
2021-05-24 13:35:00, 319.31, 319.36, 319.31, 319.36, 318, 0.0
2021-05-24 13:40:00, 319.275, 319.275, 319.275, 319.275, 111, 0.0
2021-05-24 13:50:00, 319.28, 319.28, 319, 319, 442, 0.0
2021-05-24 13:55:00, 318.8, 318.85, 318.75, 318.75, 357, 0.0
2021-05-24 14:00:00, 318.515, 318.515, 318.44, 318.51, 532, 0.0
2021-05-24 14:05:00, 318.59, 318.59, 318.56, 318.56, 258, 0.0
2021-05-24 14:10:00, 318.54, 318.54, 318.35, 318.35, 415, 0.0
2021-05-24 14:15:00, 318.17, 318.215, 318.17, 318.215, 661, 0.0
2021-05-24 14:20:00, 318.35, 318.36, 318.35, 318.36, 546, 0.0
2021-05-24 14:25:00, 318.5, 318.59, 317.94, 317.94, 856, 0.0
2021-05-24 14:30:00, 317.88, 317.88, 317.7, 317.7, 577, 0.0
2021-05-24 14:35:00, 318.39, 318.39, 318.285, 318.38, 656, 0.0
2021-05-24 14:40:00, 318.16, 318.235, 318.1, 318.14, 727, 0.0
2021-05-24 14:45:00, 318.19, 318.25, 318.19, 318.22, 538, 0.0
2021-05-24 14:50:00, 317.89, 318.43, 317.89, 318.39, 2148, 0.0
2021-05-24 14:55:00, 318.38, 318.45, 317.96, 317.98, 2223, 0.0
2021-05-25 08:30:00, 320.44, 321.62, 319.55, 319.55, 2636, 0.0
2021-05-25 08:35:00, 320.17, 321.99, 319.5, 321.85, 7914, 0.0
2021-05-25 08:40:00, 321.595, 322.2, 321.595, 321.92, 5582, 0.0
2021-05-25 08:45:00, 321.715, 322.19, 321.615, 321.7, 3211, 0.0
2021-05-25 08:50:00, 321.32, 321.7, 320.42, 320.42, 7706, 0.0
2021-05-25 08:55:00, 321.35, 321.35, 320.58, 321.075, 4999, 0.0
2021-05-25 09:00:00, 320.825, 321.15, 320.8, 320.8, 2062, 0.0
2021-05-25 09:05:00, 320.985, 320.985, 320.985, 320.985, 301, 0.0
2021-05-25 09:10:00, 321.69, 322.18, 321.69, 322.165, 504, 0.0
2021-05-25 09:15:00, 322.19, 322.31, 322.16, 322.31, 937, 0.0
2021-05-25 09:20:00, 322.04, 322.04, 321.7, 321.79, 1116, 0.0
2021-05-25 09:25:00, 321.905, 321.905, 321.39, 321.63, 987, 0.0
2021-05-25 09:30:00, 321.45, 321.45, 320.925, 321.03, 832, 0.0
2021-05-25 09:40:00, 321.65, 321.65, 321.26, 321.49, 2537, 0.0
2021-05-25 09:45:00, 321.5, 321.57, 320.925, 321.115, 3746, 0.0
2021-05-25 09:50:00, 321.2, 321.93, 321.2, 321.93, 324, 0.0
2021-05-25 09:55:00, 322.48, 322.48, 322.48, 322.48, 102, 0.0
2021-05-25 10:00:00, 322.57, 322.57, 321.385, 321.385, 2220, 0.0
2021-05-25 10:05:00, 321.4, 321.51, 320.95, 321.02, 2026, 0.0
2021-05-25 10:10:00, 320.89, 321.12, 320.725, 320.9, 3452, 0.0
2021-05-25 10:15:00, 320.99, 320.99, 320.99, 320.99, 1056, 0.0
2021-05-25 10:20:00, 321.5, 321.65, 321.5, 321.65, 306, 0.0
2021-05-25 10:25:00, 321.015, 321.015, 321.015, 321.015, 446, 0.0
2021-05-25 10:30:00, 321.33, 321.33, 320.88, 320.88, 748, 0.0
2021-05-25 10:35:00, 321.19, 321.3, 321.19, 321.3, 342, 0.0
2021-05-25 10:40:00, 321.17, 321.17, 321.17, 321.17, 130, 0.0
2021-05-25 10:45:00, 321.5, 321.5, 321.49, 321.49, 228, 0.0
2021-05-25 10:50:00, 321.31, 321.31, 321.31, 321.31, 237, 0.0
2021-05-25 11:00:00, 322.26, 322.26, 322.065, 322.065, 400, 0.0
2021-05-25 11:05:00, 322.1, 322.26, 321.98, 322.03, 617, 0.0
2021-05-25 11:10:00, 321.94, 321.94, 321.94, 321.94, 106, 0.0
2021-05-25 11:15:00, 322.03, 322.03, 321.995, 321.995, 1284, 0.0
2021-05-25 11:20:00, 321.95, 322.025, 321.95, 322.025, 443, 0.0
2021-05-25 11:25:00, 322.18, 322.18, 321.645, 321.84, 825, 0.0
2021-05-25 11:30:00, 321.83, 322.22, 321.83, 322.22, 1133, 0.0
2021-05-25 11:35:00, 322.13, 322.13, 322.12, 322.12, 200, 0.0
2021-05-25 11:45:00, 321.87, 321.87, 321.865, 321.865, 200, 0.0
2021-05-25 12:00:00, 322.23, 322.23, 321.665, 321.99, 5072, 0.0
2021-05-25 12:20:00, 322.3, 322.38, 322.3, 322.38, 326, 0.0
2021-05-25 12:30:00, 322.64, 322.64, 322.64, 322.64, 114, 0.0
2021-05-25 12:35:00, 322.41, 322.41, 322.41, 322.41, 110, 0.0
2021-05-25 12:40:00, 322.3, 322.3, 322.3, 322.3, 102, 0.0
2021-05-25 12:45:00, 322.67, 322.67, 322.67, 322.67, 134, 0.0
2021-05-25 12:50:00, 323.25, 323.28, 323.25, 323.28, 234, 0.0
2021-05-25 12:55:00, 323.3, 323.42, 323.3, 323.3, 590, 0.0
2021-05-25 13:00:00, 323.02, 323.02, 322.93, 322.93, 600, 0.0
2021-05-25 13:15:00, 323.29, 323.29, 323.15, 323.15, 540, 0.0
2021-05-25 13:20:00, 322.395, 322.395, 322.17, 322.17, 207, 0.0
2021-05-25 13:25:00, 322.79, 322.79, 322.79, 322.79, 236, 0.0
2021-05-25 13:40:00, 322.77, 322.77, 322.77, 322.77, 100, 0.0
2021-05-25 13:45:00, 322.665, 322.665, 322.355, 322.355, 1036, 0.0
2021-05-25 13:50:00, 322.33, 322.435, 322.2, 322.435, 1207, 0.0
2021-05-25 13:55:00, 322.82, 322.93, 322.82, 322.835, 500, 0.0
2021-05-25 14:00:00, 322.875, 322.875, 322.765, 322.765, 301, 0.0
2021-05-25 14:05:00, 322.33, 322.735, 322.32, 322.735, 10851, 0.0
2021-05-25 14:10:00, 322.46, 322.46, 322.24, 322.24, 590, 0.0
2021-05-25 14:15:00, 322.04, 322.42, 322.04, 322.42, 313, 0.0
2021-05-25 14:20:00, 322.56, 322.7, 322.52, 322.7, 613, 0.0
2021-05-25 14:30:00, 322.67, 322.7, 322.67, 322.7, 250, 0.0
2021-05-25 14:35:00, 322.58, 323.065, 322.58, 323.065, 525, 0.0
2021-05-25 14:40:00, 322.765, 323.19, 322.765, 323.12, 1252, 0.0
2021-05-25 14:45:00, 323.16, 323.75, 323.16, 323.75, 532, 0.0
2021-05-25 14:50:00, 323.7, 324, 323.63, 323.92, 2417, 0.0
2021-05-25 14:55:00, 324.2, 324.52, 324.2, 324.52, 3651, 0.0
2021-05-26 08:30:00, 326.19, 326.19, 325.465, 325.825, 870, 0.0
2021-05-26 08:35:00, 326.97, 328.265, 326.92, 328.265, 1505, 0.0
2021-05-26 08:40:00, 328.88, 329.33, 328.015, 328.61, 1281, 0.0
2021-05-26 08:45:00, 328.35, 328.35, 327.04, 327.5, 1144, 0.0
2021-05-26 08:50:00, 326.545, 326.545, 325.77, 325.77, 423, 0.0
2021-05-26 08:55:00, 326.05, 326.05, 325.5, 325.64, 786, 0.0
2021-05-26 09:00:00, 325.255, 326.485, 324.5, 324.72, 15186, 0.0
2021-05-26 09:10:00, 325.19, 325.19, 325.19, 325.19, 113, 0.0
2021-05-26 09:15:00, 326.19, 326.19, 325.76, 325.76, 501, 0.0
2021-05-26 09:20:00, 325.38, 326.01, 325.38, 326.01, 816, 0.0
2021-05-26 09:25:00, 325.9, 325.9, 325.62, 325.735, 564, 0.0
2021-05-26 09:30:00, 325.295, 325.605, 325.05, 325.48, 3222, 0.0
2021-05-26 09:35:00, 325.56, 325.56, 325.56, 325.56, 102, 0.0
2021-05-26 09:40:00, 325.5, 325.605, 325.38, 325.605, 1301, 0.0
2021-05-26 09:45:00, 325.6, 325.61, 325.5, 325.5, 1653, 0.0
2021-05-26 09:55:00, 325.86, 325.91, 325.86, 325.91, 493, 0.0
2021-05-26 10:00:00, 325.8, 325.8, 325.59, 325.64, 1324, 0.0
2021-05-26 10:05:00, 325.83, 326.01, 325.79, 326.005, 2050, 0.0
2021-05-26 10:10:00, 326.03, 326.05, 325.78, 326.05, 423, 0.0
2021-05-26 10:15:00, 326.14, 326.14, 325.9, 325.9, 413, 0.0
2021-05-26 10:20:00, 325.91, 326.26, 325.91, 326.19, 625, 0.0
2021-05-26 10:25:00, 326.28, 326.33, 326.28, 326.33, 501, 0.0
2021-05-26 10:30:00, 325.72, 325.91, 325.72, 325.86, 1732, 0.0
2021-05-26 10:35:00, 326.06, 326.06, 326.06, 326.06, 115, 0.0
2021-05-26 10:40:00, 326.14, 326.14, 326.14, 326.14, 263, 0.0
