Date, Open, High, Low, Close, Volume, Open Interest
2021-04-27 13:45:00, 217.01, 217.01, 216.52, 216.52, 3200, 0.0
2021-04-27 14:00:00, 216.48, 217.18, 216.48, 217.04, 7938, 0.0
2021-04-27 14:15:00, 216.9, 216.93, 216.5, 216.51, 5419, 0.0
2021-04-27 14:30:00, 216.34, 217.21, 216.29, 216.9, 9598, 0.0
2021-04-27 14:45:00, 216.73, 217.135, 215.93, 216.29, 29761, 0.0
2021-04-28 08:30:00, 216.67, 218.67, 215.16, 217.94, 11040, 0.0
2021-04-28 08:45:00, 218.18, 219.51, 217.65, 218.87, 17518, 0.0
2021-04-28 09:00:00, 218.78, 219.32, 218.26, 218.73, 10888, 0.0
2021-04-28 09:15:00, 218.8, 219.05, 218.38, 218.7, 9791, 0.0
2021-04-28 09:30:00, 218.43, 218.43, 217.1, 217.815, 7963, 0.0
2021-04-28 09:45:00, 217.74, 218.46, 217.1, 218.23, 3528, 0.0
2021-04-28 10:00:00, 218.425, 218.46, 217.61, 217.61, 4917, 0.0
2021-04-28 10:15:00, 217.27, 217.27, 216.78, 216.915, 4308, 0.0
2021-04-28 10:30:00, 217.21, 217.485, 217.18, 217.36, 3640, 0.0
2021-04-28 10:45:00, 217.25, 217.25, 216.95, 217.13, 4136, 0.0
2021-04-28 11:00:00, 217.24, 217.485, 217.24, 217.35, 3168, 0.0
2021-04-28 11:15:00, 217.165, 217.87, 217.09, 217.86, 2662, 0.0
2021-04-28 11:30:00, 217.77, 217.96, 217.54, 217.76, 3695, 0.0
2021-04-28 11:45:00, 217.93, 218.64, 217.93, 218.64, 4529, 0.0
2021-04-28 12:00:00, 218.59, 218.69, 218.14, 218.21, 3742, 0.0
2021-04-28 12:15:00, 218.02, 218.08, 217.6, 217.83, 4687, 0.0
2021-04-28 12:30:00, 217.83, 217.83, 217.29, 217.33, 2620, 0.0
2021-04-28 12:45:00, 217.33, 217.75, 217.33, 217.7, 1458, 0.0
2021-04-28 13:00:00, 217.55, 218.23, 217.04, 217.74, 3866, 0.0
2021-04-28 13:15:00, 217.88, 217.92, 217.29, 217.81, 1492, 0.0
2021-04-28 13:30:00, 217.8, 218.43, 217.32, 218.42, 5834, 0.0
2021-04-28 13:45:00, 218.37, 218.75, 218.11, 218.28, 10656, 0.0
2021-04-28 14:00:00, 218.38, 218.56, 216.65, 217.34, 5043, 0.0
2021-04-28 14:15:00, 217.13, 217.22, 216.72, 217.15, 5165, 0.0
2021-04-28 14:30:00, 216.95, 216.99, 216.34, 216.6, 10881, 0.0
2021-04-28 14:45:00, 216.62, 216.78, 215.55, 215.88, 32294, 0.0
2021-04-29 08:15:00, 218.16, 218.16, 218.16, 218.16, 200, 0.0
2021-04-29 08:30:00, 218.75, 218.75, 215.38, 215.86, 11111, 0.0
2021-04-29 08:45:00, 215.95, 216.055, 213.51, 214.2, 29367, 0.0
2021-04-29 09:00:00, 213.43, 214.29, 212.91, 213.5, 48715, 0.0
2021-04-29 09:15:00, 213.47, 213.93, 212.63, 213.01, 12029, 0.0
2021-04-29 09:30:00, 212.66, 212.75, 211.51, 212.75, 68325, 0.0
2021-04-29 09:45:00, 212.4, 213.65, 212.085, 213.52, 33106, 0.0
2021-04-29 10:00:00, 213.365, 213.49, 213.07, 213.18, 20146, 0.0
2021-04-29 10:15:00, 213.04, 213.23, 212.51, 212.97, 17630, 0.0
2021-04-29 10:30:00, 212.81, 212.99, 212.275, 212.89, 19523, 0.0
2021-04-29 10:45:00, 212.8, 213.09, 211.88, 211.99, 16987, 0.0
2021-04-29 11:00:00, 211.9, 211.97, 210.96, 211.075, 39534, 0.0
2021-04-29 11:15:00, 211.05, 211.33, 210.76, 211.11, 32681, 0.0
2021-04-29 11:30:00, 211.03, 211.42, 210.955, 211.11, 15361, 0.0
2021-04-29 11:45:00, 211.155, 211.92, 210.95, 211.88, 42136, 0.0
2021-04-29 12:00:00, 211.99, 212, 211.065, 211.36, 25378, 0.0
2021-04-29 12:15:00, 210.98, 211.305, 210.79, 211.25, 32727, 0.0
2021-04-29 12:30:00, 211.25, 211.6, 211.045, 211.41, 20906, 0.0
2021-04-29 12:45:00, 211.42, 211.5, 211.055, 211.2, 10041, 0.0
2021-04-29 13:00:00, 211.365, 212.29, 211.08, 212.24, 11333, 0.0
2021-04-29 13:15:00, 212.23, 212.75, 211.91, 212.64, 21998, 0.0
2021-04-29 13:30:00, 212.68, 213.57, 212.68, 213.57, 24439, 0.0
2021-04-29 13:45:00, 213.51, 213.51, 212.92, 213.04, 26351, 0.0
2021-04-29 14:00:00, 212.875, 213.35, 212.565, 212.65, 37796, 0.0
2021-04-29 14:15:00, 212.61, 212.9, 212.56, 212.755, 16374, 0.0
2021-04-29 14:30:00, 212.8, 213.01, 212.69, 212.97, 9445, 0.0
2021-04-29 14:45:00, 212.95, 213.02, 211.79, 212.18, 33759, 0.0
2021-04-30 08:30:00, 210.25, 211.7, 209.69, 210.87, 14376, 0.0
2021-04-30 08:45:00, 211.26, 212.57, 211.26, 212.26, 12652, 0.0
2021-04-30 09:00:00, 212.02, 213.94, 211.635, 213.76, 18642, 0.0
2021-04-30 09:15:00, 213.85, 214.025, 213.32, 214.025, 9246, 0.0
2021-04-30 09:30:00, 213.82, 214.41, 212.47, 213, 9946, 0.0
2021-04-30 09:45:00, 213.015, 213.015, 211.45, 211.47, 8756, 0.0
2021-04-30 10:00:00, 211.45, 211.66, 210.58, 211.04, 9455, 0.0
2021-04-30 10:15:00, 211.04, 211.04, 210.28, 210.54, 8283, 0.0
2021-04-30 10:30:00, 210.62, 211.77, 210.51, 211.63, 17814, 0.0
2021-04-30 10:45:00, 211.45, 211.59, 211.23, 211.46, 4705, 0.0
2021-04-30 11:00:00, 211.4, 211.62, 211.36, 211.62, 3476, 0.0
2021-04-30 11:15:00, 211.55, 211.73, 211.4, 211.4, 3304, 0.0
2021-04-30 11:30:00, 211.6, 211.6, 210.78, 211.18, 7930, 0.0
2021-04-30 11:45:00, 211.34, 211.98, 211.34, 211.67, 2730, 0.0
2021-04-30 12:00:00, 211.68, 212.21, 211.68, 212.195, 4407, 0.0
2021-04-30 12:15:00, 212.1, 212.1, 211.49, 211.98, 4210, 0.0
2021-04-30 12:30:00, 211.97, 211.99, 210.97, 210.97, 3048, 0.0
2021-04-30 12:45:00, 210.89, 211.03, 210.28, 210.995, 9040, 0.0
2021-04-30 13:00:00, 211.095, 211.21, 210.915, 211.21, 5546, 0.0
2021-04-30 13:15:00, 211.12, 211.575, 210.94, 211.545, 4711, 0.0
2021-04-30 13:30:00, 211.52, 211.66, 211.34, 211.55, 3948, 0.0
2021-04-30 13:45:00, 211.335, 211.58, 211.2, 211.47, 43747, 0.0
2021-04-30 14:00:00, 211.5, 211.57, 210.9, 210.9, 42804, 0.0
2021-04-30 14:15:00, 210.8, 211.24, 210.56, 211.24, 9456, 0.0
2021-04-30 14:30:00, 211.17, 211.455, 211.15, 211.15, 5027, 0.0
2021-04-30 14:45:00, 211.08, 211.08, 210.07, 210.195, 17205, 0.0
2021-05-03 08:30:00, 210.55, 211.02, 208.94, 210.73, 9279, 0.0
2021-05-03 08:45:00, 210.88, 211.065, 209.62, 209.9, 6921, 0.0
2021-05-03 09:00:00, 210, 211.34, 209.885, 211.22, 11988, 0.0
2021-05-03 09:15:00, 211.28, 211.83, 210.59, 211.4, 10006, 0.0
2021-05-03 09:30:00, 211.94, 212.52, 211.04, 211.06, 5689, 0.0
2021-05-03 09:45:00, 210.955, 211.17, 209.87, 209.925, 10066, 0.0
2021-05-03 10:00:00, 209.9, 210.33, 208.205, 208.455, 15451, 0.0
2021-05-03 10:15:00, 208.52, 208.96, 208.13, 208.14, 11129, 0.0
2021-05-03 10:30:00, 208.08, 209.135, 208.07, 208.88, 7288, 0.0
2021-05-03 10:45:00, 208.655, 209.09, 208.39, 209.09, 6202, 0.0
2021-05-03 11:00:00, 208.95, 209.26, 208.75, 208.76, 7912, 0.0
2021-05-03 11:15:00, 208.755, 208.755, 208.29, 208.36, 10819, 0.0
2021-05-03 11:30:00, 208.36, 208.36, 206.275, 206.275, 67283, 0.0
2021-05-03 11:45:00, 206.23, 206.72, 205.49, 205.77, 55288, 0.0
2021-05-03 12:00:00, 205.755, 205.96, 204.73, 205.285, 42738, 0.0
2021-05-03 12:15:00, 205.17, 205.53, 204.72, 204.72, 28386, 0.0
2021-05-03 12:30:00, 204.615, 205.845, 204.33, 205.28, 30811, 0.0
2021-05-03 12:45:00, 205.295, 205.655, 204.955, 205.655, 16036, 0.0
2021-05-03 13:00:00, 205.7, 206.61, 205.7, 206.61, 10829, 0.0
2021-05-03 13:15:00, 206.61, 206.765, 206.28, 206.465, 12481, 0.0
2021-05-03 13:30:00, 206.445, 206.565, 205.77, 205.96, 11331, 0.0
2021-05-03 13:45:00, 205.96, 206.35, 205.93, 206.035, 8722, 0.0
2021-05-03 14:00:00, 206.04, 206.1, 205.58, 205.84, 8282, 0.0
2021-05-03 14:15:00, 205.8, 205.91, 205.05, 205.075, 19109, 0.0
2021-05-03 14:30:00, 205.09, 205.45, 204.945, 205.19, 24258, 0.0
2021-05-03 14:45:00, 205.235, 205.29, 204.69, 204.86, 44961, 0.0
2021-05-04 07:00:00, 205, 205, 204.5, 204.5, 668, 0.0
2021-05-04 07:45:00, 204.5, 204.5, 204.5, 204.5, 100, 0.0
2021-05-04 08:30:00, 205.12, 207.75, 204.45, 205.94, 25401, 0.0
2021-05-04 08:45:00, 205.65, 205.74, 202.65, 203.01, 31253, 0.0
2021-05-04 09:00:00, 203.44, 203.54, 201.93, 202.63, 20030, 0.0
2021-05-04 09:15:00, 201.87, 203, 201.34, 202.61, 20896, 0.0
2021-05-04 09:30:00, 202.38, 202.85, 202.08, 202.41, 12663, 0.0
2021-05-04 09:45:00, 202.3, 202.3, 201.265, 201.65, 13785, 0.0
2021-05-04 10:00:00, 201.63, 202.2, 200.71, 200.98, 11452, 0.0
2021-05-04 10:15:00, 200.92, 201.44, 200.17, 201.33, 18324, 0.0
2021-05-04 10:30:00, 201.37, 201.86, 200.72, 200.78, 5607, 0.0
2021-05-04 10:45:00, 200.74, 200.8, 199.56, 199.875, 9535, 0.0
2021-05-04 11:00:00, 199.8, 200.47, 199.59, 200.47, 13699, 0.0
2021-05-04 11:15:00, 200.69, 200.95, 200.55, 200.85, 6070, 0.0
2021-05-04 11:30:00, 201.11, 201.25, 200.33, 200.33, 4857, 0.0
2021-05-04 11:45:00, 200.21, 201.81, 200.21, 201.45, 6091, 0.0
2021-05-04 12:00:00, 201.36, 202, 201.25, 201.33, 6490, 0.0
2021-05-04 12:15:00, 201.34, 201.34, 200.63, 200.71, 6427, 0.0
2021-05-04 12:30:00, 200.75, 202.1, 200.72, 201.14, 11292, 0.0
2021-05-04 12:45:00, 201.01, 201.16, 200.4, 200.45, 16133, 0.0
2021-05-04 13:00:00, 200.31, 200.91, 200.14, 200.91, 9890, 0.0
2021-05-04 13:15:00, 200.71, 200.77, 199.96, 200.23, 14061, 0.0
2021-05-04 13:30:00, 200.6, 200.6, 199.91, 200.005, 16676, 0.0
2021-05-04 13:45:00, 200, 200.2, 199.71, 199.895, 24008, 0.0
2021-05-04 14:00:00, 199.69, 199.925, 199.26, 199.28, 15196, 0.0
2021-05-04 14:15:00, 199.41, 199.68, 199.24, 199.58, 13520, 0.0
2021-05-04 14:30:00, 199.54, 200.33, 199.32, 199.65, 20130, 0.0
2021-05-04 14:45:00, 199.76, 200.03, 199.46, 199.97, 49146, 0.0
2021-05-05 08:30:00, 201, 202.87, 200.01, 202.33, 23616, 0.0
2021-05-05 08:45:00, 202.29, 202.73, 201.09, 201.12, 9976, 0.0
2021-05-05 09:00:00, 200.71, 201.45, 199.82, 201.16, 10439, 0.0
2021-05-05 09:15:00, 201.01, 202, 200.54, 201.4, 12704, 0.0
2021-05-05 09:30:00, 201.37, 201.77, 200.48, 201.73, 9495, 0.0
2021-05-05 09:45:00, 201.73, 202.44, 201.28, 202.44, 7347, 0.0
2021-05-05 10:00:00, 202.5, 203.28, 202.09, 202.3, 4929, 0.0
2021-05-05 10:15:00, 202.105, 202.105, 201.17, 201.45, 5637, 0.0
2021-05-05 10:30:00, 201.33, 201.84, 201.2, 201.2, 4595, 0.0
2021-05-05 10:45:00, 201.38, 201.725, 201.03, 201.195, 6393, 0.0
2021-05-05 11:00:00, 201.07, 201.46, 200.81, 201.07, 5175, 0.0
2021-05-05 11:15:00, 200.9, 201.13, 200.6, 200.64, 6763, 0.0
2021-05-05 11:30:00, 200.595, 200.595, 198.23, 198.81, 34210, 0.0
2021-05-05 11:45:00, 198.96, 199.37, 198.79, 199.22, 5562, 0.0
2021-05-05 12:00:00, 199.25, 199.77, 198.87, 199.495, 4792, 0.0
2021-05-05 12:15:00, 199.415, 199.45, 198.865, 199.19, 18470, 0.0
2021-05-05 12:30:00, 199.13, 199.13, 198.54, 198.6, 12885, 0.0
2021-05-05 12:45:00, 198.63, 198.86, 198.15, 198.15, 13510, 0.0
2021-05-05 13:00:00, 198.16, 198.31, 197.84, 197.91, 10333, 0.0
2021-05-05 13:15:00, 198.25, 198.4, 197.49, 197.655, 13198, 0.0
2021-05-05 13:30:00, 197.64, 198.11, 197.25, 197.64, 15127, 0.0
2021-05-05 13:45:00, 197.72, 198.12, 197.225, 197.29, 7945, 0.0
2021-05-05 14:00:00, 197.3, 197.34, 196.27, 196.4, 16765, 0.0
2021-05-05 14:15:00, 196.37, 196.485, 194.98, 195.65, 26016, 0.0
2021-05-05 14:30:00, 195.72, 196.21, 195.55, 195.745, 26246, 0.0
2021-05-05 14:45:00, 195.76, 195.77, 195.06, 195.61, 63907, 0.0
2021-05-06 08:30:00, 195.71, 196.53, 195.01, 196.19, 14802, 0.0
2021-05-06 08:45:00, 195.9, 196.24, 192.68, 192.85, 10028, 0.0
2021-05-06 09:00:00, 192.73, 192.95, 192, 192.395, 22973, 0.0
2021-05-06 09:15:00, 192.47, 192.47, 190.04, 191.59, 28389, 0.0
2021-05-06 09:30:00, 191.47, 192.89, 191.12, 191.98, 15415, 0.0
2021-05-06 09:45:00, 191.98, 192.38, 191.59, 191.9, 7483, 0.0
2021-05-06 10:00:00, 192.05, 192.25, 190.78, 190.95, 11470, 0.0
2021-05-06 10:15:00, 191.13, 192.35, 191.13, 192.34, 8653, 0.0
2021-05-06 10:30:00, 192.67, 195.49, 192.67, 195.3, 31270, 0.0
2021-05-06 10:45:00, 195.37, 195.68, 194.77, 194.94, 11814, 0.0
2021-05-06 11:00:00, 194.84, 194.93, 193.79, 193.8, 6696, 0.0
2021-05-06 11:15:00, 194, 194.83, 194, 194.79, 6094, 0.0
2021-05-06 11:30:00, 194.62, 194.87, 194.34, 194.5, 8911, 0.0
2021-05-06 11:45:00, 194.33, 194.36, 193.63, 193.84, 10823, 0.0
2021-05-06 12:00:00, 193.78, 194.045, 192.905, 193.07, 9006, 0.0
2021-05-06 12:15:00, 192.83, 192.97, 192.57, 192.605, 13872, 0.0
2021-05-06 12:30:00, 192.55, 193.1, 192.55, 192.91, 7567, 0.0
2021-05-06 12:45:00, 192.715, 193.14, 191.71, 192.03, 10143, 0.0
2021-05-06 13:00:00, 192.245, 192.245, 190.19, 191.77, 33648, 0.0
2021-05-06 13:15:00, 191.525, 191.73, 190.51, 190.525, 16397, 0.0
2021-05-06 13:30:00, 190.56, 191.045, 190.47, 191.03, 23666, 0.0
2021-05-06 13:45:00, 191.115, 192.48, 191.115, 191.81, 8186, 0.0
2021-05-06 14:00:00, 192.03, 192.03, 191.6, 191.605, 9807, 0.0
2021-05-06 14:15:00, 191.47, 191.69, 191.32, 191.55, 13363, 0.0
2021-05-06 14:30:00, 191.59, 191.85, 191.37, 191.48, 23418, 0.0
2021-05-06 14:45:00, 191.565, 192.31, 191.16, 192.24, 25890, 0.0
2021-05-07 08:30:00, 194.07, 194.88, 191.29, 193.19, 35481, 0.0
2021-05-07 08:45:00, 192.97, 193.04, 190.91, 191.41, 23241, 0.0
2021-05-07 09:00:00, 191.475, 193.13, 190.89, 193.13, 11121, 0.0
2021-05-07 09:15:00, 193.19, 195.8, 193.09, 195.8, 13164, 0.0
2021-05-07 09:30:00, 195.7, 198.46, 195.7, 197.95, 16069, 0.0
2021-05-07 09:45:00, 197.995, 197.995, 195.46, 195.81, 10412, 0.0
2021-05-07 10:00:00, 195.83, 196.06, 195.18, 195.22, 5814, 0.0
2021-05-07 10:15:00, 195.27, 195.29, 193.94, 194.01, 7768, 0.0
2021-05-07 10:30:00, 193.95, 194.51, 193.8, 194.39, 7198, 0.0
2021-05-07 10:45:00, 194.25, 194.47, 193.125, 193.23, 15351, 0.0
2021-05-07 11:00:00, 193.18, 193.36, 192.76, 192.96, 8834, 0.0
2021-05-07 11:15:00, 192.95, 193.13, 192.49, 192.52, 5143, 0.0
2021-05-07 11:30:00, 192.45, 192.585, 191.75, 191.84, 7474, 0.0
2021-05-07 11:45:00, 191.9, 192.45, 191.81, 192.33, 3935, 0.0
2021-05-07 12:00:00, 192.43, 192.49, 191.78, 191.78, 2574, 0.0
2021-05-07 12:15:00, 191.7, 191.75, 191.2, 191.39, 4717, 0.0
2021-05-07 12:30:00, 191.23, 191.97, 191.23, 191.59, 2992, 0.0
2021-05-07 12:45:00, 191.54, 191.54, 190.6, 190.64, 4756, 0.0
2021-05-07 13:00:00, 190.54, 190.95, 190.38, 190.565, 3911, 0.0
2021-05-07 13:15:00, 190.5, 190.5, 189.57, 189.93, 8563, 0.0
2021-05-07 13:30:00, 190.15, 190.39, 189.61, 189.62, 5862, 0.0
2021-05-07 13:45:00, 189.59, 191.42, 189.58, 191.35, 5845, 0.0
2021-05-07 14:00:00, 191.35, 191.72, 191.26, 191.7, 4180, 0.0
2021-05-07 14:15:00, 191.69, 191.69, 190.65, 190.65, 13706, 0.0
2021-05-07 14:30:00, 190.71, 191.14, 190.12, 190.95, 26081, 0.0
2021-05-07 14:45:00, 191.02, 191.605, 190.92, 191.55, 37013, 0.0
2021-05-10 08:30:00, 190.16, 190.16, 185.9, 185.945, 26946, 0.0
2021-05-10 08:45:00, 185.68, 187.02, 185, 185.265, 23736, 0.0
2021-05-10 09:00:00, 185.155, 187.59, 184.32, 187.33, 27830, 0.0
2021-05-10 09:15:00, 187.43, 187.43, 184.975, 185.02, 19909, 0.0
2021-05-10 09:30:00, 185.01, 186.2, 184.74, 185.63, 23624, 0.0
2021-05-10 09:45:00, 185.57, 185.67, 183.35, 183.925, 24788, 0.0
2021-05-10 10:00:00, 183.91, 183.91, 182.59, 182.59, 40944, 0.0
2021-05-10 10:15:00, 182.6, 184.11, 182.5, 183.56, 35444, 0.0
2021-05-10 10:30:00, 184.44, 185.4, 184.37, 185.14, 19866, 0.0
2021-05-10 10:45:00, 185.445, 186.3, 185.445, 186.1, 8347, 0.0
2021-05-10 11:00:00, 186.04, 186.97, 185.73, 186.65, 5417, 0.0
2021-05-10 11:15:00, 186.53, 186.53, 185.29, 185.29, 5274, 0.0
2021-05-10 11:30:00, 185.245, 185.245, 184.69, 184.94, 8239, 0.0
2021-05-10 11:45:00, 184.83, 185.09, 183.94, 183.97, 20973, 0.0
2021-05-10 12:00:00, 183.985, 184.14, 183.66, 183.75, 10987, 0.0
2021-05-10 12:15:00, 183.745, 184.4, 183.45, 184.4, 6950, 0.0
2021-05-10 12:30:00, 184.53, 184.58, 183.86, 184.275, 7864, 0.0
2021-05-10 12:45:00, 184.61, 184.61, 183.81, 184.51, 6651, 0.0
2021-05-10 13:00:00, 184.47, 184.65, 184.01, 184.09, 8585, 0.0
2021-05-10 13:15:00, 184.12, 184.12, 183.53, 183.6, 9507, 0.0
2021-05-10 13:30:00, 183.69, 184.325, 183.53, 183.83, 5538, 0.0
2021-05-10 13:45:00, 183.74, 183.78, 183, 183.38, 8851, 0.0
2021-05-10 14:00:00, 183.25, 184.21, 183.25, 183.84, 11694, 0.0
2021-05-10 14:15:00, 183.86, 184.27, 183.49, 183.5, 16407, 0.0
2021-05-10 14:30:00, 183.49, 184.36, 183.49, 183.81, 10650, 0.0
2021-05-10 14:45:00, 184.04, 184.05, 183.04, 183.63, 53171, 0.0
2021-05-11 07:15:00, 176.2, 176.2, 176.2, 176.2, 154, 0.0
2021-05-11 08:30:00, 177.77, 184.48, 177.1, 183.59, 48354, 0.0
2021-05-11 08:45:00, 183.79, 186.01, 182.56, 184.74, 24286, 0.0
2021-05-11 09:00:00, 184.75, 184.75, 181.17, 181.17, 46031, 0.0
2021-05-11 09:15:00, 181.15, 182.51, 180.47, 182, 30059, 0.0
2021-05-11 09:30:00, 181.61, 183.26, 180.97, 183.12, 6714, 0.0
2021-05-11 09:45:00, 183.03, 184.74, 182.15, 184.72, 10418, 0.0
2021-05-11 10:00:00, 184.105, 184.64, 183.24, 184.58, 9929, 0.0
2021-05-11 10:15:00, 184.88, 187.43, 184.88, 186.59, 22011, 0.0
2021-05-11 10:30:00, 186.515, 186.75, 185.31, 185.31, 15028, 0.0
2021-05-11 10:45:00, 185.365, 186.03, 185.28, 185.69, 12055, 0.0
2021-05-11 11:00:00, 185.78, 186.77, 185.75, 185.76, 9620, 0.0
2021-05-11 11:15:00, 185.86, 186.18, 185.5, 185.5, 3205, 0.0
2021-05-11 11:30:00, 185.49, 185.81, 184.9, 185.65, 14367, 0.0
2021-05-11 11:45:00, 185.79, 186.05, 185.195, 185.495, 13101, 0.0
2021-05-11 12:00:00, 185.455, 186.96, 185.385, 186.485, 18229, 0.0
2021-05-11 12:15:00, 186.43, 187.65, 186.36, 187.575, 18132, 0.0
2021-05-11 12:30:00, 187.55, 188.49, 187.29, 188.465, 20799, 0.0
2021-05-11 12:45:00, 188.53, 188.54, 187.53, 187.8, 11576, 0.0
2021-05-11 13:00:00, 187.83, 188.6, 187.65, 187.8, 9311, 0.0
2021-05-11 13:15:00, 187.73, 189.17, 187.68, 189.17, 8288, 0.0
2021-05-11 13:30:00, 189.06, 189.13, 188.13, 188.77, 14234, 0.0
2021-05-11 13:45:00, 188.67, 189.25, 188.63, 188.63, 11059, 0.0
2021-05-11 14:00:00, 188.52, 188.93, 188.38, 188.61, 11537, 0.0
2021-05-11 14:15:00, 188.56, 189.18, 188.37, 189.13, 6061, 0.0
2021-05-11 14:30:00, 189.1, 189.22, 188.04, 188.3, 18638, 0.0
2021-05-11 14:45:00, 188.23, 189.95, 188.23, 189.71, 42337, 0.0
2021-05-12 07:30:00, 190, 190, 190, 190, 106, 0.0
2021-05-12 08:30:00, 188.02, 190.27, 187.47, 188.93, 30130, 0.0
2021-05-12 08:45:00, 188.98, 190.54, 188.02, 188.02, 17700, 0.0
2021-05-12 09:00:00, 187.8, 188.23, 186.95, 187.31, 9453, 0.0
2021-05-12 09:15:00, 187.26, 187.42, 186.14, 186.83, 9726, 0.0
2021-05-12 09:30:00, 186.37, 187.105, 186.29, 186.96, 12447, 0.0
2021-05-12 09:45:00, 186.82, 186.96, 185.66, 185.9, 8274, 0.0
2021-05-12 10:00:00, 185.64, 187.36, 185.64, 187.29, 5958, 0.0
2021-05-12 10:15:00, 187.32, 187.515, 186.28, 186.3, 4996, 0.0
2021-05-12 10:30:00, 186.25, 186.7, 185.63, 186.35, 5183, 0.0
2021-05-12 10:45:00, 186.48, 186.65, 185.88, 185.885, 4531, 0.0
2021-05-12 11:00:00, 186.12, 186.8, 185.87, 185.87, 5903, 0.0
2021-05-12 11:15:00, 185.86, 185.86, 184.86, 185.73, 9541, 0.0
2021-05-12 11:30:00, 185.59, 186.1, 185.02, 185.48, 11748, 0.0
2021-05-12 11:45:00, 185.89, 185.97, 185.34, 185.45, 5995, 0.0
2021-05-12 12:00:00, 185.52, 186.29, 185.43, 185.51, 5719, 0.0
2021-05-12 12:15:00, 185.45, 185.88, 185.02, 185.28, 10213, 0.0
2021-05-12 12:30:00, 185.21, 185.43, 184.19, 184.19, 9422, 0.0
2021-05-12 12:45:00, 184.17, 184.26, 183.54, 184, 6786, 0.0
2021-05-12 13:00:00, 184.29, 184.35, 183.11, 183.11, 6402, 0.0
2021-05-12 13:15:00, 183.13, 183.64, 182.67, 183.38, 8804, 0.0
2021-05-12 13:30:00, 183.38, 184.21, 183.09, 184.07, 7985, 0.0
2021-05-12 13:45:00, 184.05, 184.7, 183.93, 184, 10140, 0.0
2021-05-12 14:00:00, 183.59, 183.79, 183.16, 183.42, 4133, 0.0
2021-05-12 14:15:00, 183.29, 183.67, 183, 183.32, 11046, 0.0
2021-05-12 14:30:00, 183.24, 183.71, 183.06, 183.285, 14852, 0.0
2021-05-12 14:45:00, 183.34, 183.6, 182.71, 183.31, 42006, 0.0
2021-05-13 07:15:00, 185, 185, 185, 185, 224, 0.0
2021-05-13 08:30:00, 186.79, 189.425, 184.26, 184.99, 39001, 0.0
2021-05-13 08:45:00, 184.935, 186.4, 182.75, 186.11, 35185, 0.0
2021-05-13 09:00:00, 186.16, 186.86, 185.4, 185.4, 21461, 0.0
2021-05-13 09:15:00, 185.505, 185.59, 183.96, 184.29, 17158, 0.0
2021-05-13 09:30:00, 184.48, 184.72, 183.27, 183.285, 17270, 0.0
2021-05-13 09:45:00, 183.2, 184.155, 183.12, 183.96, 19271, 0.0
2021-05-13 10:00:00, 183.88, 183.91, 181.71, 181.96, 15395, 0.0
2021-05-13 10:15:00, 181.89, 182.09, 181.42, 181.43, 10208, 0.0
2021-05-13 10:30:00, 181.62, 182.72, 181.01, 181.5, 15583, 0.0
2021-05-13 10:45:00, 181.24, 181.685, 180.25, 180.25, 8919, 0.0
2021-05-13 11:00:00, 180.45, 181.93, 180.4, 181.8, 11841, 0.0
2021-05-13 11:15:00, 181.7, 181.8, 181.04, 181.8, 7373, 0.0
2021-05-13 11:30:00, 181.77, 182.4, 181.41, 181.47, 16564, 0.0
2021-05-13 11:45:00, 181.64, 181.88, 179.72, 180.19, 11060, 0.0
2021-05-13 12:00:00, 179.99, 180.2, 179.47, 179.47, 10079, 0.0
2021-05-13 12:15:00, 179.61, 179.8, 178.72, 178.96, 13651, 0.0
2021-05-13 12:30:00, 178.86, 178.86, 177.53, 177.83, 13128, 0.0
2021-05-13 12:45:00, 178, 178.99, 177.98, 178.84, 11286, 0.0
2021-05-13 13:00:00, 178.98, 180.575, 178.96, 180.42, 8285, 0.0
2021-05-13 13:15:00, 180.43, 180.54, 179.08, 179.52, 8763, 0.0
2021-05-13 13:30:00, 179.31, 180.06, 179, 179.84, 6130, 0.0
2021-05-13 13:45:00, 179.95, 180.1, 179.5, 179.64, 9199, 0.0
2021-05-13 14:00:00, 179.7, 179.95, 179.14, 179.17, 7227, 0.0
2021-05-13 14:15:00, 179.09, 179.28, 178.21, 179.2, 10692, 0.0
2021-05-13 14:30:00, 179.16, 180.35, 179.16, 180.15, 11837, 0.0
2021-05-13 14:45:00, 180.14, 180.15, 179.28, 179.28, 26330, 0.0
2021-05-14 08:30:00, 181.48, 181.59, 177.62, 179.5, 83548, 0.0
2021-05-14 08:45:00, 179.49, 181.67, 178.35, 181.37, 17516, 0.0
2021-05-14 09:00:00, 181.64, 183.07, 181.5, 183.06, 16915, 0.0
2021-05-14 09:15:00, 183.08, 184.1, 182.38, 184.05, 13096, 0.0
2021-05-14 09:30:00, 183.94, 184.49, 183.06, 183.06, 9174, 0.0
2021-05-14 09:45:00, 183.405, 183.475, 182.52, 182.68, 11449, 0.0
2021-05-14 10:00:00, 182.86, 183.645, 182.4, 183.46, 10944, 0.0
2021-05-14 10:15:00, 183.31, 183.7, 183.1, 183.36, 6988, 0.0
2021-05-14 10:30:00, 183.27, 183.925, 182.1, 183.875, 62071, 0.0
2021-05-14 10:45:00, 183.9, 185.84, 183.87, 185.19, 55753, 0.0
2021-05-14 11:00:00, 185.12, 185.31, 184.61, 185.11, 12657, 0.0
2021-05-14 11:15:00, 185.11, 185.32, 184.5, 184.83, 20884, 0.0
2021-05-14 11:30:00, 184.91, 185.23, 184.77, 185.01, 13575, 0.0
2021-05-14 11:45:00, 185.31, 185.36, 184.845, 184.88, 4910, 0.0
2021-05-14 12:00:00, 184.91, 185.2, 184.63, 185.14, 11406, 0.0
2021-05-14 12:15:00, 185.08, 185.25, 184.9, 184.95, 5944, 0.0
2021-05-14 12:30:00, 184.86, 185.92, 184.145, 185.92, 48837, 0.0
2021-05-14 12:45:00, 185.915, 186.87, 185.75, 186.78, 88809, 0.0
2021-05-14 13:00:00, 186.78, 187.67, 186.21, 186.92, 88405, 0.0
2021-05-14 13:15:00, 186.535, 186.54, 186.14, 186.23, 4986, 0.0
2021-05-14 13:30:00, 186.18, 186.67, 185.75, 186.52, 3921, 0.0
2021-05-14 13:45:00, 186.51, 186.82, 186.39, 186.59, 4002, 0.0
2021-05-14 14:00:00, 186.29, 186.47, 185.91, 186.21, 8664, 0.0
2021-05-14 14:15:00, 186.36, 186.45, 186.05, 186.125, 5593, 0.0
2021-05-14 14:30:00, 186.34, 186.35, 185.25, 185.325, 14161, 0.0
2021-05-14 14:45:00, 185.33, 186.28, 185.33, 186.14, 24547, 0.0
2021-05-17 08:30:00, 188.49, 191.28, 188.48, 191.07, 34931, 0.0
2021-05-17 08:45:00, 191.19, 191.82, 189.1, 189.93, 43788, 0.0
2021-05-17 09:00:00, 190.095, 190.14, 187.57, 189.03, 38886, 0.0
2021-05-17 09:15:00, 189, 189.82, 188.755, 189.38, 16837, 0.0
2021-05-17 09:30:00, 189.33, 191.5, 189.25, 191.3, 30107, 0.0
2021-05-17 09:45:00, 191.49, 191.73, 190.85, 191.46, 33503, 0.0
2021-05-17 10:00:00, 191.42, 191.52, 188.24, 188.62, 26678, 0.0
2021-05-17 10:15:00, 188.51, 188.6, 187.21, 187.25, 20374, 0.0
2021-05-17 10:30:00, 187.24, 187.91, 186.32, 187.9, 15595, 0.0
2021-05-17 10:45:00, 188.015, 188.08, 186.5, 187.05, 10982, 0.0
2021-05-17 11:00:00, 186.53, 186.99, 185.86, 185.86, 10386, 0.0
2021-05-17 11:15:00, 185.79, 186.82, 185.725, 186.53, 13938, 0.0
2021-05-17 11:30:00, 186.57, 187.63, 186.22, 187.63, 12711, 0.0
2021-05-17 11:45:00, 187.56, 187.78, 186.87, 187.03, 6592, 0.0
2021-05-17 12:00:00, 187.17, 187.56, 186.45, 186.56, 7908, 0.0
2021-05-17 12:15:00, 186.78, 187.08, 186.54, 186.94, 4399, 0.0
2021-05-17 12:30:00, 186.97, 187.1, 186.29, 186.48, 12562, 0.0
2021-05-17 12:45:00, 186.33, 187.48, 186.2, 187.22, 10474, 0.0
2021-05-17 13:00:00, 187.23, 187.44, 186.83, 187.42, 4166, 0.0
2021-05-17 13:15:00, 187.12, 187.3, 186.38, 186.795, 9872, 0.0
2021-05-17 13:30:00, 186.89, 187.08, 186.36, 186.89, 13000, 0.0
2021-05-17 13:45:00, 186.82, 188.19, 186.78, 187.73, 12046, 0.0
2021-05-17 14:00:00, 187.67, 188, 187.11, 187.46, 14198, 0.0
2021-05-17 14:15:00, 187.76, 188.18, 187.43, 187.43, 10295, 0.0
2021-05-17 14:30:00, 187.43, 188.12, 187.36, 187.79, 13828, 0.0
2021-05-17 14:45:00, 187.76, 189.24, 187.7, 189.24, 38434, 0.0
2021-05-18 07:00:00, 194.8, 194.8, 194.8, 194.8, 370, 0.0
2021-05-18 07:45:00, 195.75, 197.18, 195.75, 197.18, 1234, 0.0
2021-05-18 08:30:00, 197.73, 197.74, 188.61, 188.73, 173476, 0.0
2021-05-18 08:45:00, 188.19, 192.98, 187.41, 192.415, 86685, 0.0
2021-05-18 09:00:00, 192.455, 192.6, 189.605, 191.89, 29826, 0.0
2021-05-18 09:15:00, 191.98, 192.31, 191.2, 191.7, 29607, 0.0
2021-05-18 09:30:00, 191.88, 193.52, 190.08, 190.72, 41754, 0.0
2021-05-18 09:45:00, 190.79, 191.49, 190.12, 191.28, 18047, 0.0
2021-05-18 10:00:00, 191.13, 193.01, 191.06, 192.88, 22036, 0.0
2021-05-18 10:15:00, 192.84, 193.27, 191.645, 191.87, 27660, 0.0
2021-05-18 10:30:00, 192.05, 192.07, 189.95, 190.43, 28466, 0.0
2021-05-18 10:45:00, 190.38, 190.95, 190.19, 190.39, 15159, 0.0
2021-05-18 11:00:00, 190.51, 191.3, 190.25, 191.1, 14619, 0.0
2021-05-18 11:15:00, 191.06, 191.84, 190.77, 191.73, 11478, 0.0
2021-05-18 11:30:00, 191.72, 192.1, 191.41, 191.54, 14290, 0.0
2021-05-18 11:45:00, 191.51, 191.73, 190.71, 190.71, 16201, 0.0
2021-05-18 12:00:00, 190.82, 191.17, 189.89, 190.83, 18915, 0.0
2021-05-18 12:15:00, 190.82, 190.95, 190.01, 190.065, 11443, 0.0
2021-05-18 12:30:00, 190.1, 190.83, 189.63, 190.45, 15096, 0.0
2021-05-18 12:45:00, 190.79, 191.07, 190.31, 190.54, 7715, 0.0
2021-05-18 13:00:00, 190.56, 190.81, 190.29, 190.785, 11607, 0.0
2021-05-18 13:15:00, 190.73, 191.28, 190.51, 190.51, 8561, 0.0
2021-05-18 13:30:00, 190.5, 190.525, 187.71, 188.24, 25914, 0.0
2021-05-18 13:45:00, 187.92, 189.47, 187.66, 189.25, 16285, 0.0
2021-05-18 14:00:00, 189.225, 189.73, 188.51, 189.45, 17505, 0.0
2021-05-18 14:15:00, 189.56, 190.6, 189.49, 189.63, 15207, 0.0
2021-05-18 14:30:00, 189.67, 190.36, 189.5, 189.6, 16401, 0.0
2021-05-18 14:45:00, 189.675, 189.855, 188.105, 188.81, 68556, 0.0
2021-05-19 08:30:00, 184.77, 188.13, 184.42, 188.13, 35620, 0.0
2021-05-19 08:45:00, 188.04, 188.55, 186.95, 187.09, 22844, 0.0
2021-05-19 09:00:00, 187.43, 187.7, 186.56, 187.49, 14196, 0.0
2021-05-19 09:15:00, 187.06, 187.77, 186.45, 187.1, 10207, 0.0
2021-05-19 09:30:00, 186.79, 187.42, 186.56, 187.42, 9641, 0.0
2021-05-19 09:45:00, 187.41, 187.69, 186.98, 187.34, 7964, 0.0
2021-05-19 10:00:00, 187.38, 188.94, 186.86, 188.84, 11472, 0.0
2021-05-19 10:15:00, 188.65, 189.82, 188.04, 189.52, 15448, 0.0
2021-05-19 10:30:00, 189.5, 189.5, 188.62, 188.9, 3481, 0.0
2021-05-19 10:45:00, 188.85, 188.85, 187.83, 188.205, 6604, 0.0
2021-05-19 11:00:00, 188.12, 188.59, 187.93, 188.585, 4486, 0.0
2021-05-19 11:15:00, 188.835, 188.96, 188.37, 188.66, 3396, 0.0
2021-05-19 11:30:00, 188.6, 188.68, 188.14, 188.34, 2418, 0.0
2021-05-19 11:45:00, 188.43, 188.53, 187.95, 188.395, 4602, 0.0
2021-05-19 12:00:00, 188.54, 189.34, 188.54, 189.3, 4763, 0.0
2021-05-19 12:15:00, 189.22, 189.27, 188.64, 188.95, 3666, 0.0
2021-05-19 12:30:00, 189.07, 189.16, 188.68, 188.86, 3591, 0.0
2021-05-19 12:45:00, 188.83, 189.01, 188.72, 188.72, 4472, 0.0
2021-05-19 13:00:00, 188.71, 188.92, 187.46, 187.84, 6363, 0.0
2021-05-19 13:15:00, 187.57, 189.51, 187.555, 189.51, 8649, 0.0
2021-05-19 13:30:00, 189.55, 189.9, 188.06, 188.1, 6985, 0.0
2021-05-19 13:45:00, 188.11, 188.32, 188.07, 188.215, 3337, 0.0
2021-05-19 14:00:00, 188.25, 188.83, 187.78, 188.64, 4053, 0.0
2021-05-19 14:15:00, 188.63, 189.51, 188.51, 189.39, 6566, 0.0
2021-05-19 14:30:00, 189.6, 189.69, 188.83, 188.99, 10436, 0.0
2021-05-19 14:45:00, 188.82, 189.32, 187.72, 189.17, 38361, 0.0
2021-05-20 07:00:00, 190, 190, 190, 190, 500, 0.0
2021-05-20 08:30:00, 190.68, 191.6, 189.8, 191.285, 21734, 0.0
2021-05-20 08:45:00, 190.64, 192.77, 190.51, 192.46, 14546, 0.0
2021-05-20 09:00:00, 192.37, 192.37, 191.18, 191.19, 8133, 0.0
2021-05-20 09:15:00, 191.47, 192.11, 190.98, 191.6, 9918, 0.0
2021-05-20 09:30:00, 191.64, 192.19, 191.46, 192.19, 13774, 0.0
2021-05-20 09:45:00, 192.17, 192.66, 191.81, 191.89, 7165, 0.0
2021-05-20 10:00:00, 192.23, 192.76, 192.23, 192.48, 19254, 0.0
2021-05-20 10:15:00, 192.51, 193.57, 192.51, 193.55, 13633, 0.0
2021-05-20 10:30:00, 193.33, 193.68, 193.22, 193.49, 18982, 0.0
2021-05-20 10:45:00, 193.46, 193.85, 193.28, 193.735, 18395, 0.0
2021-05-20 11:00:00, 193.78, 193.78, 193.02, 193.02, 15494, 0.0
2021-05-20 11:15:00, 193.07, 193.27, 192.51, 192.87, 10387, 0.0
2021-05-20 11:30:00, 192.8, 192.8, 191.67, 192.06, 10882, 0.0
2021-05-20 11:45:00, 191.81, 192.25, 191.755, 192.12, 4978, 0.0
2021-05-20 12:00:00, 192.01, 192.22, 191.76, 191.99, 4967, 0.0
2021-05-20 12:15:00, 192, 192.4, 191.89, 192.1, 4732, 0.0
2021-05-20 12:30:00, 192.09, 192.45, 192.07, 192.3, 5914, 0.0
2021-05-20 12:45:00, 192.21, 192.92, 191.92, 191.92, 5359, 0.0
2021-05-20 13:00:00, 191.97, 192.48, 191.97, 192.03, 6209, 0.0
2021-05-20 13:15:00, 192.42, 192.845, 192.4, 192.61, 4606, 0.0
2021-05-20 13:30:00, 192.55, 192.91, 192.43, 192.9, 4447, 0.0
2021-05-20 13:45:00, 192.99, 194.09, 192.99, 193.83, 8153, 0.0
2021-05-20 14:00:00, 193.83, 194.04, 193.27, 193.47, 7145, 0.0
2021-05-20 14:15:00, 193.45, 193.97, 193.45, 193.73, 6424, 0.0
2021-05-20 14:30:00, 193.79, 193.79, 192.96, 192.96, 13830, 0.0
2021-05-20 14:45:00, 193.04, 193.62, 193.02, 193.23, 31268, 0.0
2021-05-21 08:30:00, 193.9, 193.93, 190.69, 190.89, 22102, 0.0
2021-05-21 08:45:00, 190.89, 192.79, 190.84, 192.68, 8991, 0.0
2021-05-21 09:00:00, 192.42, 192.48, 191.17, 191.92, 17518, 0.0
2021-05-21 09:15:00, 191.93, 192.22, 191, 192.07, 7791, 0.0
2021-05-21 09:30:00, 191.91, 192.65, 191.18, 191.34, 7683, 0.0
2021-05-21 09:45:00, 191.21, 191.22, 190.63, 191.06, 16537, 0.0
2021-05-21 10:00:00, 191.17, 191.69, 191.17, 191.56, 7275, 0.0
2021-05-21 10:15:00, 191.57, 191.79, 191.12, 191.16, 8469, 0.0
2021-05-21 10:30:00, 191.29, 191.83, 191.195, 191.73, 10910, 0.0
2021-05-21 10:45:00, 191.68, 191.76, 191.35, 191.415, 9351, 0.0
2021-05-21 11:00:00, 191.47, 191.95, 191.11, 191.12, 5110, 0.0
2021-05-21 11:15:00, 191.225, 191.31, 190.85, 190.97, 5769, 0.0
2021-05-21 11:30:00, 191, 191.01, 190.64, 190.64, 3344, 0.0
2021-05-21 11:45:00, 190.75, 190.75, 189.88, 190.26, 9367, 0.0
2021-05-21 12:00:00, 190.32, 190.405, 190.14, 190.35, 2353, 0.0
2021-05-21 12:15:00, 190.15, 190.38, 190.07, 190.38, 2476, 0.0
2021-05-21 12:30:00, 190.115, 190.59, 190.115, 190.5, 2257, 0.0
2021-05-21 12:45:00, 190.325, 190.68, 190.3, 190.57, 2411, 0.0
2021-05-21 13:00:00, 190.54, 190.58, 190.31, 190.33, 3210, 0.0
2021-05-21 13:15:00, 190.36, 190.41, 190.01, 190.09, 3474, 0.0
2021-05-21 13:30:00, 190.1, 190.29, 189.96, 190.22, 4708, 0.0
2021-05-21 13:45:00, 190.09, 190.29, 189.95, 190.29, 4152, 0.0
2021-05-21 14:00:00, 190.5, 190.52, 190.12, 190.27, 4694, 0.0
2021-05-21 14:15:00, 190.34, 190.4, 190, 190.28, 3630, 0.0
2021-05-21 14:30:00, 190.28, 190.28, 189.48, 189.48, 7683, 0.0
2021-05-21 14:45:00, 189.41, 189.73, 189.305, 189.57, 18454, 0.0
2021-05-24 07:30:00, 190, 190, 190, 190, 408, 0.0
2021-05-24 08:30:00, 189.08, 189.75, 187.7, 188.35, 8913, 0.0
2021-05-24 08:45:00, 188.38, 189.84, 188.14, 189.6, 4221, 0.0
2021-05-24 09:00:00, 189.75, 189.75, 188.98, 189.46, 3931, 0.0
2021-05-24 09:15:00, 189.41, 190.18, 189.41, 189.88, 10044, 0.0
2021-05-24 09:30:00, 189.67, 190.025, 188.91, 189, 10943, 0.0
2021-05-24 09:45:00, 189.19, 189.54, 188.77, 189.14, 5940, 0.0
2021-05-24 10:00:00, 189.15, 190.19, 188.785, 190.19, 4092, 0.0
2021-05-24 10:15:00, 190.25, 190.54, 190.07, 190.15, 6522, 0.0
2021-05-24 10:30:00, 190.06, 190.06, 189.595, 189.6, 1780, 0.0
2021-05-24 10:45:00, 189.97, 190.05, 189.52, 189.52, 3386, 0.0
2021-05-24 11:00:00, 189.52, 189.62, 189.14, 189.14, 4102, 0.0
2021-05-24 11:15:00, 189.01, 189.16, 188.77, 189, 6795, 0.0
2021-05-24 11:30:00, 188.94, 188.95, 188.63, 188.64, 5625, 0.0
2021-05-24 11:45:00, 188.61, 188.95, 188.61, 188.62, 5573, 0.0
2021-05-24 12:00:00, 188.7, 189.05, 188.63, 188.72, 4915, 0.0
2021-05-24 12:15:00, 188.83, 189.3, 188.83, 189.16, 3452, 0.0
2021-05-24 12:30:00, 188.99, 189.26, 188.94, 189.155, 2830, 0.0
2021-05-24 12:45:00, 189.135, 189.15, 188.84, 188.99, 3502, 0.0
2021-05-24 13:00:00, 189, 189.1, 188.94, 188.98, 6010, 0.0
2021-05-24 13:15:00, 189.06, 189.23, 188.95, 189.11, 4711, 0.0
2021-05-24 13:30:00, 189.12, 189.6, 188.97, 189.54, 7458, 0.0
2021-05-24 13:45:00, 189.67, 189.76, 189.36, 189.51, 7658, 0.0
2021-05-24 14:00:00, 189.64, 189.75, 189.24, 189.61, 4409, 0.0
2021-05-24 14:15:00, 189.5, 189.97, 189.3, 189.685, 16716, 0.0
2021-05-24 14:30:00, 189.77, 189.86, 189.22, 189.23, 41134, 0.0
2021-05-24 14:45:00, 189.3, 189.43, 188.92, 188.96, 14487, 0.0
2021-05-25 08:15:00, 193, 193, 193, 193, 450, 0.0
2021-05-25 08:30:00, 192.98, 195.4, 192.42, 194.755, 28086, 0.0
2021-05-25 08:45:00, 194.86, 196, 193.77, 193.99, 16461, 0.0
2021-05-25 09:00:00, 194.32, 195.26, 194.32, 195, 9849, 0.0
2021-05-25 09:15:00, 195.02, 195.29, 194.55, 195.06, 11283, 0.0
2021-05-25 09:30:00, 195.1, 195.14, 194.1, 194.495, 11230, 0.0
2021-05-25 09:45:00, 194.44, 195.24, 194.19, 195.09, 10503, 0.0
2021-05-25 10:00:00, 194.86, 194.86, 193.045, 193.31, 9859, 0.0
2021-05-25 10:15:00, 193.19, 193.19, 192.32, 192.32, 5514, 0.0
2021-05-25 10:30:00, 192.41, 192.53, 191.865, 192.415, 6720, 0.0
2021-05-25 10:45:00, 192.47, 193.52, 192.12, 193.52, 4179, 0.0
2021-05-25 11:00:00, 193.21, 193.21, 192.67, 192.67, 3236, 0.0
2021-05-25 11:15:00, 192.73, 192.95, 192.32, 192.89, 3617, 0.0
2021-05-25 11:30:00, 192.87, 193.11, 192.81, 192.9, 2329, 0.0
2021-05-25 11:45:00, 193.03, 193.41, 192.94, 193.16, 5323, 0.0
2021-05-25 12:00:00, 193.07, 193.17, 192.89, 193.17, 1265, 0.0
2021-05-25 12:15:00, 193.04, 193.95, 193.04, 193.36, 3278, 0.0
2021-05-25 12:30:00, 193.34, 193.72, 193.31, 193.44, 3288, 0.0
2021-05-25 12:45:00, 193.34, 193.65, 193.33, 193.38, 3801, 0.0
2021-05-25 13:00:00, 193.14, 193.33, 192.98, 193.24, 1908, 0.0
2021-05-25 13:15:00, 193.3, 193.57, 193.23, 193.26, 2716, 0.0
2021-05-25 13:30:00, 193.05, 193.62, 193.05, 193.62, 3059, 0.0
2021-05-25 13:45:00, 193.54, 193.55, 192.89, 192.95, 3868, 0.0
2021-05-25 14:00:00, 193, 193.01, 192.34, 192.54, 4121, 0.0
2021-05-25 14:15:00, 192.38, 192.83, 192.38, 192.755, 1852, 0.0
2021-05-25 14:30:00, 192.79, 192.94, 192.58, 192.7, 4732, 0.0
2021-05-25 14:45:00, 192.79, 193.03, 192.61, 192.7, 18976, 0.0
2021-05-26 07:00:00, 195.35, 195.35, 195.35, 195.35, 272, 0.0
2021-05-26 08:30:00, 195.03, 195.28, 194.04, 194.31, 18962, 0.0
2021-05-26 08:45:00, 194.31, 194.69, 193.59, 194.68, 6954, 0.0
2021-05-26 09:00:00, 194.38, 194.48, 193.52, 194.07, 7715, 0.0
2021-05-26 09:15:00, 194.24, 195.84, 194.12, 195.31, 6178, 0.0
2021-05-26 09:30:00, 195, 195.19, 194.42, 194.42, 7238, 0.0
2021-05-26 09:45:00, 194.31, 195.14, 194.26, 195.14, 5615, 0.0
2021-05-26 10:00:00, 195.1, 195.19, 194.66, 194.73, 4292, 0.0
2021-05-26 10:15:00, 194.62, 194.62, 194.07, 194.2, 4480, 0.0
2021-05-26 10:30:00, 194.19, 194.55, 193.8, 194.55, 4859, 0.0
