Date, Open, High, Low, Close, Volume, Open Interest
2020-05-27 23:00:00, 180.08, 187, 178.0082, 182.73, 7676131, 0.0
2020-05-28 23:00:00, 181.65, 183.7987, 178.79, 183.7399, 2260224, 0.0
2020-05-31 23:00:00, 181.99, 182.56, 176.2967, 178.16, 2763531, 0.0
2020-06-01 23:00:00, 178.71, 179.47, 174.5101, 178.87, 1986708, 0.0
2020-06-02 23:00:00, 179.02, 182.19, 178, 181.7, 3402258, 0.0
2020-06-03 23:00:00, 181, 182.74, 174.8, 175.3169, 1642402, 0.0
2020-06-04 23:00:00, 172.8, 181.5, 171.3, 178.86, 1676768, 0.0
2020-06-07 23:00:00, 178.18, 182.61, 177.2701, 181.33, 2382129, 0.0
2020-06-08 23:00:00, 180, 181.7, 177.8, 179.67, 1904546, 0.0
2020-06-09 23:00:00, 180.39, 185.02, 178.705, 183.1, 1816114, 0.0
2020-06-10 23:00:00, 178.88, 180.28, 173.52, 173.58, 3418912, 0.0
2020-06-11 23:00:00, 178.35, 179.2, 173.5, 173.52, 356909, 0.0
2020-06-14 23:00:00, 171.02, 178.9, 170.29, 178, 2251004, 0.0
2020-06-15 23:00:00, 181, 184.301, 178.54, 181.14, 3178984, 0.0
2020-06-16 23:00:00, 181.73, 185.82, 181.32, 182.56, 1300351, 0.0
2020-06-17 23:00:00, 182.38, 188.25, 182.32, 187.97, 3164461, 0.0
2020-06-18 23:00:00, 189.5, 190.34, 181.14, 183.56, 2178688, 0.0
2020-06-21 23:00:00, 183.85, 186.34, 183.5, 184.8801, 964115, 0.0
2020-06-22 23:00:00, 185.82, 188.69, 184.49, 185.34, 1441047, 0.0
2020-06-23 23:00:00, 184.5, 185.71, 178.31, 180.07, 1431601, 0.0
2020-06-24 23:00:00, 179.65, 186.56, 178.95, 186.44, 1705020, 0.0
2020-06-25 23:00:00, 185.72, 188.43, 182.4, 187.6, 1932915, 0.0
2020-06-28 23:00:00, 186.26, 188.03, 181.66, 186.3, 1594813, 0.0
2020-06-29 23:00:00, 186.18, 188.69, 185.02, 187.2, 1750114, 0.0
2020-06-30 23:00:00, 187.37, 192.95, 186.1707, 191.56, 2269332, 0.0
2020-07-01 23:00:00, 193.97, 194, 188.2, 188.45, 1501083, 0.0
2020-07-05 23:00:00, 191.54, 194.65, 190.395, 190.79, 1538145, 0.0
2020-07-06 23:00:00, 190.47, 193.5, 189.29, 191.6, 1414157, 0.0
2020-07-07 23:00:00, 193.62, 199.615, 192.8, 198.31, 2247120, 0.0
2020-07-08 23:00:00, 199.44, 200, 193.94, 197.77, 1246060, 0.0
2020-07-09 23:00:00, 196.86, 196.89, 193.36, 195.9, 860385, 0.0
2020-07-12 23:00:00, 196.53, 197.16, 184.2598, 184.73, 1590108, 0.0
2020-07-13 23:00:00, 182.01, 186.17, 178.26, 185.63, 1587985, 0.0
2020-07-14 23:00:00, 186.65, 186.87, 180.14, 183.23, 1976197, 0.0
2020-07-15 23:00:00, 179.81, 182.77, 178.97, 181.42, 1031577, 0.0
2020-07-16 23:00:00, 181.4, 184.09, 179.8801, 182.88, 811844, 0.0
2020-07-19 23:00:00, 183.2, 194.85, 183.1601, 194, 1684544, 0.0
2020-07-20 23:00:00, 193.17, 193.74, 187.06, 188.52, 1047752, 0.0
2020-07-21 23:00:00, 189.98, 191.86, 186.35, 188.57, 771237, 0.0
2020-07-22 23:00:00, 187.39, 190.78, 184.61, 185.37, 493081, 0.0
2020-07-23 23:00:00, 183.37, 184.97, 181.2101, 182.77, 934701, 0.0
2020-07-26 23:00:00, 184.33, 184.74, 179.34, 183.74, 1098932, 0.0
2020-07-27 23:00:00, 183, 183.94, 180.08, 180.42, 1099193, 0.0
2020-07-28 23:00:00, 183, 184.71, 180.71, 183.9, 712482, 0.0
2020-07-29 23:00:00, 180, 181.49, 177.51, 180.54, 1447013, 0.0
2020-07-30 23:00:00, 181.21, 181.445, 176.8, 180.9, 1081831, 0.0
2020-08-02 23:00:00, 182.47, 182.78, 179.95, 181.6, 902825, 0.0
2020-08-03 23:00:00, 181.35, 182.34, 179.4, 181.53, 746619, 0.0
2020-08-04 23:00:00, 181.82, 184.88, 181.025, 184.04, 666313, 0.0
2020-08-05 23:00:00, 183.98, 184.22, 180.55, 183.69, 961296, 0.0
2020-08-06 23:00:00, 184.46, 184.46, 174.52, 177.47, 1538155, 0.0
2020-08-09 23:00:00, 175.02, 181.74, 174.93, 181.07, 1355490, 0.0
2020-08-10 23:00:00, 178.85, 180.39, 175.82, 177.54, 983084, 0.0
2020-08-11 23:00:00, 178.025, 181.06, 176.25, 178.26, 897137, 0.0
2020-08-12 23:00:00, 179.56, 185.87, 179.255, 183.82, 890664, 0.0
2020-08-13 23:00:00, 183.92, 185.48, 181.08, 181.67, 481332, 0.0
2020-08-16 23:00:00, 181.94, 186.06, 181.81, 185.24, 933801, 0.0
2020-08-17 23:00:00, 186.57, 192, 184.9542, 191.68, 1767913, 0.0
2020-08-18 23:00:00, 191.77, 193.96, 190.2, 191.21, 1071267, 0.0
2020-08-19 23:00:00, 190.94, 194.89, 189.75, 194.35, 941179, 0.0
2020-08-20 23:00:00, 191.63, 193.31, 190.52, 192.65, 815556, 0.0
2020-08-23 23:00:00, 194.15, 194.66, 190.945, 191.6, 1201832, 0.0
2020-08-24 23:00:00, 191.5, 194.57, 189.32, 193.93, 1691531, 0.0
2020-08-25 23:00:00, 200.95, 214.95, 199.43, 213.49, 5715659, 0.0
2020-08-26 23:00:00, 211.7, 219.29, 209, 216.79, 4493113, 0.0
2020-08-27 23:00:00, 240, 248.75, 238.08, 244.1, 10751311, 0.0
2020-08-30 23:00:00, 241.13, 246.9, 238.31, 239.7, 3122310, 0.0
2020-08-31 23:00:00, 241.7, 244.75, 238, 241.88, 2230149, 0.0
2020-09-01 23:00:00, 242.8, 243.38, 232.12, 233.48, 3060809, 0.0
2020-09-02 23:00:00, 230.26, 233.23, 219.89, 223, 2873045, 0.0
2020-09-03 23:00:00, 223.0257, 223.32, 210.53, 215.81, 2438625, 0.0
2020-09-07 23:00:00, 208.89, 214.6, 207.1, 208.5, 2218297, 0.0
2020-09-08 23:00:00, 213.08, 213.78, 206.27, 210.6, 1817153, 0.0
2020-09-09 23:00:00, 215.71, 216.33, 205.38, 207.01, 1456643, 0.0
2020-09-10 23:00:00, 210.251, 210.51, 201.39, 206.2, 1404327, 0.0
2020-09-13 23:00:00, 209.6, 211.39, 205.14, 208.3, 1403431, 0.0
2020-09-14 23:00:00, 210.7, 212.94, 206, 207.63, 1563687, 0.0
2020-09-15 23:00:00, 209.55, 210.295, 204.18, 205.65, 1549923, 0.0
2020-09-16 23:00:00, 198.9, 203.38, 195.88, 203.38, 2646545, 0.0
2020-09-17 23:00:00, 203.87, 205.17, 196.2, 200.45, 1756442, 0.0
2020-09-20 23:00:00, 197.73, 203.91, 195.81, 203.55, 1342176, 0.0
2020-09-21 23:00:00, 206.675, 212.43, 203.78, 211.75, 1647700, 0.0
2020-09-22 23:00:00, 211.59, 213.9, 206.73, 207.39, 1531237, 0.0
2020-09-23 23:00:00, 206.56, 211.05, 204.165, 208.58, 1112015, 0.0
2020-09-24 23:00:00, 209.64, 216.13, 207.79, 215.71, 1113751, 0.0
2020-09-27 23:00:00, 218.54, 221.5, 215.25, 220.48, 2070625, 0.0
2020-09-28 23:00:00, 221.28, 222.88, 219.7, 220.97, 1599649, 0.0
2020-09-29 23:00:00, 220.52, 222.5, 214, 215.045, 1713616, 0.0
2020-09-30 23:00:00, 222.75, 222.75, 216.7, 220.59, 2076327, 0.0
2020-10-01 23:00:00, 219.29, 225.55, 218.0008, 219.08, 1469704, 0.0
2020-10-04 23:00:00, 219.67, 224.58, 217.58, 222.06, 1033455, 0.0
2020-10-05 23:00:00, 223.18, 225.69, 215.72, 216.98, 1214218, 0.0
2020-10-06 23:00:00, 227.29, 230.26, 223.6, 227.27, 1982346, 0.0
2020-10-07 23:00:00, 229.23, 229.595, 222.6, 223.83, 744262, 0.0
2020-10-08 23:00:00, 226, 226.68, 224.325, 225.76, 690295, 0.0
2020-10-11 23:00:00, 229.36, 230.14, 224.755, 228.2, 1112823, 0.0
2020-10-12 23:00:00, 228.67, 236.84, 228.32, 232.98, 1505569, 0.0
2020-10-13 23:00:00, 236.6, 236.6, 227.55, 230.63, 999453, 0.0
2020-10-14 23:00:00, 224.13, 228.21, 222.51, 226.47, 1708596, 0.0
2020-10-15 23:00:00, 227.15, 231.1, 227.15, 229.45, 916776, 0.0
2020-10-18 23:00:00, 229.76, 231.85, 226.51, 227.745, 1038554, 0.0
2020-10-19 23:00:00, 230.785, 233.78, 224.34, 224.34, 1655536, 0.0
2020-10-20 23:00:00, 225.91, 226.945, 222.1, 224.31, 1000754, 0.0
2020-10-21 23:00:00, 224.43, 225.98, 218.21, 220.76, 483246, 0.0
2020-10-22 23:00:00, 221.49, 224.27, 219.03, 224.18, 565834, 0.0
2020-10-25 23:00:00, 218.65, 222.82, 208.88, 210.34, 2650093, 0.0
2020-10-26 23:00:00, 211.8, 216.16, 211.51, 214.17, 1026637, 0.0
2020-10-27 23:00:00, 210.01, 212.3665, 207.23, 209.69, 938425, 0.0
2020-10-28 23:00:00, 211.53, 218.29, 211.53, 217.99, 1411974, 0.0
2020-10-29 23:00:00, 215.17, 217.85, 208.155, 210.13, 1613449, 0.0
2020-11-01 23:00:00, 209.73, 212.5, 201.615, 205.47, 1116486, 0.0
2020-11-02 23:00:00, 206.51, 209.88, 205.055, 209.095, 907165, 0.0
2020-11-03 23:00:00, 219.11, 224.78, 213.51, 215.24, 2496338, 0.0
2020-11-04 23:00:00, 226.26, 231.43, 223.42, 225.22, 1696293, 0.0
2020-11-05 23:00:00, 224.99, 227.81, 219.22, 224.99, 1073985, 0.0
2020-11-08 23:00:00, 222.68, 228.95, 218.59, 223.45, 1502226, 0.0
2020-11-09 23:00:00, 221.06, 222.1939, 209.99, 213.935, 1274953, 0.0
2020-11-10 23:00:00, 216.43, 221.55, 214.39, 218.62, 1034184, 0.0
2020-11-11 23:00:00, 220.14, 224.385, 218.61, 219.81, 908782, 0.0
2020-11-12 23:00:00, 220.83, 223.795, 218.47, 221.995, 707179, 0.0
2020-11-15 23:00:00, 219.08, 225.81, 218.885, 224.96, 1484449, 0.0
2020-11-16 23:00:00, 224.93, 228.24, 221.9, 226.93, 1367848, 0.0
2020-11-17 23:00:00, 226.5, 228.2, 222.36, 223.6, 1671145, 0.0
2020-11-18 23:00:00, 224.27, 231.94, 223.46, 230.8, 2768864, 0.0
2020-11-19 23:00:00, 220.22, 222.45, 209.05, 209.38, 11909855, 0.0
2020-11-22 23:00:00, 210.47, 212.24, 204.86, 206.91, 4202455, 0.0
2020-11-23 23:00:00, 208.44, 213.28, 205.1386, 213.14, 2538546, 0.0
2020-11-24 23:00:00, 214, 216.9, 209.53, 214.75, 2451750, 0.0
2020-11-26 23:00:00, 215, 224.69, 214, 223.85, 1866391, 0.0
2020-11-29 23:00:00, 223.44, 225.1, 218.54, 224.79, 1958805, 0.0
2020-11-30 23:00:00, 223.44, 229.16, 222.9, 225.92, 2303291, 0.0
2020-12-01 23:00:00, 222.21, 226.07, 219.78, 225.37, 1598297, 0.0
2020-12-02 23:00:00, 224, 226.79, 223.36, 224.23, 1183053, 0.0
2020-12-03 23:00:00, 224.82, 226.49, 221.31, 222.15, 1147588, 0.0
2020-12-06 23:00:00, 222.06, 228.6, 221.41, 227.27, 1362627, 0.0
2020-12-07 23:00:00, 228, 230.71, 225.06, 228.17, 1474241, 0.0
2020-12-08 23:00:00, 228.05, 228.83, 218.31, 219.23, 1849779, 0.0
2020-12-09 23:00:00, 217.45, 222, 215.77, 218.29, 2275878, 0.0
2020-12-10 23:00:00, 219.09, 220.22, 214.7667, 219.25, 1506012, 0.0
2020-12-13 23:00:00, 219.01, 224.1, 218.66, 220.37, 2355331, 0.0
2020-12-14 23:00:00, 221.68, 225.15, 218.76, 220.365, 1573836, 0.0
2020-12-15 23:00:00, 223.99, 231, 222.72, 230.63, 1752600, 0.0
2020-12-16 23:00:00, 232.2585, 240.82, 232, 239.87, 2517300, 0.0
2020-12-17 23:00:00, 241.98, 244.7694, 239.01, 241.62, 2300883, 0.0
2020-12-20 23:00:00, 238.73, 242.74, 236.1, 242.499, 1484302, 0.0
2020-12-21 23:00:00, 242, 258.37, 241.94, 257.33, 3899396, 0.0
2020-12-22 23:00:00, 256.28, 259.01, 248.69, 248.69, 1489940, 0.0
2020-12-23 23:00:00, 247.87, 251.35, 245.43, 248.57, 553336, 0.0
2020-12-27 23:00:00, 250.75, 251.02, 241.54, 241.87, 1011663, 0.0
2020-12-28 23:00:00, 242.8, 243.67, 235.52, 237.71, 1332562, 0.0
2020-12-29 23:00:00, 237.78, 239.87, 236.82, 236.93, 1065075, 0.0
2020-12-30 23:00:00, 238, 242.5, 236.93, 239.91, 1193641, 0.0
2021-01-03 23:00:00, 240.11, 240.68, 224.4, 228.02, 2678252, 0.0
2021-01-04 23:00:00, 226.57, 227.305, 223.52, 225.36, 2215673, 0.0
2021-01-05 23:00:00, 221.75, 224.89, 217.8494, 220, 1908232, 0.0
2021-01-06 23:00:00, 222.87, 228, 222.61, 226.1, 1570051, 0.0
2021-01-07 23:00:00, 226, 229.43, 224.84, 227.65, 1380039, 0.0
2021-01-10 23:00:00, 226.95, 229.91, 224.075, 228.97, 1148978, 0.0
2021-01-11 23:00:00, 229.16, 229.56, 222.53, 225.62, 1098642, 0.0
2021-01-12 23:00:00, 228, 231.695, 227.05, 229.23, 1376685, 0.0
2021-01-13 23:00:00, 229.9, 235.6875, 227.02, 227.33, 1174951, 0.0
2021-01-14 23:00:00, 231.98, 231.98, 222.35, 222.56, 2050229, 0.0
2021-01-18 23:00:00, 223.5, 225.65, 218.23, 221.08, 1734024, 0.0
2021-01-19 23:00:00, 223.91, 228.68, 221.25, 226.67, 2360125, 0.0
2021-01-20 23:00:00, 227.43, 231.97, 225.59, 229.39, 1261792, 0.0
2021-01-21 23:00:00, 231.9165, 236.06, 230.53, 235.55, 1554666, 0.0
2021-01-24 23:00:00, 237.59, 240.6, 230.35, 235, 1917519, 0.0
2021-01-25 23:00:00, 235.23, 236.56, 232.73, 235.6, 1507841, 0.0
2021-01-26 23:00:00, 229.17, 232.465, 221.265, 223.41, 2304181, 0.0
2021-01-27 23:00:00, 223.56, 230.215, 221.7979, 228.61, 1855626, 0.0
2021-01-28 23:00:00, 225.5035, 228.985, 223.37, 227.53, 1573680, 0.0
2021-01-31 23:00:00, 228.52, 241.65, 228.52, 236.75, 4034959, 0.0
2021-02-01 23:00:00, 238.9, 259.1, 237.71, 257.76, 5433684, 0.0
2021-02-02 23:00:00, 253.71, 261.62, 253.37, 258.63, 3261675, 0.0
2021-02-03 23:00:00, 259, 265.5, 258.27, 264.2, 1578652, 0.0
2021-02-04 23:00:00, 264.19, 266.18, 261.28, 264.07, 1127772, 0.0
2021-02-07 23:00:00, 269, 273.34, 268.53, 272.52, 1970924, 0.0
2021-02-08 23:00:00, 270.22, 275.87, 267.43, 275.37, 1438825, 0.0
2021-02-09 23:00:00, 276, 277.41, 272.2, 274.09, 1157907, 0.0
2021-02-10 23:00:00, 274.43, 278.14, 273.68, 275.99, 1336348, 0.0
2021-02-11 23:00:00, 276.83, 282.11, 273.99, 281.36, 1730627, 0.0
2021-02-15 23:00:00, 280.15, 282.77, 272.21, 274.7, 1895964, 0.0
2021-02-16 23:00:00, 268.08, 272.6762, 266.09, 271.05, 1312373, 0.0
2021-02-17 23:00:00, 268.71, 274.31, 266.44, 272.79, 1273617, 0.0
2021-02-18 23:00:00, 274.93, 277.13, 273.81, 276.34, 1213235, 0.0
2021-02-21 23:00:00, 271.37, 273.39, 266.55, 270.02, 1564859, 0.0
2021-02-22 23:00:00, 260.59, 265.51, 254.17, 261.51, 1838878, 0.0
2021-02-23 23:00:00, 261.15, 263.165, 255.23, 262.92, 1741598, 0.0
2021-02-24 23:00:00, 261, 264.94, 249.58, 251.139, 2015657, 0.0
2021-02-25 23:00:00, 251.18, 258.67, 242.815, 245.17, 4027903, 0.0
2021-02-28 23:00:00, 248.67, 253.52, 244.75, 253.2399, 2716059, 0.0
2021-03-01 23:00:00, 256.78, 256.78, 247.74, 248.12, 1207161, 0.0
2021-03-02 23:00:00, 245.83, 246.65, 235.88, 236.7, 1693199, 0.0
2021-03-03 23:00:00, 234.675, 237.18, 226.435, 230.35, 2268575, 0.0
2021-03-04 23:00:00, 234.53, 237.58, 222.53, 237.13, 2536223, 0.0
2021-03-07 23:00:00, 236.47, 240.46, 230.64, 230.99, 1378800, 0.0
2021-03-08 23:00:00, 243.93, 248, 240.94, 245.92, 3081641, 0.0
2021-03-09 23:00:00, 250.54, 252.46, 242.52, 242.71, 1848228, 0.0
2021-03-10 23:00:00, 248.29, 258.99, 247.67, 257.37, 1994382, 0.0
2021-03-11 23:00:00, 250.36, 252.95, 246.56, 252.74, 1605621, 0.0
2021-03-14 23:00:00, 251.09, 254.955, 246.867, 254.88, 1260012, 0.0
2021-03-15 23:00:00, 256.67, 260.47, 254.1925, 257.04, 1490225, 0.0
2021-03-16 23:00:00, 253.76, 263.28, 250.49, 260.85, 1289651, 0.0
2021-03-17 23:00:00, 254.05, 257.4, 248.49, 249.07, 1285984, 0.0
2021-03-18 23:00:00, 250.14, 255.695, 247.97, 251.22, 1065732, 0.0
2021-03-21 23:00:00, 254.085, 259.85, 251.63, 257.51, 993826, 0.0
2021-03-22 23:00:00, 258.77, 261.98, 256.56, 257.16, 688816, 0.0
2021-03-23 23:00:00, 256.73, 258, 245.22, 245.98, 1389807, 0.0
2021-03-24 23:00:00, 244.16, 249.92, 243.11, 246, 1159618, 0.0
2021-03-25 23:00:00, 246.96, 251.63, 243.31, 249.64, 798888, 0.0
2021-03-28 23:00:00, 248.6, 248.84, 240.42, 243.247, 1086727, 0.0
2021-03-29 23:00:00, 241.46, 244.62, 237.79, 243.29, 724632, 0.0
2021-03-30 23:00:00, 244.94, 252.26, 243.79, 248.4, 971225, 0.0
2021-03-31 23:00:00, 253.26, 259.85, 251.91, 254.9, 1261194, 0.0
2021-04-04 23:00:00, 255.35, 259.31, 252.64, 254.88, 878861, 0.0
2021-04-05 23:00:00, 253.81, 260.42, 251.79, 254.89, 942048, 0.0
2021-04-06 23:00:00, 254.34, 255.89, 251.22, 251.93, 669279, 0.0
2021-04-07 23:00:00, 257.38, 259.03, 253.71, 257.05, 1089652, 0.0
2021-04-08 23:00:00, 255.24, 258.645, 253.74, 257.61, 822015, 0.0
2021-04-11 23:00:00, 255.09, 259.985, 253.08, 259.75, 773987, 0.0
2021-04-12 23:00:00, 260.46, 268.88, 260.02, 265.89, 1745620, 0.0
2021-04-13 23:00:00, 267.5, 268.16, 259.26, 259.87, 1017520, 0.0
2021-04-14 23:00:00, 262.52, 263.71, 254.15, 260.31, 3029367, 0.0
2021-04-15 23:00:00, 258.5, 258.48, 253.89, 256.35, 1215556, 0.0
2021-04-18 23:00:00, 254.64, 257.49, 251.39, 254.58, 1011807, 0.0
2021-04-19 23:00:00, 253.81, 255.51, 248.59, 249.83, 906402, 0.0
2021-04-20 23:00:00, 249.68, 252.46, 248.02, 251.46, 564834, 0.0
2021-04-21 23:00:00, 251.01, 255.54, 249.48, 253.03, 1509315, 0.0
2021-04-22 23:00:00, 254.46, 257.49, 254.1827, 254.8, 927973, 0.0
2021-04-25 23:00:00, 254.8, 259.24, 254.28, 259.24, 739487, 0.0
2021-04-26 23:00:00, 259.41, 262.0718, 258.32, 261.33, 1008567, 0.0
2021-04-27 23:00:00, 260.19, 262.69, 258.46, 261.06, 703897, 0.0
2021-04-28 23:00:00, 258.46, 259.36, 251.7, 254.63, 1146292, 0.0
2021-04-29 23:00:00, 252.09, 253.57, 246.78, 247.01, 1784186, 0.0
2021-05-02 23:00:00, 248.35, 250.1915, 243.06, 243.74, 1127416, 0.0
2021-05-03 23:00:00, 240.26, 241.4, 233.24, 237.15, 1861113, 0.0
2021-05-04 23:00:00, 238.41, 239.989, 234.755, 235.85, 732180, 0.0
2021-05-05 23:00:00, 236.01, 237.98, 231.14, 234.94, 1322999, 0.0
2021-05-06 23:00:00, 239.46, 242.38, 235.33, 236.78, 1085631, 0.0
2021-05-09 23:00:00, 235.03, 236.58, 231.38, 232.2, 1045470, 0.0
2021-05-10 23:00:00, 226.53, 239.205, 225.01, 236.9, 1195618, 0.0
2021-05-11 23:00:00, 232.32, 234.7961, 223.31, 224.38, 2125641, 0.0
2021-05-12 23:00:00, 227.64, 230.2502, 219.86, 222.5, 1957275, 0.0
2021-05-13 23:00:00, 225.63, 229.74, 222.97, 228.73, 1698580, 0.0
2021-05-16 23:00:00, 225.84, 229.68, 224.71, 229.48, 1123139, 0.0
2021-05-17 23:00:00, 230.01, 230.9425, 224.28, 225.32, 1416644, 0.0
2021-05-18 23:00:00, 219.73, 226.11, 217.6, 226.11, 1500219, 0.0
2021-05-19 23:00:00, 229.35, 236.07, 226.28, 233.54, 1661548, 0.0
2021-05-20 23:00:00, 235.1, 236.9133, 231.19, 231.42, 1001143, 0.0
2021-05-23 23:00:00, 235.63, 237, 233.24, 234.12, 897734, 0.0
2021-05-24 23:00:00, 236.09, 237.84, 234.56, 236.58, 2022404, 0.0
2021-05-25 23:00:00, 238.1, 240.75, 234.97, 236.89, 665940, 0.0
