Date, Open, High, Low, Close, Volume, Open Interest
2020-05-27 23:00:00, 29.61, 29.94, 28.86, 28.95, 5718904, 0.0
2020-05-28 23:00:00, 28.77, 29.21, 28.36, 29.11, 2314851, 0.0
2020-05-31 23:00:00, 29.13, 29.755, 29.07, 29.54, 2160312, 0.0
2020-06-01 23:00:00, 29.63, 29.7566, 29.07, 29.3, 4353196, 0.0
2020-06-02 23:00:00, 29.81, 31.185, 29.45, 30.77, 4984863, 0.0
2020-06-03 23:00:00, 30.57, 31.05, 30.08, 30.54, 6686928, 0.0
2020-06-04 23:00:00, 31.92, 32.35, 30.535, 30.865, 4469854, 0.0
2020-06-07 23:00:00, 31.03, 32.785, 31.03, 32.445, 10189821, 0.0
2020-06-08 23:00:00, 31.72, 32.12, 30.75, 30.825, 8492764, 0.0
2020-06-09 23:00:00, 30.7, 30.82, 29.53, 30.13, 3723450, 0.0
2020-06-10 23:00:00, 29.36, 29.45, 27.91, 28.05, 5224160, 0.0
2020-06-11 23:00:00, 28.9, 29.03, 27.92, 27.98, 2010906, 0.0
2020-06-14 23:00:00, 27.36, 29.745, 27.11, 29.3, 8344415, 0.0
2020-06-15 23:00:00, 30.15, 30.47, 27.97, 28.31, 8476803, 0.0
2020-06-16 23:00:00, 28.28, 28.52, 27.81, 28.06, 3708260, 0.0
2020-06-17 23:00:00, 28.03, 29.04, 27.72, 28.99, 3628274, 0.0
2020-06-18 23:00:00, 30.15, 30.15, 28.21, 28.31, 8513513, 0.0
2020-06-21 23:00:00, 28.04, 28.21, 27.58, 28.1, 2958732, 0.0
2020-06-22 23:00:00, 28.47, 28.855, 28.18, 28.26, 3049870, 0.0
2020-06-23 23:00:00, 27.95, 28.079, 26.9, 27.38, 4389652, 0.0
2020-06-24 23:00:00, 26.99, 27.105, 26.42, 26.94, 4631264, 0.0
2020-06-25 23:00:00, 26.68, 26.7397, 25.47, 25.69, 5077154, 0.0
2020-06-28 23:00:00, 25.87, 26.93, 25.73, 26.89, 4182810, 0.0
2020-06-29 23:00:00, 26.8, 27, 26.475, 26.81, 3101822, 0.0
2020-06-30 23:00:00, 26.92, 27.35, 26.48, 26.93, 3502941, 0.0
2020-07-01 23:00:00, 27.63, 27.73, 26.47, 26.56, 3324576, 0.0
2020-07-05 23:00:00, 27.01, 27.29, 26.12, 26.49, 3983360, 0.0
2020-07-06 23:00:00, 26.24, 26.38, 25.63, 25.69, 2744540, 0.0
2020-07-07 23:00:00, 25.58, 25.67, 24.995, 25.3, 3579982, 0.0
2020-07-08 23:00:00, 25.28, 25.42, 23.93, 24.38, 5052535, 0.0
2020-07-09 23:00:00, 24.43, 25.385, 24.21, 25.32, 2696703, 0.0
2020-07-12 23:00:00, 25.11, 25.535, 24.34, 24.97, 5268937, 0.0
2020-07-13 23:00:00, 24.78, 25.425, 24.48, 25.03, 3341815, 0.0
2020-07-14 23:00:00, 25.33, 26.18, 25.33, 26.07, 4926708, 0.0
2020-07-15 23:00:00, 25.87, 26.37, 25.77, 26.145, 1806869, 0.0
2020-07-16 23:00:00, 26.18, 26.36, 25.01, 25.28, 4750203, 0.0
2020-07-19 23:00:00, 25.14, 25.39, 24.295, 24.76, 3376398, 0.0
2020-07-20 23:00:00, 24.92, 25.67, 24.81, 25.41, 4390262, 0.0
2020-07-21 23:00:00, 25.47, 25.95, 25.22, 25.91, 2388731, 0.0
2020-07-22 23:00:00, 26.07, 26.53, 25.99, 26.24, 2514217, 0.0
2020-07-23 23:00:00, 26.42, 27.38, 26.32, 26.66, 3891860, 0.0
2020-07-26 23:00:00, 26.58, 26.76, 25.41, 25.72, 3488948, 0.0
2020-07-27 23:00:00, 25.54, 26.185, 25.453, 25.75, 2335356, 0.0
2020-07-28 23:00:00, 25.87, 26.05, 25.41, 25.86, 1940229, 0.0
2020-07-29 23:00:00, 25.5, 26, 25.26, 25.82, 2600456, 0.0
2020-07-30 23:00:00, 25.84, 25.84, 25.17, 25.76, 3471602, 0.0
2020-08-02 23:00:00, 25.77, 26.42, 25.43, 26.36, 2861165, 0.0
2020-08-03 23:00:00, 26.31, 27.2, 26.18, 26.685, 5129150, 0.0
2020-08-04 23:00:00, 25.36, 25.71, 24.22, 24.725, 6548892, 0.0
2020-08-05 23:00:00, 24.9, 25.32, 24.64, 24.99, 5428433, 0.0
2020-08-06 23:00:00, 24.87, 25.1, 24.27, 24.66, 6775372, 0.0
2020-08-09 23:00:00, 24.65, 24.66, 24.175, 24.4, 8874928, 0.0
2020-08-10 23:00:00, 24.78, 25.495, 24.59, 24.67, 7469693, 0.0
2020-08-11 23:00:00, 24.95, 25.14, 24.6, 24.92, 4259493, 0.0
2020-08-12 23:00:00, 24.84, 25.61, 24.73, 25.58, 4147048, 0.0
2020-08-13 23:00:00, 25.59, 26.045, 25.21, 25.74, 2610874, 0.0
2020-08-16 23:00:00, 25.89, 25.93, 25.175, 25.57, 2858274, 0.0
2020-08-17 23:00:00, 25.57, 25.8, 25.45, 25.63, 2445479, 0.0
2020-08-18 23:00:00, 25.6, 26.15, 25.59, 25.87, 3122299, 0.0
2020-08-19 23:00:00, 25.71, 26.02, 25.51, 25.89, 3031711, 0.0
2020-08-20 23:00:00, 25.82, 26.05, 25.57, 26, 2656621, 0.0
2020-08-23 23:00:00, 26.08, 27.14, 26, 26.99, 3425101, 0.0
2020-08-24 23:00:00, 26.95, 27.23, 26.41, 26.89, 3683207, 0.0
2020-08-25 23:00:00, 26.79, 27.295, 26.62, 27.16, 2886642, 0.0
2020-08-26 23:00:00, 27.4, 27.815, 27.29, 27.57, 3350063, 0.0
2020-08-27 23:00:00, 27.6, 27.83, 27.41, 27.82, 3436411, 0.0
2020-08-30 23:00:00, 28, 28.41, 27.65, 27.84, 5145844, 0.0
2020-08-31 23:00:00, 26.8, 27.58, 26.8, 27.44, 3715747, 0.0
2020-09-01 23:00:00, 27.48, 28.1, 27.47, 27.88, 3176697, 0.0
2020-09-02 23:00:00, 28.07, 28.62, 27.21, 27.35, 5260655, 0.0
2020-09-03 23:00:00, 27.88, 27.97, 27.22, 27.65, 3932842, 0.0
2020-09-07 23:00:00, 27.53, 28.29, 27.45, 27.69, 4021049, 0.0
2020-09-08 23:00:00, 27.75, 28.43, 27.38, 28.2, 4222103, 0.0
2020-09-09 23:00:00, 28.63, 28.745, 28.01, 28.19, 3378804, 0.0
2020-09-10 23:00:00, 28.32, 28.64, 27.64, 28.14, 4223827, 0.0
2020-09-13 23:00:00, 28.29, 29.295, 28.22, 28.67, 4897816, 0.0
2020-09-14 23:00:00, 28.73, 28.995, 28.365, 28.61, 3088483, 0.0
2020-09-15 23:00:00, 28.86, 29.92, 28.75, 29.34, 3891919, 0.0
2020-09-16 23:00:00, 28.7, 29.25, 28.38, 28.66, 3128373, 0.0
2020-09-17 23:00:00, 28.65, 28.66, 27.59, 27.96, 4743229, 0.0
2020-09-20 23:00:00, 27.53, 27.67, 26.44, 26.78, 3753506, 0.0
2020-09-21 23:00:00, 26.85, 27.12, 26.555, 26.79, 3096647, 0.0
2020-09-22 23:00:00, 26.59, 26.97, 25.86, 25.93, 3344750, 0.0
2020-09-23 23:00:00, 25.97, 26.43, 25.57, 26.2, 2268756, 0.0
2020-09-24 23:00:00, 25.98, 26.845, 25.92, 26.71, 2833225, 0.0
2020-09-27 23:00:00, 27.205, 27.86, 27.07, 27.84, 2565093, 0.0
2020-09-28 23:00:00, 27.71, 27.97, 27.12, 27.77, 2832977, 0.0
2020-09-29 23:00:00, 27.99, 28.52, 27.5, 27.83, 3233365, 0.0
2020-09-30 23:00:00, 27.96, 28.22, 27.505, 28.02, 2835147, 0.0
2020-10-01 23:00:00, 27.72, 28.36, 26.915, 28.07, 3696384, 0.0
2020-10-04 23:00:00, 28.23, 28.78, 28.02, 28.7, 2252754, 0.0
2020-10-05 23:00:00, 28.78, 29.06, 27.81, 27.93, 2918759, 0.0
2020-10-06 23:00:00, 28.2, 29.26, 28.1, 28.96, 3780573, 0.0
2020-10-07 23:00:00, 29.25, 29.57, 28.915, 29.56, 2121514, 0.0
2020-10-08 23:00:00, 29.77, 30, 29.04, 29.19, 2679813, 0.0
2020-10-11 23:00:00, 29.44, 29.52, 28.825, 28.93, 2711059, 0.0
2020-10-12 23:00:00, 28.895, 28.915, 27.16, 27.23, 6336985, 0.0
2020-10-13 23:00:00, 27.26, 27.45, 26.9, 26.93, 2685808, 0.0
2020-10-14 23:00:00, 26.79, 26.98, 26.37, 26.94, 5722599, 0.0
2020-10-15 23:00:00, 27.11, 27.23, 26.55, 26.86, 3084092, 0.0
2020-10-18 23:00:00, 27.09, 27.11, 25.975, 26.04, 2657862, 0.0
2020-10-19 23:00:00, 26.4, 26.4, 25.87, 26.05, 2861023, 0.0
2020-10-20 23:00:00, 25.9, 26.7, 25.78, 26.57, 1852105, 0.0
2020-10-21 23:00:00, 26.84, 27.6, 26.72, 27.46, 2952729, 0.0
2020-10-22 23:00:00, 27.62, 27.665, 26.72, 27.08, 2943104, 0.0
2020-10-25 23:00:00, 26.82, 26.84, 26.09, 26.4, 4062751, 0.0
2020-10-26 23:00:00, 26.35, 26.36, 26.045, 26.19, 2660020, 0.0
2020-10-27 23:00:00, 25.8, 26.03, 25.21, 25.32, 2922047, 0.0
2020-10-28 23:00:00, 24.935, 25.81, 24.935, 25.56, 1938122, 0.0
2020-10-29 23:00:00, 25.56, 26.52, 25.51, 26.51, 4214600, 0.0
2020-11-01 23:00:00, 26.68, 27.46, 26.3, 27.37, 6149540, 0.0
2020-11-02 23:00:00, 28.81, 29.28, 26.36, 27.04, 7808822, 0.0
2020-11-03 23:00:00, 26.93, 27.1, 24.98, 25.6, 14067355, 0.0
2020-11-04 23:00:00, 26.07, 26.665, 25.44, 26.6, 5075487, 0.0
2020-11-05 23:00:00, 26.43, 26.615, 25.645, 25.96, 7001791, 0.0
2020-11-08 23:00:00, 26.99, 27.61, 25.97, 26.25, 7232768, 0.0
2020-11-09 23:00:00, 26.02, 27.135, 25.88, 26.85, 3951448, 0.0
2020-11-10 23:00:00, 26.95, 27.6, 26.575, 27.45, 6124720, 0.0
2020-11-11 23:00:00, 27.12, 27.225, 25.33, 25.64, 12236898, 0.0
2020-11-12 23:00:00, 25.95, 26.76, 25.6069, 26.625, 5060706, 0.0
2020-11-15 23:00:00, 26.83, 27.63, 26.7, 27.19, 7888577, 0.0
2020-11-16 23:00:00, 27.07, 28.215, 26.665, 28.15, 4901237, 0.0
2020-11-17 23:00:00, 28.1, 28.19, 27.64, 27.645, 3679240, 0.0
2020-11-18 23:00:00, 27.61, 27.975, 27.38, 27.72, 3802537, 0.0
2020-11-19 23:00:00, 27.73, 27.9382, 27.54, 27.83, 2519589, 0.0
2020-11-22 23:00:00, 28, 28.76, 27.75, 28.53, 3235297, 0.0
2020-11-23 23:00:00, 28.85, 29.75, 28.61, 29.48, 3286938, 0.0
2020-11-24 23:00:00, 29.45, 29.45, 28.87, 29.31, 2005396, 0.0
2020-11-26 23:00:00, 29.07, 29.42, 29.07, 29.17, 1317179, 0.0
2020-11-29 23:00:00, 29.06, 29.21, 28.71, 28.84, 2566812, 0.0
2020-11-30 23:00:00, 29.12, 30.58, 28.97, 30.14, 7847273, 0.0
2020-12-01 23:00:00, 30.22, 30.655, 29.77, 30.6, 7377732, 0.0
2020-12-02 23:00:00, 30.68, 31.01, 30.235, 30.32, 4102255, 0.0
2020-12-03 23:00:00, 30.47, 30.52, 29.74, 29.83, 5565519, 0.0
2020-12-06 23:00:00, 29.62, 30.03, 29.5013, 29.69, 4615407, 0.0
2020-12-07 23:00:00, 29.58, 29.79, 29.105, 29.26, 3537059, 0.0
2020-12-08 23:00:00, 29.33, 29.68, 29.05, 29.25, 6721770, 0.0
2020-12-09 23:00:00, 29.08, 29.23, 28.88, 29.11, 3032448, 0.0
2020-12-10 23:00:00, 28.91, 29.37, 28.5101, 29.32, 3081537, 0.0
2020-12-13 23:00:00, 29.74, 29.77, 28.76, 28.77, 3289275, 0.0
2020-12-14 23:00:00, 28.88, 28.94, 27.985, 28.57, 4236364, 0.0
2020-12-15 23:00:00, 28.64, 28.88, 28.35, 28.47, 2562643, 0.0
2020-12-16 23:00:00, 28.57, 28.7, 27.85, 28.53, 3245930, 0.0
2020-12-17 23:00:00, 28.54, 28.82, 27.92, 28.16, 3271752, 0.0
2020-12-20 23:00:00, 27.78, 27.93, 27.315, 27.72, 2160449, 0.0
2020-12-21 23:00:00, 27.51, 27.72, 27.12, 27.27, 2474622, 0.0
2020-12-22 23:00:00, 27.35, 28.22, 27.2901, 28.11, 2201209, 0.0
2020-12-23 23:00:00, 28.05, 28.53, 28.05, 28.3, 1185044, 0.0
2020-12-27 23:00:00, 28.46, 29.315, 28.3, 29.14, 2422372, 0.0
2020-12-28 23:00:00, 29.19, 29.295, 28.84, 29.02, 1341615, 0.0
2020-12-29 23:00:00, 29.14, 29.55, 29.04, 29.09, 1707975, 0.0
2020-12-30 23:00:00, 29.13, 29.375, 28.99, 29.11, 2335632, 0.0
2021-01-03 23:00:00, 29.24, 29.71, 28.46, 28.81, 3875030, 0.0
2021-01-04 23:00:00, 28.83, 29.605, 28.76, 29.44, 2720867, 0.0
2021-01-05 23:00:00, 30.1, 32.18, 29.86, 32, 7010354, 0.0
2021-01-06 23:00:00, 31.99, 31.99, 30.92, 30.94, 5359301, 0.0
2021-01-07 23:00:00, 30.83, 31.04, 29.73, 30.1, 5321954, 0.0
2021-01-10 23:00:00, 29.97, 30.59, 29.79, 30.34, 4956447, 0.0
2021-01-11 23:00:00, 30.42, 30.57, 29.7, 29.75, 4467031, 0.0
2021-01-12 23:00:00, 29.59, 30.03, 29.33, 29.96, 6053899, 0.0
2021-01-13 23:00:00, 30.18, 31.46, 29.665, 31.29, 10353444, 0.0
2021-01-14 23:00:00, 31.13, 31.74, 30.73, 31.5, 8845716, 0.0
2021-01-18 23:00:00, 31.66, 31.66, 29.85, 30, 4705082, 0.0
2021-01-19 23:00:00, 30.03, 31.27, 30.03, 31.02, 8355239, 0.0
2021-01-20 23:00:00, 30.73, 31.32, 30.63, 31.02, 3927330, 0.0
2021-01-21 23:00:00, 30.85, 30.86, 29.84, 30.155, 6147845, 0.0
2021-01-24 23:00:00, 30.2, 32.22, 30.095, 32.1, 8436700, 0.0
2021-01-25 23:00:00, 32.19, 35.18, 32.19, 34.93, 13416144, 0.0
2021-01-26 23:00:00, 35.34, 40.73, 34.13, 34.39, 23238858, 0.0
2021-01-27 23:00:00, 34.38, 35.14, 31.82, 31.88, 7625294, 0.0
2021-01-28 23:00:00, 31.79, 32.69, 30.96, 31.18, 3309450, 0.0
2021-01-31 23:00:00, 31.25, 32.06, 30.93, 31.87, 3163981, 0.0
2021-02-01 23:00:00, 31.95, 32.06, 30.295, 30.51, 3581784, 0.0
2021-02-02 23:00:00, 30.59, 30.745, 30.215, 30.28, 3134398, 0.0
2021-02-03 23:00:00, 30.32, 30.92, 30.03, 30.42, 3726387, 0.0
2021-02-04 23:00:00, 30.39, 31.72, 30.09, 31.42, 4215517, 0.0
2021-02-07 23:00:00, 31.66, 32.77, 31.43, 32.77, 6870895, 0.0
2021-02-08 23:00:00, 32.7487, 32.9, 30.53, 30.72, 6159444, 0.0
2021-02-09 23:00:00, 30.91, 31.99, 30.48, 31.77, 5687749, 0.0
2021-02-10 23:00:00, 31.58, 32.22, 31.36, 32, 3805504, 0.0
2021-02-11 23:00:00, 31.94, 32.825, 31.9, 32.59, 3016970, 0.0
2021-02-15 23:00:00, 32.54, 32.73, 31.57, 31.73, 4309260, 0.0
2021-02-16 23:00:00, 31.85, 32.11, 31.5012, 31.75, 2263621, 0.0
2021-02-17 23:00:00, 31.8, 32.41, 31.67, 32.18, 4089662, 0.0
2021-02-18 23:00:00, 32.34, 33.99, 32.18, 33.79, 4352278, 0.0
2021-02-21 23:00:00, 33.76, 35.33, 33.7, 34.69, 6267670, 0.0
2021-02-22 23:00:00, 34.79, 35.38, 33.65, 34.11, 3836767, 0.0
2021-02-23 23:00:00, 33.84, 34.23, 33.4107, 34.05, 3129960, 0.0
2021-02-24 23:00:00, 34.3, 34.67, 32.86, 33.04, 3259393, 0.0
2021-02-25 23:00:00, 33.15, 33.85, 32.8, 33.31, 4336559, 0.0
2021-02-28 23:00:00, 34.06, 35, 33.535, 34.8, 5574772, 0.0
2021-03-01 23:00:00, 34.65, 38.81, 34.52, 37.94, 11171002, 0.0
2021-03-02 23:00:00, 38.16, 40.55, 37.51, 39.33, 12997016, 0.0
2021-03-03 23:00:00, 39.66, 40.33, 37.96, 39.11, 5708880, 0.0
2021-03-04 23:00:00, 39.62, 41.44, 39.11, 41.29, 5835856, 0.0
2021-03-07 23:00:00, 40.88, 42.6247, 40.14, 42.35, 5502210, 0.0
2021-03-08 23:00:00, 42.15, 42.275, 40.04, 40.3, 4836252, 0.0
2021-03-09 23:00:00, 40.6, 41.6, 39.94, 41.45, 2412950, 0.0
2021-03-10 23:00:00, 41.2, 42.39, 40.86, 41.84, 2450835, 0.0
2021-03-11 23:00:00, 41.74, 43.01, 41.73, 42.78, 2853016, 0.0
2021-03-14 23:00:00, 43, 43.72, 42.29, 42.7, 3019922, 0.0
2021-03-15 23:00:00, 43.11, 44.8, 43.03, 44.19, 4255211, 0.0
2021-03-16 23:00:00, 43.56, 44.1, 41.48, 42.91, 3875329, 0.0
2021-03-17 23:00:00, 42.49, 43.66, 42.47, 42.85, 2832662, 0.0
2021-03-18 23:00:00, 43, 43.31, 42.57, 42.93, 3105397, 0.0
2021-03-21 23:00:00, 42.87, 43.71, 42.44, 43.65, 2665407, 0.0
2021-03-22 23:00:00, 43.34, 43.44, 41.64, 41.8, 3097648, 0.0
2021-03-23 23:00:00, 41.8, 42.1, 40.08, 40.13, 3455630, 0.0
2021-03-24 23:00:00, 40.19, 40.97, 39.585, 40.29, 4372157, 0.0
2021-03-25 23:00:00, 39.99, 40.44, 35.39, 37.785, 11021214, 0.0
2021-03-28 23:00:00, 37.75, 38.2, 36.77, 37.24, 4448202, 0.0
2021-03-29 23:00:00, 37.41, 37.92, 36.5, 37.1, 3456412, 0.0
2021-03-30 23:00:00, 37.17, 37.41, 36.01, 36.1, 5328663, 0.0
2021-03-31 23:00:00, 36.45, 36.73, 35.76, 36.32, 3022570, 0.0
2021-04-04 23:00:00, 36.55, 36.7, 35.41, 36.4, 2690419, 0.0
2021-04-05 23:00:00, 36.2, 37.52, 36.11, 37.06, 3221596, 0.0
2021-04-06 23:00:00, 37.37, 38, 36.82, 37.31, 2775969, 0.0
2021-04-07 23:00:00, 37.21, 37.33, 36.4, 36.99, 2641106, 0.0
2021-04-08 23:00:00, 37.01, 37.59, 36.63, 37.47, 2001423, 0.0
2021-04-11 23:00:00, 37.76, 38.33, 37.26, 37.44, 2444107, 0.0
2021-04-12 23:00:00, 37.54, 38.09, 37.3467, 37.49, 2255729, 0.0
2021-04-13 23:00:00, 37.18, 37.955, 37.07, 37.23, 2084684, 0.0
2021-04-14 23:00:00, 37.81, 38.51, 37.615, 37.88, 3361414, 0.0
2021-04-15 23:00:00, 38.13, 38.56, 37.77, 37.95, 2673816, 0.0
2021-04-18 23:00:00, 37.79, 38.32, 37.52, 37.69, 2504885, 0.0
2021-04-19 23:00:00, 37.81, 38.27, 37.4126, 37.8, 3580846, 0.0
2021-04-20 23:00:00, 37.59, 38.8, 37.43, 38.6, 4409272, 0.0
2021-04-21 23:00:00, 38.53, 38.87, 37.91, 38.12, 2479252, 0.0
2021-04-22 23:00:00, 38.46, 38.7, 38.14, 38.39, 1457167, 0.0
2021-04-25 23:00:00, 38.44, 38.56, 37.71, 38.19, 2115306, 0.0
2021-04-26 23:00:00, 38.06, 38.58, 37.87, 38.29, 2202862, 0.0
2021-04-27 23:00:00, 37.93, 38.28, 37.58, 37.8, 2327616, 0.0
2021-04-28 23:00:00, 38.03, 38.26, 37.505, 37.78, 2165103, 0.0
2021-04-29 23:00:00, 37.71, 37.83, 37.22, 37.41, 3329231, 0.0
2021-05-02 23:00:00, 37.75, 37.95, 36.6, 36.61, 3959484, 0.0
2021-05-03 23:00:00, 36.93, 37.13, 36.24, 36.71, 3498487, 0.0
2021-05-04 23:00:00, 36.96, 37, 36.225, 36.33, 2601691, 0.0
2021-05-05 23:00:00, 36.46, 38.41, 36.55, 37.57, 3442825, 0.0
2021-05-06 23:00:00, 37.49, 38.44, 37.35, 38.31, 1942495, 0.0
2021-05-09 23:00:00, 38.32, 39.46, 38.11, 38.83, 2605869, 0.0
2021-05-10 23:00:00, 38.59, 39.04, 38.015, 38.5, 2117227, 0.0
2021-05-11 23:00:00, 38.9, 38.75, 37.89, 37.93, 2058968, 0.0
2021-05-12 23:00:00, 37.96, 39.16, 37.85, 38.74, 1898997, 0.0
2021-05-13 23:00:00, 38.49, 38.66, 37.14, 37.25, 4235900, 0.0
2021-05-16 23:00:00, 37.67, 38.22, 36.72, 36.76, 3627976, 0.0
2021-05-17 23:00:00, 37.04, 37.72, 36.9, 37.35, 3195240, 0.0
2021-05-18 23:00:00, 36.84, 37.61, 36.8, 37.35, 2801117, 0.0
2021-05-19 23:00:00, 37.27, 37.77, 37.17, 37.25, 2102628, 0.0
2021-05-20 23:00:00, 37.31, 37.852, 37.16, 37.58, 2647959, 0.0
2021-05-23 23:00:00, 37.6, 37.9001, 37.33, 37.44, 1504253, 0.0
2021-05-24 23:00:00, 37.54, 37.93, 36.95, 37.15, 2189449, 0.0
2021-05-25 23:00:00, 37.24, 38.06, 37.07, 37.6279, 669240, 0.0
