Date, Open, High, Low, Close, Volume, Open Interest
2021-05-20 08:55:00, 142.48, 142.62, 142.48, 142.58, 300, 0.0
2021-05-20 08:57:00, 142.715, 142.715, 142.57, 142.57, 649, 0.0
2021-05-20 08:58:00, 142.68, 142.68, 142.535, 142.535, 338, 0.0
2021-05-20 09:00:00, 142.745, 142.81, 142.645, 142.645, 657, 0.0
2021-05-20 09:01:00, 142.84, 142.86, 142.835, 142.835, 605, 0.0
2021-05-20 09:02:00, 142.71, 142.74, 142.58, 142.58, 815, 0.0
2021-05-20 09:03:00, 142.53, 142.53, 142.41, 142.41, 301, 0.0
2021-05-20 09:04:00, 142.35, 142.35, 142.35, 142.35, 303, 0.0
2021-05-20 09:06:00, 142.41, 142.44, 142.33, 142.44, 520, 0.0
2021-05-20 09:07:00, 142.415, 142.415, 142.41, 142.41, 400, 0.0
2021-05-20 09:08:00, 142.37, 142.48, 142.365, 142.42, 4071, 0.0
2021-05-20 09:09:00, 142.46, 142.46, 142.46, 142.46, 594, 0.0
2021-05-20 09:10:00, 142.33, 142.46, 142.315, 142.43, 1236, 0.0
2021-05-20 09:11:00, 142.37, 142.39, 142.37, 142.37, 395, 0.0
2021-05-20 09:12:00, 142.44, 142.47, 142.395, 142.405, 1693, 0.0
2021-05-20 09:14:00, 142.36, 142.36, 142.275, 142.275, 507, 0.0
2021-05-20 09:15:00, 142.405, 142.48, 142.405, 142.44, 710, 0.0
2021-05-20 09:16:00, 142.45, 142.45, 142.45, 142.45, 204, 0.0
2021-05-20 09:17:00, 142.74, 142.74, 142.74, 142.74, 722, 0.0
2021-05-20 09:18:00, 142.725, 142.78, 142.725, 142.725, 700, 0.0
2021-05-20 09:19:00, 142.73, 142.73, 142.65, 142.65, 371, 0.0
2021-05-20 09:20:00, 142.63, 142.63, 142.485, 142.485, 500, 0.0
2021-05-20 09:21:00, 142.49, 142.495, 142.48, 142.48, 475, 0.0
2021-05-20 09:22:00, 142.59, 142.59, 142.59, 142.59, 289, 0.0
2021-05-20 09:23:00, 142.5, 142.535, 142.485, 142.535, 529, 0.0
2021-05-20 09:24:00, 142.535, 142.535, 142.535, 142.535, 388, 0.0
2021-05-20 09:25:00, 142.435, 142.435, 142.435, 142.435, 310, 0.0
2021-05-20 09:26:00, 142.48, 142.52, 142.48, 142.52, 285, 0.0
2021-05-20 09:28:00, 142.61, 142.61, 142.6, 142.6, 801, 0.0
2021-05-20 09:30:00, 142.6, 142.6, 142.53, 142.53, 400, 0.0
2021-05-20 09:32:00, 142.53, 142.53, 142.53, 142.53, 142, 0.0
2021-05-20 09:33:00, 142.56, 142.56, 142.51, 142.52, 325, 0.0
2021-05-20 09:34:00, 142.47, 142.47, 142.47, 142.47, 245, 0.0
2021-05-20 09:36:00, 142.57, 142.57, 142.44, 142.46, 448, 0.0
2021-05-20 09:37:00, 142.295, 142.295, 142.295, 142.295, 115, 0.0
2021-05-20 09:38:00, 142.295, 142.445, 142.295, 142.44, 502, 0.0
2021-05-20 09:39:00, 142.35, 142.35, 142.26, 142.305, 306, 0.0
2021-05-20 09:41:00, 142.34, 142.39, 142.34, 142.39, 273, 0.0
2021-05-20 09:42:00, 142.38, 142.395, 142.29, 142.29, 1075, 0.0
2021-05-20 09:44:00, 142.28, 142.28, 142.28, 142.28, 254, 0.0
2021-05-20 09:45:00, 142.31, 142.31, 142.31, 142.31, 255, 0.0
2021-05-20 09:46:00, 142.3, 142.33, 142.26, 142.33, 500, 0.0
2021-05-20 09:48:00, 142.46, 142.46, 142.44, 142.44, 307, 0.0
2021-05-20 09:50:00, 142.49, 142.49, 142.49, 142.49, 166, 0.0
2021-05-20 09:51:00, 142.34, 142.34, 142.34, 142.34, 327, 0.0
2021-05-20 09:52:00, 142.5, 142.53, 142.49, 142.49, 667, 0.0
2021-05-20 09:55:00, 142.45, 142.45, 142.45, 142.45, 301, 0.0
2021-05-20 09:56:00, 142.52, 142.52, 142.5, 142.5, 647, 0.0
2021-05-20 09:57:00, 142.54, 142.54, 142.49, 142.49, 898, 0.0
2021-05-20 09:58:00, 142.54, 142.54, 142.5, 142.5, 801, 0.0
2021-05-20 10:00:00, 142.41, 142.41, 142.355, 142.355, 218, 0.0
2021-05-20 10:01:00, 142.25, 142.25, 142.25, 142.25, 206, 0.0
2021-05-20 10:03:00, 142.22, 142.22, 142.22, 142.22, 119, 0.0
2021-05-20 10:04:00, 142.045, 142.045, 142.045, 142.045, 144, 0.0
2021-05-20 10:07:00, 142.41, 142.41, 142.41, 142.41, 182, 0.0
2021-05-20 10:08:00, 142.425, 142.425, 142.425, 142.425, 200, 0.0
2021-05-20 10:09:00, 142.485, 142.485, 142.485, 142.485, 325, 0.0
2021-05-20 10:10:00, 142.415, 142.415, 142.41, 142.41, 250, 0.0
2021-05-20 10:11:00, 142.34, 142.34, 142.34, 142.34, 368, 0.0
2021-05-20 10:14:00, 142.36, 142.36, 142.29, 142.29, 325, 0.0
2021-05-20 10:15:00, 142.3, 142.3, 142.2, 142.2, 358, 0.0
2021-05-20 10:16:00, 142.29, 142.29, 142.29, 142.29, 380, 0.0
2021-05-20 10:17:00, 142.36, 142.36, 142.36, 142.36, 104, 0.0
2021-05-20 10:18:00, 142.34, 142.34, 142.34, 142.34, 299, 0.0
2021-05-20 10:19:00, 142.4, 142.4, 142.4, 142.4, 395, 0.0
2021-05-20 10:20:00, 142.365, 142.365, 142.365, 142.365, 109, 0.0
2021-05-20 10:22:00, 142.44, 142.44, 142.44, 142.44, 214, 0.0
2021-05-20 10:25:00, 142.42, 142.42, 142.335, 142.335, 710, 0.0
2021-05-20 10:26:00, 142.45, 142.45, 142.45, 142.45, 942, 0.0
2021-05-20 10:27:00, 142.47, 142.47, 142.47, 142.47, 202, 0.0
2021-05-20 10:28:00, 142.6, 142.6, 142.6, 142.6, 304, 0.0
2021-05-20 10:29:00, 142.62, 142.62, 142.56, 142.6, 1212, 0.0
2021-05-20 10:30:00, 142.645, 142.645, 142.63, 142.63, 350, 0.0
2021-05-20 10:31:00, 142.59, 142.59, 142.59, 142.59, 120, 0.0
2021-05-20 10:32:00, 142.53, 142.53, 142.53, 142.53, 252, 0.0
2021-05-20 10:33:00, 142.52, 142.535, 142.52, 142.535, 519, 0.0
2021-05-20 10:34:00, 142.62, 142.62, 142.62, 142.62, 230, 0.0
2021-05-20 10:35:00, 142.75, 142.75, 142.75, 142.75, 111, 0.0
2021-05-20 10:36:00, 142.78, 142.78, 142.74, 142.74, 420, 0.0
2021-05-20 10:38:00, 142.57, 142.57, 142.57, 142.57, 201, 0.0
2021-05-20 10:39:00, 142.665, 142.665, 142.665, 142.665, 120, 0.0
2021-05-20 10:40:00, 142.805, 142.88, 142.805, 142.87, 586, 0.0
2021-05-20 10:41:00, 142.82, 142.82, 142.82, 142.82, 101, 0.0
2021-05-20 10:42:00, 143.07, 143.07, 143.04, 143.04, 500, 0.0
2021-05-20 10:43:00, 142.995, 143.05, 142.995, 143.05, 811, 0.0
2021-05-20 10:44:00, 143.1, 143.1, 143.1, 143.1, 100, 0.0
2021-05-20 10:45:00, 143.01, 143.01, 143.01, 143.01, 100, 0.0
2021-05-20 10:47:00, 142.86, 142.865, 142.86, 142.865, 305, 0.0
2021-05-20 10:48:00, 142.84, 142.845, 142.78, 142.845, 600, 0.0
2021-05-20 10:50:00, 142.79, 142.79, 142.79, 142.79, 112, 0.0
2021-05-20 10:52:00, 142.82, 142.82, 142.81, 142.81, 400, 0.0
2021-05-20 10:53:00, 142.78, 142.78, 142.78, 142.78, 200, 0.0
2021-05-20 10:54:00, 142.825, 142.825, 142.78, 142.78, 331, 0.0
2021-05-20 10:56:00, 142.83, 142.83, 142.79, 142.79, 215, 0.0
2021-05-20 10:57:00, 142.755, 142.755, 142.75, 142.75, 225, 0.0
2021-05-20 10:58:00, 142.75, 142.75, 142.75, 142.75, 373, 0.0
2021-05-20 11:00:00, 142.71, 142.71, 142.68, 142.68, 300, 0.0
2021-05-20 11:01:00, 142.63, 142.63, 142.63, 142.63, 100, 0.0
2021-05-20 11:02:00, 142.62, 142.62, 142.62, 142.62, 205, 0.0
2021-05-20 11:03:00, 142.64, 142.64, 142.64, 142.64, 100, 0.0
2021-05-20 11:04:00, 142.64, 142.64, 142.58, 142.58, 300, 0.0
2021-05-20 11:05:00, 142.71, 142.71, 142.59, 142.59, 533, 0.0
2021-05-20 11:06:00, 142.65, 142.67, 142.65, 142.67, 215, 0.0
2021-05-20 11:07:00, 142.68, 142.68, 142.68, 142.68, 100, 0.0
2021-05-20 11:08:00, 142.67, 142.67, 142.65, 142.65, 324, 0.0
2021-05-20 11:09:00, 142.65, 142.65, 142.65, 142.65, 128, 0.0
2021-05-20 11:10:00, 142.605, 142.605, 142.605, 142.605, 100, 0.0
2021-05-20 11:12:00, 142.685, 142.685, 142.685, 142.685, 165, 0.0
2021-05-20 11:14:00, 142.665, 142.665, 142.635, 142.66, 510, 0.0
2021-05-20 11:15:00, 142.7, 142.7, 142.7, 142.7, 200, 0.0
2021-05-20 11:16:00, 142.67, 142.69, 142.64, 142.69, 815, 0.0
2021-05-20 11:17:00, 142.7, 142.705, 142.7, 142.705, 335, 0.0
2021-05-20 11:19:00, 142.75, 142.75, 142.73, 142.73, 773, 0.0
2021-05-20 11:20:00, 142.69, 142.69, 142.69, 142.69, 226, 0.0
2021-05-20 11:21:00, 142.59, 142.59, 142.59, 142.59, 114, 0.0
2021-05-20 11:22:00, 142.605, 142.605, 142.605, 142.605, 465, 0.0
2021-05-20 11:23:00, 142.59, 142.59, 142.59, 142.59, 101, 0.0
2021-05-20 11:25:00, 142.6, 142.6, 142.6, 142.6, 128, 0.0
2021-05-20 11:26:00, 142.7, 142.7, 142.7, 142.7, 171, 0.0
2021-05-20 11:28:00, 142.745, 142.745, 142.62, 142.62, 909, 0.0
2021-05-20 11:29:00, 142.69, 142.69, 142.6, 142.6, 200, 0.0
2021-05-20 11:30:00, 142.7, 142.72, 142.7, 142.71, 869, 0.0
2021-05-20 11:32:00, 142.75, 142.75, 142.75, 142.75, 100, 0.0
2021-05-20 11:33:00, 142.77, 142.785, 142.76, 142.76, 920, 0.0
2021-05-20 11:35:00, 142.67, 142.67, 142.67, 142.67, 100, 0.0
2021-05-20 11:36:00, 142.62, 142.62, 142.56, 142.56, 638, 0.0
2021-05-20 11:37:00, 142.57, 142.57, 142.55, 142.55, 200, 0.0
2021-05-20 11:40:00, 142.72, 142.72, 142.72, 142.72, 100, 0.0
2021-05-20 11:45:00, 142.64, 142.71, 142.64, 142.71, 337, 0.0
2021-05-20 11:47:00, 142.715, 142.715, 142.715, 142.715, 100, 0.0
2021-05-20 11:49:00, 142.75, 142.76, 142.75, 142.75, 418, 0.0
2021-05-20 11:50:00, 142.71, 142.73, 142.71, 142.73, 405, 0.0
2021-05-20 11:51:00, 142.705, 142.705, 142.69, 142.69, 206, 0.0
2021-05-20 11:54:00, 142.74, 142.74, 142.74, 142.74, 100, 0.0
2021-05-20 11:56:00, 142.68, 142.68, 142.68, 142.68, 197, 0.0
2021-05-20 11:57:00, 142.67, 142.71, 142.67, 142.71, 200, 0.0
2021-05-20 11:59:00, 142.755, 142.755, 142.74, 142.74, 256, 0.0
2021-05-20 12:00:00, 142.735, 142.735, 142.735, 142.735, 152, 0.0
2021-05-20 12:01:00, 142.785, 142.8, 142.785, 142.8, 300, 0.0
2021-05-20 12:02:00, 142.83, 142.83, 142.83, 142.83, 104, 0.0
2021-05-20 12:03:00, 142.83, 142.84, 142.81, 142.84, 322, 0.0
2021-05-20 12:04:00, 142.8, 142.8, 142.8, 142.8, 437, 0.0
2021-05-20 12:05:00, 142.83, 142.83, 142.83, 142.83, 159, 0.0
2021-05-20 12:06:00, 142.83, 142.83, 142.81, 142.81, 210, 0.0
2021-05-20 12:07:00, 142.85, 142.85, 142.85, 142.85, 300, 0.0
2021-05-20 12:11:00, 142.75, 142.75, 142.75, 142.75, 110, 0.0
2021-05-20 12:12:00, 142.74, 142.74, 142.74, 142.74, 146, 0.0
2021-05-20 12:13:00, 142.76, 142.76, 142.76, 142.76, 399, 0.0
2021-05-20 12:14:00, 142.78, 142.78, 142.74, 142.74, 279, 0.0
2021-05-20 12:15:00, 142.69, 142.73, 142.69, 142.73, 300, 0.0
2021-05-20 12:16:00, 142.785, 142.785, 142.74, 142.74, 287, 0.0
2021-05-20 12:17:00, 142.67, 142.67, 142.66, 142.66, 678, 0.0
2021-05-20 12:18:00, 142.59, 142.59, 142.59, 142.59, 144, 0.0
2021-05-20 12:19:00, 142.605, 142.62, 142.58, 142.58, 340, 0.0
2021-05-20 12:20:00, 142.57, 142.625, 142.57, 142.59, 301, 0.0
2021-05-20 12:22:00, 142.52, 142.52, 142.52, 142.52, 300, 0.0
2021-05-20 12:23:00, 142.55, 142.55, 142.55, 142.55, 100, 0.0
2021-05-20 12:24:00, 142.53, 142.53, 142.53, 142.53, 211, 0.0
2021-05-20 12:25:00, 142.53, 142.53, 142.53, 142.53, 199, 0.0
2021-05-20 12:28:00, 142.49, 142.49, 142.49, 142.49, 147, 0.0
2021-05-20 12:29:00, 142.545, 142.545, 142.545, 142.545, 101, 0.0
2021-05-20 12:30:00, 142.51, 142.51, 142.51, 142.51, 597, 0.0
2021-05-20 12:32:00, 142.74, 142.74, 142.72, 142.735, 915, 0.0
2021-05-20 12:34:00, 142.69, 142.69, 142.69, 142.69, 100, 0.0
2021-05-20 12:35:00, 142.68, 142.68, 142.58, 142.58, 715, 0.0
2021-05-20 12:37:00, 142.575, 142.595, 142.575, 142.595, 300, 0.0
2021-05-20 12:38:00, 142.6, 142.6, 142.6, 142.6, 100, 0.0
2021-05-20 12:39:00, 142.575, 142.575, 142.575, 142.575, 100, 0.0
2021-05-20 12:40:00, 142.63, 142.63, 142.54, 142.54, 412, 0.0
2021-05-20 12:41:00, 142.52, 142.52, 142.52, 142.52, 159, 0.0
2021-05-20 12:42:00, 142.5, 142.5, 142.47, 142.47, 312, 0.0
2021-05-20 12:43:00, 142.525, 142.54, 142.45, 142.45, 406, 0.0
2021-05-20 12:46:00, 142.41, 142.41, 142.41, 142.41, 201, 0.0
2021-05-20 12:49:00, 142.44, 142.44, 142.32, 142.32, 1050, 0.0
2021-05-20 12:50:00, 142.27, 142.27, 142.27, 142.27, 200, 0.0
2021-05-20 12:51:00, 142.345, 142.345, 142.345, 142.345, 200, 0.0
2021-05-20 12:52:00, 142.365, 142.365, 142.27, 142.27, 705, 0.0
2021-05-20 12:53:00, 142.28, 142.28, 142.28, 142.28, 200, 0.0
2021-05-20 12:54:00, 142.08, 142.175, 142.08, 142.15, 404, 0.0
2021-05-20 12:55:00, 142.14, 142.14, 142.14, 142.14, 101, 0.0
2021-05-20 12:57:00, 142.23, 142.23, 142.22, 142.22, 208, 0.0
2021-05-20 13:01:00, 142.165, 142.165, 142.165, 142.165, 100, 0.0
2021-05-20 13:03:00, 142.13, 142.13, 142.13, 142.13, 106, 0.0
2021-05-20 13:06:00, 142.01, 142.01, 142.01, 142.01, 200, 0.0
2021-05-20 13:08:00, 141.975, 141.975, 141.94, 141.94, 457, 0.0
2021-05-20 13:10:00, 141.9, 141.9, 141.87, 141.87, 205, 0.0
2021-05-20 13:11:00, 141.88, 141.88, 141.8, 141.8, 438, 0.0
2021-05-20 13:13:00, 141.875, 141.875, 141.87, 141.87, 394, 0.0
2021-05-20 13:14:00, 141.89, 141.89, 141.89, 141.89, 101, 0.0
2021-05-20 13:15:00, 141.89, 141.89, 141.89, 141.89, 601, 0.0
2021-05-20 13:16:00, 141.87, 141.87, 141.87, 141.87, 101, 0.0
2021-05-20 13:20:00, 141.9, 141.9, 141.87, 141.87, 200, 0.0
2021-05-20 13:21:00, 141.99, 141.99, 141.99, 141.99, 200, 0.0
2021-05-20 13:22:00, 141.96, 141.97, 141.96, 141.97, 210, 0.0
2021-05-20 13:23:00, 142.055, 142.055, 142.02, 142.02, 300, 0.0
2021-05-20 13:24:00, 142.05, 142.05, 142.05, 142.05, 197, 0.0
2021-05-20 13:25:00, 141.97, 141.97, 141.97, 141.97, 200, 0.0
2021-05-20 13:26:00, 141.915, 141.915, 141.89, 141.89, 201, 0.0
2021-05-20 13:27:00, 141.91, 141.91, 141.91, 141.91, 100, 0.0
2021-05-20 13:28:00, 141.95, 141.95, 141.89, 141.89, 384, 0.0
2021-05-20 13:29:00, 141.88, 141.88, 141.88, 141.88, 200, 0.0
2021-05-20 13:31:00, 141.98, 141.98, 141.98, 141.98, 146, 0.0
2021-05-20 13:32:00, 142.03, 142.03, 142.03, 142.03, 200, 0.0
2021-05-20 13:33:00, 142.05, 142.05, 142.05, 142.05, 106, 0.0
2021-05-20 13:34:00, 142.09, 142.09, 142.09, 142.09, 100, 0.0
2021-05-20 13:35:00, 142.02, 142.02, 142.02, 142.02, 332, 0.0
2021-05-20 13:36:00, 141.96, 141.96, 141.96, 141.96, 100, 0.0
2021-05-20 13:37:00, 141.975, 141.975, 141.97, 141.97, 300, 0.0
2021-05-20 13:38:00, 141.93, 141.93, 141.88, 141.88, 200, 0.0
2021-05-20 13:40:00, 141.89, 141.91, 141.89, 141.91, 200, 0.0
2021-05-20 13:41:00, 141.87, 141.92, 141.87, 141.92, 404, 0.0
2021-05-20 13:43:00, 141.92, 141.92, 141.92, 141.92, 100, 0.0
2021-05-20 13:44:00, 141.86, 141.86, 141.86, 141.86, 412, 0.0
2021-05-20 13:47:00, 141.81, 141.81, 141.745, 141.745, 500, 0.0
2021-05-20 13:48:00, 141.76, 141.76, 141.695, 141.695, 731, 0.0
2021-05-20 13:49:00, 141.72, 141.72, 141.695, 141.695, 510, 0.0
2021-05-20 13:50:00, 141.7, 141.7, 141.615, 141.615, 620, 0.0
2021-05-20 13:51:00, 141.615, 141.63, 141.615, 141.63, 300, 0.0
2021-05-20 13:52:00, 141.61, 141.63, 141.61, 141.63, 200, 0.0
2021-05-20 13:53:00, 141.75, 141.75, 141.73, 141.75, 856, 0.0
2021-05-20 13:55:00, 141.77, 141.77, 141.77, 141.77, 100, 0.0
2021-05-20 13:56:00, 141.77, 141.77, 141.73, 141.74, 667, 0.0
2021-05-20 13:57:00, 141.795, 141.795, 141.795, 141.795, 233, 0.0
2021-05-20 14:00:00, 141.73, 141.73, 141.61, 141.68, 542, 0.0
2021-05-20 14:02:00, 141.78, 141.78, 141.78, 141.78, 200, 0.0
2021-05-20 14:03:00, 141.735, 141.735, 141.71, 141.71, 206, 0.0
2021-05-20 14:04:00, 141.725, 141.76, 141.725, 141.76, 204, 0.0
2021-05-20 14:06:00, 141.87, 141.87, 141.87, 141.87, 100, 0.0
2021-05-20 14:07:00, 141.84, 141.84, 141.835, 141.835, 402, 0.0
2021-05-20 14:10:00, 141.91, 141.91, 141.91, 141.91, 210, 0.0
2021-05-20 14:13:00, 141.92, 141.92, 141.92, 141.92, 100, 0.0
2021-05-20 14:14:00, 141.93, 141.93, 141.93, 141.93, 231, 0.0
2021-05-20 14:16:00, 141.9, 141.985, 141.9, 141.985, 243, 0.0
2021-05-20 14:17:00, 141.95, 141.95, 141.95, 141.95, 101, 0.0
2021-05-20 14:18:00, 141.99, 141.99, 141.99, 141.99, 100, 0.0
2021-05-20 14:19:00, 141.955, 141.955, 141.91, 141.91, 400, 0.0
2021-05-20 14:20:00, 141.935, 141.935, 141.935, 141.935, 100, 0.0
2021-05-20 14:22:00, 141.96, 141.96, 141.95, 141.95, 205, 0.0
2021-05-20 14:24:00, 141.94, 141.96, 141.94, 141.96, 417, 0.0
2021-05-20 14:25:00, 142.02, 142.03, 142.02, 142.03, 300, 0.0
2021-05-20 14:26:00, 141.995, 141.995, 141.995, 141.995, 160, 0.0
2021-05-20 14:27:00, 141.995, 142.01, 141.995, 142, 500, 0.0
2021-05-20 14:28:00, 142, 142.025, 142, 142.025, 347, 0.0
2021-05-20 14:29:00, 142.11, 142.14, 142.11, 142.14, 426, 0.0
2021-05-20 14:30:00, 142.155, 142.155, 142.155, 142.155, 180, 0.0
2021-05-20 14:32:00, 142.06, 142.06, 142.06, 142.06, 300, 0.0
2021-05-20 14:33:00, 141.99, 141.99, 141.98, 141.98, 200, 0.0
2021-05-20 14:34:00, 141.955, 141.955, 141.955, 141.955, 100, 0.0
2021-05-20 14:35:00, 141.93, 141.95, 141.89, 141.89, 1104, 0.0
2021-05-20 14:36:00, 141.875, 141.88, 141.875, 141.88, 705, 0.0
2021-05-20 14:37:00, 141.84, 141.93, 141.84, 141.92, 1034, 0.0
2021-05-20 14:38:00, 141.905, 141.96, 141.905, 141.96, 804, 0.0
2021-05-20 14:40:00, 141.935, 141.94, 141.88, 141.88, 1148, 0.0
2021-05-20 14:41:00, 141.875, 141.905, 141.875, 141.905, 400, 0.0
2021-05-20 14:42:00, 141.875, 141.89, 141.815, 141.815, 618, 0.0
2021-05-20 14:43:00, 141.83, 141.83, 141.78, 141.78, 701, 0.0
2021-05-20 14:44:00, 141.83, 141.83, 141.82, 141.82, 231, 0.0
2021-05-20 14:45:00, 141.93, 141.93, 141.88, 141.91, 603, 0.0
2021-05-20 14:46:00, 141.91, 141.91, 141.89, 141.9, 578, 0.0
2021-05-20 14:47:00, 141.91, 141.965, 141.91, 141.935, 765, 0.0
2021-05-20 14:48:00, 142, 142.01, 141.91, 141.91, 734, 0.0
2021-05-20 14:49:00, 141.88, 141.88, 141.855, 141.855, 461, 0.0
2021-05-20 14:50:00, 141.82, 141.82, 141.715, 141.75, 1862, 0.0
2021-05-20 14:51:00, 141.725, 141.725, 141.64, 141.66, 2326, 0.0
2021-05-20 14:52:00, 141.685, 141.845, 141.685, 141.81, 1473, 0.0
2021-05-20 14:53:00, 141.82, 141.86, 141.815, 141.86, 1578, 0.0
2021-05-20 14:54:00, 141.83, 142.02, 141.815, 141.87, 4892, 0.0
2021-05-20 14:55:00, 141.86, 141.86, 141.75, 141.76, 2192, 0.0
2021-05-20 14:56:00, 141.74, 141.74, 141.61, 141.61, 3534, 0.0
2021-05-20 14:57:00, 141.595, 141.66, 141.595, 141.645, 2112, 0.0
2021-05-20 14:58:00, 141.63, 141.79, 141.59, 141.79, 3492, 0.0
2021-05-20 14:59:00, 141.83, 141.9, 141.83, 141.88, 2843, 0.0
2021-05-21 08:30:00, 142.35, 142.42, 142.31, 142.35, 1073, 0.0
2021-05-21 08:31:00, 142.46, 142.79, 142.46, 142.73, 1154, 0.0
2021-05-21 08:32:00, 142.82, 142.99, 142.82, 142.95, 1996, 0.0
2021-05-21 08:33:00, 142.88, 143.055, 142.86, 143.055, 590, 0.0
2021-05-21 08:34:00, 143.05, 143.05, 142.97, 142.97, 386, 0.0
2021-05-21 08:35:00, 142.82, 142.82, 142.82, 142.82, 100, 0.0
2021-05-21 08:36:00, 142.855, 142.855, 142.74, 142.74, 500, 0.0
2021-05-21 08:37:00, 142.57, 142.57, 142.57, 142.57, 585, 0.0
2021-05-21 08:38:00, 142.63, 142.67, 142.6, 142.67, 565, 0.0
2021-05-21 08:39:00, 142.54, 142.545, 142.54, 142.545, 402, 0.0
2021-05-21 08:40:00, 142.4, 142.4, 142.34, 142.34, 360, 0.0
2021-05-21 08:41:00, 142.44, 142.465, 142.44, 142.465, 407, 0.0
2021-05-21 08:42:00, 142.45, 142.51, 142.435, 142.435, 5013, 0.0
2021-05-21 08:43:00, 142.35, 142.56, 142.35, 142.56, 1389, 0.0
2021-05-21 08:44:00, 142.68, 142.68, 142.56, 142.565, 459, 0.0
2021-05-21 08:45:00, 142.61, 142.61, 142.42, 142.42, 611, 0.0
2021-05-21 08:46:00, 142.34, 142.34, 142.31, 142.31, 562, 0.0
2021-05-21 08:47:00, 142.42, 142.42, 142.42, 142.42, 355, 0.0
2021-05-21 08:48:00, 142.55, 142.55, 142.55, 142.55, 258, 0.0
2021-05-21 08:49:00, 142.25, 142.29, 142.25, 142.29, 348, 0.0
2021-05-21 08:51:00, 142.265, 142.285, 142.26, 142.285, 800, 0.0
2021-05-21 08:52:00, 142.24, 142.24, 142.16, 142.16, 1202, 0.0
2021-05-21 08:53:00, 142.1, 142.1, 142.06, 142.08, 504, 0.0
2021-05-21 08:54:00, 142.04, 142.06, 142.01, 142.01, 1781, 0.0
2021-05-21 08:55:00, 142.11, 142.13, 142.11, 142.13, 404, 0.0
2021-05-21 08:56:00, 142, 142, 142, 142, 308, 0.0
2021-05-21 08:57:00, 142.29, 142.3, 142.29, 142.3, 228, 0.0
2021-05-21 08:58:00, 142.31, 142.31, 142.31, 142.31, 102, 0.0
2021-05-21 08:59:00, 142.26, 142.27, 142.26, 142.27, 328, 0.0
2021-05-21 09:00:00, 142.215, 142.215, 142.215, 142.215, 102, 0.0
2021-05-21 09:04:00, 142.235, 142.235, 142.235, 142.235, 205, 0.0
2021-05-21 09:05:00, 142.19, 142.19, 142.19, 142.19, 312, 0.0
2021-05-21 09:06:00, 142.02, 142.02, 142.02, 142.02, 101, 0.0
2021-05-21 09:07:00, 141.94, 141.96, 141.94, 141.96, 605, 0.0
2021-05-21 09:08:00, 141.915, 141.915, 141.915, 141.915, 194, 0.0
2021-05-21 09:09:00, 141.85, 141.85, 141.85, 141.85, 101, 0.0
2021-05-21 09:10:00, 142.02, 142.02, 142.02, 142.02, 187, 0.0
2021-05-21 09:12:00, 142.06, 142.075, 142.06, 142.075, 692, 0.0
2021-05-21 09:14:00, 142, 142.01, 142, 142.01, 300, 0.0
2021-05-21 09:15:00, 141.92, 141.92, 141.88, 141.88, 200, 0.0
2021-05-21 09:16:00, 141.81, 141.82, 141.745, 141.745, 700, 0.0
2021-05-21 09:17:00, 141.74, 141.75, 141.74, 141.75, 200, 0.0
2021-05-21 09:18:00, 141.72, 141.81, 141.67, 141.67, 1233, 0.0
2021-05-21 09:19:00, 141.7, 141.7, 141.7, 141.7, 436, 0.0
2021-05-21 09:20:00, 141.64, 141.88, 141.64, 141.88, 580, 0.0
2021-05-21 09:21:00, 141.69, 141.69, 141.675, 141.675, 354, 0.0
2021-05-21 09:22:00, 141.655, 141.655, 141.655, 141.655, 127, 0.0
2021-05-21 09:23:00, 141.74, 141.74, 141.74, 141.74, 547, 0.0
2021-05-21 09:24:00, 141.76, 141.83, 141.73, 141.73, 1440, 0.0
2021-05-21 09:25:00, 141.755, 141.79, 141.69, 141.69, 1300, 0.0
2021-05-21 09:26:00, 141.82, 141.835, 141.82, 141.835, 358, 0.0
2021-05-21 09:27:00, 141.86, 141.88, 141.86, 141.88, 450, 0.0
2021-05-21 09:28:00, 141.99, 141.99, 141.98, 141.98, 301, 0.0
2021-05-21 09:29:00, 141.91, 141.91, 141.905, 141.905, 422, 0.0
2021-05-21 09:31:00, 141.8, 141.8, 141.76, 141.76, 424, 0.0
2021-05-21 09:32:00, 142.11, 142.13, 142.11, 142.13, 606, 0.0
2021-05-21 09:33:00, 142.085, 142.085, 142.085, 142.085, 206, 0.0
2021-05-21 09:34:00, 142, 142, 142, 142, 315, 0.0
2021-05-21 09:35:00, 142.02, 142.02, 141.93, 141.93, 339, 0.0
2021-05-21 09:36:00, 141.86, 141.86, 141.82, 141.82, 258, 0.0
2021-05-21 09:37:00, 141.58, 141.65, 141.58, 141.65, 946, 0.0
2021-05-21 09:38:00, 141.65, 141.69, 141.65, 141.69, 480, 0.0
2021-05-21 09:39:00, 141.75, 141.75, 141.7, 141.7, 431, 0.0
2021-05-21 09:41:00, 141.7, 141.7, 141.65, 141.65, 733, 0.0
2021-05-21 09:43:00, 141.64, 141.66, 141.64, 141.66, 364, 0.0
2021-05-21 09:44:00, 141.6, 141.6, 141.6, 141.6, 100, 0.0
2021-05-21 09:45:00, 141.6, 141.6, 141.53, 141.53, 620, 0.0
2021-05-21 09:46:00, 141.6, 141.6, 141.6, 141.6, 282, 0.0
2021-05-21 09:47:00, 141.535, 141.535, 141.535, 141.535, 198, 0.0
2021-05-21 09:48:00, 141.6, 141.6, 141.6, 141.6, 281, 0.0
2021-05-21 09:50:00, 141.5, 141.52, 141.5, 141.52, 552, 0.0
2021-05-21 09:52:00, 141.445, 141.445, 141.4, 141.4, 201, 0.0
2021-05-21 09:53:00, 141.425, 141.425, 141.425, 141.425, 101, 0.0
2021-05-21 09:55:00, 141.37, 141.37, 141.37, 141.37, 100, 0.0
2021-05-21 09:57:00, 141.4, 141.44, 141.4, 141.44, 423, 0.0
2021-05-21 09:58:00, 141.4, 141.4, 141.39, 141.39, 428, 0.0
2021-05-21 10:00:00, 141.41, 141.41, 141.41, 141.41, 293, 0.0
2021-05-21 10:02:00, 141.615, 141.615, 141.615, 141.615, 101, 0.0
2021-05-21 10:04:00, 141.455, 141.455, 141.4, 141.4, 201, 0.0
2021-05-21 10:05:00, 141.4, 141.4, 141.4, 141.4, 165, 0.0
2021-05-21 10:07:00, 141.34, 141.34, 141.34, 141.34, 101, 0.0
2021-05-21 10:08:00, 141.39, 141.39, 141.38, 141.38, 211, 0.0
2021-05-21 10:09:00, 141.39, 141.39, 141.39, 141.39, 110, 0.0
2021-05-21 10:10:00, 141.39, 141.39, 141.39, 141.39, 187, 0.0
2021-05-21 10:11:00, 141.48, 141.48, 141.48, 141.48, 171, 0.0
2021-05-21 10:12:00, 141.51, 141.51, 141.51, 141.51, 322, 0.0
2021-05-21 10:13:00, 141.53, 141.53, 141.53, 141.53, 220, 0.0
2021-05-21 10:14:00, 141.56, 141.56, 141.56, 141.56, 135, 0.0
2021-05-21 10:15:00, 141.55, 141.55, 141.55, 141.55, 100, 0.0
2021-05-21 10:16:00, 141.54, 141.54, 141.54, 141.54, 104, 0.0
2021-05-21 10:17:00, 141.5, 141.5, 141.5, 141.5, 424, 0.0
2021-05-21 10:18:00, 141.495, 141.495, 141.495, 141.495, 185, 0.0
2021-05-21 10:20:00, 141.49, 141.49, 141.47, 141.47, 200, 0.0
2021-05-21 10:21:00, 141.43, 141.44, 141.43, 141.44, 301, 0.0
2021-05-21 10:22:00, 141.38, 141.38, 141.34, 141.34, 319, 0.0
2021-05-21 10:23:00, 141.33, 141.37, 141.325, 141.37, 740, 0.0
2021-05-21 10:24:00, 141.39, 141.39, 141.39, 141.39, 100, 0.0
2021-05-21 10:26:00, 141.29, 141.295, 141.29, 141.295, 454, 0.0
2021-05-21 10:28:00, 141.12, 141.15, 141.12, 141.15, 270, 0.0
2021-05-21 10:30:00, 141.13, 141.13, 141.13, 141.13, 100, 0.0
2021-05-21 10:32:00, 141.25, 141.27, 141.25, 141.27, 296, 0.0
2021-05-21 10:33:00, 141.31, 141.42, 141.31, 141.42, 402, 0.0
2021-05-21 10:34:00, 141.38, 141.38, 141.38, 141.38, 206, 0.0
2021-05-21 10:35:00, 141.33, 141.33, 141.22, 141.22, 400, 0.0
2021-05-21 10:37:00, 141.2, 141.22, 141, 141, 564, 0.0
2021-05-21 10:38:00, 141.05, 141.05, 141.05, 141.05, 401, 0.0
2021-05-21 10:40:00, 141.08, 141.08, 141.08, 141.08, 362, 0.0
2021-05-21 10:41:00, 141.04, 141.04, 140.97, 140.97, 223, 0.0
2021-05-21 10:42:00, 140.905, 140.98, 140.905, 140.98, 249, 0.0
2021-05-21 10:43:00, 140.86, 140.98, 140.86, 140.98, 301, 0.0
2021-05-21 10:45:00, 140.92, 140.92, 140.865, 140.865, 200, 0.0
2021-05-21 10:46:00, 140.87, 140.93, 140.87, 140.93, 525, 0.0
2021-05-21 10:47:00, 140.96, 140.96, 140.96, 140.96, 109, 0.0
2021-05-21 10:49:00, 140.945, 140.945, 140.9, 140.9, 200, 0.0
2021-05-21 10:50:00, 140.87, 140.9, 140.87, 140.9, 541, 0.0
2021-05-21 10:51:00, 140.93, 140.93, 140.93, 140.93, 120, 0.0
2021-05-21 10:53:00, 140.87, 140.9, 140.87, 140.9, 201, 0.0
2021-05-21 10:54:00, 140.83, 140.83, 140.83, 140.83, 211, 0.0
2021-05-21 10:56:00, 140.77, 140.77, 140.77, 140.77, 122, 0.0
2021-05-21 10:57:00, 140.77, 140.77, 140.77, 140.77, 200, 0.0
2021-05-21 10:58:00, 140.78, 140.78, 140.75, 140.75, 336, 0.0
2021-05-21 10:59:00, 140.765, 140.765, 140.68, 140.68, 303, 0.0
2021-05-21 11:01:00, 140.7, 140.75, 140.7, 140.72, 517, 0.0
2021-05-21 11:03:00, 140.83, 140.83, 140.83, 140.83, 143, 0.0
2021-05-21 11:04:00, 140.83, 140.84, 140.82, 140.82, 537, 0.0
2021-05-21 11:05:00, 140.8, 140.8, 140.75, 140.75, 201, 0.0
2021-05-21 11:06:00, 140.75, 140.75, 140.685, 140.7, 305, 0.0
2021-05-21 11:08:00, 140.62, 140.62, 140.59, 140.59, 200, 0.0
2021-05-21 11:09:00, 140.55, 140.55, 140.55, 140.55, 172, 0.0
2021-05-21 11:10:00, 140.56, 140.56, 140.56, 140.56, 201, 0.0
2021-05-21 11:11:00, 140.605, 140.67, 140.605, 140.64, 501, 0.0
2021-05-21 11:12:00, 140.66, 140.66, 140.66, 140.66, 123, 0.0
2021-05-21 11:13:00, 140.61, 140.61, 140.61, 140.61, 101, 0.0
2021-05-21 11:15:00, 140.65, 140.65, 140.65, 140.65, 122, 0.0
2021-05-21 11:16:00, 140.61, 140.61, 140.61, 140.61, 101, 0.0
2021-05-21 11:17:00, 140.63, 140.63, 140.62, 140.62, 300, 0.0
2021-05-21 11:21:00, 140.64, 140.64, 140.64, 140.64, 172, 0.0
2021-05-21 11:23:00, 140.66, 140.66, 140.66, 140.66, 330, 0.0
2021-05-21 11:27:00, 140.71, 140.71, 140.71, 140.71, 201, 0.0
2021-05-21 11:30:00, 140.755, 140.755, 140.755, 140.755, 173, 0.0
2021-05-21 11:31:00, 140.78, 140.78, 140.78, 140.78, 138, 0.0
2021-05-21 11:35:00, 140.725, 140.725, 140.725, 140.725, 175, 0.0
2021-05-21 11:38:00, 140.77, 140.77, 140.72, 140.72, 201, 0.0
2021-05-21 11:39:00, 140.71, 140.74, 140.71, 140.74, 303, 0.0
2021-05-21 11:40:00, 140.775, 140.775, 140.775, 140.775, 297, 0.0
2021-05-21 11:41:00, 140.715, 140.73, 140.715, 140.73, 251, 0.0
2021-05-21 11:42:00, 140.745, 140.745, 140.745, 140.745, 100, 0.0
2021-05-21 11:43:00, 140.745, 140.745, 140.745, 140.745, 100, 0.0
2021-05-21 11:44:00, 140.735, 140.775, 140.735, 140.775, 221, 0.0
2021-05-21 11:46:00, 140.73, 140.73, 140.71, 140.71, 283, 0.0
2021-05-21 11:47:00, 140.63, 140.63, 140.63, 140.63, 217, 0.0
2021-05-21 11:48:00, 140.64, 140.66, 140.64, 140.66, 340, 0.0
2021-05-21 11:49:00, 140.63, 140.63, 140.61, 140.61, 364, 0.0
2021-05-21 11:50:00, 140.61, 140.7, 140.61, 140.7, 646, 0.0
2021-05-21 11:51:00, 140.67, 140.67, 140.66, 140.66, 201, 0.0
2021-05-21 11:55:00, 140.58, 140.58, 140.58, 140.58, 116, 0.0
2021-05-21 12:03:00, 140.705, 140.705, 140.705, 140.705, 200, 0.0
2021-05-21 12:05:00, 140.665, 140.665, 140.665, 140.665, 110, 0.0
2021-05-21 12:07:00, 140.72, 140.72, 140.72, 140.72, 100, 0.0
2021-05-21 12:08:00, 140.69, 140.69, 140.69, 140.69, 100, 0.0
2021-05-21 12:09:00, 140.71, 140.71, 140.71, 140.71, 200, 0.0
2021-05-21 12:10:00, 140.665, 140.69, 140.665, 140.69, 453, 0.0
2021-05-21 12:11:00, 140.72, 140.72, 140.72, 140.72, 112, 0.0
2021-05-21 12:12:00, 140.68, 140.68, 140.67, 140.67, 294, 0.0
2021-05-21 12:15:00, 140.62, 140.65, 140.62, 140.65, 677, 0.0
2021-05-21 12:16:00, 140.625, 140.625, 140.625, 140.625, 100, 0.0
2021-05-21 12:17:00, 140.6, 140.6, 140.6, 140.6, 192, 0.0
2021-05-21 12:19:00, 140.6, 140.62, 140.6, 140.62, 302, 0.0
2021-05-21 12:20:00, 140.66, 140.66, 140.66, 140.66, 200, 0.0
2021-05-21 12:21:00, 140.655, 140.655, 140.655, 140.655, 200, 0.0
2021-05-21 12:22:00, 140.67, 140.67, 140.67, 140.67, 201, 0.0
2021-05-21 12:24:00, 140.61, 140.61, 140.61, 140.61, 122, 0.0
2021-05-21 12:25:00, 140.6, 140.6, 140.565, 140.57, 619, 0.0
2021-05-21 12:27:00, 140.585, 140.585, 140.585, 140.585, 153, 0.0
2021-05-21 12:28:00, 140.61, 140.695, 140.61, 140.695, 1474, 0.0
2021-05-21 12:29:00, 140.72, 140.77, 140.72, 140.77, 480, 0.0
2021-05-21 12:31:00, 140.84, 140.84, 140.82, 140.83, 620, 0.0
2021-05-21 12:32:00, 140.835, 140.835, 140.835, 140.835, 226, 0.0
2021-05-21 12:33:00, 140.845, 140.845, 140.845, 140.845, 362, 0.0
2021-05-21 12:34:00, 140.8, 140.8, 140.8, 140.8, 346, 0.0
2021-05-21 12:35:00, 140.845, 140.845, 140.845, 140.845, 183, 0.0
2021-05-21 12:37:00, 140.78, 140.81, 140.78, 140.8, 871, 0.0
2021-05-21 12:38:00, 140.83, 140.83, 140.81, 140.81, 548, 0.0
2021-05-21 12:42:00, 140.97, 140.97, 140.97, 140.97, 336, 0.0
2021-05-21 12:47:00, 141.05, 141.05, 141.05, 141.05, 345, 0.0
2021-05-21 12:48:00, 141.03, 141.06, 141.03, 141.06, 371, 0.0
2021-05-21 12:49:00, 141.05, 141.06, 141.05, 141.06, 200, 0.0
2021-05-21 12:50:00, 141.13, 141.13, 141.13, 141.13, 412, 0.0
2021-05-21 12:52:00, 141.08, 141.08, 141.08, 141.08, 113, 0.0
2021-05-21 12:55:00, 141.1, 141.1, 141.1, 141.1, 100, 0.0
2021-05-21 12:56:00, 141.11, 141.11, 141.11, 141.11, 182, 0.0
2021-05-21 12:57:00, 141.13, 141.13, 141.13, 141.13, 200, 0.0
2021-05-21 12:58:00, 141.11, 141.11, 141.11, 141.11, 307, 0.0
2021-05-21 12:59:00, 141.06, 141.06, 141.06, 141.06, 175, 0.0
2021-05-21 13:00:00, 141.06, 141.06, 141.06, 141.06, 243, 0.0
2021-05-21 13:02:00, 141.12, 141.12, 141.12, 141.12, 117, 0.0
2021-05-21 13:10:00, 141.185, 141.185, 141.185, 141.185, 102, 0.0
2021-05-21 13:11:00, 141.185, 141.185, 141.185, 141.185, 398, 0.0
2021-05-21 13:14:00, 141.005, 141.03, 141.005, 141.02, 600, 0.0
2021-05-21 13:15:00, 141.045, 141.05, 141.045, 141.05, 400, 0.0
2021-05-21 13:20:00, 140.85, 140.86, 140.85, 140.86, 284, 0.0
2021-05-21 13:21:00, 140.87, 140.88, 140.87, 140.88, 300, 0.0
2021-05-21 13:23:00, 140.88, 140.88, 140.88, 140.88, 103, 0.0
2021-05-21 13:27:00, 140.685, 140.685, 140.685, 140.685, 120, 0.0
2021-05-21 13:28:00, 140.655, 140.655, 140.655, 140.655, 100, 0.0
2021-05-21 13:29:00, 140.68, 140.7, 140.68, 140.7, 200, 0.0
2021-05-21 13:30:00, 140.745, 140.745, 140.74, 140.74, 200, 0.0
2021-05-21 13:34:00, 140.61, 140.61, 140.61, 140.61, 153, 0.0
2021-05-21 13:37:00, 140.625, 140.625, 140.625, 140.625, 101, 0.0
2021-05-21 13:38:00, 140.5, 140.52, 140.5, 140.52, 247, 0.0
2021-05-21 13:39:00, 140.46, 140.46, 140.46, 140.46, 200, 0.0
2021-05-21 13:41:00, 140.52, 140.52, 140.52, 140.52, 181, 0.0
2021-05-21 13:43:00, 140.57, 140.57, 140.57, 140.57, 200, 0.0
2021-05-21 13:45:00, 140.49, 140.52, 140.49, 140.52, 281, 0.0
2021-05-21 13:47:00, 140.51, 140.51, 140.51, 140.51, 201, 0.0
2021-05-21 13:50:00, 140.455, 140.455, 140.455, 140.455, 104, 0.0
2021-05-21 13:51:00, 140.445, 140.47, 140.445, 140.47, 253, 0.0
2021-05-21 13:52:00, 140.52, 140.52, 140.52, 140.52, 200, 0.0
2021-05-21 13:54:00, 140.49, 140.5, 140.49, 140.5, 288, 0.0
2021-05-21 13:55:00, 140.42, 140.42, 140.42, 140.42, 105, 0.0
2021-05-21 13:56:00, 140.445, 140.445, 140.445, 140.445, 100, 0.0
2021-05-21 13:57:00, 140.435, 140.435, 140.435, 140.435, 103, 0.0
2021-05-21 13:58:00, 140.385, 140.385, 140.385, 140.385, 133, 0.0
2021-05-21 13:59:00, 140.4, 140.41, 140.4, 140.41, 300, 0.0
2021-05-21 14:00:00, 140.41, 140.465, 140.405, 140.43, 931, 0.0
2021-05-21 14:03:00, 140.34, 140.355, 140.34, 140.355, 408, 0.0
2021-05-21 14:04:00, 140.34, 140.34, 140.34, 140.34, 278, 0.0
2021-05-21 14:05:00, 140.34, 140.34, 140.34, 140.34, 365, 0.0
2021-05-21 14:11:00, 140.33, 140.38, 140.33, 140.35, 971, 0.0
2021-05-21 14:12:00, 140.38, 140.38, 140.38, 140.38, 115, 0.0
2021-05-21 14:13:00, 140.46, 140.46, 140.375, 140.375, 622, 0.0
2021-05-21 14:15:00, 140.4, 140.41, 140.39, 140.39, 661, 0.0
2021-05-21 14:16:00, 140.4, 140.4, 140.4, 140.4, 166, 0.0
2021-05-21 14:17:00, 140.39, 140.39, 140.39, 140.39, 110, 0.0
2021-05-21 14:18:00, 140.3, 140.3, 140.3, 140.3, 249, 0.0
2021-05-21 14:19:00, 140.28, 140.28, 140.28, 140.28, 100, 0.0
2021-05-21 14:20:00, 140.28, 140.28, 140.28, 140.28, 303, 0.0
2021-05-21 14:21:00, 140.34, 140.35, 140.34, 140.35, 247, 0.0
2021-05-21 14:22:00, 140.41, 140.445, 140.41, 140.445, 200, 0.0
2021-05-21 14:23:00, 140.475, 140.48, 140.475, 140.475, 547, 0.0
2021-05-21 14:24:00, 140.43, 140.43, 140.385, 140.42, 820, 0.0
2021-05-21 14:25:00, 140.37, 140.39, 140.355, 140.39, 369, 0.0
2021-05-21 14:26:00, 140.35, 140.35, 140.35, 140.35, 201, 0.0
2021-05-21 14:27:00, 140.38, 140.4, 140.36, 140.36, 300, 0.0
2021-05-21 14:28:00, 140.365, 140.4, 140.36, 140.395, 1000, 0.0
2021-05-21 14:29:00, 140.39, 140.41, 140.39, 140.41, 538, 0.0
2021-05-21 14:30:00, 140.43, 140.43, 140.41, 140.41, 413, 0.0
2021-05-21 14:32:00, 140.35, 140.435, 140.35, 140.42, 753, 0.0
2021-05-21 14:33:00, 140.4, 140.43, 140.395, 140.395, 849, 0.0
2021-05-21 14:34:00, 140.365, 140.37, 140.345, 140.37, 1649, 0.0
2021-05-21 14:35:00, 140.405, 140.43, 140.405, 140.43, 593, 0.0
2021-05-21 14:36:00, 140.42, 140.46, 140.42, 140.43, 2026, 0.0
2021-05-21 14:37:00, 140.425, 140.425, 140.34, 140.34, 1207, 0.0
2021-05-21 14:38:00, 140.35, 140.46, 140.34, 140.455, 730, 0.0
2021-05-21 14:39:00, 140.5, 140.5, 140.385, 140.385, 1291, 0.0
2021-05-21 14:40:00, 140.35, 140.475, 140.35, 140.475, 304, 0.0
2021-05-21 14:41:00, 140.435, 140.435, 140.435, 140.435, 263, 0.0
2021-05-21 14:42:00, 140.375, 140.375, 140.34, 140.34, 773, 0.0
2021-05-21 14:43:00, 140.36, 140.375, 140.35, 140.375, 993, 0.0
2021-05-21 14:44:00, 140.32, 140.32, 140.32, 140.32, 282, 0.0
2021-05-21 14:48:00, 140.26, 140.26, 140.23, 140.25, 387, 0.0
2021-05-21 14:49:00, 140.28, 140.31, 140.28, 140.31, 465, 0.0
2021-05-21 14:50:00, 140.3, 140.3, 140.21, 140.21, 767, 0.0
2021-05-21 14:51:00, 140.29, 140.29, 140.22, 140.22, 1320, 0.0
2021-05-21 14:52:00, 140.23, 140.28, 140.23, 140.28, 1562, 0.0
2021-05-21 14:53:00, 140.275, 140.33, 140.275, 140.33, 1627, 0.0
2021-05-21 14:54:00, 140.17, 140.19, 139.93, 139.93, 2775, 0.0
2021-05-21 14:55:00, 140.08, 140.15, 140.08, 140.15, 1297, 0.0
2021-05-21 14:56:00, 140.13, 140.19, 140.13, 140.17, 962, 0.0
2021-05-21 14:57:00, 140.18, 140.2, 140.13, 140.2, 1658, 0.0
2021-05-21 14:58:00, 140.17, 140.19, 140.13, 140.16, 1535, 0.0
2021-05-21 14:59:00, 140.17, 140.23, 140.11, 140.16, 2290, 0.0
2021-05-24 08:30:00, 141.31, 141.31, 141.31, 141.31, 279, 0.0
2021-05-24 08:31:00, 141.37, 141.37, 141.37, 141.37, 258, 0.0
2021-05-24 08:32:00, 141.61, 141.61, 141.61, 141.61, 105, 0.0
2021-05-24 08:33:00, 141.57, 141.79, 141.57, 141.79, 530, 0.0
2021-05-24 08:34:00, 141.83, 141.86, 141.83, 141.86, 200, 0.0
2021-05-24 08:35:00, 141.84, 141.84, 141.74, 141.77, 971, 0.0
2021-05-24 08:36:00, 141.97, 142, 141.97, 142, 380, 0.0
2021-05-24 08:37:00, 142.18, 142.31, 142.18, 142.31, 711, 0.0
2021-05-24 08:38:00, 142.15, 142.15, 142.14, 142.14, 327, 0.0
2021-05-24 08:39:00, 142.19, 142.21, 142.145, 142.21, 313, 0.0
2021-05-24 08:40:00, 142.5, 142.5, 142.5, 142.5, 269, 0.0
2021-05-24 08:46:00, 141.97, 141.97, 141.97, 141.97, 215, 0.0
2021-05-24 08:47:00, 141.84, 141.84, 141.84, 141.84, 101, 0.0
2021-05-24 08:48:00, 141.91, 141.91, 141.91, 141.91, 100, 0.0
2021-05-24 08:49:00, 141.71, 141.71, 141.71, 141.71, 269, 0.0
2021-05-24 08:50:00, 141.74, 141.74, 141.74, 141.74, 144, 0.0
2021-05-24 08:51:00, 141.77, 141.81, 141.72, 141.72, 473, 0.0
2021-05-24 08:52:00, 141.75, 141.75, 141.75, 141.75, 144, 0.0
2021-05-24 08:54:00, 141.68, 141.68, 141.68, 141.68, 111, 0.0
2021-05-24 08:56:00, 141.69, 141.69, 141.665, 141.665, 241, 0.0
2021-05-24 08:57:00, 141.44, 141.44, 141.44, 141.44, 190, 0.0
2021-05-24 08:59:00, 141.5, 141.505, 141.49, 141.49, 335, 0.0
2021-05-24 09:00:00, 141.665, 141.665, 141.665, 141.665, 133, 0.0
2021-05-24 09:01:00, 141.69, 141.69, 141.69, 141.69, 103, 0.0
2021-05-24 09:03:00, 141.72, 141.72, 141.72, 141.72, 100, 0.0
2021-05-24 09:05:00, 141.56, 141.56, 141.56, 141.56, 100, 0.0
2021-05-24 09:07:00, 141.53, 141.53, 141.53, 141.53, 112, 0.0
2021-05-24 09:11:00, 141.55, 141.55, 141.535, 141.535, 290, 0.0
2021-05-24 09:13:00, 141.55, 141.605, 141.55, 141.58, 702, 0.0
2021-05-24 09:14:00, 141.745, 141.745, 141.745, 141.745, 134, 0.0
2021-05-24 09:15:00, 141.81, 142.06, 141.81, 142.06, 2045, 0.0
2021-05-24 09:16:00, 141.98, 142.16, 141.98, 142.13, 881, 0.0
2021-05-24 09:17:00, 142.1, 142.1, 142.01, 142.01, 1366, 0.0
2021-05-24 09:18:00, 141.9, 141.9, 141.89, 141.89, 401, 0.0
2021-05-24 09:19:00, 141.93, 141.985, 141.93, 141.985, 403, 0.0
2021-05-24 09:21:00, 141.945, 141.945, 141.945, 141.945, 100, 0.0
2021-05-24 09:22:00, 141.94, 141.94, 141.94, 141.94, 100, 0.0
2021-05-24 09:23:00, 141.91, 141.92, 141.91, 141.92, 230, 0.0
2021-05-24 09:25:00, 142.11, 142.11, 142.06, 142.06, 249, 0.0
2021-05-24 09:26:00, 141.99, 141.99, 141.99, 141.99, 201, 0.0
2021-05-24 09:28:00, 142.055, 142.055, 142.055, 142.055, 103, 0.0
2021-05-24 09:30:00, 142.045, 142.045, 141.99, 141.99, 296, 0.0
2021-05-24 09:31:00, 141.98, 141.98, 141.98, 141.98, 102, 0.0
2021-05-24 09:33:00, 142.08, 142.08, 142.08, 142.08, 104, 0.0
2021-05-24 09:34:00, 142.02, 142.02, 142.02, 142.02, 500, 0.0
2021-05-24 09:36:00, 141.96, 141.96, 141.92, 141.92, 866, 0.0
2021-05-24 09:37:00, 141.88, 141.88, 141.88, 141.88, 100, 0.0
2021-05-24 09:39:00, 141.98, 141.98, 141.94, 141.94, 235, 0.0
2021-05-24 09:42:00, 141.86, 141.86, 141.785, 141.785, 453, 0.0
2021-05-24 09:44:00, 141.87, 141.965, 141.87, 141.965, 224, 0.0
2021-05-24 09:45:00, 141.95, 141.95, 141.9, 141.9, 314, 0.0
2021-05-24 09:47:00, 141.96, 141.96, 141.895, 141.895, 431, 0.0
2021-05-24 09:48:00, 141.885, 141.9, 141.885, 141.9, 382, 0.0
2021-05-24 09:50:00, 141.94, 141.94, 141.94, 141.94, 107, 0.0
2021-05-24 09:51:00, 141.97, 141.97, 141.96, 141.96, 241, 0.0
2021-05-24 09:52:00, 141.95, 141.95, 141.95, 141.95, 306, 0.0
2021-05-24 09:55:00, 141.99, 141.99, 141.99, 141.99, 307, 0.0
2021-05-24 09:58:00, 142.04, 142.12, 142.04, 142.12, 307, 0.0
2021-05-24 10:02:00, 142.26, 142.26, 142.21, 142.21, 324, 0.0
2021-05-24 10:03:00, 142.28, 142.28, 142.28, 142.28, 441, 0.0
2021-05-24 10:08:00, 142.335, 142.385, 142.335, 142.385, 302, 0.0
2021-05-24 10:09:00, 142.365, 142.365, 142.365, 142.365, 105, 0.0
2021-05-24 10:10:00, 142.33, 142.33, 142.33, 142.33, 202, 0.0
2021-05-24 10:11:00, 142.455, 142.455, 142.42, 142.42, 305, 0.0
2021-05-24 10:12:00, 142.415, 142.415, 142.39, 142.39, 504, 0.0
2021-05-24 10:13:00, 142.35, 142.35, 142.35, 142.35, 104, 0.0
2021-05-24 10:14:00, 142.28, 142.28, 142.28, 142.28, 114, 0.0
2021-05-24 10:15:00, 142.23, 142.23, 142.23, 142.23, 100, 0.0
2021-05-24 10:16:00, 142.22, 142.33, 142.22, 142.325, 479, 0.0
2021-05-24 10:17:00, 142.3, 142.3, 142.3, 142.3, 116, 0.0
2021-05-24 10:21:00, 142.29, 142.29, 142.26, 142.26, 422, 0.0
2021-05-24 10:22:00, 142.18, 142.18, 142.18, 142.18, 100, 0.0
2021-05-24 10:26:00, 142.15, 142.15, 142.15, 142.15, 328, 0.0
2021-05-24 10:28:00, 142.09, 142.09, 142.09, 142.09, 100, 0.0
2021-05-24 10:29:00, 142.09, 142.09, 142.09, 142.09, 102, 0.0
2021-05-24 10:31:00, 142.23, 142.23, 142.23, 142.23, 360, 0.0
2021-05-24 10:32:00, 142.17, 142.17, 142.17, 142.17, 214, 0.0
2021-05-24 10:36:00, 142.13, 142.13, 142.13, 142.13, 322, 0.0
2021-05-24 10:39:00, 142.11, 142.11, 142.11, 142.11, 100, 0.0
2021-05-24 10:40:00, 142.16, 142.17, 142.16, 142.17, 300, 0.0
2021-05-24 10:42:00, 142.13, 142.13, 142.13, 142.13, 100, 0.0
2021-05-24 10:47:00, 142.24, 142.24, 142.24, 142.24, 100, 0.0
2021-05-24 10:48:00, 142.23, 142.23, 142.22, 142.22, 323, 0.0
2021-05-24 10:49:00, 142.26, 142.26, 142.26, 142.26, 100, 0.0
2021-05-24 10:51:00, 142.25, 142.26, 142.25, 142.26, 201, 0.0
2021-05-24 10:52:00, 142.225, 142.225, 142.225, 142.225, 117, 0.0
2021-05-24 10:53:00, 142.19, 142.19, 142.05, 142.05, 208, 0.0
2021-05-24 10:54:00, 142.05, 142.14, 142.05, 142.14, 416, 0.0
2021-05-24 10:55:00, 142.17, 142.17, 142.17, 142.17, 100, 0.0
2021-05-24 10:56:00, 142.2, 142.2, 142.2, 142.2, 100, 0.0
2021-05-24 10:57:00, 142.22, 142.22, 142.22, 142.22, 103, 0.0
2021-05-24 10:58:00, 142.2, 142.2, 142.2, 142.2, 106, 0.0
2021-05-24 11:00:00, 142.26, 142.26, 142.26, 142.26, 154, 0.0
2021-05-24 11:01:00, 142.345, 142.345, 142.345, 142.345, 201, 0.0
2021-05-24 11:02:00, 142.355, 142.355, 142.355, 142.355, 100, 0.0
2021-05-24 11:04:00, 142.39, 142.39, 142.39, 142.39, 354, 0.0
2021-05-24 11:05:00, 142.44, 142.44, 142.37, 142.37, 314, 0.0
2021-05-24 11:06:00, 142.35, 142.35, 142.35, 142.35, 100, 0.0
2021-05-24 11:09:00, 142.33, 142.33, 142.33, 142.33, 100, 0.0
2021-05-24 11:11:00, 142.3, 142.3, 142.3, 142.3, 100, 0.0
2021-05-24 11:13:00, 142.24, 142.24, 142.24, 142.24, 216, 0.0
2021-05-24 11:16:00, 142.265, 142.265, 142.265, 142.265, 100, 0.0
2021-05-24 11:20:00, 142.31, 142.31, 142.26, 142.26, 312, 0.0
2021-05-24 11:22:00, 142.315, 142.315, 142.315, 142.315, 198, 0.0
2021-05-24 11:23:00, 142.26, 142.26, 142.25, 142.25, 227, 0.0
2021-05-24 11:26:00, 142.24, 142.24, 142.23, 142.23, 400, 0.0
2021-05-24 11:28:00, 142.2, 142.2, 142.2, 142.2, 152, 0.0
2021-05-24 11:31:00, 142.31, 142.315, 142.31, 142.315, 381, 0.0
2021-05-24 11:32:00, 142.33, 142.33, 142.29, 142.29, 361, 0.0
2021-05-24 11:36:00, 142.325, 142.33, 142.32, 142.32, 537, 0.0
2021-05-24 11:38:00, 142.36, 142.36, 142.36, 142.36, 695, 0.0
2021-05-24 11:41:00, 142.385, 142.385, 142.385, 142.385, 100, 0.0
2021-05-24 11:42:00, 142.44, 142.44, 142.44, 142.44, 148, 0.0
2021-05-24 11:43:00, 142.485, 142.485, 142.47, 142.47, 371, 0.0
2021-05-24 11:46:00, 142.38, 142.38, 142.38, 142.38, 188, 0.0
2021-05-24 11:48:00, 142.48, 142.48, 142.48, 142.48, 100, 0.0
2021-05-24 11:50:00, 142.47, 142.47, 142.39, 142.39, 500, 0.0
2021-05-24 11:52:00, 142.43, 142.43, 142.43, 142.43, 119, 0.0
2021-05-24 11:55:00, 142.41, 142.41, 142.4, 142.4, 218, 0.0
2021-05-24 11:56:00, 142.32, 142.32, 142.32, 142.32, 193, 0.0
2021-05-24 11:58:00, 142.37, 142.37, 142.37, 142.37, 104, 0.0
2021-05-24 12:00:00, 142.31, 142.31, 142.31, 142.31, 136, 0.0
2021-05-24 12:03:00, 142.38, 142.38, 142.38, 142.38, 200, 0.0
2021-05-24 12:04:00, 142.37, 142.37, 142.37, 142.37, 153, 0.0
2021-05-24 12:05:00, 142.28, 142.28, 142.28, 142.28, 100, 0.0
2021-05-24 12:12:00, 142.32, 142.37, 142.32, 142.37, 574, 0.0
2021-05-24 12:16:00, 142.335, 142.335, 142.335, 142.335, 100, 0.0
2021-05-24 12:18:00, 142.465, 142.465, 142.465, 142.465, 108, 0.0
2021-05-24 12:20:00, 142.43, 142.43, 142.43, 142.43, 100, 0.0
2021-05-24 12:22:00, 142.46, 142.47, 142.46, 142.47, 300, 0.0
2021-05-24 12:28:00, 142.41, 142.41, 142.4, 142.4, 202, 0.0
2021-05-24 12:30:00, 142.44, 142.44, 142.42, 142.42, 313, 0.0
2021-05-24 12:32:00, 142.43, 142.43, 142.42, 142.42, 210, 0.0
2021-05-24 12:33:00, 142.42, 142.42, 142.42, 142.42, 100, 0.0
2021-05-24 12:36:00, 142.4, 142.4, 142.4, 142.4, 101, 0.0
2021-05-24 12:37:00, 142.39, 142.39, 142.39, 142.39, 100, 0.0
2021-05-24 12:41:00, 142.31, 142.31, 142.31, 142.31, 100, 0.0
2021-05-24 12:42:00, 142.38, 142.38, 142.38, 142.38, 200, 0.0
2021-05-24 12:43:00, 142.39, 142.39, 142.39, 142.39, 100, 0.0
2021-05-24 12:46:00, 142.38, 142.38, 142.38, 142.38, 403, 0.0
2021-05-24 12:47:00, 142.35, 142.35, 142.34, 142.34, 602, 0.0
2021-05-24 12:51:00, 142.43, 142.43, 142.42, 142.43, 300, 0.0
2021-05-24 12:59:00, 142.35, 142.35, 142.35, 142.35, 120, 0.0
2021-05-24 13:00:00, 142.33, 142.33, 142.33, 142.33, 100, 0.0
2021-05-24 13:01:00, 142.32, 142.33, 142.32, 142.33, 500, 0.0
2021-05-24 13:05:00, 142.38, 142.38, 142.38, 142.38, 138, 0.0
2021-05-24 13:08:00, 142.33, 142.33, 142.3, 142.3, 303, 0.0
2021-05-24 13:18:00, 142.48, 142.48, 142.45, 142.45, 200, 0.0
2021-05-24 13:21:00, 142.5, 142.5, 142.49, 142.49, 200, 0.0
2021-05-24 13:22:00, 142.48, 142.48, 142.48, 142.48, 107, 0.0
2021-05-24 13:23:00, 142.41, 142.41, 142.41, 142.41, 100, 0.0
2021-05-24 13:25:00, 142.42, 142.42, 142.41, 142.41, 381, 0.0
2021-05-24 13:29:00, 142.43, 142.43, 142.43, 142.43, 158, 0.0
2021-05-24 13:30:00, 142.38, 142.38, 142.38, 142.38, 500, 0.0
2021-05-24 13:33:00, 142.46, 142.46, 142.46, 142.46, 200, 0.0
2021-05-24 13:34:00, 142.45, 142.45, 142.45, 142.45, 184, 0.0
2021-05-24 13:35:00, 142.42, 142.42, 142.42, 142.42, 304, 0.0
2021-05-24 13:39:00, 142.45, 142.45, 142.45, 142.45, 218, 0.0
2021-05-24 13:40:00, 142.48, 142.48, 142.48, 142.48, 202, 0.0
2021-05-24 13:41:00, 142.48, 142.48, 142.46, 142.46, 301, 0.0
2021-05-24 13:44:00, 142.55, 142.55, 142.55, 142.55, 103, 0.0
2021-05-24 13:45:00, 142.6, 142.6, 142.59, 142.59, 200, 0.0
2021-05-24 13:47:00, 142.5, 142.5, 142.5, 142.5, 304, 0.0
2021-05-24 13:49:00, 142.47, 142.47, 142.47, 142.47, 200, 0.0
2021-05-24 13:51:00, 142.46, 142.46, 142.46, 142.46, 102, 0.0
2021-05-24 13:53:00, 142.46, 142.46, 142.46, 142.46, 178, 0.0
2021-05-24 13:56:00, 142.425, 142.425, 142.425, 142.425, 206, 0.0
2021-05-24 13:58:00, 142.46, 142.46, 142.46, 142.46, 228, 0.0
2021-05-24 14:00:00, 142.46, 142.46, 142.46, 142.46, 302, 0.0
2021-05-24 14:05:00, 142.39, 142.39, 142.38, 142.38, 300, 0.0
2021-05-24 14:06:00, 142.35, 142.35, 142.35, 142.35, 101, 0.0
2021-05-24 14:07:00, 142.37, 142.37, 142.37, 142.37, 104, 0.0
2021-05-24 14:08:00, 142.37, 142.37, 142.37, 142.37, 150, 0.0
2021-05-24 14:10:00, 142.29, 142.29, 142.29, 142.29, 112, 0.0
2021-05-24 14:11:00, 142.36, 142.36, 142.36, 142.36, 100, 0.0
2021-05-24 14:12:00, 142.32, 142.32, 142.32, 142.32, 101, 0.0
2021-05-24 14:14:00, 142.28, 142.28, 142.28, 142.28, 404, 0.0
2021-05-24 14:16:00, 142.27, 142.27, 142.27, 142.27, 428, 0.0
2021-05-24 14:18:00, 142.27, 142.28, 142.27, 142.28, 200, 0.0
2021-05-24 14:20:00, 142.31, 142.31, 142.31, 142.31, 153, 0.0
2021-05-24 14:21:00, 142.33, 142.33, 142.31, 142.31, 477, 0.0
2021-05-24 14:22:00, 142.29, 142.29, 142.29, 142.29, 104, 0.0
2021-05-24 14:24:00, 142.34, 142.34, 142.33, 142.33, 417, 0.0
2021-05-24 14:25:00, 142.36, 142.36, 142.36, 142.36, 110, 0.0
2021-05-24 14:27:00, 142.43, 142.44, 142.43, 142.44, 220, 0.0
2021-05-24 14:28:00, 142.425, 142.425, 142.39, 142.39, 203, 0.0
2021-05-24 14:30:00, 142.435, 142.435, 142.4, 142.4, 316, 0.0
2021-05-24 14:31:00, 142.3, 142.3, 142.3, 142.3, 210, 0.0
2021-05-24 14:32:00, 142.27, 142.29, 142.27, 142.28, 301, 0.0
2021-05-24 14:36:00, 142.32, 142.32, 142.32, 142.32, 399, 0.0
2021-05-24 14:38:00, 142.39, 142.39, 142.39, 142.39, 470, 0.0
2021-05-24 14:39:00, 142.36, 142.36, 142.36, 142.36, 102, 0.0
2021-05-24 14:40:00, 142.31, 142.31, 142.31, 142.31, 150, 0.0
2021-05-24 14:41:00, 142.3, 142.3, 142.27, 142.28, 383, 0.0
2021-05-24 14:42:00, 142.33, 142.33, 142.33, 142.33, 206, 0.0
2021-05-24 14:43:00, 142.32, 142.34, 142.29, 142.29, 615, 0.0
2021-05-24 14:44:00, 142.27, 142.27, 142.27, 142.27, 124, 0.0
2021-05-24 14:45:00, 142.23, 142.235, 142.23, 142.235, 340, 0.0
2021-05-24 14:46:00, 142.295, 142.295, 142.295, 142.295, 244, 0.0
2021-05-24 14:47:00, 142.305, 142.305, 142.28, 142.28, 485, 0.0
2021-05-24 14:48:00, 142.245, 142.28, 142.245, 142.26, 721, 0.0
2021-05-24 14:49:00, 142.28, 142.28, 142.185, 142.185, 503, 0.0
2021-05-24 14:50:00, 142.21, 142.3, 142.18, 142.3, 1448, 0.0
2021-05-24 14:51:00, 142.3, 142.3, 142.28, 142.28, 1310, 0.0
2021-05-24 14:52:00, 142.29, 142.305, 142.28, 142.305, 752, 0.0
2021-05-24 14:53:00, 142.28, 142.3, 142.28, 142.3, 405, 0.0
2021-05-24 14:54:00, 142.27, 142.29, 142.26, 142.26, 1152, 0.0
2021-05-24 14:55:00, 142.17, 142.19, 142.17, 142.19, 626, 0.0
2021-05-24 14:56:00, 142.155, 142.155, 142.15, 142.15, 432, 0.0
2021-05-24 14:57:00, 142.14, 142.15, 142.14, 142.15, 201, 0.0
2021-05-24 14:58:00, 142.08, 142.11, 142.06, 142.09, 1255, 0.0
2021-05-24 14:59:00, 142.08, 142.08, 142.02, 142.07, 1503, 0.0
2021-05-25 08:30:00, 142.325, 142.325, 142.11, 142.11, 292, 0.0
2021-05-25 08:31:00, 142.235, 142.235, 142.235, 142.235, 128, 0.0
2021-05-25 08:33:00, 142.54, 142.575, 142.54, 142.575, 347, 0.0
2021-05-25 08:35:00, 142.28, 142.28, 142.175, 142.245, 759, 0.0
2021-05-25 08:36:00, 142.35, 142.35, 142.135, 142.135, 555, 0.0
2021-05-25 08:37:00, 141.955, 142.01, 141.95, 141.95, 600, 0.0
2021-05-25 08:38:00, 141.89, 142.09, 141.89, 141.92, 1114, 0.0
2021-05-25 08:39:00, 141.92, 141.93, 141.87, 141.93, 705, 0.0
2021-05-25 08:40:00, 141.8, 141.8, 141.73, 141.75, 626, 0.0
2021-05-25 08:41:00, 141.68, 141.68, 141.64, 141.67, 1046, 0.0
2021-05-25 08:42:00, 141.64, 141.68, 141.63, 141.68, 782, 0.0
2021-05-25 08:43:00, 141.58, 141.76, 141.58, 141.76, 1141, 0.0
2021-05-25 08:44:00, 141.71, 141.77, 141.71, 141.77, 400, 0.0
2021-05-25 08:45:00, 141.72, 141.72, 141.72, 141.72, 111, 0.0
2021-05-25 08:46:00, 141.74, 141.78, 141.74, 141.78, 466, 0.0
2021-05-25 08:47:00, 141.81, 141.81, 141.81, 141.81, 130, 0.0
2021-05-25 08:48:00, 141.9, 141.93, 141.9, 141.93, 295, 0.0
2021-05-25 08:49:00, 141.95, 142.005, 141.95, 141.98, 798, 0.0
2021-05-25 08:50:00, 141.89, 141.99, 141.89, 141.99, 501, 0.0
2021-05-25 08:51:00, 141.94, 141.94, 141.94, 141.94, 352, 0.0
2021-05-25 08:53:00, 141.78, 141.81, 141.78, 141.81, 268, 0.0
2021-05-25 08:54:00, 141.85, 141.88, 141.85, 141.88, 281, 0.0
2021-05-25 08:55:00, 141.9, 141.9, 141.855, 141.89, 696, 0.0
2021-05-25 08:56:00, 141.985, 142.03, 141.98, 141.99, 1430, 0.0
2021-05-25 08:57:00, 141.98, 141.98, 141.98, 141.98, 129, 0.0
2021-05-25 08:58:00, 142.13, 142.13, 141.95, 141.97, 1153, 0.0
2021-05-25 08:59:00, 141.97, 141.97, 141.94, 141.94, 201, 0.0
2021-05-25 09:00:00, 142, 142, 142, 142, 321, 0.0
2021-05-25 09:02:00, 141.87, 141.87, 141.87, 141.87, 110, 0.0
2021-05-25 09:04:00, 142.215, 142.215, 142.19, 142.19, 200, 0.0
2021-05-25 09:06:00, 142.28, 142.28, 142.28, 142.28, 305, 0.0
2021-05-25 09:07:00, 142.285, 142.29, 142.195, 142.195, 579, 0.0
2021-05-25 09:08:00, 142.19, 142.19, 142.19, 142.19, 108, 0.0
2021-05-25 09:10:00, 142.08, 142.11, 142.08, 142.11, 816, 0.0
2021-05-25 09:11:00, 142.13, 142.195, 142.13, 142.195, 297, 0.0
2021-05-25 09:12:00, 142.32, 142.32, 142.31, 142.31, 235, 0.0
2021-05-25 09:13:00, 142.48, 142.48, 142.48, 142.48, 102, 0.0
2021-05-25 09:14:00, 142.47, 142.47, 142.41, 142.41, 1049, 0.0
2021-05-25 09:15:00, 142.41, 142.44, 142.41, 142.43, 501, 0.0
2021-05-25 09:16:00, 142.48, 142.48, 142.48, 142.48, 264, 0.0
2021-05-25 09:19:00, 142.435, 142.435, 142.435, 142.435, 110, 0.0
2021-05-25 09:22:00, 142.39, 142.39, 142.39, 142.39, 100, 0.0
2021-05-25 09:32:00, 142.31, 142.31, 142.31, 142.31, 101, 0.0
2021-05-25 09:36:00, 142.34, 142.34, 142.34, 142.34, 100, 0.0
2021-05-25 09:37:00, 142.39, 142.39, 142.39, 142.39, 148, 0.0
2021-05-25 09:40:00, 142.35, 142.35, 142.35, 142.35, 198, 0.0
2021-05-25 09:42:00, 142.38, 142.46, 142.38, 142.46, 325, 0.0
2021-05-25 09:48:00, 142.61, 142.64, 142.59, 142.64, 441, 0.0
2021-05-25 10:01:00, 142.845, 142.845, 142.845, 142.845, 100, 0.0
2021-05-25 10:03:00, 142.865, 142.865, 142.865, 142.865, 100, 0.0
2021-05-25 10:08:00, 142.72, 142.72, 142.72, 142.72, 102, 0.0
2021-05-25 10:12:00, 142.82, 142.82, 142.82, 142.82, 100, 0.0
2021-05-25 10:13:00, 142.89, 142.89, 142.89, 142.89, 100, 0.0
2021-05-25 10:15:00, 143, 143, 143, 143, 225, 0.0
2021-05-25 10:16:00, 142.945, 142.945, 142.945, 142.945, 100, 0.0
2021-05-25 10:18:00, 142.985, 143.01, 142.985, 143.01, 302, 0.0
2021-05-25 10:28:00, 142.96, 142.96, 142.96, 142.96, 100, 0.0
2021-05-25 10:29:00, 143, 143, 143, 143, 100, 0.0
2021-05-25 10:30:00, 143.105, 143.105, 143.105, 143.105, 101, 0.0
2021-05-25 10:32:00, 142.92, 142.98, 142.92, 142.98, 222, 0.0
2021-05-25 10:35:00, 142.97, 142.99, 142.97, 142.99, 542, 0.0
2021-05-25 10:42:00, 142.695, 142.695, 142.695, 142.695, 106, 0.0
2021-05-25 10:43:00, 142.65, 142.66, 142.65, 142.66, 213, 0.0
2021-05-25 10:44:00, 142.795, 142.795, 142.795, 142.795, 100, 0.0
2021-05-25 10:45:00, 142.8, 142.8, 142.8, 142.8, 100, 0.0
2021-05-25 10:50:00, 143.01, 143.01, 143.01, 143.01, 100, 0.0
2021-05-25 10:51:00, 142.93, 142.93, 142.93, 142.93, 100, 0.0
2021-05-25 10:55:00, 143.09, 143.09, 143.09, 143.09, 203, 0.0
2021-05-25 10:57:00, 143.08, 143.1, 143.05, 143.05, 300, 0.0
2021-05-25 10:59:00, 143.055, 143.055, 143.055, 143.055, 309, 0.0
2021-05-25 11:00:00, 143.15, 143.18, 143.15, 143.18, 200, 0.0
2021-05-25 11:04:00, 143.15, 143.15, 143.15, 143.15, 323, 0.0
2021-05-25 11:10:00, 143.12, 143.12, 143.12, 143.12, 104, 0.0
2021-05-25 11:17:00, 143.15, 143.15, 143.15, 143.15, 101, 0.0
2021-05-25 11:22:00, 143.155, 143.155, 143.155, 143.155, 100, 0.0
2021-05-25 11:24:00, 143.23, 143.23, 143.23, 143.23, 103, 0.0
2021-05-25 11:31:00, 143.25, 143.25, 143.25, 143.25, 212, 0.0
2021-05-25 11:36:00, 143.21, 143.21, 143.21, 143.21, 195, 0.0
2021-05-25 11:37:00, 143.16, 143.16, 143.16, 143.16, 100, 0.0
2021-05-25 11:54:00, 143.2, 143.21, 143.2, 143.21, 300, 0.0
2021-05-25 12:03:00, 142.97, 142.97, 142.97, 142.97, 104, 0.0
2021-05-25 12:04:00, 142.85, 142.9, 142.85, 142.85, 300, 0.0
2021-05-25 12:05:00, 142.835, 142.835, 142.835, 142.835, 100, 0.0
2021-05-25 12:06:00, 142.83, 142.9, 142.83, 142.9, 204, 0.0
2021-05-25 12:07:00, 142.94, 142.94, 142.94, 142.94, 116, 0.0
2021-05-25 12:08:00, 142.955, 142.955, 142.955, 142.955, 100, 0.0
2021-05-25 12:10:00, 143.06, 143.06, 143.06, 143.06, 103, 0.0
2021-05-25 12:14:00, 143.055, 143.055, 143.055, 143.055, 100, 0.0
2021-05-25 12:16:00, 143.105, 143.15, 143.105, 143.15, 300, 0.0
2021-05-25 12:20:00, 143.15, 143.15, 143.15, 143.15, 100, 0.0
2021-05-25 12:22:00, 143.15, 143.15, 143.15, 143.15, 189, 0.0
2021-05-25 12:29:00, 143.3, 143.3, 143.24, 143.24, 225, 0.0
2021-05-25 12:30:00, 143.24, 143.24, 143.24, 143.24, 104, 0.0
2021-05-25 12:36:00, 143.21, 143.21, 143.21, 143.21, 110, 0.0
2021-05-25 12:49:00, 143.19, 143.19, 143.19, 143.19, 101, 0.0
2021-05-25 12:50:00, 143.17, 143.17, 143.17, 143.17, 139, 0.0
2021-05-25 12:59:00, 143.11, 143.11, 143.11, 143.11, 135, 0.0
2021-05-25 13:07:00, 143.04, 143.06, 143.04, 143.06, 239, 0.0
2021-05-25 13:16:00, 143.07, 143.07, 143.07, 143.07, 110, 0.0
2021-05-25 13:17:00, 143.08, 143.09, 143.08, 143.09, 300, 0.0
2021-05-25 13:18:00, 143.18, 143.18, 143.15, 143.15, 460, 0.0
2021-05-25 13:21:00, 143.12, 143.12, 143.12, 143.12, 202, 0.0
2021-05-25 13:28:00, 143.15, 143.15, 143.15, 143.15, 119, 0.0
2021-05-25 13:31:00, 143.19, 143.19, 143.18, 143.18, 315, 0.0
2021-05-25 13:34:00, 143.22, 143.22, 143.13, 143.17, 410, 0.0
2021-05-25 13:35:00, 143.15, 143.15, 143.12, 143.12, 337, 0.0
2021-05-25 13:36:00, 143.095, 143.095, 143.095, 143.095, 306, 0.0
2021-05-25 13:40:00, 143.22, 143.22, 143.22, 143.22, 321, 0.0
2021-05-25 13:41:00, 143.17, 143.17, 143.17, 143.17, 181, 0.0
2021-05-25 13:43:00, 143.23, 143.23, 143.19, 143.19, 312, 0.0
2021-05-25 13:45:00, 143.18, 143.18, 143.18, 143.18, 100, 0.0
2021-05-25 13:47:00, 143.23, 143.26, 143.23, 143.26, 203, 0.0
2021-05-25 13:52:00, 143.29, 143.34, 143.29, 143.34, 397, 0.0
2021-05-25 14:04:00, 143.21, 143.21, 143.21, 143.21, 272, 0.0
2021-05-25 14:05:00, 143.09, 143.09, 143.09, 143.09, 341, 0.0
2021-05-25 14:14:00, 143.31, 143.31, 143.31, 143.31, 261, 0.0
2021-05-25 14:16:00, 143.34, 143.34, 143.335, 143.335, 591, 0.0
2021-05-25 14:17:00, 143.45, 143.45, 143.42, 143.42, 632, 0.0
2021-05-25 14:18:00, 143.405, 143.405, 143.405, 143.405, 218, 0.0
2021-05-25 14:20:00, 143.54, 143.54, 143.515, 143.515, 717, 0.0
2021-05-25 14:22:00, 143.555, 143.555, 143.53, 143.53, 353, 0.0
2021-05-25 14:23:00, 143.55, 143.55, 143.55, 143.55, 100, 0.0
2021-05-25 14:25:00, 143.585, 143.625, 143.585, 143.625, 201, 0.0
2021-05-25 14:26:00, 143.65, 143.785, 143.64, 143.76, 1721, 0.0
2021-05-25 14:27:00, 143.75, 143.75, 143.72, 143.73, 578, 0.0
2021-05-25 14:28:00, 143.68, 143.68, 143.68, 143.68, 113, 0.0
2021-05-25 14:29:00, 143.7, 143.73, 143.7, 143.73, 310, 0.0
2021-05-25 14:30:00, 143.6, 143.61, 143.6, 143.61, 251, 0.0
2021-05-25 14:31:00, 143.645, 143.645, 143.645, 143.645, 201, 0.0
2021-05-25 14:33:00, 143.58, 143.58, 143.48, 143.49, 485, 0.0
2021-05-25 14:34:00, 143.42, 143.42, 143.41, 143.41, 294, 0.0
2021-05-25 14:35:00, 143.41, 143.41, 143.41, 143.41, 312, 0.0
2021-05-25 14:38:00, 143.38, 143.4, 143.38, 143.4, 399, 0.0
2021-05-25 14:39:00, 143.55, 143.55, 143.55, 143.55, 121, 0.0
2021-05-25 14:40:00, 143.51, 143.51, 143.5, 143.5, 221, 0.0
2021-05-25 14:41:00, 143.425, 143.425, 143.42, 143.42, 899, 0.0
2021-05-25 14:43:00, 143.39, 143.39, 143.33, 143.33, 410, 0.0
2021-05-25 14:45:00, 143.41, 143.41, 143.4, 143.4, 296, 0.0
2021-05-25 14:46:00, 143.365, 143.38, 143.365, 143.38, 200, 0.0
2021-05-25 14:47:00, 143.38, 143.38, 143.31, 143.31, 522, 0.0
2021-05-25 14:48:00, 143.33, 143.33, 143.29, 143.29, 558, 0.0
2021-05-25 14:49:00, 143.27, 143.29, 143.26, 143.26, 1086, 0.0
2021-05-25 14:50:00, 143.22, 143.31, 143.21, 143.255, 1387, 0.0
2021-05-25 14:51:00, 143.24, 143.24, 143.23, 143.23, 422, 0.0
2021-05-25 14:52:00, 143.215, 143.215, 143.215, 143.215, 257, 0.0
2021-05-25 14:53:00, 143.27, 143.27, 143.25, 143.25, 950, 0.0
2021-05-25 14:54:00, 143.21, 143.21, 143.18, 143.18, 951, 0.0
2021-05-25 14:55:00, 143.18, 143.25, 143.18, 143.24, 1726, 0.0
2021-05-25 14:57:00, 143.19, 143.21, 143.18, 143.21, 1040, 0.0
2021-05-25 14:58:00, 143.19, 143.32, 143.19, 143.3, 1258, 0.0
2021-05-25 14:59:00, 143.32, 143.33, 143.28, 143.28, 1137, 0.0
2021-05-26 08:30:00, 143.695, 143.87, 143.23, 143.31, 1002, 0.0
2021-05-26 08:31:00, 143.955, 143.97, 143.64, 143.64, 1111, 0.0
2021-05-26 08:33:00, 143.815, 143.98, 143.805, 143.805, 1014, 0.0
2021-05-26 08:34:00, 143.705, 143.705, 143.705, 143.705, 293, 0.0
2021-05-26 08:35:00, 143.85, 144.12, 143.85, 144.12, 520, 0.0
2021-05-26 08:36:00, 144.09, 144.09, 143.995, 144.03, 400, 0.0
2021-05-26 08:37:00, 144.02, 144.55, 144.02, 144.43, 1191, 0.0
2021-05-26 08:38:00, 144.32, 144.41, 144.32, 144.37, 620, 0.0
2021-05-26 08:39:00, 144.37, 144.38, 144.37, 144.38, 505, 0.0
2021-05-26 08:40:00, 144.56, 144.56, 144.43, 144.465, 736, 0.0
2021-05-26 08:41:00, 144.42, 144.47, 144.42, 144.47, 393, 0.0
2021-05-26 08:42:00, 144.36, 144.36, 144.36, 144.36, 111, 0.0
2021-05-26 08:44:00, 144.33, 144.33, 144.33, 144.33, 301, 0.0
2021-05-26 08:46:00, 144.3, 144.37, 144.3, 144.37, 251, 0.0
2021-05-26 08:51:00, 144.65, 144.65, 144.65, 144.65, 162, 0.0
2021-05-26 08:53:00, 144.845, 144.845, 144.845, 144.845, 101, 0.0
2021-05-26 08:54:00, 144.87, 144.94, 144.87, 144.94, 618, 0.0
2021-05-26 08:55:00, 145, 145.03, 145, 145.03, 590, 0.0
2021-05-26 08:56:00, 145.09, 145.09, 145.09, 145.09, 254, 0.0
2021-05-26 08:59:00, 145.2, 145.2, 145.2, 145.2, 221, 0.0
2021-05-26 09:01:00, 145.2, 145.2, 145.17, 145.17, 287, 0.0
2021-05-26 09:04:00, 145.01, 145.01, 145.01, 145.01, 270, 0.0
2021-05-26 09:05:00, 145.02, 145.02, 145.02, 145.02, 154, 0.0
2021-05-26 09:06:00, 145.08, 145.1, 145.08, 145.1, 402, 0.0
2021-05-26 09:07:00, 145.17, 145.17, 145.17, 145.17, 310, 0.0
2021-05-26 09:08:00, 145.14, 145.14, 145.14, 145.14, 226, 0.0
2021-05-26 09:09:00, 145.175, 145.2, 145.165, 145.165, 303, 0.0
2021-05-26 09:10:00, 145.29, 145.29, 145.29, 145.29, 100, 0.0
2021-05-26 09:11:00, 145.125, 145.125, 145.1, 145.1, 805, 0.0
2021-05-26 09:13:00, 144.94, 144.94, 144.94, 144.94, 200, 0.0
2021-05-26 09:14:00, 144.88, 144.88, 144.88, 144.88, 194, 0.0
2021-05-26 09:15:00, 145, 145.08, 145, 145.08, 786, 0.0
2021-05-26 09:18:00, 145.175, 145.185, 145.175, 145.185, 1422, 0.0
2021-05-26 09:19:00, 145.215, 145.215, 145.215, 145.215, 208, 0.0
2021-05-26 09:20:00, 145.21, 145.32, 145.21, 145.32, 543, 0.0
2021-05-26 09:21:00, 145.415, 145.415, 145.415, 145.415, 127, 0.0
2021-05-26 09:22:00, 145.45, 145.45, 145.45, 145.45, 100, 0.0
2021-05-26 09:23:00, 145.445, 145.445, 145.445, 145.445, 121, 0.0
2021-05-26 09:24:00, 145.435, 145.435, 145.435, 145.435, 118, 0.0
2021-05-26 09:25:00, 145.43, 145.43, 145.43, 145.43, 244, 0.0
2021-05-26 09:26:00, 145.53, 145.53, 145.49, 145.49, 301, 0.0
2021-05-26 09:27:00, 145.51, 145.51, 145.5, 145.5, 232, 0.0
2021-05-26 09:28:00, 145.6, 145.6, 145.6, 145.6, 109, 0.0
2021-05-26 09:30:00, 145.64, 145.64, 145.6, 145.62, 763, 0.0
2021-05-26 09:32:00, 145.675, 145.675, 145.675, 145.675, 402, 0.0
2021-05-26 09:33:00, 145.73, 145.73, 145.73, 145.73, 203, 0.0
2021-05-26 09:34:00, 145.715, 145.715, 145.7, 145.7, 308, 0.0
2021-05-26 09:36:00, 145.65, 145.65, 145.65, 145.65, 100, 0.0
2021-05-26 09:37:00, 145.55, 145.55, 145.55, 145.55, 214, 0.0
2021-05-26 09:38:00, 145.535, 145.54, 145.48, 145.48, 500, 0.0
2021-05-26 09:41:00, 145.345, 145.345, 145.345, 145.345, 200, 0.0
2021-05-26 09:42:00, 145.29, 145.29, 145.26, 145.26, 381, 0.0
2021-05-26 09:43:00, 145.245, 145.35, 145.245, 145.35, 303, 0.0
2021-05-26 09:46:00, 145.43, 145.43, 145.42, 145.42, 303, 0.0
2021-05-26 09:48:00, 145.42, 145.42, 145.42, 145.42, 220, 0.0
2021-05-26 09:49:00, 145.45, 145.45, 145.45, 145.45, 291, 0.0
2021-05-26 09:50:00, 145.49, 145.49, 145.46, 145.46, 515, 0.0
2021-05-26 09:51:00, 145.49, 145.49, 145.49, 145.49, 147, 0.0
2021-05-26 09:52:00, 145.45, 145.45, 145.45, 145.45, 221, 0.0
2021-05-26 09:53:00, 145.495, 145.495, 145.49, 145.49, 803, 0.0
2021-05-26 09:54:00, 145.5, 145.54, 145.49, 145.54, 402, 0.0
2021-05-26 09:55:00, 145.68, 145.7, 145.62, 145.62, 727, 0.0
2021-05-26 09:56:00, 145.66, 145.66, 145.66, 145.66, 210, 0.0
2021-05-26 09:58:00, 145.65, 145.65, 145.65, 145.65, 106, 0.0
2021-05-26 09:59:00, 145.52, 145.52, 145.45, 145.45, 232, 0.0
2021-05-26 10:02:00, 145.44, 145.44, 145.44, 145.44, 337, 0.0
2021-05-26 10:03:00, 145.455, 145.455, 145.455, 145.455, 280, 0.0
2021-05-26 10:05:00, 145.305, 145.305, 145.305, 145.305, 200, 0.0
2021-05-26 10:09:00, 145.27, 145.27, 145.27, 145.27, 420, 0.0
2021-05-26 10:10:00, 145.26, 145.26, 145.26, 145.26, 126, 0.0
2021-05-26 10:12:00, 145.23, 145.23, 145.19, 145.19, 300, 0.0
2021-05-26 10:13:00, 145.285, 145.47, 145.285, 145.47, 500, 0.0
2021-05-26 10:14:00, 145.505, 145.51, 145.4, 145.4, 340, 0.0
2021-05-26 10:16:00, 145.555, 145.58, 145.55, 145.555, 700, 0.0
2021-05-26 10:17:00, 145.48, 145.48, 145.48, 145.48, 314, 0.0
2021-05-26 10:18:00, 145.455, 145.455, 145.41, 145.41, 200, 0.0
2021-05-26 10:19:00, 145.375, 145.375, 145.375, 145.375, 200, 0.0
2021-05-26 10:20:00, 145.2, 145.2, 145.2, 145.2, 101, 0.0
2021-05-26 10:23:00, 145.23, 145.23, 145.23, 145.23, 100, 0.0
2021-05-26 10:24:00, 145.3, 145.3, 145.28, 145.28, 400, 0.0
2021-05-26 10:26:00, 145.35, 145.35, 145.35, 145.35, 202, 0.0
2021-05-26 10:27:00, 145.35, 145.35, 145.35, 145.35, 102, 0.0
2021-05-26 10:30:00, 145.16, 145.185, 145.16, 145.185, 410, 0.0
2021-05-26 10:32:00, 145.06, 145.06, 144.98, 144.985, 1928, 0.0
2021-05-26 10:33:00, 145.09, 145.09, 145.02, 145.02, 452, 0.0
2021-05-26 10:35:00, 145.01, 145.01, 145.01, 145.01, 100, 0.0
2021-05-26 10:36:00, 145.05, 145.05, 145.05, 145.05, 170, 0.0
2021-05-26 10:38:00, 144.97, 144.97, 144.97, 144.97, 103, 0.0
2021-05-26 10:39:00, 144.91, 144.98, 144.91, 144.98, 201, 0.0
2021-05-26 10:40:00, 144.98, 144.98, 144.94, 144.94, 300, 0.0
2021-05-26 10:41:00, 144.89, 144.89, 144.89, 144.89, 133, 0.0
2021-05-26 10:42:00, 144.94, 144.94, 144.94, 144.94, 230, 0.0
2021-05-26 10:44:00, 144.94, 144.94, 144.94, 144.94, 396, 0.0
