Date, Open, High, Low, Close, Volume, Open Interest
2020-05-27 23:00:00, 117.99, 122.1, 116.765, 121.32, 4353112, 0.0
2020-05-28 23:00:00, 122.29, 123.14, 119.27, 122.86, 2976754, 0.0
2020-05-31 23:00:00, 123.28, 124.28, 122.37, 122.75, 3696254, 0.0
2020-06-01 23:00:00, 123.25, 123.53, 120.68, 122.35, 3512282, 0.0
2020-06-02 23:00:00, 122.15, 122.15, 117.19, 117.93, 6801804, 0.0
2020-06-03 23:00:00, 117.48, 119.1096, 116.05, 117.24, 2566843, 0.0
2020-06-04 23:00:00, 115.44, 119.2, 113.28, 118.33, 2947608, 0.0
2020-06-07 23:00:00, 116.5, 119.58, 115.89, 119.55, 5612410, 0.0
2020-06-08 23:00:00, 120.1, 121.76, 118.535, 121.07, 3843436, 0.0
2020-06-09 23:00:00, 122.15, 125.66, 121.46, 124.76, 3308432, 0.0
2020-06-10 23:00:00, 124.66, 127.54, 121.94, 122.43, 6302986, 0.0
2020-06-11 23:00:00, 123.1, 124.76, 122.23, 122.26, 428903, 0.0
2020-06-14 23:00:00, 122.9, 127.5, 122.71, 126.52, 6606711, 0.0
2020-06-15 23:00:00, 127.14, 127.87, 125.06, 125.72, 4414874, 0.0
2020-06-16 23:00:00, 126.73, 129.0065, 126.29, 128.11, 3573241, 0.0
2020-06-17 23:00:00, 128.1, 129.45, 128.1, 129.38, 3108373, 0.0
2020-06-18 23:00:00, 131.1277, 131.24, 127.9, 130.17, 2108252, 0.0
2020-06-21 23:00:00, 131.02, 131.86, 128.8, 129.73, 1996617, 0.0
2020-06-22 23:00:00, 131.32, 133.6, 130.2, 130.58, 2142292, 0.0
2020-06-23 23:00:00, 130.55, 131.6, 128.65, 130.93, 1893393, 0.0
2020-06-24 23:00:00, 131.48, 131.89, 129.09, 130.75, 1841205, 0.0
2020-06-25 23:00:00, 130.92, 131.38, 128.09, 130.93, 1902511, 0.0
2020-06-28 23:00:00, 130.98, 132.37, 129.2, 130.75, 1420167, 0.0
2020-06-29 23:00:00, 132.61, 132.61, 130.7, 132.05, 1632785, 0.0
2020-06-30 23:00:00, 132.04, 135.52, 131.33, 135.22, 2699301, 0.0
2020-07-01 23:00:00, 136.42, 136.42, 133.47, 133.85, 1570209, 0.0
2020-07-05 23:00:00, 135.47, 136.5231, 133.51, 134.23, 1470159, 0.0
2020-07-06 23:00:00, 133.87, 137.42, 133.8, 134.78, 1404929, 0.0
2020-07-07 23:00:00, 135.91, 136.34, 134.51, 135.61, 1360634, 0.0
2020-07-08 23:00:00, 136.36, 139.11, 136.06, 138.84, 1830826, 0.0
2020-07-09 23:00:00, 139.42, 141.25, 138.29, 140.81, 1795464, 0.0
2020-07-12 23:00:00, 141.01, 141.58, 134.77, 135.32, 1983521, 0.0
2020-07-13 23:00:00, 134.2035, 138.79, 133.48, 138.52, 1818448, 0.0
2020-07-14 23:00:00, 137.98, 138.98, 135.84, 138.42, 1718684, 0.0
2020-07-15 23:00:00, 137.84, 138.3577, 135.75, 137.915, 1044475, 0.0
2020-07-16 23:00:00, 138.18, 138.73, 136.84, 138.27, 1213441, 0.0
2020-07-19 23:00:00, 139.43, 142.31, 138.75, 141.54, 1287730, 0.0
2020-07-20 23:00:00, 141.56, 141.985, 138.89, 139.36, 1250242, 0.0
2020-07-21 23:00:00, 140.95, 140.95, 137.87, 138.3, 1439437, 0.0
2020-07-22 23:00:00, 139.3, 139.57, 134.73, 135.31, 1229867, 0.0
2020-07-23 23:00:00, 133.75, 136.26, 132.72, 135.24, 1199987, 0.0
2020-07-26 23:00:00, 135.49, 137.1443, 134.82, 136.16, 1235439, 0.0
2020-07-27 23:00:00, 135.42, 136.31, 134.39, 134.8, 1167162, 0.0
2020-07-28 23:00:00, 135.77, 136.505, 134.685, 135.96, 1250934, 0.0
2020-07-29 23:00:00, 135.7, 138.84, 135.25, 138.54, 2426572, 0.0
2020-07-30 23:00:00, 142.04, 142.84, 137.1, 141.61, 3694589, 0.0
2020-08-02 23:00:00, 141.55, 143.43, 139.55, 142.31, 1685473, 0.0
2020-08-03 23:00:00, 143.24, 146.5, 143.105, 146.32, 2127795, 0.0
2020-08-04 23:00:00, 145.82, 146.335, 143.26, 146.18, 1719057, 0.0
2020-08-05 23:00:00, 146.33, 147.36, 144.5, 146.99, 1439319, 0.0
2020-08-06 23:00:00, 146.43, 146.84, 142.316, 143.99, 1312833, 0.0
2020-08-09 23:00:00, 141.7474, 142.32, 139.5, 140.66, 1029863, 0.0
2020-08-10 23:00:00, 141.15, 141.15, 135.5601, 135.65, 2018486, 0.0
2020-08-11 23:00:00, 136.88, 140.3, 136.18, 139.9, 1470884, 0.0
2020-08-12 23:00:00, 141.12, 142.85, 140.58, 141.8, 1021494, 0.0
2020-08-13 23:00:00, 141.6436, 142.4524, 139.95, 140.44, 1701101, 0.0
2020-08-16 23:00:00, 139.25, 140.97, 138.31, 140.44, 1114208, 0.0
2020-08-17 23:00:00, 140.6, 142.74, 140.16, 142.59, 1183605, 0.0
2020-08-18 23:00:00, 142.28, 143.62, 141.07, 141.87, 1231923, 0.0
2020-08-19 23:00:00, 141.62, 143.96, 141.05, 143.49, 1005002, 0.0
2020-08-20 23:00:00, 142.76, 142.99, 140.84, 141.2, 1081532, 0.0
2020-08-23 23:00:00, 142.27, 142.84, 141.21, 142.32, 1284002, 0.0
2020-08-24 23:00:00, 142.01, 142.4, 141, 142.22, 679025, 0.0
2020-08-25 23:00:00, 142.06, 144.5, 142.06, 143.655, 1344350, 0.0
2020-08-26 23:00:00, 143.38, 143.74, 139.85, 141.78, 1763579, 0.0
2020-08-27 23:00:00, 142.34, 142.34, 140.015, 140.88, 1027270, 0.0
2020-08-30 23:00:00, 141.08, 141.11, 138.09, 139.44, 2001986, 0.0
2020-08-31 23:00:00, 140.74, 140.74, 137.08, 138.26, 2440733, 0.0
2020-09-01 23:00:00, 138, 140.3, 136.64, 139.54, 2041332, 0.0
2020-09-02 23:00:00, 138.24, 138.24, 131.22, 132.82, 3054443, 0.0
2020-09-03 23:00:00, 131.63, 132.6508, 126.91, 130.13, 2188109, 0.0
2020-09-07 23:00:00, 127.46, 127.5, 123.33, 124.28, 4066444, 0.0
2020-09-08 23:00:00, 126.537, 129.52, 124.89, 128.68, 2372596, 0.0
2020-09-09 23:00:00, 130.85, 131.129, 126.34, 127.34, 1560301, 0.0
2020-09-10 23:00:00, 127.99, 128.39, 124.4, 126, 1562743, 0.0
2020-09-13 23:00:00, 127.93, 128.01, 125.9253, 126.22, 1087939, 0.0
2020-09-14 23:00:00, 127.99, 129.86, 127.5, 128.32, 1917122, 0.0
2020-09-15 23:00:00, 128.99, 129.52, 126.47, 126.77, 1546978, 0.0
2020-09-16 23:00:00, 124.22, 126.54, 123.54, 125.28, 1816552, 0.0
2020-09-17 23:00:00, 125.49, 126.7, 123.37, 125.92, 2282893, 0.0
2020-09-20 23:00:00, 124.33, 128.47, 124.15, 128.29, 1593679, 0.0
2020-09-21 23:00:00, 129.84, 131.22, 128.46, 130.99, 1800627, 0.0
2020-09-22 23:00:00, 131.57, 132.32, 127.935, 128.42, 2165770, 0.0
2020-09-23 23:00:00, 128.21, 130.305, 128.09, 129.32, 1754331, 0.0
2020-09-24 23:00:00, 129.51, 132.015, 128.69, 131.19, 1570589, 0.0
2020-09-27 23:00:00, 133.36, 133.85, 130.87, 132.3, 1433117, 0.0
2020-09-28 23:00:00, 132.06, 132.43, 129.5, 129.99, 1520353, 0.0
2020-09-29 23:00:00, 129.73, 131.99, 129.45, 130.39, 1489422, 0.0
2020-09-30 23:00:00, 132.07, 134.055, 131.46, 132.78, 1468342, 0.0
2020-10-01 23:00:00, 131.37, 132.24, 127.71, 129.04, 1400460, 0.0
2020-10-04 23:00:00, 130.09, 132.95, 129.07, 130.71, 973600, 0.0
2020-10-05 23:00:00, 130.36, 130.4, 124.52, 124.84, 3170373, 0.0
2020-10-06 23:00:00, 126.41, 126.5, 123.97, 124.95, 2739262, 0.0
2020-10-07 23:00:00, 126.1, 126.38, 124.42, 126.04, 1524960, 0.0
2020-10-08 23:00:00, 126.86, 128.44, 125.915, 127.45, 1642436, 0.0
2020-10-11 23:00:00, 128.98, 132.065, 127.83, 130.88, 1699039, 0.0
2020-10-12 23:00:00, 131.87, 133.54, 130.16, 133, 1733218, 0.0
2020-10-13 23:00:00, 133.79, 133.86, 131.74, 132.75, 1844036, 0.0
2020-10-14 23:00:00, 131.07, 132.41, 129.88, 131.33, 1390022, 0.0
2020-10-15 23:00:00, 132.77, 133.26, 131.05, 131.96, 1345080, 0.0
2020-10-18 23:00:00, 132.96, 133.89, 129.51, 129.87, 981125, 0.0
2020-10-19 23:00:00, 130.42, 130.6, 127.09, 127.37, 1642267, 0.0
2020-10-20 23:00:00, 127.79, 129.45, 127.3, 127.65, 1522281, 0.0
2020-10-21 23:00:00, 127.78, 128.01, 125.3975, 126.93, 1382347, 0.0
2020-10-22 23:00:00, 127.24, 127.65, 125.53, 126.77, 906383, 0.0
2020-10-25 23:00:00, 126.41, 127.496, 125.03, 126.66, 1735215, 0.0
2020-10-26 23:00:00, 127.36, 127.58, 126.095, 126.61, 1055885, 0.0
2020-10-27 23:00:00, 125.68, 127.07, 124.81, 125.6, 1632561, 0.0
2020-10-28 23:00:00, 125.79, 126.17, 122.77, 123.9, 1989821, 0.0
2020-10-29 23:00:00, 122.99, 124.09, 118.52, 119.83, 2542155, 0.0
2020-11-01 23:00:00, 120.76, 120.94, 117.79, 119.8, 1912786, 0.0
2020-11-02 23:00:00, 120.75, 121.46, 119.4, 120.63, 1653042, 0.0
2020-11-03 23:00:00, 124.88, 126.98, 123.72, 125.31, 2023484, 0.0
2020-11-04 23:00:00, 128.88, 128.88, 126.28, 128.33, 2556556, 0.0
2020-11-05 23:00:00, 119.5, 120.7, 114.53, 119.14, 11478229, 0.0
2020-11-08 23:00:00, 116.33, 121.3011, 110.15, 116.89, 6335134, 0.0
2020-11-09 23:00:00, 116.99, 120.53, 114.78, 118.86, 3734669, 0.0
2020-11-10 23:00:00, 120.3, 120.64, 117.59, 119.82, 3061800, 0.0
2020-11-11 23:00:00, 120.93, 122.32, 118.98, 119.32, 1926312, 0.0
2020-11-12 23:00:00, 120.22, 121.46, 119.37, 121.26, 1460018, 0.0
2020-11-15 23:00:00, 119.25, 120.705, 117.56, 117.56, 1502026, 0.0
2020-11-16 23:00:00, 119.33, 120.65, 118.05, 118.54, 2708592, 0.0
2020-11-17 23:00:00, 118.34, 118.575, 116.65, 116.84, 2225482, 0.0
2020-11-18 23:00:00, 116.735, 121.52, 116.41, 120.14, 2630998, 0.0
2020-11-19 23:00:00, 119.53, 123, 119.1, 121.88, 2722450, 0.0
2020-11-22 23:00:00, 122.03, 123.39, 120.435, 121.87, 1772162, 0.0
2020-11-23 23:00:00, 121.49, 121.97, 119.74, 120.2, 2597838, 0.0
2020-11-24 23:00:00, 120.81, 123.56, 120.6, 121.51, 2478301, 0.0
2020-11-26 23:00:00, 123.58, 125, 122.41, 124.17, 1993284, 0.0
2020-11-29 23:00:00, 124.77, 128.4, 123.27, 127.94, 3720221, 0.0
2020-11-30 23:00:00, 127.58, 128, 125.66, 127.33, 2212070, 0.0
2020-12-01 23:00:00, 127.03, 129.75, 126.48, 129.5, 1604489, 0.0
2020-12-02 23:00:00, 130.5, 130.87, 128.1801, 128.38, 1878203, 0.0
2020-12-03 23:00:00, 126.415, 129.15, 126.25, 128.69, 2293578, 0.0
2020-12-06 23:00:00, 129.19, 130.98, 128.88, 130.88, 2367847, 0.0
2020-12-07 23:00:00, 130.43, 132.54, 129.7199, 132.15, 2410203, 0.0
2020-12-08 23:00:00, 131.56, 133.63, 130.84, 133.11, 3574276, 0.0
2020-12-09 23:00:00, 131.6575, 135.37, 131.25, 134.68, 2491546, 0.0
2020-12-10 23:00:00, 134.78, 137.11, 134.63, 135.8, 2699273, 0.0
2020-12-13 23:00:00, 138.5, 138.59, 136.6, 137.63, 2966770, 0.0
2020-12-14 23:00:00, 137.81, 140.8, 137.11, 140.73, 2657870, 0.0
2020-12-15 23:00:00, 139.5, 143.445, 139.33, 141.71, 3085422, 0.0
2020-12-16 23:00:00, 141.95, 142.495, 138.32, 139.84, 3287144, 0.0
2020-12-17 23:00:00, 140.66, 142.97, 139.58, 142.83, 3038756, 0.0
2020-12-20 23:00:00, 141.63, 142.37, 138.97, 141.01, 1980184, 0.0
2020-12-21 23:00:00, 141.24, 141.72, 138.69, 139.5, 1739541, 0.0
2020-12-22 23:00:00, 139.52, 142.39, 138.63, 141.51, 1507037, 0.0
2020-12-23 23:00:00, 141.32, 142.2004, 140.78, 141.82, 616391, 0.0
2020-12-27 23:00:00, 142.3263, 142.55, 138.78, 140.73, 1508592, 0.0
2020-12-28 23:00:00, 141, 142.13, 140.28, 140.77, 1042301, 0.0
2020-12-29 23:00:00, 141.39, 142.63, 140.89, 142.05, 887560, 0.0
2020-12-30 23:00:00, 141.91, 143.86, 141.91, 143.63, 1418887, 0.0
2021-01-03 23:00:00, 143.44, 143.65, 138.16, 139.51, 2446546, 0.0
2021-01-04 23:00:00, 140.23, 141.4, 138.49, 141.32, 1628325, 0.0
2021-01-05 23:00:00, 138.52, 140.2, 136.39, 136.88, 2031481, 0.0
2021-01-06 23:00:00, 137.33, 140.87, 137, 140.68, 2519593, 0.0
2021-01-07 23:00:00, 140.86, 142, 139.93, 141.85, 1429562, 0.0
2021-01-10 23:00:00, 141.52, 141.715, 139.31, 141.21, 2112580, 0.0
2021-01-11 23:00:00, 141.09, 141.8, 137.3, 139.06, 1954877, 0.0
2021-01-12 23:00:00, 138.57, 138.95, 134.63, 136.35, 3241596, 0.0
2021-01-13 23:00:00, 136.83, 139.38, 136.13, 138.94, 3067775, 0.0
2021-01-14 23:00:00, 139.26, 140.66, 137.91, 139, 1783280, 0.0
2021-01-18 23:00:00, 139.41, 143, 138, 141.44, 2327219, 0.0
2021-01-19 23:00:00, 142.43, 145.92, 141.79, 145.61, 3007158, 0.0
2021-01-20 23:00:00, 145.609, 147.28, 144.74, 146, 2245114, 0.0
2021-01-21 23:00:00, 144.98, 146.48, 144.51, 146.01, 3176909, 0.0
2021-01-24 23:00:00, 148.81, 150.3, 145.38, 146.37, 3243715, 0.0
2021-01-25 23:00:00, 146.36, 146.96, 145.19, 146.28, 3201776, 0.0
2021-01-26 23:00:00, 145.83, 148.93, 144.5434, 146.24, 3989808, 0.0
2021-01-27 23:00:00, 146.2, 146.63, 142.9, 142.94, 2572282, 0.0
2021-01-28 23:00:00, 141, 144.57, 140.47, 143.15, 2543700, 0.0
2021-01-31 23:00:00, 143.79, 147.29, 143.53, 145.81, 3681637, 0.0
2021-02-01 23:00:00, 146.15, 150.2997, 146.15, 149.03, 3614328, 0.0
2021-02-02 23:00:00, 144.36, 144.61, 138.04, 140.65, 6226515, 0.0
2021-02-03 23:00:00, 140.56, 142.15, 137.76, 138.7, 3604903, 0.0
2021-02-04 23:00:00, 139.91, 142.47, 139.3, 141.21, 2989632, 0.0
2021-02-07 23:00:00, 142, 142.49, 139.34, 142.47, 1925036, 0.0
2021-02-08 23:00:00, 142.57, 148.23, 142.43, 146.07, 4291923, 0.0
2021-02-09 23:00:00, 146.95, 147.41, 144.12, 144.66, 2302258, 0.0
2021-02-10 23:00:00, 145.33, 147.9405, 144.61, 147.32, 2338115, 0.0
2021-02-11 23:00:00, 146.82, 147.84, 145.04, 147.75, 1462033, 0.0
2021-02-15 23:00:00, 146.85, 147.9092, 144.62, 145.73, 1707969, 0.0
2021-02-16 23:00:00, 145.07, 146.03, 143.365, 145.82, 1272893, 0.0
2021-02-17 23:00:00, 146.05, 148.41, 144.18, 147.4, 1572692, 0.0
2021-02-18 23:00:00, 147.68, 148.98, 145.44, 145.95, 1754626, 0.0
2021-02-21 23:00:00, 144.66, 145.4, 142, 142.28, 1218982, 0.0
2021-02-22 23:00:00, 140.23, 141.965, 136.19, 141.18, 2564665, 0.0
2021-02-23 23:00:00, 138.2967, 139.62, 136.9344, 137.63, 3218859, 0.0
2021-02-24 23:00:00, 137.25, 138.96, 134.1, 135.25, 2744474, 0.0
2021-02-25 23:00:00, 135.71, 137.83, 133.91, 133.91, 2911030, 0.0
2021-02-28 23:00:00, 134.84, 137.86, 134.76, 137.27, 2481425, 0.0
2021-03-01 23:00:00, 137.15, 138.28, 135.605, 136.81, 1942507, 0.0
2021-03-02 23:00:00, 135.93, 136.75, 132.72, 132.97, 2229239, 0.0
2021-03-03 23:00:00, 132.57, 134.77, 130.51, 131.31, 2642430, 0.0
2021-03-04 23:00:00, 131.53, 132.93, 129.51, 132.6, 2102819, 0.0
2021-03-07 23:00:00, 131.99, 132.52, 127.17, 127.34, 1916397, 0.0
2021-03-08 23:00:00, 130.24, 133.04, 129.965, 130.89, 2535779, 0.0
2021-03-09 23:00:00, 132.64, 132.64, 129.81, 130.12, 1645174, 0.0
2021-03-10 23:00:00, 132.46, 132.81, 131.0001, 131.3, 1818318, 0.0
2021-03-11 23:00:00, 129.93, 131, 129.21, 130.5, 1128359, 0.0
2021-03-14 23:00:00, 130.44, 130.94, 129.14, 130.89, 1762738, 0.0
2021-03-15 23:00:00, 132.46, 133.7, 131.5, 131.8, 1257717, 0.0
2021-03-16 23:00:00, 131.25, 131.25, 128.75, 130.6, 1914158, 0.0
2021-03-17 23:00:00, 130.04, 130.58, 127.29, 128.02, 2769702, 0.0
2021-03-18 23:00:00, 128.52, 129.81, 127.98, 128.4, 2435299, 0.0
2021-03-21 23:00:00, 129.41, 132.46, 128.6, 131.41, 2492372, 0.0
2021-03-22 23:00:00, 131.65, 134.48, 131.04, 133.1, 2192475, 0.0
2021-03-23 23:00:00, 132.97, 133.31, 129.71, 129.8, 1731339, 0.0
2021-03-24 23:00:00, 129.06, 130.43, 128.17, 129.941, 1727338, 0.0
2021-03-25 23:00:00, 130.24, 133, 129.68, 132.92, 1758549, 0.0
2021-03-28 23:00:00, 132.51, 136.01, 131.53, 134.97, 2023857, 0.0
2021-03-29 23:00:00, 133.41, 134.51, 132.44, 134.49, 1596751, 0.0
2021-03-30 23:00:00, 134.5, 136.67, 134.27, 135.44, 1550866, 0.0
2021-03-31 23:00:00, 136.69, 138.42, 136.279, 138, 1437038, 0.0
2021-04-04 23:00:00, 137.51, 141.75, 137.2736, 141.55, 1941494, 0.0
2021-04-05 23:00:00, 141.09, 142.42, 140.4, 141.33, 1741755, 0.0
2021-04-06 23:00:00, 141.3, 142.77, 140.76, 142.01, 1686758, 0.0
2021-04-07 23:00:00, 142.31, 143.23, 140.69, 141.54, 1444545, 0.0
2021-04-08 23:00:00, 140.65, 140.73, 138.44, 140.45, 1536917, 0.0
2021-04-11 23:00:00, 139.42, 141.69, 139.33, 141.48, 1540679, 0.0
2021-04-12 23:00:00, 142.59, 143.88, 141.45, 142.1, 1553273, 0.0
2021-04-13 23:00:00, 141.92, 143.05, 141.27, 141.59, 1087980, 0.0
2021-04-14 23:00:00, 141.61, 142.97, 140.62, 142.72, 1385673, 0.0
2021-04-15 23:00:00, 142.11, 142.41, 140.27, 141.09, 1661178, 0.0
2021-04-18 23:00:00, 140, 141.35, 138.75, 139.56, 2195859, 0.0
2021-04-19 23:00:00, 139.61, 141.75, 138.83, 140.92, 1773882, 0.0
2021-04-20 23:00:00, 140, 141.2, 139.09, 140.98, 1327617, 0.0
2021-04-21 23:00:00, 141.51, 143.27, 140.42, 141.26, 1764195, 0.0
2021-04-22 23:00:00, 142.52, 143.6, 140.84, 143.14, 1971410, 0.0
2021-04-25 23:00:00, 142.55, 145.39, 142.93, 143.76, 1450028, 0.0
2021-04-26 23:00:00, 143.96, 144.425, 142.5, 143.47, 1267351, 0.0
2021-04-27 23:00:00, 144.09, 144.95, 143.315, 144.04, 1100558, 0.0
2021-04-28 23:00:00, 144.3, 146.72, 143.49, 146.34, 1444443, 0.0
2021-04-29 23:00:00, 145.46, 146.29, 141.9, 142.01, 1927016, 0.0
2021-05-02 23:00:00, 142.66, 143.47, 141.05, 141.17, 1662310, 0.0
2021-05-03 23:00:00, 140.73, 140.88, 135.75, 137.07, 2160330, 0.0
2021-05-04 23:00:00, 137.6, 140.61, 137.63, 137.85, 1789233, 0.0
2021-05-05 23:00:00, 137.99, 141.42, 137.58, 141.3, 1639129, 0.0
2021-05-06 23:00:00, 142.59, 143.84, 141.78, 142.42, 1388351, 0.0
2021-05-09 23:00:00, 142.37, 143.33, 140.62, 140.67, 2181460, 0.0
2021-05-10 23:00:00, 138.9, 142.469, 138.69, 141.3, 3463037, 0.0
2021-05-11 23:00:00, 141.76, 142.7, 137.785, 139.72, 5148782, 0.0
2021-05-12 23:00:00, 139.34, 140.935, 138.03, 139.13, 1896199, 0.0
2021-05-13 23:00:00, 140.06, 140.71, 137.845, 138.61, 1689120, 0.0
2021-05-16 23:00:00, 137.35, 138.35, 136.45, 137.54, 1632995, 0.0
2021-05-17 23:00:00, 137.31, 140.69, 136.76, 138.04, 1741916, 0.0
2021-05-18 23:00:00, 136.65, 139.2, 135.5635, 138.93, 1404726, 0.0
2021-05-19 23:00:00, 139.92, 143.1, 139.01, 141.79, 1839103, 0.0
2021-05-20 23:00:00, 142.54, 143.19, 139.88, 140.18, 1663623, 0.0
2021-05-23 23:00:00, 141.23, 142.669, 140.17, 142.08, 1129286, 0.0
2021-05-24 23:00:00, 142.78, 143.84, 141.5, 143.29, 1472036, 0.0
2021-05-25 23:00:00, 144, 145.73, 143.175, 144.91, 525500, 0.0
