Date, Open, High, Low, Close, Volume, Open Interest
2021-05-25 10:41:00, 131.33, 131.35, 131.29, 131.34, 752, 0.0
2021-05-25 10:42:00, 131.575, 131.575, 131.52, 131.54, 343, 0.0
2021-05-25 10:43:00, 131.5, 131.575, 131.455, 131.46, 3933, 0.0
2021-05-25 10:44:00, 131.545, 131.74, 131.545, 131.7, 2350, 0.0
2021-05-25 10:45:00, 131.62, 131.75, 131.59, 131.73, 1927, 0.0
2021-05-25 10:46:00, 131.72, 131.76, 131.6, 131.69, 5169, 0.0
2021-05-25 10:47:00, 131.545, 131.545, 131.29, 131.37, 3604, 0.0
2021-05-25 10:48:00, 131.4, 131.4, 131.34, 131.375, 1183, 0.0
2021-05-25 10:49:00, 131.24, 131.3, 131.11, 131.29, 1457, 0.0
2021-05-25 10:50:00, 131.315, 131.32, 131.275, 131.275, 2594, 0.0
2021-05-25 10:51:00, 131.32, 131.345, 131.25, 131.29, 1409, 0.0
2021-05-25 10:52:00, 131.11, 131.25, 131.11, 131.22, 920, 0.0
2021-05-25 10:53:00, 131.15, 131.205, 131.12, 131.205, 589, 0.0
2021-05-25 10:54:00, 131.205, 131.3, 131.12, 131.3, 2256, 0.0
2021-05-25 10:55:00, 131.355, 131.43, 131.35, 131.4, 2024, 0.0
2021-05-25 10:56:00, 131.43, 131.43, 131.19, 131.25, 7474, 0.0
2021-05-25 10:57:00, 131.34, 131.48, 131.34, 131.44, 1614, 0.0
2021-05-25 10:58:00, 131.5, 131.62, 131.48, 131.61, 1855, 0.0
2021-05-25 10:59:00, 131.605, 131.69, 131.605, 131.69, 530, 0.0
2021-05-25 11:00:00, 131.79, 131.825, 131.74, 131.775, 1607, 0.0
2021-05-25 11:01:00, 131.65, 131.67, 131.575, 131.575, 2300, 0.0
2021-05-25 11:02:00, 131.57, 131.57, 131.38, 131.38, 660, 0.0
2021-05-25 11:03:00, 131.335, 131.34, 131.295, 131.295, 2684, 0.0
2021-05-25 11:04:00, 131.17, 131.17, 131.17, 131.17, 146, 0.0
2021-05-25 11:05:00, 131.13, 131.205, 131.12, 131.18, 1517, 0.0
2021-05-25 11:06:00, 131.09, 131.09, 131.03, 131.03, 1118, 0.0
2021-05-25 11:07:00, 131.02, 131.02, 130.84, 130.84, 1216, 0.0
2021-05-25 11:08:00, 130.84, 130.9, 130.76, 130.9, 1160, 0.0
2021-05-25 11:09:00, 130.82, 130.87, 130.82, 130.87, 500, 0.0
2021-05-25 11:10:00, 130.92, 130.92, 130.92, 130.92, 290, 0.0
2021-05-25 11:11:00, 130.88, 130.88, 130.76, 130.77, 838, 0.0
2021-05-25 11:12:00, 130.81, 130.88, 130.79, 130.88, 725, 0.0
2021-05-25 11:13:00, 130.88, 130.94, 130.88, 130.94, 931, 0.0
2021-05-25 11:14:00, 130.95, 130.95, 130.95, 130.95, 103, 0.0
2021-05-25 11:15:00, 130.91, 130.91, 130.85, 130.85, 348, 0.0
2021-05-25 11:16:00, 130.95, 130.95, 130.875, 130.875, 1261, 0.0
2021-05-25 11:17:00, 130.875, 130.875, 130.875, 130.875, 201, 0.0
2021-05-25 11:18:00, 130.89, 130.91, 130.89, 130.91, 201, 0.0
2021-05-25 11:19:00, 130.87, 130.87, 130.825, 130.835, 1046, 0.0
2021-05-25 11:20:00, 130.88, 130.88, 130.88, 130.88, 100, 0.0
2021-05-25 11:21:00, 130.79, 130.79, 130.66, 130.66, 816, 0.0
2021-05-25 11:22:00, 130.57, 130.68, 130.57, 130.68, 412, 0.0
2021-05-25 11:23:00, 130.55, 130.59, 130.44, 130.44, 1071, 0.0
2021-05-25 11:24:00, 130.595, 130.64, 130.595, 130.64, 1237, 0.0
2021-05-25 11:26:00, 130.76, 130.845, 130.76, 130.845, 1609, 0.0
2021-05-25 11:27:00, 131.2, 131.24, 131.2, 131.2, 980, 0.0
2021-05-25 11:28:00, 131.05, 131.095, 130.92, 130.92, 444, 0.0
2021-05-25 11:29:00, 130.89, 130.89, 130.89, 130.89, 119, 0.0
2021-05-25 11:30:00, 131.02, 131.04, 130.995, 131.04, 625, 0.0
2021-05-25 11:31:00, 131.04, 131.07, 130.97, 131.07, 504, 0.0
2021-05-25 11:32:00, 131.08, 131.11, 131.025, 131.11, 656, 0.0
2021-05-25 11:33:00, 131.17, 131.27, 131.17, 131.27, 333, 0.0
2021-05-25 11:34:00, 131.25, 131.32, 131.25, 131.315, 4539, 0.0
2021-05-25 11:35:00, 131.3, 131.3, 131.22, 131.22, 229, 0.0
2021-05-25 11:36:00, 131.265, 131.265, 131.265, 131.265, 301, 0.0
2021-05-25 11:37:00, 131.13, 131.13, 131.11, 131.11, 321, 0.0
2021-05-25 11:38:00, 131.045, 131.045, 131.045, 131.045, 848, 0.0
2021-05-25 11:39:00, 131.1, 131.31, 131.1, 131.31, 987, 0.0
2021-05-25 11:40:00, 131.315, 131.315, 131.225, 131.225, 1500, 0.0
2021-05-25 11:41:00, 131.1, 131.1, 131.1, 131.1, 300, 0.0
2021-05-25 11:42:00, 131.03, 131.03, 131.03, 131.03, 100, 0.0
2021-05-25 11:43:00, 130.95, 131.005, 130.95, 131.005, 822, 0.0
2021-05-25 11:44:00, 130.97, 130.97, 130.97, 130.97, 100, 0.0
2021-05-25 11:45:00, 131, 131, 131, 131, 140, 0.0
2021-05-25 11:46:00, 131.02, 131.02, 130.83, 130.83, 555, 0.0
2021-05-25 11:47:00, 130.8, 130.8, 130.79, 130.79, 329, 0.0
2021-05-25 11:48:00, 130.77, 130.77, 130.77, 130.77, 128, 0.0
2021-05-25 11:49:00, 130.765, 130.765, 130.71, 130.71, 410, 0.0
2021-05-25 11:51:00, 130.65, 130.67, 130.635, 130.66, 1595, 0.0
2021-05-25 11:52:00, 130.65, 130.67, 130.61, 130.61, 400, 0.0
2021-05-25 11:53:00, 130.815, 130.86, 130.815, 130.86, 395, 0.0
2021-05-25 11:54:00, 130.82, 130.82, 130.8, 130.8, 400, 0.0
2021-05-25 11:55:00, 130.81, 130.81, 130.81, 130.81, 140, 0.0
2021-05-25 11:56:00, 130.75, 130.77, 130.75, 130.77, 583, 0.0
2021-05-25 11:57:00, 130.76, 130.77, 130.73, 130.75, 500, 0.0
2021-05-25 11:58:00, 130.76, 130.82, 130.76, 130.79, 1104, 0.0
2021-05-25 11:59:00, 130.905, 130.905, 130.905, 130.905, 103, 0.0
2021-05-25 12:00:00, 130.83, 130.85, 130.77, 130.85, 600, 0.0
2021-05-25 12:01:00, 130.72, 130.72, 130.63, 130.63, 490, 0.0
2021-05-25 12:02:00, 130.68, 130.68, 130.67, 130.67, 304, 0.0
2021-05-25 12:03:00, 130.69, 130.69, 130.68, 130.68, 300, 0.0
2021-05-25 12:04:00, 130.6, 130.6, 130.525, 130.525, 633, 0.0
2021-05-25 12:05:00, 130.53, 130.54, 130.53, 130.54, 569, 0.0
2021-05-25 12:06:00, 130.53, 130.53, 130.53, 130.53, 700, 0.0
2021-05-25 12:07:00, 130.54, 130.54, 130.52, 130.53, 916, 0.0
2021-05-25 12:08:00, 130.48, 130.48, 130.48, 130.48, 108, 0.0
2021-05-25 12:09:00, 130.5, 130.5, 130.49, 130.49, 390, 0.0
2021-05-25 12:10:00, 130.49, 130.54, 130.49, 130.54, 476, 0.0
2021-05-25 12:11:00, 130.58, 130.6, 130.535, 130.55, 840, 0.0
2021-05-25 12:12:00, 130.54, 130.54, 130.54, 130.54, 217, 0.0
2021-05-25 12:13:00, 130.53, 130.54, 130.51, 130.53, 884, 0.0
2021-05-25 12:14:00, 130.57, 130.57, 130.5, 130.51, 1320, 0.0
2021-05-25 12:15:00, 130.46, 130.58, 130.42, 130.42, 958, 0.0
2021-05-25 12:16:00, 130.38, 130.48, 130.365, 130.48, 950, 0.0
2021-05-25 12:18:00, 130.745, 130.745, 130.745, 130.745, 215, 0.0
2021-05-25 12:19:00, 130.84, 130.84, 130.84, 130.84, 517, 0.0
2021-05-25 12:20:00, 131.005, 131.05, 131.005, 131.05, 395, 0.0
2021-05-25 12:21:00, 131.14, 131.14, 131.09, 131.09, 640, 0.0
2021-05-25 12:22:00, 131.24, 131.245, 131.15, 131.15, 400, 0.0
2021-05-25 12:23:00, 131.05, 131.05, 131.05, 131.05, 206, 0.0
2021-05-25 12:24:00, 131.005, 131.07, 130.98, 131.07, 739, 0.0
2021-05-25 12:26:00, 130.78, 130.78, 130.67, 130.67, 1286, 0.0
2021-05-25 12:27:00, 130.55, 130.61, 130.55, 130.61, 544, 0.0
2021-05-25 12:28:00, 130.57, 130.57, 130.47, 130.51, 897, 0.0
2021-05-25 12:29:00, 130.63, 130.76, 130.63, 130.76, 200, 0.0
2021-05-25 12:30:00, 130.625, 130.77, 130.625, 130.76, 601, 0.0
2021-05-25 12:31:00, 130.74, 130.74, 130.68, 130.68, 423, 0.0
2021-05-25 12:32:00, 130.67, 130.75, 130.67, 130.74, 916, 0.0
2021-05-25 12:33:00, 130.79, 130.79, 130.79, 130.79, 201, 0.0
2021-05-25 12:34:00, 130.8, 130.83, 130.77, 130.77, 1839, 0.0
2021-05-25 12:35:00, 130.62, 130.62, 130.62, 130.62, 107, 0.0
2021-05-25 12:36:00, 130.58, 130.58, 130.51, 130.51, 322, 0.0
2021-05-25 12:37:00, 130.74, 130.74, 130.72, 130.72, 420, 0.0
2021-05-25 12:38:00, 130.75, 130.75, 130.72, 130.72, 323, 0.0
2021-05-25 12:39:00, 130.66, 130.68, 130.66, 130.68, 200, 0.0
2021-05-25 12:40:00, 130.54, 130.64, 130.54, 130.64, 659, 0.0
2021-05-25 12:41:00, 130.64, 130.67, 130.6, 130.6, 1131, 0.0
2021-05-25 12:42:00, 130.605, 130.605, 130.59, 130.59, 200, 0.0
2021-05-25 12:43:00, 130.57, 130.61, 130.57, 130.61, 365, 0.0
2021-05-25 12:44:00, 130.725, 130.82, 130.725, 130.82, 875, 0.0
2021-05-25 12:45:00, 130.8, 130.8, 130.8, 130.8, 104, 0.0
2021-05-25 12:46:00, 130.72, 130.99, 130.72, 130.99, 1006, 0.0
2021-05-25 12:48:00, 130.9, 130.96, 130.9, 130.9, 340, 0.0
2021-05-25 12:49:00, 131.03, 131.03, 131.01, 131.01, 503, 0.0
2021-05-25 12:50:00, 131.11, 131.11, 131.06, 131.06, 545, 0.0
2021-05-25 12:51:00, 130.81, 130.81, 130.81, 130.81, 201, 0.0
2021-05-25 12:52:00, 130.9, 130.9, 130.74, 130.82, 510, 0.0
2021-05-25 12:53:00, 130.73, 130.745, 130.73, 130.745, 330, 0.0
2021-05-25 12:54:00, 130.75, 130.83, 130.75, 130.83, 779, 0.0
2021-05-25 12:58:00, 131.02, 131.04, 131.02, 131.04, 201, 0.0
2021-05-25 13:00:00, 130.87, 130.87, 130.83, 130.83, 310, 0.0
2021-05-25 13:01:00, 130.8, 130.8, 130.79, 130.79, 410, 0.0
2021-05-25 13:02:00, 130.855, 130.855, 130.855, 130.855, 101, 0.0
2021-05-25 13:04:00, 130.7, 130.785, 130.69, 130.785, 723, 0.0
2021-05-25 13:05:00, 130.83, 130.83, 130.75, 130.77, 462, 0.0
2021-05-25 13:06:00, 130.72, 130.72, 130.72, 130.72, 400, 0.0
2021-05-25 13:07:00, 130.58, 130.58, 130.58, 130.58, 119, 0.0
2021-05-25 13:08:00, 130.53, 130.54, 130.49, 130.5, 700, 0.0
2021-05-25 13:09:00, 130.47, 130.48, 130.47, 130.48, 202, 0.0
2021-05-25 13:10:00, 130.5, 130.5, 130.43, 130.43, 240, 0.0
2021-05-25 13:11:00, 130.44, 130.46, 130.43, 130.46, 516, 0.0
2021-05-25 13:12:00, 130.46, 130.46, 130.46, 130.46, 143, 0.0
2021-05-25 13:13:00, 130.43, 130.43, 130.43, 130.43, 107, 0.0
2021-05-25 13:14:00, 130.395, 130.395, 130.395, 130.395, 161, 0.0
2021-05-25 13:15:00, 130.45, 130.45, 130.38, 130.38, 313, 0.0
2021-05-25 13:16:00, 130.41, 130.41, 130.41, 130.41, 159, 0.0
2021-05-25 13:17:00, 130.52, 130.53, 130.52, 130.53, 222, 0.0
2021-05-25 13:18:00, 130.595, 130.785, 130.595, 130.785, 1333, 0.0
2021-05-25 13:21:00, 130.61, 130.61, 130.61, 130.61, 125, 0.0
2021-05-25 13:23:00, 130.59, 130.59, 130.52, 130.52, 447, 0.0
2021-05-25 13:24:00, 130.51, 130.575, 130.51, 130.56, 900, 0.0
2021-05-25 13:25:00, 130.48, 130.48, 130.48, 130.48, 291, 0.0
2021-05-25 13:26:00, 130.6, 130.6, 130.44, 130.5, 416, 0.0
2021-05-25 13:27:00, 130.47, 130.58, 130.47, 130.58, 200, 0.0
2021-05-25 13:28:00, 130.615, 130.615, 130.55, 130.55, 700, 0.0
2021-05-25 13:29:00, 130.56, 130.56, 130.55, 130.55, 429, 0.0
2021-05-25 13:30:00, 130.61, 130.65, 130.605, 130.65, 641, 0.0
2021-05-25 13:31:00, 130.63, 130.635, 130.63, 130.635, 526, 0.0
2021-05-25 13:32:00, 130.68, 130.7, 130.605, 130.7, 1864, 0.0
2021-05-25 13:33:00, 130.64, 130.64, 130.61, 130.61, 299, 0.0
2021-05-25 13:34:00, 130.59, 130.61, 130.59, 130.61, 498, 0.0
2021-05-25 13:36:00, 130.55, 130.63, 130.55, 130.63, 378, 0.0
2021-05-25 13:37:00, 130.725, 130.735, 130.68, 130.7, 1079, 0.0
2021-05-25 13:38:00, 130.685, 130.76, 130.685, 130.71, 1628, 0.0
2021-05-25 13:39:00, 130.76, 130.81, 130.76, 130.81, 400, 0.0
2021-05-25 13:40:00, 130.775, 130.775, 130.775, 130.775, 106, 0.0
2021-05-25 13:41:00, 130.795, 130.81, 130.78, 130.78, 508, 0.0
2021-05-25 13:42:00, 130.78, 130.97, 130.78, 130.96, 769, 0.0
2021-05-25 13:43:00, 130.995, 130.995, 130.995, 130.995, 173, 0.0
2021-05-25 13:44:00, 130.87, 130.87, 130.84, 130.84, 323, 0.0
2021-05-25 13:45:00, 130.865, 130.865, 130.79, 130.8, 828, 0.0
2021-05-25 13:46:00, 130.75, 130.75, 130.66, 130.66, 223, 0.0
2021-05-25 13:47:00, 130.68, 130.71, 130.68, 130.695, 900, 0.0
2021-05-25 13:48:00, 130.72, 130.72, 130.72, 130.72, 100, 0.0
2021-05-25 13:49:00, 130.76, 130.76, 130.76, 130.76, 227, 0.0
2021-05-25 13:50:00, 130.73, 130.73, 130.7, 130.7, 413, 0.0
2021-05-25 13:51:00, 130.695, 130.695, 130.57, 130.57, 574, 0.0
2021-05-25 13:52:00, 130.56, 130.56, 130.53, 130.53, 300, 0.0
2021-05-25 13:53:00, 130.47, 130.47, 130.47, 130.47, 146, 0.0
2021-05-25 13:54:00, 130.605, 130.645, 130.605, 130.61, 928, 0.0
2021-05-25 13:55:00, 130.6, 130.61, 130.6, 130.61, 317, 0.0
2021-05-25 13:56:00, 130.62, 130.64, 130.6, 130.6, 1000, 0.0
2021-05-25 13:57:00, 130.725, 130.725, 130.725, 130.725, 100, 0.0
2021-05-25 13:58:00, 130.765, 130.765, 130.765, 130.765, 110, 0.0
2021-05-25 13:59:00, 130.66, 130.695, 130.66, 130.695, 490, 0.0
2021-05-25 14:00:00, 130.72, 130.8, 130.68, 130.8, 320, 0.0
2021-05-25 14:01:00, 130.74, 130.74, 130.51, 130.51, 488, 0.0
2021-05-25 14:02:00, 130.615, 130.615, 130.6, 130.6, 2000, 0.0
2021-05-25 14:03:00, 130.61, 130.61, 130.61, 130.61, 123, 0.0
2021-05-25 14:04:00, 130.46, 130.46, 130.43, 130.43, 304, 0.0
2021-05-25 14:05:00, 130.48, 130.48, 130.37, 130.37, 920, 0.0
2021-05-25 14:06:00, 130.52, 130.52, 130.49, 130.49, 452, 0.0
2021-05-25 14:08:00, 130.49, 130.59, 130.49, 130.56, 899, 0.0
2021-05-25 14:09:00, 130.58, 130.58, 130.58, 130.58, 280, 0.0
2021-05-25 14:10:00, 130.54, 130.54, 130.52, 130.52, 520, 0.0
2021-05-25 14:11:00, 130.6, 130.6, 130.59, 130.59, 310, 0.0
2021-05-25 14:12:00, 130.565, 130.565, 130.54, 130.54, 204, 0.0
2021-05-25 14:13:00, 130.53, 130.53, 130.46, 130.46, 603, 0.0
2021-05-25 14:14:00, 130.53, 130.53, 130.41, 130.41, 379, 0.0
2021-05-25 14:15:00, 130.3, 130.57, 130.3, 130.57, 985, 0.0
2021-05-25 14:16:00, 130.61, 130.61, 130.58, 130.61, 830, 0.0
2021-05-25 14:18:00, 130.475, 130.5, 130.475, 130.5, 849, 0.0
2021-05-25 14:19:00, 130.59, 130.69, 130.59, 130.685, 842, 0.0
2021-05-25 14:20:00, 130.67, 130.67, 130.65, 130.655, 711, 0.0
2021-05-25 14:21:00, 130.62, 130.65, 130.61, 130.62, 633, 0.0
2021-05-25 14:22:00, 130.66, 130.75, 130.66, 130.745, 700, 0.0
2021-05-25 14:23:00, 130.72, 130.745, 130.665, 130.745, 1045, 0.0
2021-05-25 14:24:00, 130.735, 130.79, 130.735, 130.785, 1688, 0.0
2021-05-25 14:25:00, 130.87, 130.88, 130.865, 130.88, 975, 0.0
2021-05-25 14:26:00, 130.73, 130.73, 130.665, 130.665, 756, 0.0
2021-05-25 14:27:00, 130.71, 130.715, 130.69, 130.7, 1743, 0.0
2021-05-25 14:28:00, 130.68, 130.68, 130.6, 130.6, 1268, 0.0
2021-05-25 14:29:00, 130.55, 130.63, 130.55, 130.63, 708, 0.0
2021-05-25 14:30:00, 130.61, 130.61, 130.46, 130.55, 815, 0.0
2021-05-25 14:31:00, 130.58, 130.63, 130.58, 130.63, 1120, 0.0
2021-05-25 14:32:00, 130.625, 130.64, 130.49, 130.49, 1905, 0.0
2021-05-25 14:33:00, 130.605, 130.635, 130.6, 130.635, 3283, 0.0
2021-05-25 14:34:00, 130.59, 130.6, 130.59, 130.6, 694, 0.0
2021-05-25 14:35:00, 130.565, 130.62, 130.56, 130.62, 518, 0.0
2021-05-25 14:36:00, 130.57, 130.65, 130.57, 130.65, 600, 0.0
2021-05-25 14:37:00, 130.635, 130.76, 130.635, 130.725, 2223, 0.0
2021-05-25 14:38:00, 130.745, 130.76, 130.715, 130.715, 1389, 0.0
2021-05-25 14:39:00, 130.645, 130.77, 130.645, 130.66, 1513, 0.0
2021-05-25 14:40:00, 130.65, 130.65, 130.57, 130.6, 634, 0.0
2021-05-25 14:41:00, 130.58, 130.62, 130.57, 130.62, 1189, 0.0
2021-05-25 14:42:00, 130.68, 130.69, 130.25, 130.25, 4476, 0.0
2021-05-25 14:43:00, 130.31, 130.44, 130.31, 130.37, 1032, 0.0
2021-05-25 14:44:00, 130.24, 130.58, 130.23, 130.53, 1108, 0.0
2021-05-25 14:45:00, 130.47, 130.47, 130.4, 130.4, 309, 0.0
2021-05-25 14:46:00, 130.34, 130.38, 130.34, 130.38, 545, 0.0
2021-05-25 14:47:00, 130.36, 130.36, 130.23, 130.26, 1018, 0.0
2021-05-25 14:48:00, 130.28, 130.4, 130.28, 130.37, 477, 0.0
2021-05-25 14:49:00, 130.47, 130.65, 130.43, 130.43, 2423, 0.0
2021-05-25 14:50:00, 130.465, 130.765, 130.43, 130.59, 5788, 0.0
2021-05-25 14:51:00, 130.635, 130.635, 130.395, 130.42, 1620, 0.0
2021-05-25 14:52:00, 130.44, 130.61, 130.41, 130.44, 1776, 0.0
2021-05-25 14:53:00, 130.405, 130.42, 130.36, 130.42, 1808, 0.0
2021-05-25 14:54:00, 130.4, 130.46, 130.33, 130.46, 1959, 0.0
2021-05-25 14:55:00, 130.5, 130.58, 130.5, 130.52, 641, 0.0
2021-05-25 14:56:00, 130.57, 130.6, 130.52, 130.6, 1385, 0.0
2021-05-25 14:57:00, 130.62, 130.75, 130.61, 130.74, 5876, 0.0
2021-05-25 14:58:00, 130.75, 130.91, 130.715, 130.91, 4842, 0.0
2021-05-25 14:59:00, 130.89, 130.89, 130.65, 130.72, 7133, 0.0
2021-05-26 07:00:00, 137, 137.5, 137, 137.5, 512, 0.0
2021-05-26 07:01:00, 137, 137, 137, 137, 278, 0.0
2021-05-26 07:03:00, 137.4, 137.6, 137.4, 137.6, 486, 0.0
2021-05-26 07:12:00, 138.2, 138.2, 138.2, 138.2, 292, 0.0
2021-05-26 07:13:00, 138, 138, 138, 138, 194, 0.0
2021-05-26 07:21:00, 138, 138, 138, 138, 204, 0.0
2021-05-26 07:54:00, 138, 138, 138, 138, 310, 0.0
2021-05-26 07:56:00, 138, 138, 138, 138, 105, 0.0
2021-05-26 07:57:00, 138, 138, 138, 138, 290, 0.0
2021-05-26 08:03:00, 138, 138, 138, 138, 200, 0.0
2021-05-26 08:11:00, 136.46, 136.46, 136.46, 136.46, 900, 0.0
2021-05-26 08:21:00, 137.19, 137.19, 137.19, 137.19, 212, 0.0
2021-05-26 08:30:00, 136.92, 136.92, 135.55, 136.005, 10256, 0.0
2021-05-26 08:31:00, 135.89, 135.99, 134.64, 135.005, 32517, 0.0
2021-05-26 08:32:00, 135.275, 136.13, 134.9, 135.82, 23287, 0.0
2021-05-26 08:33:00, 135.61, 135.95, 134.59, 135.95, 21553, 0.0
2021-05-26 08:34:00, 136.13, 136.305, 134.125, 134.125, 16768, 0.0
2021-05-26 08:35:00, 134.59, 134.6, 133.25, 133.6, 6997, 0.0
2021-05-26 08:36:00, 133.455, 133.455, 132.14, 132.37, 6662, 0.0
2021-05-26 08:37:00, 132.42, 132.61, 131.3, 131.7, 7601, 0.0
2021-05-26 08:38:00, 131.86, 131.915, 130.27, 130.695, 6610, 0.0
2021-05-26 08:39:00, 130.97, 131.28, 130.47, 131.06, 8574, 0.0
2021-05-26 08:40:00, 130.9, 131.34, 130.5, 131.14, 4766, 0.0
2021-05-26 08:41:00, 131.14, 131.14, 130.19, 130.45, 4180, 0.0
2021-05-26 08:42:00, 130.455, 130.6, 130.11, 130.45, 2442, 0.0
2021-05-26 08:43:00, 130.91, 130.91, 128.67, 129.06, 10548, 0.0
2021-05-26 08:44:00, 129.44, 129.725, 128.865, 128.865, 5692, 0.0
2021-05-26 08:45:00, 128.81, 128.91, 127.6, 127.6, 9564, 0.0
2021-05-26 08:46:00, 127.62, 128.18, 127.35, 128.03, 9845, 0.0
2021-05-26 08:47:00, 128.27, 128.95, 127.82, 128.18, 5665, 0.0
2021-05-26 08:48:00, 128.07, 128.61, 127.96, 128.11, 5774, 0.0
2021-05-26 08:49:00, 128.04, 128.5, 127.58, 127.6, 3439, 0.0
2021-05-26 08:50:00, 127.95, 127.99, 127.645, 127.695, 2518, 0.0
2021-05-26 08:51:00, 127.695, 128.28, 127.675, 128.28, 4635, 0.0
2021-05-26 08:52:00, 128.175, 128.175, 126.73, 127.24, 4606, 0.0
2021-05-26 08:53:00, 127.41, 127.58, 126.82, 127.58, 1972, 0.0
2021-05-26 08:54:00, 127.8, 127.8, 127.27, 127.55, 1677, 0.0
2021-05-26 08:55:00, 127.31, 127.36, 126.51, 126.85, 4036, 0.0
2021-05-26 08:56:00, 126.95, 127.17, 126.74, 127.16, 4454, 0.0
2021-05-26 08:57:00, 127.16, 127.17, 126.56, 126.775, 1749, 0.0
2021-05-26 08:58:00, 126.83, 127.31, 126.83, 127.31, 801, 0.0
2021-05-26 08:59:00, 126.57, 126.57, 125.93, 126.38, 5005, 0.0
2021-05-26 09:00:00, 126.48, 126.67, 126.41, 126.41, 1690, 0.0
2021-05-26 09:01:00, 126.24, 126.32, 125.7, 126.08, 3724, 0.0
2021-05-26 09:02:00, 125.81, 126.16, 125.81, 125.81, 2775, 0.0
2021-05-26 09:03:00, 126.03, 126.16, 125.83, 126.04, 2715, 0.0
2021-05-26 09:04:00, 125.8, 125.93, 125.15, 125.57, 4990, 0.0
2021-05-26 09:05:00, 125.44, 125.71, 125.27, 125.27, 4994, 0.0
2021-05-26 09:06:00, 125.46, 125.62, 125.28, 125.5, 3872, 0.0
2021-05-26 09:07:00, 125.515, 125.54, 125.28, 125.48, 7660, 0.0
2021-05-26 09:08:00, 125.41, 125.54, 124.85, 125.37, 6910, 0.0
2021-05-26 09:09:00, 125.3, 125.33, 124.7, 125.07, 7844, 0.0
2021-05-26 09:10:00, 125.06, 125.46, 125.06, 125.33, 5177, 0.0
2021-05-26 09:11:00, 125.45, 125.53, 125.21, 125.21, 5598, 0.0
2021-05-26 09:12:00, 125.2, 125.2, 124.56, 125.14, 4924, 0.0
2021-05-26 09:13:00, 125.2, 125.21, 124.66, 125.03, 5048, 0.0
2021-05-26 09:14:00, 125.26, 125.26, 124.75, 124.93, 3963, 0.0
2021-05-26 09:15:00, 124.82, 124.84, 124.27, 124.76, 3249, 0.0
2021-05-26 09:16:00, 124.61, 124.67, 124.19, 124.6, 2354, 0.0
2021-05-26 09:17:00, 124.41, 124.51, 124.085, 124.085, 1779, 0.0
2021-05-26 09:18:00, 124.14, 124.43, 123.89, 124.065, 2170, 0.0
2021-05-26 09:19:00, 123.9, 124.01, 123.67, 123.67, 1452, 0.0
2021-05-26 09:20:00, 123.78, 124, 123.71, 123.8, 3690, 0.0
2021-05-26 09:21:00, 123.94, 124.1, 123.82, 123.82, 2385, 0.0
2021-05-26 09:22:00, 123.5, 123.56, 123.38, 123.4, 3197, 0.0
2021-05-26 09:23:00, 123.43, 123.62, 123.29, 123.36, 6683, 0.0
2021-05-26 09:24:00, 123.4, 123.485, 123.125, 123.15, 10563, 0.0
2021-05-26 09:25:00, 123.42, 123.92, 123.42, 123.87, 5740, 0.0
2021-05-26 09:26:00, 123.85, 124.01, 123.63, 123.99, 6890, 0.0
2021-05-26 09:27:00, 123.96, 124.07, 123.76, 123.91, 5025, 0.0
2021-05-26 09:28:00, 123.81, 124.03, 123.81, 124.03, 3544, 0.0
2021-05-26 09:29:00, 124.03, 124.08, 123.92, 124, 4090, 0.0
2021-05-26 09:30:00, 123.96, 124.12, 123.74, 123.99, 5922, 0.0
2021-05-26 09:31:00, 123.78, 123.78, 123.36, 123.75, 2619, 0.0
2021-05-26 09:32:00, 123.785, 123.98, 123.76, 123.98, 2924, 0.0
2021-05-26 09:33:00, 123.755, 124, 123.58, 123.71, 2801, 0.0
2021-05-26 09:34:00, 123.93, 124.09, 123.92, 123.93, 1910, 0.0
2021-05-26 09:35:00, 124.02, 124.11, 123.7, 123.7, 6562, 0.0
2021-05-26 09:36:00, 123.705, 123.705, 123.16, 123.38, 10753, 0.0
2021-05-26 09:37:00, 123.16, 123.16, 122.61, 122.985, 8798, 0.0
2021-05-26 09:38:00, 122.97, 123.1, 122.86, 122.86, 2091, 0.0
2021-05-26 09:39:00, 122.97, 123.17, 122.865, 123.16, 1388, 0.0
2021-05-26 09:40:00, 123.17, 123.39, 123.17, 123.28, 1176, 0.0
2021-05-26 09:41:00, 123.33, 123.33, 122.77, 122.77, 1385, 0.0
2021-05-26 09:42:00, 122.92, 123.21, 122.92, 123.21, 2234, 0.0
2021-05-26 09:43:00, 123.1, 123.37, 123.1, 123.16, 1566, 0.0
2021-05-26 09:44:00, 123.11, 124.01, 123.11, 124.01, 4979, 0.0
2021-05-26 09:45:00, 123.92, 123.96, 123.71, 123.85, 1730, 0.0
2021-05-26 09:46:00, 123.65, 123.79, 123.52, 123.67, 1242, 0.0
2021-05-26 09:47:00, 123.88, 123.98, 123.79, 123.79, 1505, 0.0
2021-05-26 09:48:00, 123.93, 124.01, 123.88, 124, 1770, 0.0
2021-05-26 09:49:00, 123.87, 124.05, 123.82, 124.05, 4746, 0.0
2021-05-26 09:50:00, 124.06, 124.08, 123.87, 123.89, 2665, 0.0
2021-05-26 09:51:00, 123.9, 123.98, 123.71, 123.73, 2889, 0.0
2021-05-26 09:52:00, 123.85, 124.39, 123.84, 124.13, 4780, 0.0
2021-05-26 09:53:00, 124.165, 124.18, 123.875, 123.9, 3272, 0.0
2021-05-26 09:54:00, 123.9, 123.9, 123.38, 123.52, 2151, 0.0
2021-05-26 09:55:00, 123.59, 123.76, 123.47, 123.48, 1996, 0.0
2021-05-26 09:56:00, 123.4, 123.94, 123.24, 123.805, 5276, 0.0
2021-05-26 09:57:00, 123.9, 123.98, 123.825, 123.895, 1026, 0.0
2021-05-26 09:58:00, 123.905, 123.94, 123.905, 123.93, 1072, 0.0
2021-05-26 09:59:00, 123.975, 124.005, 123.89, 124.005, 760, 0.0
2021-05-26 10:00:00, 124.005, 124.26, 123.95, 124.23, 4231, 0.0
2021-05-26 10:01:00, 123.92, 124.045, 123.9, 123.9, 2198, 0.0
2021-05-26 10:02:00, 124.01, 124.025, 123.7, 123.77, 3514, 0.0
2021-05-26 10:03:00, 124.01, 124.03, 123.91, 124, 1841, 0.0
2021-05-26 10:04:00, 123.99, 124.03, 123.94, 124.01, 2434, 0.0
2021-05-26 10:05:00, 124.01, 124.04, 123.91, 124.04, 2556, 0.0
2021-05-26 10:06:00, 124.03, 124.06, 123.84, 123.84, 2895, 0.0
2021-05-26 10:07:00, 123.87, 123.98, 123.87, 123.945, 1925, 0.0
2021-05-26 10:08:00, 124, 124.02, 123.88, 123.89, 2919, 0.0
2021-05-26 10:09:00, 123.92, 124.01, 123.71, 124.005, 3609, 0.0
2021-05-26 10:10:00, 124, 124.09, 123.975, 124.09, 2309, 0.0
2021-05-26 10:11:00, 124.1, 124.1, 123.91, 123.99, 3318, 0.0
2021-05-26 10:12:00, 123.945, 123.99, 123.945, 123.99, 1071, 0.0
2021-05-26 10:13:00, 123.98, 124.02, 123.98, 124.02, 594, 0.0
2021-05-26 10:14:00, 124.04, 124.18, 124.04, 124.18, 960, 0.0
2021-05-26 10:15:00, 123.99, 124.16, 123.99, 124.16, 1869, 0.0
2021-05-26 10:16:00, 124.34, 124.355, 123.93, 124, 8328, 0.0
2021-05-26 10:17:00, 124.12, 124.12, 123.91, 123.93, 1575, 0.0
2021-05-26 10:18:00, 123.98, 124.26, 123.98, 124.165, 1640, 0.0
2021-05-26 10:19:00, 124.13, 124.29, 124.04, 124.28, 1450, 0.0
2021-05-26 10:20:00, 124.15, 124.15, 124.14, 124.15, 778, 0.0
2021-05-26 10:21:00, 124.24, 124.42, 124.21, 124.39, 2080, 0.0
2021-05-26 10:22:00, 124.375, 124.38, 124.03, 124.04, 1113, 0.0
2021-05-26 10:23:00, 123.96, 124.02, 123.93, 123.94, 1220, 0.0
2021-05-26 10:24:00, 123.97, 124.05, 123.94, 123.99, 2093, 0.0
2021-05-26 10:25:00, 123.98, 123.98, 123.65, 123.75, 3387, 0.0
2021-05-26 10:26:00, 123.64, 123.87, 123.64, 123.825, 1273, 0.0
2021-05-26 10:27:00, 123.8, 123.95, 123.45, 123.46, 3227, 0.0
2021-05-26 10:28:00, 123.47, 123.71, 123.47, 123.71, 477, 0.0
2021-05-26 10:29:00, 123.68, 123.68, 123.58, 123.58, 520, 0.0
2021-05-26 10:30:00, 123.48, 123.48, 123.34, 123.36, 1330, 0.0
2021-05-26 10:31:00, 123.46, 123.595, 123.44, 123.59, 804, 0.0
2021-05-26 10:32:00, 123.41, 123.41, 123.12, 123.17, 3025, 0.0
2021-05-26 10:33:00, 122.97, 123.13, 122.96, 123.13, 2469, 0.0
2021-05-26 10:34:00, 123.225, 123.28, 123.15, 123.27, 1909, 0.0
2021-05-26 10:35:00, 123.185, 123.48, 123.185, 123.47, 1442, 0.0
2021-05-26 10:36:00, 123.39, 123.55, 123.19, 123.27, 920, 0.0
2021-05-26 10:37:00, 123.285, 123.4, 123.285, 123.4, 633, 0.0
2021-05-26 10:38:00, 123.535, 123.535, 123.5, 123.5, 584, 0.0
2021-05-26 10:39:00, 123.48, 123.56, 123.32, 123.55, 1617, 0.0
2021-05-26 10:40:00, 123.59, 123.72, 123.59, 123.7, 1023, 0.0
2021-05-26 10:41:00, 123.61, 123.71, 123.61, 123.71, 1030, 0.0
2021-05-26 10:42:00, 123.685, 123.78, 123.655, 123.72, 2106, 0.0
2021-05-26 10:43:00, 123.72, 123.88, 123.69, 123.88, 2013, 0.0
2021-05-26 10:44:00, 123.955, 124.21, 123.91, 124.21, 1748, 0.0
