Date, Open, High, Low, Close, Volume, Open Interest
2021-05-25 10:45:00, 163.45, 163.71, 163.45, 163.69, 1625, 0.0
2021-05-25 10:50:00, 163.66, 163.67, 163.47, 163.515, 1109, 0.0
2021-05-25 10:55:00, 163.53, 163.54, 163.45, 163.54, 411, 0.0
2021-05-25 11:00:00, 163.62, 163.62, 163.41, 163.41, 459, 0.0
2021-05-25 11:05:00, 163.44, 163.55, 163.31, 163.55, 3065, 0.0
2021-05-25 11:10:00, 163.57, 163.73, 163.57, 163.67, 1674, 0.0
2021-05-25 11:15:00, 163.62, 163.62, 163.45, 163.45, 913, 0.0
2021-05-25 11:20:00, 163.47, 163.47, 163.42, 163.42, 528, 0.0
2021-05-25 11:25:00, 163.44, 163.44, 163.44, 163.44, 154, 0.0
2021-05-25 11:30:00, 163.45, 163.57, 163.45, 163.57, 451, 0.0
2021-05-25 11:35:00, 163.57, 163.61, 163.54, 163.58, 1111, 0.0
2021-05-25 11:40:00, 163.58, 163.58, 163.45, 163.45, 403, 0.0
2021-05-25 11:45:00, 163.28, 163.3, 163.2, 163.2, 851, 0.0
2021-05-25 11:50:00, 163.25, 163.46, 163.25, 163.43, 756, 0.0
2021-05-25 11:55:00, 163.445, 163.445, 163.31, 163.35, 1041, 0.0
2021-05-25 12:00:00, 163.23, 163.23, 163.1, 163.16, 1155, 0.0
2021-05-25 12:05:00, 163, 163.3, 163, 163.3, 1235, 0.0
2021-05-25 12:10:00, 163.25, 163.425, 163.23, 163.42, 2412, 0.0
2021-05-25 12:15:00, 163.51, 163.6, 163.44, 163.6, 2472, 0.0
2021-05-25 12:20:00, 163.57, 163.75, 163.57, 163.71, 1642, 0.0
2021-05-25 12:25:00, 163.75, 163.75, 163.64, 163.7, 1181, 0.0
2021-05-25 12:30:00, 163.77, 163.99, 163.73, 163.99, 4041, 0.0
2021-05-25 12:35:00, 163.93, 163.96, 163.93, 163.96, 600, 0.0
2021-05-25 12:40:00, 163.94, 163.94, 163.74, 163.84, 570, 0.0
2021-05-25 12:45:00, 163.85, 164.01, 163.85, 164.01, 488, 0.0
2021-05-25 12:50:00, 164.02, 164.06, 163.95, 164.02, 1372, 0.0
2021-05-25 12:55:00, 164.11, 164.14, 164.025, 164.115, 2881, 0.0
2021-05-25 13:00:00, 164.05, 164.05, 163.79, 163.79, 947, 0.0
2021-05-25 13:05:00, 163.81, 163.81, 163.73, 163.76, 858, 0.0
2021-05-25 13:10:00, 163.73, 163.82, 163.73, 163.82, 434, 0.0
2021-05-25 13:15:00, 163.99, 163.99, 163.83, 163.87, 1304, 0.0
2021-05-25 13:20:00, 163.87, 163.93, 163.86, 163.87, 1963, 0.0
2021-05-25 13:25:00, 163.89, 163.92, 163.81, 163.81, 2647, 0.0
2021-05-25 13:30:00, 163.91, 163.935, 163.67, 163.67, 1253, 0.0
2021-05-25 13:35:00, 163.56, 163.82, 163.53, 163.81, 2499, 0.0
2021-05-25 13:40:00, 163.88, 164.02, 163.84, 164.01, 3065, 0.0
2021-05-25 13:45:00, 164, 164.03, 163.81, 163.81, 2148, 0.0
2021-05-25 13:50:00, 163.985, 164.02, 163.82, 163.845, 1652, 0.0
2021-05-25 13:55:00, 163.965, 164.01, 163.92, 163.97, 1386, 0.0
2021-05-25 14:00:00, 163.715, 163.715, 163.36, 163.36, 2210, 0.0
2021-05-25 14:05:00, 163.39, 163.41, 163.39, 163.41, 792, 0.0
2021-05-25 14:10:00, 163.205, 163.23, 163.1, 163.19, 1279, 0.0
2021-05-25 14:15:00, 163.05, 163.375, 163.05, 163.36, 2767, 0.0
2021-05-25 14:20:00, 163.35, 163.49, 163.35, 163.49, 340, 0.0
2021-05-25 14:25:00, 163.56, 163.56, 163.38, 163.45, 1031, 0.0
2021-05-25 14:30:00, 163.3, 163.31, 163.22, 163.235, 807, 0.0
2021-05-25 14:35:00, 163.25, 163.4, 163.165, 163.4, 2455, 0.0
2021-05-25 14:40:00, 163.33, 163.33, 163.21, 163.28, 1620, 0.0
2021-05-25 14:45:00, 163.35, 163.37, 163.2, 163.2, 940, 0.0
2021-05-25 14:50:00, 163.15, 163.36, 163.11, 163.33, 4001, 0.0
2021-05-25 14:55:00, 163.37, 163.86, 163.37, 163.86, 6153, 0.0
2021-05-26 08:30:00, 163.45, 164.74, 163.45, 164.74, 3028, 0.0
2021-05-26 08:35:00, 165.07, 165.1, 164.78, 164.94, 3540, 0.0
2021-05-26 08:40:00, 164.84, 164.84, 164.35, 164.52, 1461, 0.0
2021-05-26 08:45:00, 164.53, 164.66, 164.19, 164.21, 1449, 0.0
2021-05-26 08:50:00, 163.85, 163.98, 163.64, 163.68, 1494, 0.0
2021-05-26 08:55:00, 163.64, 163.68, 163.04, 163.22, 4577, 0.0
2021-05-26 09:00:00, 163.28, 163.39, 163.03, 163.37, 1677, 0.0
2021-05-26 09:05:00, 163.49, 163.49, 163.15, 163.15, 2813, 0.0
2021-05-26 09:10:00, 163.34, 163.4, 163.15, 163.23, 1494, 0.0
2021-05-26 09:15:00, 163.21, 163.51, 163.21, 163.45, 1833, 0.0
2021-05-26 09:20:00, 163.36, 163.37, 163.25, 163.29, 1582, 0.0
2021-05-26 09:25:00, 163.23, 163.25, 163.15, 163.15, 1438, 0.0
2021-05-26 09:30:00, 163.14, 163.23, 163.105, 163.23, 2421, 0.0
2021-05-26 09:35:00, 163.41, 163.41, 163.05, 163.11, 1596, 0.0
2021-05-26 09:40:00, 163.19, 163.29, 163.07, 163.1, 2759, 0.0
2021-05-26 09:45:00, 163.18, 163.225, 163.115, 163.17, 1819, 0.0
2021-05-26 09:50:00, 163.17, 163.42, 163.13, 163.42, 2669, 0.0
2021-05-26 09:55:00, 163.37, 163.37, 163.26, 163.315, 1417, 0.0
2021-05-26 10:00:00, 163.34, 163.41, 163.19, 163.39, 3115, 0.0
2021-05-26 10:05:00, 163.4, 163.4, 163.15, 163.18, 5961, 0.0
2021-05-26 10:10:00, 163.19, 163.39, 163.19, 163.39, 2153, 0.0
2021-05-26 10:15:00, 163.36, 163.36, 163.24, 163.25, 2294, 0.0
2021-05-26 10:20:00, 163.27, 163.29, 162.98, 163.05, 3411, 0.0
2021-05-26 10:25:00, 163.02, 163.02, 162.72, 162.965, 3361, 0.0
2021-05-26 10:30:00, 162.99, 162.99, 162.67, 162.9, 3168, 0.0
2021-05-26 10:35:00, 162.915, 163.03, 162.81, 162.92, 3003, 0.0
2021-05-26 10:40:00, 162.89, 162.94, 162.83, 162.93, 2213, 0.0
