Date, Open, High, Low, Close, Volume, Open Interest
2021-05-11 14:20:00, 238.2, 238.2, 237.41, 237.41, 1140, 0.0
2021-05-11 14:25:00, 237.97, 237.97, 237.5, 237.55, 1727, 0.0
2021-05-11 14:30:00, 237.265, 237.45, 237.03, 237.08, 2502, 0.0
2021-05-11 14:35:00, 237.1, 237.23, 237.1, 237.22, 1983, 0.0
2021-05-11 14:40:00, 237.01, 237.25, 236.75, 236.86, 6472, 0.0
2021-05-11 14:45:00, 236.745, 237.9, 236.745, 237.51, 3403, 0.0
2021-05-11 14:50:00, 237.41, 237.41, 236.77, 237, 6779, 0.0
2021-05-11 14:55:00, 237.12, 237.89, 236.6, 237.8, 7825, 0.0
2021-05-12 08:30:00, 231.45, 234.75, 231.41, 233.5, 1899, 0.0
2021-05-12 08:35:00, 233.2, 234.13, 232.47, 232.56, 2641, 0.0
2021-05-12 08:40:00, 231.5, 232.58, 231.5, 232.575, 2581, 0.0
2021-05-12 08:45:00, 232.54, 234.25, 232.54, 234.23, 1583, 0.0
2021-05-12 08:50:00, 233.07, 233.8, 233.07, 233.31, 1029, 0.0
2021-05-12 08:55:00, 231.565, 231.86, 230.92, 230.92, 1993, 0.0
2021-05-12 09:00:00, 230.28, 230.28, 228.785, 228.785, 6312, 0.0
2021-05-12 09:05:00, 228.95, 229.8, 228.95, 229.37, 1467, 0.0
2021-05-12 09:10:00, 229.49, 229.54, 228.57, 228.785, 1919, 0.0
2021-05-12 09:15:00, 228.87, 228.87, 228.14, 228.365, 1162, 0.0
2021-05-12 09:20:00, 229.28, 229.47, 229.26, 229.26, 586, 0.0
2021-05-12 09:25:00, 228.36, 229.58, 228.2, 229.16, 1639, 0.0
2021-05-12 09:30:00, 228.36, 229.235, 228.05, 228.685, 1572, 0.0
2021-05-12 09:35:00, 228.05, 229.05, 227.65, 229.05, 1283, 0.0
2021-05-12 09:40:00, 228.88, 229.05, 227.41, 227.55, 1598, 0.0
2021-05-12 09:45:00, 227.24, 227.45, 227.01, 227.15, 2623, 0.0
2021-05-12 09:50:00, 227.07, 227.07, 226.23, 226.57, 1139, 0.0
2021-05-12 09:55:00, 226.285, 226.285, 225.68, 226, 1743, 0.0
2021-05-12 10:00:00, 225.825, 226.17, 225.45, 225.67, 2986, 0.0
2021-05-12 10:05:00, 225.87, 226.02, 225.81, 225.97, 2104, 0.0
2021-05-12 10:10:00, 226.06, 226.14, 225.815, 225.815, 4311, 0.0
2021-05-12 10:15:00, 225.86, 226.005, 225.5, 225.5, 4547, 0.0
2021-05-12 10:20:00, 225.5, 225.5, 224.59, 225.2, 4106, 0.0
2021-05-12 10:25:00, 225.21, 225.34, 224.58, 225.15, 2052, 0.0
2021-05-12 10:30:00, 224.47, 224.7, 224.47, 224.62, 1339, 0.0
2021-05-12 10:35:00, 223.615, 223.615, 223.61, 223.61, 283, 0.0
2021-05-12 10:40:00, 224.05, 224.98, 223.76, 224.98, 1154, 0.0
2021-05-12 10:45:00, 225.09, 225.22, 224.7, 224.97, 1331, 0.0
2021-05-12 10:50:00, 223.95, 223.95, 223.65, 223.815, 1541, 0.0
2021-05-12 10:55:00, 223.5, 224.075, 223.49, 223.85, 891, 0.0
2021-05-12 11:00:00, 223.91, 223.91, 223.47, 223.47, 1661, 0.0
2021-05-12 11:05:00, 223.94, 224.05, 223.41, 223.41, 981, 0.0
2021-05-12 11:10:00, 223.53, 223.53, 222.93, 223.01, 740, 0.0
2021-05-12 11:15:00, 222.51, 222.51, 221.93, 221.93, 211, 0.0
2021-05-12 11:20:00, 222.56, 222.76, 222.41, 222.41, 1104, 0.0
2021-05-12 11:25:00, 222.62, 222.62, 222.6, 222.6, 550, 0.0
2021-05-12 11:30:00, 222.585, 222.585, 222.17, 222.225, 1711, 0.0
2021-05-12 11:35:00, 222.33, 222.46, 221.92, 221.92, 718, 0.0
2021-05-12 11:40:00, 221.65, 222.11, 221.65, 222.01, 375, 0.0
2021-05-12 11:45:00, 222.39, 222.58, 222.12, 222.56, 1262, 0.0
2021-05-12 11:50:00, 223.45, 223.77, 223.305, 223.77, 1220, 0.0
2021-05-12 11:55:00, 224, 225.06, 224, 224.99, 956, 0.0
2021-05-12 12:00:00, 224.975, 225.09, 224.91, 225.09, 864, 0.0
2021-05-12 12:05:00, 225.45, 225.845, 225.25, 225.845, 933, 0.0
2021-05-12 12:10:00, 226.01, 226.235, 225.155, 225.155, 1505, 0.0
2021-05-12 12:15:00, 225.26, 225.48, 224.685, 224.685, 2863, 0.0
2021-05-12 12:20:00, 224.78, 225.27, 224.78, 225.01, 2082, 0.0
2021-05-12 12:25:00, 225.42, 225.42, 224.92, 224.92, 636, 0.0
2021-05-12 12:30:00, 225.04, 225.04, 224.505, 224.505, 845, 0.0
2021-05-12 12:35:00, 224.64, 225.01, 224.6, 224.79, 708, 0.0
2021-05-12 12:40:00, 225.435, 225.435, 225.15, 225.215, 388, 0.0
2021-05-12 12:45:00, 225.12, 225.12, 224.66, 224.66, 1026, 0.0
2021-05-12 12:50:00, 224.52, 224.55, 224.515, 224.515, 762, 0.0
2021-05-12 12:55:00, 225.16, 225.22, 225.16, 225.22, 312, 0.0
2021-05-12 13:00:00, 224.58, 224.97, 224.58, 224.89, 1912, 0.0
2021-05-12 13:05:00, 224.31, 224.725, 224.31, 224.45, 833, 0.0
2021-05-12 13:10:00, 224.5, 224.5, 223.98, 223.98, 429, 0.0
2021-05-12 13:15:00, 224.06, 224.06, 224, 224.05, 395, 0.0
2021-05-12 13:20:00, 224.67, 225.22, 224.67, 225.22, 1043, 0.0
2021-05-12 13:25:00, 225.085, 225.085, 224.92, 224.92, 433, 0.0
2021-05-12 13:30:00, 225.255, 225.27, 225.255, 225.27, 274, 0.0
2021-05-12 13:35:00, 225.57, 226.59, 225.57, 226.4, 1210, 0.0
2021-05-12 13:40:00, 226.13, 226.13, 225.85, 225.85, 224, 0.0
2021-05-12 13:45:00, 226.1, 226.47, 226.1, 226.35, 1308, 0.0
2021-05-12 13:50:00, 226.3, 226.3, 225.67, 225.67, 796, 0.0
2021-05-12 13:55:00, 225.15, 225.21, 225.02, 225.19, 610, 0.0
2021-05-12 14:00:00, 224.26, 224.27, 223.93, 223.95, 634, 0.0
2021-05-12 14:05:00, 223.66, 224.33, 223.66, 224.25, 2044, 0.0
2021-05-12 14:10:00, 223.8, 223.86, 223.6, 223.6, 770, 0.0
2021-05-12 14:15:00, 223.49, 223.49, 223.3, 223.3, 632, 0.0
2021-05-12 14:20:00, 223.03, 223.66, 223.03, 223.06, 2522, 0.0
2021-05-12 14:25:00, 222.94, 224.595, 222.94, 224.57, 1011, 0.0
2021-05-12 14:30:00, 224.1, 225.065, 224.1, 225.025, 1866, 0.0
2021-05-12 14:35:00, 224.565, 224.93, 224.565, 224.64, 1761, 0.0
2021-05-12 14:40:00, 224.5, 225.41, 224.5, 225.265, 2420, 0.0
2021-05-12 14:45:00, 225.5, 225.75, 225.37, 225.37, 5126, 0.0
2021-05-12 14:50:00, 225.345, 225.45, 224.96, 225.26, 9916, 0.0
2021-05-12 14:55:00, 225.05, 225.81, 225, 225.71, 6790, 0.0
2021-05-13 08:30:00, 233.01, 233.19, 232.22, 232.22, 1005, 0.0
2021-05-13 08:35:00, 230.8, 230.96, 229.1, 229.1, 1247, 0.0
2021-05-13 08:40:00, 228.26, 228.78, 228.26, 228.43, 1215, 0.0
2021-05-13 08:45:00, 228.96, 228.96, 225.6, 225.6, 1207, 0.0
2021-05-13 08:50:00, 225.64, 227.17, 225.64, 227.01, 4047, 0.0
2021-05-13 08:55:00, 227, 227.49, 226.35, 226.41, 5286, 0.0
2021-05-13 09:00:00, 226.875, 228.235, 226.875, 228.235, 4677, 0.0
2021-05-13 09:05:00, 228.24, 228.24, 226.73, 226.73, 4389, 0.0
2021-05-13 09:10:00, 226.71, 227.3, 226.71, 226.81, 1489, 0.0
2021-05-13 09:15:00, 226.73, 226.73, 225.77, 225.97, 882, 0.0
2021-05-13 09:20:00, 225.29, 226.53, 225.29, 226.53, 787, 0.0
2021-05-13 09:25:00, 227.01, 227.01, 224.19, 224.19, 2228, 0.0
2021-05-13 09:30:00, 224.9, 224.91, 224.21, 224.465, 904, 0.0
2021-05-13 09:35:00, 224.11, 224.16, 223.83, 224.16, 665, 0.0
2021-05-13 09:40:00, 224.97, 225.18, 223.76, 223.93, 1238, 0.0
2021-05-13 09:45:00, 224.55, 224.6, 224.13, 224.13, 544, 0.0
2021-05-13 09:50:00, 224.55, 224.55, 224.43, 224.5, 439, 0.0
2021-05-13 09:55:00, 225.42, 225.42, 224.81, 224.825, 857, 0.0
2021-05-13 10:00:00, 223.71, 223.71, 223.31, 223.47, 735, 0.0
2021-05-13 10:05:00, 223.135, 223.81, 223.135, 223.18, 1866, 0.0
2021-05-13 10:10:00, 223.505, 224.42, 223.46, 224.03, 2306, 0.0
2021-05-13 10:15:00, 223.67, 224.035, 223.67, 223.775, 1830, 0.0
2021-05-13 10:20:00, 223.775, 223.955, 223.45, 223.71, 1887, 0.0
2021-05-13 10:25:00, 223.59, 224.115, 223.34, 223.34, 1965, 0.0
2021-05-13 10:30:00, 223.515, 223.84, 223.515, 223.76, 1737, 0.0
2021-05-13 10:35:00, 223.71, 224.4, 223.71, 224.4, 663, 0.0
2021-05-13 10:40:00, 223.975, 224.01, 222.985, 222.985, 1965, 0.0
2021-05-13 10:45:00, 222.83, 223, 222.69, 222.99, 911, 0.0
2021-05-13 10:50:00, 223.61, 223.93, 223.45, 223.45, 1128, 0.0
2021-05-13 10:55:00, 224.035, 224.035, 223.475, 223.66, 1855, 0.0
2021-05-13 11:00:00, 224.35, 224.82, 224.27, 224.82, 868, 0.0
2021-05-13 11:05:00, 224.11, 224.34, 223.91, 224.005, 1821, 0.0
2021-05-13 11:10:00, 224.23, 224.65, 224.23, 224.63, 1108, 0.0
2021-05-13 11:15:00, 224.64, 224.74, 224.47, 224.48, 1441, 0.0
2021-05-13 11:20:00, 224.77, 224.77, 224.09, 224.11, 1752, 0.0
2021-05-13 11:25:00, 224.18, 224.75, 224.18, 224.68, 863, 0.0
2021-05-13 11:30:00, 225.16, 225.16, 225.08, 225.145, 507, 0.0
2021-05-13 11:35:00, 224.93, 224.93, 224.145, 224.145, 908, 0.0
2021-05-13 11:40:00, 224.055, 224.055, 223.79, 223.79, 970, 0.0
2021-05-13 11:45:00, 224.035, 224.035, 224.035, 224.035, 126, 0.0
2021-05-13 11:50:00, 224.23, 224.23, 223.325, 223.325, 1356, 0.0
2021-05-13 11:55:00, 223.16, 223.16, 222.185, 222.495, 3308, 0.0
2021-05-13 12:00:00, 222.43, 222.43, 222.13, 222.41, 683, 0.0
2021-05-13 12:05:00, 222.68, 222.68, 222.68, 222.68, 155, 0.0
2021-05-13 12:10:00, 222.795, 222.795, 221.99, 222.1, 1474, 0.0
2021-05-13 12:15:00, 221.81, 221.81, 221.235, 221.235, 594, 0.0
2021-05-13 12:20:00, 221.455, 221.48, 220.89, 220.89, 1745, 0.0
2021-05-13 12:25:00, 220.88, 221, 219.78, 219.78, 1762, 0.0
2021-05-13 12:30:00, 219.37, 219.48, 218.84, 218.84, 649, 0.0
2021-05-13 12:35:00, 218.905, 219.71, 218.905, 219.61, 2093, 0.0
2021-05-13 12:40:00, 220.285, 220.285, 219.48, 220.06, 1557, 0.0
2021-05-13 12:45:00, 220.03, 220.03, 219.25, 219.755, 938, 0.0
2021-05-13 12:50:00, 220.025, 221.12, 219.97, 221.12, 1087, 0.0
2021-05-13 12:55:00, 221.18, 221.18, 220.275, 220.275, 1337, 0.0
2021-05-13 13:00:00, 221.085, 221.43, 220.95, 220.99, 2703, 0.0
2021-05-13 13:05:00, 220.66, 222.375, 220.585, 221.62, 7230, 0.0
2021-05-13 13:10:00, 221.63, 221.635, 220.88, 221.21, 5604, 0.0
2021-05-13 13:15:00, 221.25, 221.46, 220.49, 220.49, 1635, 0.0
2021-05-13 13:20:00, 220.53, 221.33, 220.26, 220.63, 2516, 0.0
2021-05-13 13:25:00, 220.38, 221.18, 220.38, 221.16, 2301, 0.0
2021-05-13 13:30:00, 221.63, 221.83, 221.435, 221.83, 1416, 0.0
2021-05-13 13:35:00, 222.2, 222.68, 222.2, 222.68, 884, 0.0
2021-05-13 13:40:00, 222.7, 223.69, 222.465, 223.69, 2676, 0.0
2021-05-13 13:45:00, 223.74, 223.76, 223.13, 223.55, 1924, 0.0
2021-05-13 13:50:00, 223.63, 223.63, 222.94, 222.94, 1878, 0.0
2021-05-13 13:55:00, 222.96, 222.96, 222.47, 222.58, 835, 0.0
2021-05-13 14:00:00, 222.05, 222.4, 221.94, 221.94, 1212, 0.0
2021-05-13 14:05:00, 222.11, 222.58, 222.11, 222.56, 752, 0.0
2021-05-13 14:10:00, 222.37, 222.37, 221.485, 221.485, 791, 0.0
2021-05-13 14:15:00, 221.5, 221.98, 221.445, 221.445, 669, 0.0
2021-05-13 14:20:00, 221.48, 221.48, 220.88, 221.25, 1056, 0.0
2021-05-13 14:25:00, 221.365, 221.755, 221.365, 221.435, 1437, 0.0
2021-05-13 14:30:00, 221.65, 222.305, 221.65, 222.305, 1196, 0.0
2021-05-13 14:35:00, 222.24, 222.475, 222.1, 222.26, 1713, 0.0
2021-05-13 14:40:00, 222.28, 222.905, 222.28, 222.905, 1684, 0.0
2021-05-13 14:45:00, 222.7, 222.7, 221.93, 222.3, 4632, 0.0
2021-05-13 14:50:00, 222, 222.155, 221.86, 222.03, 8137, 0.0
2021-05-13 14:55:00, 221.805, 222.09, 221.59, 222.09, 8918, 0.0
2021-05-14 08:30:00, 227.78, 227.94, 227.51, 227.57, 638, 0.0
2021-05-14 08:35:00, 226.95, 226.96, 224.93, 225.72, 1153, 0.0
2021-05-14 08:40:00, 226.44, 226.44, 223.49, 223.49, 871, 0.0
2021-05-14 08:45:00, 223.61, 224.21, 223.61, 223.76, 543, 0.0
2021-05-14 08:50:00, 223.98, 224.09, 223.8, 224.09, 575, 0.0
2021-05-14 08:55:00, 223.71, 225.17, 223.46, 224.94, 946, 0.0
2021-05-14 09:00:00, 225.52, 226.54, 225.52, 226.15, 1472, 0.0
2021-05-14 09:05:00, 225.82, 226.05, 225.61, 225.98, 1012, 0.0
2021-05-14 09:10:00, 226.04, 226.755, 226.04, 226.36, 2203, 0.0
2021-05-14 09:15:00, 226.73, 227.65, 226.73, 227.65, 847, 0.0
2021-05-14 09:20:00, 227.74, 227.84, 226.94, 226.94, 1087, 0.0
2021-05-14 09:25:00, 228, 228, 227.61, 227.97, 862, 0.0
2021-05-14 09:30:00, 228, 228, 227.65, 227.65, 514, 0.0
2021-05-14 09:35:00, 227.7, 228.35, 227.7, 228.35, 1449, 0.0
2021-05-14 09:40:00, 229.94, 229.94, 229.3, 229.3, 473, 0.0
2021-05-14 09:45:00, 228.4, 228.9, 228.4, 228.9, 650, 0.0
2021-05-14 09:50:00, 229.8, 229.8, 229.4, 229.4, 700, 0.0
2021-05-14 09:55:00, 229.29, 229.66, 229.25, 229.66, 848, 0.0
2021-05-14 10:00:00, 229.86, 229.86, 228.78, 229.2, 1417, 0.0
2021-05-14 10:05:00, 229.21, 229.52, 229.2, 229.2, 716, 0.0
2021-05-14 10:10:00, 229.4, 230.5, 229.4, 230.34, 1013, 0.0
2021-05-14 10:15:00, 229.85, 230.59, 229.85, 230.58, 1004, 0.0
2021-05-14 10:20:00, 230.7, 231.18, 230.7, 230.96, 1858, 0.0
2021-05-14 10:25:00, 230.55, 230.955, 230.46, 230.55, 1539, 0.0
2021-05-14 10:30:00, 230.81, 230.88, 230.505, 230.505, 1339, 0.0
2021-05-14 10:35:00, 230.77, 230.79, 230.62, 230.74, 872, 0.0
2021-05-14 10:40:00, 230.12, 230.12, 229.72, 229.72, 500, 0.0
2021-05-14 10:45:00, 229.73, 230.19, 229.73, 230.19, 751, 0.0
2021-05-14 10:50:00, 229.61, 229.63, 229.57, 229.63, 766, 0.0
2021-05-14 10:55:00, 229.77, 229.77, 229.41, 229.41, 339, 0.0
2021-05-14 11:00:00, 229.2, 229.67, 229.2, 229.67, 667, 0.0
2021-05-14 11:05:00, 230, 230.53, 230, 230.53, 769, 0.0
2021-05-14 11:10:00, 230.71, 230.71, 230.71, 230.71, 123, 0.0
2021-05-14 11:15:00, 230.115, 230.115, 229.525, 229.525, 337, 0.0
2021-05-14 11:20:00, 229.74, 229.74, 229.41, 229.57, 1181, 0.0
2021-05-14 11:25:00, 229.67, 229.67, 229.67, 229.67, 135, 0.0
2021-05-14 11:30:00, 229.76, 229.95, 229.31, 229.33, 2136, 0.0
2021-05-14 11:35:00, 229.31, 229.31, 229.09, 229.105, 1261, 0.0
2021-05-14 11:40:00, 229, 229.02, 228.58, 228.59, 1979, 0.0
2021-05-14 11:45:00, 229.22, 229.22, 229.04, 229.04, 358, 0.0
2021-05-14 11:50:00, 229.005, 229.005, 228.65, 228.78, 1562, 0.0
2021-05-14 11:55:00, 229.26, 229.26, 229.02, 229.02, 788, 0.0
2021-05-14 12:00:00, 228.87, 228.87, 228.49, 228.49, 473, 0.0
2021-05-14 12:05:00, 228.47, 228.88, 228.37, 228.88, 723, 0.0
2021-05-14 12:10:00, 229.13, 229.13, 228.86, 228.86, 1174, 0.0
2021-05-14 12:15:00, 228.88, 229.165, 228.81, 229.165, 690, 0.0
2021-05-14 12:20:00, 229.08, 229.08, 228.9, 228.9, 248, 0.0
2021-05-14 12:25:00, 229.04, 229.04, 229.04, 229.04, 106, 0.0
2021-05-14 12:30:00, 228.92, 228.92, 228.7, 228.78, 764, 0.0
2021-05-14 12:35:00, 228.72, 228.72, 228.715, 228.715, 304, 0.0
2021-05-14 12:40:00, 228.78, 228.89, 228.49, 228.49, 301, 0.0
2021-05-14 12:45:00, 228.36, 228.36, 228.36, 228.36, 100, 0.0
2021-05-14 12:50:00, 228.28, 228.28, 228.28, 228.28, 100, 0.0
2021-05-14 12:55:00, 228.4, 228.4, 228.27, 228.27, 292, 0.0
2021-05-14 13:00:00, 228.64, 228.64, 228.64, 228.64, 101, 0.0
2021-05-14 13:05:00, 228.68, 229.07, 228.58, 229.07, 458, 0.0
2021-05-14 13:10:00, 228.99, 229.01, 228.96, 229.01, 333, 0.0
2021-05-14 13:15:00, 229, 229.08, 228.96, 229.025, 949, 0.0
2021-05-14 13:20:00, 228.99, 229.02, 228.88, 228.95, 1159, 0.0
2021-05-14 13:25:00, 229.04, 229.08, 228.96, 229.07, 1516, 0.0
2021-05-14 13:30:00, 229.01, 229.08, 228.93, 229.01, 969, 0.0
2021-05-14 13:35:00, 229.11, 229.11, 228.9, 228.97, 1683, 0.0
2021-05-14 13:40:00, 229, 229.03, 228.95, 229.03, 2090, 0.0
2021-05-14 13:45:00, 229.01, 229.22, 228.99, 229.22, 3306, 0.0
2021-05-14 13:50:00, 229.44, 229.87, 229.375, 229.6, 4123, 0.0
2021-05-14 13:55:00, 229.4, 229.4, 229.4, 229.4, 100, 0.0
2021-05-14 14:00:00, 229.29, 229.29, 228.77, 228.8, 1180, 0.0
2021-05-14 14:05:00, 228.93, 229.11, 228.81, 228.81, 723, 0.0
2021-05-14 14:10:00, 228.78, 228.83, 228.78, 228.83, 331, 0.0
2021-05-14 14:20:00, 229.04, 229.04, 228.68, 228.68, 1178, 0.0
2021-05-14 14:25:00, 228.83, 228.83, 228.48, 228.48, 1347, 0.0
2021-05-14 14:30:00, 228.55, 228.55, 228.38, 228.38, 943, 0.0
2021-05-14 14:35:00, 228.47, 228.79, 228.47, 228.61, 1063, 0.0
2021-05-14 14:40:00, 228.59, 228.6, 228.435, 228.6, 1975, 0.0
2021-05-14 14:45:00, 228.555, 228.8, 228.4, 228.65, 2659, 0.0
2021-05-14 14:50:00, 228.55, 229.13, 228.55, 229.13, 2091, 0.0
2021-05-14 14:55:00, 229.115, 229.28, 228.79, 229.28, 3851, 0.0
2021-05-17 08:30:00, 226.495, 226.495, 225.5, 226.41, 1162, 0.0
2021-05-17 08:35:00, 228.16, 228.37, 228.16, 228.37, 325, 0.0
2021-05-17 08:40:00, 229.26, 229.58, 228.845, 228.845, 948, 0.0
2021-05-17 08:45:00, 228.3, 229.585, 228.055, 229.585, 1729, 0.0
2021-05-17 08:50:00, 229.665, 230.425, 227.59, 227.59, 4430, 0.0
2021-05-17 09:00:00, 227.31, 227.64, 225.345, 225.345, 2034, 0.0
2021-05-17 09:05:00, 225.925, 225.925, 225.34, 225.34, 469, 0.0
2021-05-17 09:15:00, 225.23, 225.23, 225.23, 225.23, 100, 0.0
2021-05-17 09:20:00, 226.1, 226.44, 226.1, 226.44, 287, 0.0
2021-05-17 09:25:00, 225.9, 225.9, 225.34, 225.34, 937, 0.0
2021-05-17 09:30:00, 225.95, 225.95, 225.95, 225.95, 154, 0.0
2021-05-17 09:35:00, 225.53, 226.46, 225.5, 226.46, 896, 0.0
2021-05-17 09:45:00, 226.385, 226.5, 226.385, 226.5, 584, 0.0
2021-05-17 09:55:00, 227.225, 227.225, 227.225, 227.225, 148, 0.0
2021-05-17 10:00:00, 227.2, 227.21, 227.2, 227.2, 913, 0.0
2021-05-17 10:05:00, 227.425, 227.425, 227.425, 227.425, 101, 0.0
2021-05-17 10:20:00, 226.495, 226.66, 226.495, 226.54, 1334, 0.0
2021-05-17 10:25:00, 226.335, 226.335, 226.15, 226.15, 220, 0.0
2021-05-17 10:30:00, 226.08, 226.08, 226.08, 226.08, 234, 0.0
2021-05-17 10:35:00, 226.43, 226.43, 226.43, 226.43, 110, 0.0
2021-05-17 10:40:00, 226.09, 226.09, 226.09, 226.09, 100, 0.0
2021-05-17 10:50:00, 224.66, 224.66, 224.66, 224.66, 110, 0.0
2021-05-17 10:55:00, 225, 225, 225, 225, 100, 0.0
2021-05-17 11:00:00, 225.25, 225.25, 225.02, 225.02, 200, 0.0
2021-05-17 11:05:00, 225.5, 225.52, 225.5, 225.52, 290, 0.0
2021-05-17 11:15:00, 224.11, 224.66, 224.11, 224.47, 610, 0.0
2021-05-17 11:20:00, 224.34, 224.44, 224.21, 224.28, 2717, 0.0
2021-05-17 11:25:00, 224.29, 224.315, 224.15, 224.17, 567, 0.0
2021-05-17 11:30:00, 224.07, 224.07, 223.98, 224.07, 916, 0.0
2021-05-17 11:35:00, 224.09, 224.175, 223.91, 224.175, 1602, 0.0
2021-05-17 11:40:00, 224.01, 224.58, 224.01, 224.52, 1715, 0.0
2021-05-17 11:45:00, 224.64, 224.66, 224.52, 224.52, 476, 0.0
2021-05-17 11:50:00, 224.53, 224.53, 224.45, 224.45, 230, 0.0
2021-05-17 12:00:00, 224.33, 224.37, 224.33, 224.33, 512, 0.0
2021-05-17 12:05:00, 224.19, 224.23, 224.19, 224.23, 234, 0.0
2021-05-17 12:10:00, 224.1, 224.1, 224.1, 224.1, 183, 0.0
2021-05-17 12:20:00, 223.98, 224.13, 223.98, 223.98, 1005, 0.0
2021-05-17 12:25:00, 223.95, 223.95, 223.95, 223.95, 213, 0.0
2021-05-17 12:30:00, 223.69, 223.95, 223.49, 223.49, 801, 0.0
2021-05-17 12:35:00, 223.54, 223.54, 223.5, 223.51, 1174, 0.0
2021-05-17 12:40:00, 222.65, 222.65, 222.65, 222.65, 110, 0.0
2021-05-17 12:45:00, 223.26, 223.38, 223.145, 223.38, 1446, 0.0
2021-05-17 12:50:00, 223.45, 223.45, 223.1, 223.1, 749, 0.0
2021-05-17 12:55:00, 223.055, 223.39, 223.02, 223.18, 2806, 0.0
2021-05-17 13:00:00, 223.74, 223.74, 223.5, 223.5, 736, 0.0
2021-05-17 13:05:00, 223.14, 223.44, 223.14, 223.44, 411, 0.0
2021-05-17 13:10:00, 223.77, 223.77, 223.74, 223.74, 362, 0.0
2021-05-17 13:15:00, 223.53, 223.64, 223.53, 223.61, 1334, 0.0
2021-05-17 13:20:00, 223.85, 224.06, 223.83, 224.03, 832, 0.0
2021-05-17 13:25:00, 223.22, 223.22, 223.22, 223.22, 236, 0.0
2021-05-17 13:30:00, 223.09, 223.2, 222.72, 222.72, 3099, 0.0
2021-05-17 13:35:00, 222.45, 222.72, 222.45, 222.72, 675, 0.0
2021-05-17 13:40:00, 222.26, 222.38, 222.26, 222.32, 670, 0.0
2021-05-17 13:45:00, 222.23, 222.86, 222.23, 222.86, 1243, 0.0
2021-05-17 13:50:00, 222.74, 223.63, 222.74, 223.53, 5490, 0.0
2021-05-17 13:55:00, 223.23, 223.34, 223.04, 223.04, 7198, 0.0
2021-05-17 14:00:00, 223.06, 223.465, 222.83, 222.835, 7171, 0.0
2021-05-17 14:05:00, 222.81, 223.55, 222.735, 223.55, 9743, 0.0
2021-05-17 14:10:00, 223.55, 223.84, 223.33, 223.65, 1494, 0.0
2021-05-17 14:15:00, 223.32, 223.5, 223.225, 223.5, 480, 0.0
2021-05-17 14:20:00, 223.48, 223.48, 222.64, 222.64, 1148, 0.0
2021-05-17 14:35:00, 223.055, 223.3, 223.055, 223.3, 1083, 0.0
2021-05-17 14:40:00, 223.41, 223.93, 223.41, 223.93, 1539, 0.0
2021-05-17 14:45:00, 223.77, 224.215, 223.77, 224.19, 2188, 0.0
2021-05-17 14:50:00, 224.33, 224.69, 224.33, 224.69, 2007, 0.0
2021-05-17 14:55:00, 224.68, 225.02, 224.66, 225.02, 2389, 0.0
2021-05-18 08:30:00, 227.08, 227.08, 226.27, 226.29, 693, 0.0
2021-05-18 08:35:00, 227.04, 227.42, 226.235, 226.235, 553, 0.0
2021-05-18 08:40:00, 225.7, 225.7, 225.7, 225.7, 140, 0.0
2021-05-18 08:45:00, 224.89, 226.005, 224.89, 225.73, 2080, 0.0
2021-05-18 08:50:00, 225.01, 225.62, 225.01, 225.6, 698, 0.0
2021-05-18 08:55:00, 225.68, 226.97, 225.68, 226.41, 4147, 0.0
2021-05-18 09:00:00, 226.49, 227.1, 225.875, 225.875, 1456, 0.0
2021-05-18 09:05:00, 226.08, 226.98, 225.99, 226.9, 1554, 0.0
2021-05-18 09:10:00, 226.73, 226.82, 226.3, 226.74, 1161, 0.0
2021-05-18 09:15:00, 227.455, 228.36, 227.33, 227.64, 10100, 0.0
2021-05-18 09:20:00, 227.74, 227.74, 227.21, 227.21, 312, 0.0
2021-05-18 09:25:00, 227.6, 228.37, 227.6, 228.32, 720, 0.0
2021-05-18 09:30:00, 228.25, 229.16, 227.85, 229.11, 3518, 0.0
2021-05-18 09:35:00, 229.105, 229.44, 229, 229.425, 2914, 0.0
2021-05-18 09:40:00, 229.04, 229.095, 228.48, 228.68, 2731, 0.0
2021-05-18 09:45:00, 229.29, 229.78, 229.285, 229.78, 6693, 0.0
2021-05-18 09:50:00, 230.015, 230.09, 229.845, 229.845, 739, 0.0
2021-05-18 09:55:00, 229.98, 230.55, 229.98, 230.18, 490, 0.0
2021-05-18 10:00:00, 230.475, 230.61, 230.335, 230.535, 912, 0.0
2021-05-18 10:05:00, 230.87, 230.94, 230.73, 230.73, 643, 0.0
2021-05-18 10:10:00, 230.48, 230.67, 230.34, 230.54, 864, 0.0
2021-05-18 10:15:00, 230.79, 231.23, 230.79, 231.23, 407, 0.0
2021-05-18 10:20:00, 231.48, 231.65, 231.2, 231.65, 795, 0.0
2021-05-18 10:25:00, 231.54, 231.82, 231.45, 231.62, 1237, 0.0
2021-05-18 10:30:00, 231.54, 231.56, 229.99, 229.99, 928, 0.0
2021-05-18 10:35:00, 229.95, 230.12, 229.95, 230.12, 250, 0.0
2021-05-18 10:40:00, 230.24, 230.41, 230.12, 230.41, 600, 0.0
2021-05-18 10:45:00, 230.1, 230.1, 230.1, 230.1, 228, 0.0
2021-05-18 10:55:00, 229.41, 229.41, 229.185, 229.185, 539, 0.0
2021-05-18 11:00:00, 229.38, 229.92, 229.38, 229.69, 692, 0.0
2021-05-18 11:05:00, 229.81, 229.82, 229.8, 229.82, 407, 0.0
2021-05-18 11:10:00, 229.915, 230.165, 229.9, 230.165, 575, 0.0
2021-05-18 11:15:00, 230.625, 230.655, 230.48, 230.655, 1182, 0.0
2021-05-18 11:20:00, 230.7, 231.51, 230.62, 231.42, 1811, 0.0
2021-05-18 11:25:00, 231.675, 231.93, 231.675, 231.92, 1296, 0.0
2021-05-18 11:30:00, 232.145, 232.145, 232.145, 232.145, 234, 0.0
2021-05-18 11:35:00, 231.94, 231.94, 231.94, 231.94, 131, 0.0
2021-05-18 11:40:00, 232.06, 232.06, 231.86, 231.86, 643, 0.0
2021-05-18 11:45:00, 231.78, 231.78, 231.755, 231.755, 243, 0.0
2021-05-18 11:50:00, 231.44, 231.44, 231.44, 231.44, 107, 0.0
2021-05-18 11:55:00, 230.91, 231.04, 230.82, 230.82, 475, 0.0
2021-05-18 12:00:00, 230.49, 230.49, 230.4, 230.4, 200, 0.0
2021-05-18 12:10:00, 230.11, 230.36, 230.11, 230.36, 578, 0.0
2021-05-18 12:20:00, 230, 230, 229.77, 229.77, 217, 0.0
2021-05-18 12:25:00, 229.92, 229.92, 229.92, 229.92, 145, 0.0
2021-05-18 12:30:00, 230.1, 230.13, 230.1, 230.1, 438, 0.0
2021-05-18 12:35:00, 229.97, 229.98, 229.37, 229.37, 333, 0.0
2021-05-18 12:40:00, 229.62, 229.62, 229.22, 229.22, 871, 0.0
2021-05-18 13:00:00, 229.66, 229.76, 229.66, 229.76, 374, 0.0
2021-05-18 13:05:00, 229.89, 229.97, 229.695, 229.695, 720, 0.0
2021-05-18 13:10:00, 229.61, 229.72, 229.55, 229.7, 467, 0.0
2021-05-18 13:15:00, 229.79, 229.82, 229.64, 229.64, 423, 0.0
2021-05-18 13:20:00, 229.76, 229.76, 229.17, 229.17, 715, 0.0
2021-05-18 13:25:00, 229.17, 229.17, 229.07, 229.07, 360, 0.0
2021-05-18 13:30:00, 228.51, 228.51, 228.06, 228.06, 408, 0.0
2021-05-18 13:35:00, 228.16, 228.16, 227.47, 227.56, 1072, 0.0
2021-05-18 13:40:00, 227.615, 227.615, 227.16, 227.46, 1076, 0.0
2021-05-18 13:45:00, 227.18, 227.47, 227.1, 227.47, 1267, 0.0
2021-05-18 13:50:00, 227.82, 227.82, 227.82, 227.82, 292, 0.0
2021-05-18 13:55:00, 228.15, 228.3, 228.15, 228.3, 448, 0.0
2021-05-18 14:00:00, 228.25, 228.66, 228.25, 228.66, 1054, 0.0
2021-05-18 14:05:00, 228.325, 228.33, 228.3, 228.31, 521, 0.0
2021-05-18 14:10:00, 228.2, 228.2, 227.76, 227.76, 656, 0.0
2021-05-18 14:15:00, 227.95, 228.25, 227.89, 228.25, 534, 0.0
2021-05-18 14:20:00, 228.52, 228.63, 228.44, 228.63, 433, 0.0
2021-05-18 14:25:00, 228.855, 228.865, 228.49, 228.65, 859, 0.0
2021-05-18 14:30:00, 228.38, 228.645, 228.38, 228.475, 1056, 0.0
2021-05-18 14:35:00, 228.465, 228.465, 228.095, 228.365, 689, 0.0
2021-05-18 14:40:00, 228.24, 228.49, 228.05, 228.49, 1119, 0.0
2021-05-18 14:45:00, 228.405, 228.41, 228.03, 228.03, 1416, 0.0
2021-05-18 14:50:00, 227.85, 227.9, 227.63, 227.9, 1903, 0.0
2021-05-18 14:55:00, 227.83, 227.89, 227.16, 227.16, 4965, 0.0
2021-05-19 08:30:00, 222.53, 222.53, 221.715, 222.07, 633, 0.0
2021-05-19 08:35:00, 223.7, 223.92, 222.83, 223.16, 3826, 0.0
2021-05-19 08:40:00, 223.5, 223.515, 222.09, 222.71, 3871, 0.0
2021-05-19 08:45:00, 223.7, 223.87, 222.725, 223.185, 1599, 0.0
2021-05-19 08:50:00, 224.6, 224.6, 224.38, 224.38, 1150, 0.0
2021-05-19 08:55:00, 224.58, 224.94, 223.68, 224.94, 1963, 0.0
2021-05-19 09:00:00, 226.18, 226.21, 224.4, 224.82, 1852, 0.0
2021-05-19 09:05:00, 224.43, 225.29, 224.43, 225.29, 634, 0.0
2021-05-19 09:10:00, 225.985, 227.77, 225.985, 227.77, 902, 0.0
2021-05-19 09:15:00, 227.61, 228.345, 227.43, 228.015, 1053, 0.0
2021-05-19 09:20:00, 227.46, 228.45, 227.46, 228.32, 1270, 0.0
2021-05-19 09:25:00, 229.25, 229.77, 229.17, 229.17, 1023, 0.0
2021-05-19 09:30:00, 229.445, 229.57, 228.95, 228.95, 559, 0.0
2021-05-19 09:35:00, 228.34, 228.36, 227.935, 227.935, 500, 0.0
2021-05-19 09:40:00, 227.39, 228.335, 227.39, 228.335, 1164, 0.0
2021-05-19 09:45:00, 228.32, 228.64, 227.71, 228.105, 5341, 0.0
2021-05-19 09:50:00, 227.785, 228.58, 227.785, 228.44, 3264, 0.0
2021-05-19 09:55:00, 228.73, 229.115, 228.39, 228.51, 1400, 0.0
2021-05-19 10:00:00, 228.135, 228.16, 226.59, 226.59, 851, 0.0
2021-05-19 10:05:00, 226.05, 227.57, 225.97, 227.55, 603, 0.0
2021-05-19 10:10:00, 227.46, 227.46, 226.77, 226.77, 863, 0.0
2021-05-19 10:15:00, 226.855, 226.855, 225.62, 226.18, 1174, 0.0
2021-05-19 10:20:00, 226.12, 227.29, 226.12, 227.1, 1004, 0.0
2021-05-19 10:25:00, 226.68, 226.68, 226.405, 226.405, 200, 0.0
2021-05-19 10:30:00, 226.14, 226.14, 226.14, 226.14, 100, 0.0
2021-05-19 10:35:00, 226.66, 227.21, 226.66, 227.21, 263, 0.0
2021-05-19 10:45:00, 226.84, 226.84, 226.84, 226.84, 133, 0.0
2021-05-19 10:50:00, 225.5, 225.5, 225.31, 225.31, 518, 0.0
2021-05-19 11:00:00, 225.83, 226.26, 225.83, 226.26, 518, 0.0
2021-05-19 11:10:00, 226.37, 226.89, 226.37, 226.89, 433, 0.0
2021-05-19 11:15:00, 227.38, 227.63, 227.38, 227.63, 201, 0.0
2021-05-19 11:20:00, 227.06, 227.06, 227.06, 227.06, 101, 0.0
2021-05-19 11:30:00, 227.34, 227.34, 227.285, 227.285, 222, 0.0
2021-05-19 11:35:00, 226.82, 226.82, 226.82, 226.82, 100, 0.0
2021-05-19 11:40:00, 226.8, 227.05, 226.8, 227.03, 626, 0.0
2021-05-19 11:45:00, 226.89, 226.89, 226.61, 226.61, 414, 0.0
2021-05-19 11:50:00, 226.44, 226.44, 226.425, 226.425, 206, 0.0
2021-05-19 11:55:00, 226.24, 226.24, 226.24, 226.24, 101, 0.0
2021-05-19 12:00:00, 226.45, 227.16, 226.45, 227.16, 301, 0.0
2021-05-19 12:10:00, 227.62, 227.62, 227.54, 227.57, 333, 0.0
2021-05-19 12:15:00, 227.67, 227.67, 227.59, 227.59, 432, 0.0
2021-05-19 12:35:00, 227.42, 227.42, 227.41, 227.41, 399, 0.0
2021-05-19 12:40:00, 227.205, 227.41, 227.19, 227.41, 337, 0.0
2021-05-19 12:50:00, 227.07, 227.13, 227.07, 227.13, 245, 0.0
2021-05-19 12:55:00, 227.46, 227.46, 227.46, 227.46, 103, 0.0
2021-05-19 13:00:00, 227.29, 227.29, 227.29, 227.29, 100, 0.0
2021-05-19 13:05:00, 226.34, 226.34, 226.34, 226.34, 194, 0.0
2021-05-19 13:10:00, 226.49, 226.935, 226.49, 226.935, 400, 0.0
2021-05-19 13:15:00, 226.59, 226.67, 226.57, 226.67, 558, 0.0
2021-05-19 13:20:00, 226.7, 228.55, 226.7, 228.16, 736, 0.0
2021-05-19 13:25:00, 227.96, 228.02, 227.96, 228, 931, 0.0
2021-05-19 13:30:00, 227.975, 228.345, 227.815, 227.815, 2080, 0.0
2021-05-19 13:35:00, 228, 228.23, 227.16, 227.405, 3818, 0.0
2021-05-19 13:40:00, 227.4, 227.765, 227.215, 227.61, 858, 0.0
2021-05-19 13:45:00, 227.43, 227.59, 227.325, 227.47, 774, 0.0
2021-05-19 13:50:00, 227.56, 227.56, 227.56, 227.56, 280, 0.0
2021-05-19 13:55:00, 227.26, 227.38, 227.26, 227.38, 392, 0.0
2021-05-19 14:00:00, 227.19, 227.19, 226.7, 226.84, 1542, 0.0
2021-05-19 14:05:00, 226.81, 227.235, 226.81, 227.235, 339, 0.0
2021-05-19 14:10:00, 227.29, 227.3, 227.075, 227.28, 713, 0.0
2021-05-19 14:15:00, 226.98, 227.76, 226.98, 227.66, 1345, 0.0
2021-05-19 14:20:00, 227.315, 227.575, 227.045, 227.57, 1501, 0.0
2021-05-19 14:25:00, 227.58, 228.03, 227.58, 227.88, 1476, 0.0
2021-05-19 14:30:00, 227.76, 227.78, 227.33, 227.67, 2680, 0.0
2021-05-19 14:35:00, 227.91, 228.02, 227.62, 227.71, 2817, 0.0
2021-05-19 14:40:00, 227.45, 228.01, 227.38, 227.9, 3714, 0.0
2021-05-19 14:45:00, 228.03, 228.05, 227.22, 227.69, 4064, 0.0
2021-05-19 14:50:00, 227.75, 228.17, 227.75, 228.17, 6036, 0.0
2021-05-19 14:55:00, 228.09, 228.48, 227.89, 228.48, 3341, 0.0
2021-05-20 08:30:00, 229.945, 231.315, 229.945, 230.54, 1711, 0.0
2021-05-20 08:35:00, 230.09, 230.44, 229.595, 230.44, 1878, 0.0
2021-05-20 08:40:00, 231.595, 232.84, 231.595, 232.71, 2409, 0.0
2021-05-20 08:45:00, 232.665, 233.79, 231.92, 233.45, 1659, 0.0
2021-05-20 08:50:00, 233.49, 233.805, 233.49, 233.805, 216, 0.0
2021-05-20 08:55:00, 232.32, 233.75, 232.32, 233, 4444, 0.0
2021-05-20 09:00:00, 233.2, 233.555, 232.86, 233.13, 7858, 0.0
2021-05-20 09:05:00, 233.05, 233.245, 232.38, 232.45, 5548, 0.0
2021-05-20 09:10:00, 232.53, 233.09, 232.53, 232.95, 1491, 0.0
2021-05-20 09:15:00, 232.8, 233.1, 232.6, 233.02, 2482, 0.0
2021-05-20 09:20:00, 232.99, 233.3, 232.98, 233.17, 1677, 0.0
2021-05-20 09:25:00, 233.115, 233.115, 232.54, 232.54, 3012, 0.0
2021-05-20 09:30:00, 232.485, 232.565, 231.96, 232.145, 1326, 0.0
2021-05-20 09:35:00, 231.91, 232.11, 230.97, 231.055, 2059, 0.0
2021-05-20 09:40:00, 231.215, 231.515, 231.04, 231.24, 3482, 0.0
2021-05-20 09:45:00, 231.585, 232.345, 231.585, 232.345, 516, 0.0
2021-05-20 09:50:00, 232.06, 232.2, 231.72, 231.72, 1737, 0.0
2021-05-20 09:55:00, 231.915, 232.07, 231.87, 232.05, 680, 0.0
2021-05-20 10:00:00, 232.015, 232.26, 231.57, 231.57, 4585, 0.0
2021-05-20 10:05:00, 231.63, 231.63, 230.945, 230.945, 826, 0.0
2021-05-20 10:15:00, 231.005, 231.15, 231.005, 231.15, 825, 0.0
2021-05-20 10:20:00, 231.34, 231.39, 231.09, 231.39, 706, 0.0
2021-05-20 10:25:00, 231.78, 232.56, 231.78, 232.38, 2033, 0.0
2021-05-20 10:30:00, 232.38, 232.495, 232.185, 232.48, 6504, 0.0
2021-05-20 10:35:00, 232.48, 232.56, 232.35, 232.43, 3285, 0.0
2021-05-20 10:40:00, 232.37, 232.59, 232.36, 232.59, 1347, 0.0
2021-05-20 10:45:00, 232.54, 232.74, 232.48, 232.715, 2563, 0.0
2021-05-20 10:50:00, 232.665, 232.765, 232.29, 232.32, 1576, 0.0
2021-05-20 10:55:00, 232.5, 232.62, 232.5, 232.62, 1002, 0.0
2021-05-20 11:00:00, 232.46, 232.46, 232.21, 232.21, 592, 0.0
2021-05-20 11:05:00, 232.67, 232.74, 232.67, 232.74, 313, 0.0
2021-05-20 11:10:00, 232.6, 232.87, 232.59, 232.59, 1113, 0.0
2021-05-20 11:15:00, 232.97, 232.97, 232.97, 232.97, 151, 0.0
2021-05-20 11:20:00, 233.52, 233.52, 233.52, 233.52, 142, 0.0
2021-05-20 11:25:00, 233.92, 233.93, 233.92, 233.93, 372, 0.0
2021-05-20 11:30:00, 234.25, 234.25, 233.8, 233.8, 368, 0.0
2021-05-20 11:35:00, 233.665, 233.665, 233.22, 233.22, 825, 0.0
2021-05-20 11:40:00, 233.06, 233.1, 233.025, 233.03, 528, 0.0
2021-05-20 11:45:00, 232.98, 233.265, 232.98, 233.265, 957, 0.0
2021-05-20 11:50:00, 233.555, 233.555, 233.39, 233.445, 557, 0.0
2021-05-20 11:55:00, 233.445, 233.725, 233.445, 233.725, 769, 0.0
2021-05-20 12:00:00, 233.665, 233.665, 233.585, 233.585, 203, 0.0
2021-05-20 12:05:00, 233.62, 233.71, 233.5, 233.71, 1778, 0.0
2021-05-20 12:10:00, 233.7, 233.7, 233.56, 233.56, 478, 0.0
2021-05-20 12:15:00, 233.52, 233.52, 233.215, 233.215, 421, 0.0
2021-05-20 12:20:00, 233.505, 234.1, 233.505, 234.1, 1867, 0.0
2021-05-20 12:25:00, 233.95, 233.95, 233.94, 233.94, 200, 0.0
2021-05-20 12:30:00, 233.89, 234.02, 233.89, 233.97, 416, 0.0
2021-05-20 12:35:00, 234.06, 234.18, 234.06, 234.18, 467, 0.0
2021-05-20 12:40:00, 233.72, 234.07, 233.72, 234.07, 554, 0.0
2021-05-20 12:45:00, 234.065, 234.5, 234.05, 234.225, 1651, 0.0
2021-05-20 12:50:00, 234.325, 234.325, 234.08, 234.08, 716, 0.0
2021-05-20 12:55:00, 233.64, 233.64, 233.58, 233.58, 447, 0.0
2021-05-20 13:00:00, 233.84, 233.84, 233.84, 233.84, 210, 0.0
2021-05-20 13:05:00, 233.95, 233.95, 233.83, 233.83, 336, 0.0
2021-05-20 13:15:00, 233.535, 233.535, 233.535, 233.535, 155, 0.0
2021-05-20 13:20:00, 233.28, 233.28, 233.28, 233.28, 242, 0.0
2021-05-20 13:25:00, 233.61, 233.995, 233.61, 233.97, 937, 0.0
2021-05-20 13:30:00, 233.92, 233.92, 233.42, 233.465, 648, 0.0
2021-05-20 13:35:00, 233.75, 233.75, 233.75, 233.75, 131, 0.0
2021-05-20 13:40:00, 233.81, 233.81, 233.31, 233.31, 681, 0.0
2021-05-20 13:45:00, 233.15, 233.27, 233.15, 233.27, 533, 0.0
2021-05-20 13:50:00, 233.355, 233.355, 233.015, 233.09, 563, 0.0
2021-05-20 13:55:00, 233.52, 233.62, 233.36, 233.45, 942, 0.0
2021-05-20 14:00:00, 233.15, 233.36, 233.08, 233.31, 758, 0.0
2021-05-20 14:05:00, 233.02, 233.12, 233.02, 233.12, 315, 0.0
2021-05-20 14:10:00, 232.95, 232.95, 232.79, 232.79, 401, 0.0
2021-05-20 14:15:00, 232.72, 232.72, 232.72, 232.72, 110, 0.0
2021-05-20 14:20:00, 232.54, 232.54, 232.42, 232.42, 338, 0.0
2021-05-20 14:25:00, 232.38, 232.415, 232.38, 232.415, 218, 0.0
2021-05-20 14:30:00, 232.735, 232.775, 232.67, 232.725, 1830, 0.0
2021-05-20 14:35:00, 233.06, 233.33, 233.05, 233.33, 866, 0.0
2021-05-20 14:40:00, 233.23, 233.23, 232.72, 232.85, 908, 0.0
2021-05-20 14:45:00, 232.97, 233.24, 232.97, 233.24, 1197, 0.0
2021-05-20 14:50:00, 233.13, 234.1, 232.68, 234.1, 5142, 0.0
2021-05-20 14:55:00, 234, 234.01, 233.74, 234.005, 11575, 0.0
2021-05-21 08:30:00, 238.875, 241.94, 238.445, 241.06, 8903, 0.0
2021-05-21 08:35:00, 240.4, 241.235, 239.5, 239.5, 6998, 0.0
2021-05-21 08:40:00, 239.43, 239.84, 238.995, 239.01, 3249, 0.0
2021-05-21 08:45:00, 238.9, 240.56, 238.415, 240.56, 2945, 0.0
2021-05-21 08:50:00, 240.48, 241.91, 240.4, 241.91, 7139, 0.0
2021-05-21 08:55:00, 242.4, 242.81, 241.755, 242.28, 3836, 0.0
2021-05-21 09:00:00, 242.69, 243.09, 242.16, 242.16, 4197, 0.0
2021-05-21 09:05:00, 242.15, 242.15, 240.64, 240.905, 2916, 0.0
2021-05-21 09:10:00, 240.89, 241.79, 240.89, 241.32, 1723, 0.0
2021-05-21 09:15:00, 240.785, 240.785, 239.62, 240, 1983, 0.0
2021-05-21 09:20:00, 239.965, 240.95, 239.915, 240.95, 1335, 0.0
2021-05-21 09:25:00, 241.025, 241.025, 239.685, 240.11, 1594, 0.0
2021-05-21 09:30:00, 240.6, 240.895, 240.6, 240.735, 917, 0.0
2021-05-21 09:35:00, 240.98, 240.98, 239.55, 239.6, 2643, 0.0
2021-05-21 09:40:00, 239.805, 240.06, 239.465, 240, 1840, 0.0
2021-05-21 09:45:00, 240.335, 240.335, 239.11, 239.11, 985, 0.0
2021-05-21 09:50:00, 238.9, 239, 238.9, 238.955, 632, 0.0
2021-05-21 09:55:00, 239.415, 239.415, 239.415, 239.415, 100, 0.0
2021-05-21 10:00:00, 239.83, 239.83, 239.22, 239.41, 1248, 0.0
2021-05-21 10:05:00, 239.805, 240.18, 239.805, 240.18, 265, 0.0
2021-05-21 10:10:00, 240.02, 240.08, 239.855, 240.08, 761, 0.0
2021-05-21 10:15:00, 240.04, 240.04, 239.82, 239.82, 326, 0.0
2021-05-21 10:20:00, 240.42, 240.42, 239.975, 239.975, 446, 0.0
2021-05-21 10:25:00, 240.025, 240.025, 239.395, 239.395, 459, 0.0
2021-05-21 10:30:00, 239.365, 239.58, 239.365, 239.365, 1121, 0.0
2021-05-21 10:35:00, 239.55, 239.72, 239.42, 239.66, 2386, 0.0
2021-05-21 10:40:00, 239.675, 239.675, 239.28, 239.55, 1908, 0.0
2021-05-21 10:45:00, 239.735, 239.735, 239.52, 239.52, 790, 0.0
2021-05-21 10:50:00, 239.78, 240.07, 239.5, 239.5, 1047, 0.0
2021-05-21 10:55:00, 239.52, 239.65, 239.29, 239.64, 1140, 0.0
2021-05-21 11:00:00, 239.96, 239.96, 239.85, 239.85, 555, 0.0
2021-05-21 11:05:00, 239.96, 239.96, 239.91, 239.91, 342, 0.0
2021-05-21 11:10:00, 239.41, 239.68, 239.38, 239.68, 1758, 0.0
2021-05-21 11:15:00, 239.67, 240.08, 239.44, 240.08, 829, 0.0
2021-05-21 11:20:00, 240.11, 240.11, 240.11, 240.11, 285, 0.0
2021-05-21 11:25:00, 240.11, 240.66, 240.11, 240.66, 500, 0.0
2021-05-21 11:30:00, 240.55, 240.72, 240.55, 240.72, 389, 0.0
2021-05-21 11:35:00, 240.71, 240.71, 240.665, 240.665, 240, 0.0
2021-05-21 11:40:00, 240.55, 240.55, 240.17, 240.17, 488, 0.0
2021-05-21 11:50:00, 240.2, 240.22, 240.18, 240.18, 460, 0.0
2021-05-21 11:55:00, 239.64, 239.64, 239.64, 239.64, 133, 0.0
2021-05-21 12:00:00, 240.32, 240.32, 240.07, 240.07, 519, 0.0
2021-05-21 12:05:00, 240.08, 240.08, 240.08, 240.08, 100, 0.0
2021-05-21 12:10:00, 239.875, 239.875, 239.41, 239.45, 866, 0.0
2021-05-21 12:15:00, 238.98, 239.08, 238.98, 239.08, 585, 0.0
2021-05-21 12:20:00, 239.22, 239.38, 239.22, 239.38, 214, 0.0
2021-05-21 12:25:00, 239.29, 239.68, 239.29, 239.68, 652, 0.0
2021-05-21 12:30:00, 239.77, 239.77, 239.77, 239.77, 383, 0.0
2021-05-21 12:40:00, 239.56, 239.56, 239.385, 239.385, 679, 0.0
2021-05-21 12:45:00, 239.395, 239.49, 239.35, 239.49, 407, 0.0
2021-05-21 12:50:00, 239.89, 239.89, 239.89, 239.89, 101, 0.0
2021-05-21 12:55:00, 239.56, 239.56, 239.48, 239.48, 311, 0.0
2021-05-21 13:00:00, 239.85, 239.85, 239.39, 239.59, 1144, 0.0
2021-05-21 13:05:00, 239.34, 239.34, 239.34, 239.34, 113, 0.0
2021-05-21 13:10:00, 239.48, 239.56, 239.48, 239.54, 564, 0.0
2021-05-21 13:15:00, 239.51, 239.51, 239.24, 239.24, 682, 0.0
2021-05-21 13:20:00, 239.21, 239.21, 239.09, 239.09, 688, 0.0
2021-05-21 13:25:00, 239.2, 239.51, 239.16, 239.175, 2025, 0.0
2021-05-21 13:30:00, 239.24, 239.24, 239.1, 239.1, 233, 0.0
2021-05-21 13:35:00, 238.74, 238.965, 238.715, 238.91, 1784, 0.0
2021-05-21 13:40:00, 238.89, 238.89, 238.75, 238.75, 720, 0.0
2021-05-21 13:45:00, 238.74, 238.81, 238.74, 238.81, 536, 0.0
2021-05-21 13:50:00, 238.79, 238.91, 238.79, 238.9, 975, 0.0
2021-05-21 13:55:00, 239.005, 239.005, 238.83, 238.94, 1315, 0.0
2021-05-21 14:00:00, 239.06, 239.06, 238.96, 239.02, 711, 0.0
2021-05-21 14:05:00, 239.01, 239.17, 239.01, 239.09, 506, 0.0
2021-05-21 14:10:00, 239.02, 239.31, 239.02, 239.31, 736, 0.0
2021-05-21 14:15:00, 239.27, 239.27, 239.09, 239.19, 420, 0.0
2021-05-21 14:20:00, 239.23, 239.23, 239.17, 239.17, 630, 0.0
2021-05-21 14:25:00, 238.97, 239.125, 238.87, 238.95, 1557, 0.0
2021-05-21 14:30:00, 238.99, 239.12, 238.935, 238.935, 3060, 0.0
2021-05-21 14:35:00, 238.85, 239.07, 238.85, 238.995, 2214, 0.0
2021-05-21 14:40:00, 238.985, 239.02, 238.31, 238.31, 3119, 0.0
2021-05-21 14:45:00, 238.31, 238.43, 238.22, 238.37, 2118, 0.0
2021-05-21 14:50:00, 238.37, 238.62, 238.25, 238.43, 5353, 0.0
2021-05-21 14:55:00, 238.56, 238.56, 238.205, 238.39, 6650, 0.0
2021-05-24 08:30:00, 240.6, 241.6, 240.02, 240.02, 1455, 0.0
2021-05-24 08:35:00, 239.92, 241, 239.92, 241, 2891, 0.0
2021-05-24 08:40:00, 241.99, 241.99, 241.005, 241.005, 1401, 0.0
2021-05-24 08:45:00, 241.345, 241.99, 241.03, 241.98, 2841, 0.0
2021-05-24 08:50:00, 242.22, 243.39, 242.22, 242.61, 1696, 0.0
2021-05-24 08:55:00, 242.31, 242.64, 242.31, 242.64, 410, 0.0
2021-05-24 09:00:00, 242.71, 242.71, 242.415, 242.415, 750, 0.0
2021-05-24 09:05:00, 242.125, 242.125, 241.36, 241.68, 2808, 0.0
2021-05-24 09:10:00, 241.79, 242.64, 241.79, 242.64, 758, 0.0
2021-05-24 09:15:00, 242.84, 242.84, 241.97, 241.97, 311, 0.0
2021-05-24 09:20:00, 242.05, 242.05, 241.82, 241.82, 1811, 0.0
2021-05-24 09:25:00, 241.68, 241.68, 241.68, 241.68, 125, 0.0
2021-05-24 09:30:00, 241.93, 242.03, 241.56, 241.59, 968, 0.0
2021-05-24 09:35:00, 241.44, 241.915, 241.22, 241.915, 582, 0.0
2021-05-24 09:40:00, 242.34, 242.34, 241.68, 241.68, 1016, 0.0
2021-05-24 09:45:00, 240.69, 240.69, 240.68, 240.68, 212, 0.0
2021-05-24 09:50:00, 240.9, 240.9, 240.56, 240.83, 485, 0.0
2021-05-24 09:55:00, 241.1, 241.1, 240.9, 240.9, 236, 0.0
2021-05-24 10:00:00, 240.98, 240.98, 240.98, 240.98, 325, 0.0
2021-05-24 10:05:00, 241.45, 241.45, 241.21, 241.21, 559, 0.0
2021-05-24 10:10:00, 241.42, 241.82, 241.08, 241.82, 1003, 0.0
2021-05-24 10:15:00, 241.61, 241.61, 241.46, 241.46, 517, 0.0
2021-05-24 10:20:00, 241.53, 241.53, 241.2, 241.2, 846, 0.0
2021-05-24 10:25:00, 240.87, 240.87, 240.87, 240.87, 242, 0.0
2021-05-24 10:30:00, 241.21, 241.21, 241.21, 241.21, 408, 0.0
2021-05-24 10:35:00, 241.72, 241.72, 241.72, 241.72, 466, 0.0
2021-05-24 10:40:00, 241.48, 241.48, 241.48, 241.48, 116, 0.0
2021-05-24 10:50:00, 242.19, 242.19, 242.19, 242.19, 197, 0.0
2021-05-24 10:55:00, 242.06, 242.06, 241.76, 241.76, 752, 0.0
2021-05-24 11:00:00, 241.93, 242.35, 241.93, 242.35, 504, 0.0
2021-05-24 11:05:00, 242.81, 242.81, 242.35, 242.35, 686, 0.0
2021-05-24 11:10:00, 242.06, 242.06, 242.06, 242.06, 102, 0.0
2021-05-24 11:15:00, 242.17, 242.68, 242.17, 242.52, 637, 0.0
2021-05-24 11:20:00, 242.52, 242.75, 242.52, 242.67, 624, 0.0
2021-05-24 11:25:00, 242.56, 242.56, 242.56, 242.56, 137, 0.0
2021-05-24 11:30:00, 242.8, 242.8, 242.48, 242.48, 943, 0.0
2021-05-24 11:35:00, 242.425, 242.425, 242.08, 242.08, 222, 0.0
2021-05-24 11:40:00, 242.18, 242.18, 241.79, 241.79, 309, 0.0
2021-05-24 11:45:00, 241.9, 241.9, 241.89, 241.89, 334, 0.0
2021-05-24 11:50:00, 241.66, 241.76, 241.66, 241.76, 418, 0.0
2021-05-24 11:55:00, 241.4, 241.86, 241.4, 241.86, 533, 0.0
2021-05-24 12:05:00, 241.62, 241.62, 241.62, 241.62, 112, 0.0
2021-05-24 12:10:00, 241.52, 241.52, 241.165, 241.165, 421, 0.0
2021-05-24 12:20:00, 242.14, 242.16, 242.1, 242.1, 885, 0.0
2021-05-24 12:25:00, 242.1, 242.36, 242.07, 242.15, 1749, 0.0
2021-05-24 12:30:00, 242.1, 242.19, 241.865, 242.19, 702, 0.0
2021-05-24 12:35:00, 241.97, 241.97, 241.58, 241.58, 713, 0.0
2021-05-24 12:40:00, 241.38, 241.38, 241.38, 241.38, 208, 0.0
2021-05-24 12:45:00, 241.71, 241.71, 241.58, 241.58, 678, 0.0
2021-05-24 12:50:00, 241.74, 241.74, 241.74, 241.74, 216, 0.0
2021-05-24 12:55:00, 241.32, 241.32, 241.295, 241.31, 363, 0.0
2021-05-24 13:00:00, 241.51, 241.51, 241.27, 241.39, 807, 0.0
2021-05-24 13:05:00, 241.56, 241.56, 241.44, 241.54, 924, 0.0
2021-05-24 13:10:00, 241.43, 241.44, 241.41, 241.44, 307, 0.0
2021-05-24 13:15:00, 241.2, 241.31, 241.14, 241.31, 1482, 0.0
2021-05-24 13:20:00, 241.21, 241.21, 241.21, 241.21, 136, 0.0
2021-05-24 13:25:00, 241.33, 241.33, 241.295, 241.295, 250, 0.0
2021-05-24 13:30:00, 241.415, 241.76, 241.415, 241.76, 448, 0.0
2021-05-24 13:35:00, 241.735, 242.03, 241.66, 242.03, 497, 0.0
2021-05-24 13:40:00, 241.8, 241.8, 241.8, 241.8, 106, 0.0
2021-05-24 13:45:00, 242.02, 242.15, 241.79, 241.79, 1566, 0.0
2021-05-24 13:50:00, 241.94, 242.29, 241.94, 242.29, 572, 0.0
2021-05-24 13:55:00, 242.41, 242.41, 242.21, 242.21, 427, 0.0
2021-05-24 14:00:00, 242.36, 242.56, 242.36, 242.37, 739, 0.0
2021-05-24 14:05:00, 242.35, 242.35, 242.35, 242.35, 281, 0.0
2021-05-24 14:10:00, 242.3, 242.4, 242.3, 242.34, 889, 0.0
2021-05-24 14:15:00, 242.2, 242.58, 242.2, 242.58, 731, 0.0
2021-05-24 14:20:00, 242.14, 242.59, 242.14, 242.31, 2131, 0.0
2021-05-24 14:25:00, 242.3, 242.35, 241.94, 242.11, 1721, 0.0
2021-05-24 14:30:00, 241.99, 241.99, 241.99, 241.99, 286, 0.0
2021-05-24 14:35:00, 242.11, 242.11, 242.03, 242.03, 341, 0.0
2021-05-24 14:40:00, 242.02, 242.1, 241.97, 241.97, 1157, 0.0
2021-05-24 14:45:00, 241.91, 242.32, 241.91, 242.32, 1511, 0.0
2021-05-24 14:50:00, 242.3, 242.84, 242.22, 242.72, 5143, 0.0
2021-05-24 14:55:00, 242.63, 242.66, 242.28, 242.51, 16797, 0.0
2021-05-25 08:30:00, 243.4, 243.62, 242.01, 242.01, 1569, 0.0
2021-05-25 08:35:00, 241.51, 241.51, 239.65, 240.54, 1982, 0.0
2021-05-25 08:40:00, 241.155, 241.24, 240.41, 240.41, 1384, 0.0
2021-05-25 08:45:00, 239.95, 241.02, 239.84, 240.925, 1942, 0.0
2021-05-25 08:50:00, 241.5, 241.5, 240.905, 241.06, 2726, 0.0
2021-05-25 08:55:00, 241.06, 241.83, 240.77, 241.755, 3228, 0.0
2021-05-25 09:00:00, 241.85, 242.29, 241.78, 242.15, 2327, 0.0
2021-05-25 09:05:00, 241.66, 241.78, 241.1, 241.215, 1805, 0.0
2021-05-25 09:10:00, 241, 241.84, 241, 241.54, 854, 0.0
2021-05-25 09:15:00, 242.07, 242.56, 241.315, 241.315, 2635, 0.0
2021-05-25 09:20:00, 241.18, 241.81, 241.18, 241.81, 320, 0.0
2021-05-25 09:25:00, 242.41, 242.41, 242.21, 242.21, 528, 0.0
2021-05-25 09:30:00, 242, 242, 242, 242, 101, 0.0
2021-05-25 09:35:00, 241.23, 241.79, 241.23, 241.79, 1414, 0.0
2021-05-25 09:40:00, 241.6, 242.31, 241.6, 242.31, 2229, 0.0
2021-05-25 09:45:00, 242.405, 242.405, 242.03, 242.17, 1139, 0.0
2021-05-25 09:50:00, 241.985, 242.01, 241.68, 241.82, 1734, 0.0
2021-05-25 09:55:00, 241.885, 242.245, 241.885, 242.245, 1206, 0.0
2021-05-25 10:00:00, 242.325, 242.325, 241.54, 241.54, 1956, 0.0
2021-05-25 10:05:00, 241.68, 241.68, 241.03, 241.06, 1010, 0.0
2021-05-25 10:10:00, 241.175, 241.89, 241.175, 241.89, 741, 0.0
2021-05-25 10:15:00, 241.13, 241.29, 241.13, 241.245, 2077, 0.0
2021-05-25 10:20:00, 241.31, 242.01, 241.31, 241.63, 969, 0.0
2021-05-25 10:25:00, 241.73, 241.73, 241.53, 241.53, 719, 0.0
2021-05-25 10:30:00, 241.84, 241.89, 241.205, 241.22, 1599, 0.0
2021-05-25 10:35:00, 241.705, 241.705, 241.605, 241.605, 200, 0.0
2021-05-25 10:40:00, 241.65, 241.92, 241.575, 241.92, 510, 0.0
2021-05-25 10:45:00, 241.85, 242.34, 241.85, 242.34, 548, 0.0
2021-05-25 10:50:00, 242.36, 242.36, 241.62, 241.62, 658, 0.0
2021-05-25 10:55:00, 242.14, 242.17, 241.96, 241.96, 954, 0.0
2021-05-25 11:00:00, 242.045, 242.25, 242.045, 242.12, 837, 0.0
2021-05-25 11:05:00, 242.09, 242.33, 242.09, 242.125, 845, 0.0
2021-05-25 11:10:00, 242.27, 242.78, 242.27, 242.765, 641, 0.0
2021-05-25 11:15:00, 242.77, 242.86, 242.615, 242.68, 1099, 0.0
2021-05-25 11:20:00, 242.835, 242.93, 242.675, 242.68, 1475, 0.0
2021-05-25 11:25:00, 242.59, 243.085, 242.59, 242.96, 1322, 0.0
2021-05-25 11:30:00, 243.03, 243.885, 243.03, 243.84, 1445, 0.0
2021-05-25 11:35:00, 243.69, 243.72, 243.485, 243.72, 1045, 0.0
2021-05-25 11:40:00, 243.31, 243.36, 243.19, 243.36, 1115, 0.0
2021-05-25 11:45:00, 243.335, 243.45, 243.24, 243.295, 955, 0.0
2021-05-25 11:50:00, 243.5, 243.62, 243.34, 243.46, 659, 0.0
2021-05-25 11:55:00, 243.3, 243.47, 243.3, 243.45, 1459, 0.0
2021-05-25 12:00:00, 243.22, 243.3, 243.15, 243.19, 1231, 0.0
2021-05-25 12:05:00, 243.52, 243.52, 243.49, 243.5, 428, 0.0
2021-05-25 12:10:00, 243.31, 243.51, 243.3, 243.51, 719, 0.0
2021-05-25 12:15:00, 243.57, 243.775, 243.57, 243.775, 638, 0.0
2021-05-25 12:20:00, 243.65, 243.87, 243.57, 243.87, 602, 0.0
2021-05-25 12:25:00, 243.8, 243.8, 243.76, 243.76, 202, 0.0
2021-05-25 12:30:00, 243.62, 243.62, 243.28, 243.57, 700, 0.0
2021-05-25 12:35:00, 243.29, 244.09, 243.29, 243.77, 2401, 0.0
2021-05-25 12:40:00, 243.73, 243.73, 243.47, 243.47, 337, 0.0
2021-05-25 12:45:00, 243.495, 243.995, 243.495, 243.935, 2280, 0.0
2021-05-25 12:50:00, 243.97, 244.04, 243.885, 244.04, 903, 0.0
2021-05-25 12:55:00, 244.3, 244.3, 243.87, 244.22, 1544, 0.0
2021-05-25 13:00:00, 244.08, 244.1, 243.8, 243.84, 2183, 0.0
2021-05-25 13:05:00, 244, 244.09, 243.89, 243.9, 1811, 0.0
2021-05-25 13:10:00, 244, 244.035, 243.97, 243.995, 1355, 0.0
2021-05-25 13:15:00, 243.99, 244.03, 243.895, 243.92, 1039, 0.0
2021-05-25 13:20:00, 243.85, 244.02, 243.845, 243.89, 1157, 0.0
2021-05-25 13:25:00, 243.9, 243.9, 243.6, 243.66, 1221, 0.0
2021-05-25 13:30:00, 243.9, 244.11, 243.9, 243.98, 1243, 0.0
2021-05-25 13:35:00, 244.11, 244.27, 244.01, 244.01, 1618, 0.0
2021-05-25 13:40:00, 244.29, 244.55, 244.21, 244.21, 1302, 0.0
2021-05-25 13:45:00, 244.26, 244.26, 244.01, 244.01, 586, 0.0
2021-05-25 13:50:00, 244.02, 244.11, 243.985, 244.09, 1758, 0.0
2021-05-25 13:55:00, 244.22, 244.74, 244.215, 244.71, 1928, 0.0
2021-05-25 14:00:00, 244.76, 244.95, 244.76, 244.95, 2346, 0.0
2021-05-25 14:05:00, 244.815, 244.815, 244.17, 244.225, 2904, 0.0
2021-05-25 14:10:00, 244.14, 244.14, 243.625, 243.625, 874, 0.0
2021-05-25 14:15:00, 243.49, 243.59, 243.24, 243.51, 1849, 0.0
2021-05-25 14:20:00, 243.675, 243.88, 243.675, 243.79, 2811, 0.0
2021-05-25 14:25:00, 243.76, 243.94, 243.65, 243.94, 1232, 0.0
2021-05-25 14:30:00, 243.88, 243.88, 243.195, 243.2, 1187, 0.0
2021-05-25 14:35:00, 243.21, 243.78, 243.21, 243.78, 1954, 0.0
2021-05-25 14:40:00, 243.98, 244.075, 243.68, 244.075, 2509, 0.0
2021-05-25 14:45:00, 244.17, 244.17, 243.845, 243.87, 2412, 0.0
2021-05-25 14:50:00, 243.955, 244.19, 243.865, 244.03, 5653, 0.0
2021-05-25 14:55:00, 244.01, 244.58, 244, 244.325, 16358, 0.0
2021-05-26 08:30:00, 246.54, 246.54, 242.87, 242.87, 34424, 0.0
2021-05-26 08:35:00, 242.56, 244.14, 242.51, 244, 3219, 0.0
2021-05-26 08:40:00, 244.27, 244.27, 242.385, 243.16, 3945, 0.0
2021-05-26 08:45:00, 243.535, 243.655, 242.5, 243.6, 3315, 0.0
2021-05-26 08:50:00, 244.08, 244.735, 243.48, 243.83, 2428, 0.0
2021-05-26 08:55:00, 243.49, 244.49, 243.49, 244.315, 3407, 0.0
2021-05-26 09:00:00, 244.325, 245.16, 244.325, 245.16, 3637, 0.0
2021-05-26 09:05:00, 245.71, 246.58, 245.71, 246.29, 2264, 0.0
2021-05-26 09:10:00, 246.73, 246.73, 244.83, 244.83, 1516, 0.0
2021-05-26 09:15:00, 244.9, 245.185, 244.23, 244.78, 1668, 0.0
2021-05-26 09:20:00, 244.71, 245.295, 244.66, 245.25, 1574, 0.0
2021-05-26 09:25:00, 245.115, 245.17, 244.76, 245.17, 2785, 0.0
2021-05-26 09:30:00, 245.31, 246.52, 245.19, 246.485, 2959, 0.0
2021-05-26 09:35:00, 246.485, 246.485, 245.26, 245.63, 1465, 0.0
2021-05-26 09:40:00, 245.5, 246.27, 245.485, 246.22, 3461, 0.0
2021-05-26 09:45:00, 246.48, 247.39, 246.41, 246.95, 2052, 0.0
2021-05-26 09:50:00, 247.09, 247.2, 246.21, 246.4, 2256, 0.0
2021-05-26 09:55:00, 246.48, 246.48, 245.76, 246.195, 1594, 0.0
2021-05-26 10:00:00, 246.03, 246.03, 245.18, 245.18, 744, 0.0
2021-05-26 10:05:00, 245.02, 245.605, 245.02, 245.335, 1606, 0.0
2021-05-26 10:10:00, 245.38, 245.98, 244.77, 245.67, 1913, 0.0
2021-05-26 10:15:00, 245.82, 245.935, 245.69, 245.935, 602, 0.0
2021-05-26 10:20:00, 246.03, 246.03, 245, 245, 1901, 0.0
2021-05-26 10:25:00, 245.11, 245.45, 245.11, 245.45, 463, 0.0
2021-05-26 10:30:00, 245.18, 245.895, 245.18, 245.66, 1165, 0.0
2021-05-26 10:35:00, 245.74, 246.06, 245.69, 246.06, 706, 0.0
2021-05-26 10:40:00, 246.17, 246.6, 246.17, 246.6, 641, 0.0
